0.04274176831392356
0.04270273086485722
0.04270273086485722
0.04258568982601839
0.04258568982601839
0.04239085899223159
0.04239085899223159
0.04211859425425564
0.04211859425425564
0.04176939294869285
0.04176939294869285
0.04134389294952549
0.04134389294952549
0.04084287150293886
0.04084287150293886
0.04026724380756003
0.04026724380756003
0.03961806134270614
0.03961806134270614
0.03889650994769674
0.03889650994769674
0.0381039076557398
0.0381039076557398
0.03724170228634977
0.03724170228634977
0.03631146880069778
0.03631146880069778
0.03531490642472829
0.03531490642472829
0.03425383554530222
0.03425383554530222
0.03313019438504384
0.03313019438504384
0.03194603546197671
0.03194603546197671
0.0307035218404335
0.0307035218404335
0.02940492318011656
0.02940492318011656
0.02805261159057206
0.02805261159057206
0.02664905729872748
0.02664905729872748
0.02519682413753831
0.02519682413753831
0.02369856486421897
0.02369856486421897
0.02215701631704007
0.02215701631704007
0.02057499442036117
0.02057499442036117
0.01895538904867002
0.01895538904867002
0.01730115876248908
0.01730115876248908
0.01561532543359142
0.01561532543359142
0.01390096878831465
0.01390096878831465
0.01216122092928111
0.01216122092928111
0.01039926099500053
0.01039926099500053
0.008618310479532248
0.008618310479532248
0.006821631349174792
0.006821631349174792
0.00501253857160619
0.00501253857160619
0.003194524377289035
0.003194524377289035
0.001373376462759619
0.001373376462759619