0.005933127956465741
0.005933023527672008
0.005933023527672008
0.005932710244966904
0.005932710244966904
0.005932188119378588
0.005932188119378588
0.00593145716928689
0.00593145716928689
0.005930517420422669
0.005930517420422669
0.005929368905866903
0.005929368905866903
0.005928011666049528
0.005928011666049528
0.005926445748748011
0.005926445748748011
0.005924671209085674
0.005924671209085674
0.005922688109529745
0.005922688109529745
0.00592049651988917
0.00592049651988917
0.005918096517312143
0.005918096517312143
0.005915488186283401
0.005915488186283401
0.005912671618621246
0.005912671618621246
0.005909646913474309
0.005909646913474309
0.005906414177318066
0.005906414177318066
0.005902973523951087
0.005902973523951087
0.005899325074491029
0.005899325074491029
0.005895468957370376
0.005895468957370376
0.005891405308331912
0.005891405308331912
0.00588713427042395
0.00588713427042395
0.005882655993995291
0.005882655993995291
0.005877970636689931
0.005877970636689931
0.005873078363441517
0.005873078363441517
0.005867979346467535
0.005867979346467535
0.005862673765263253
0.005862673765263253
0.005857161806595398
0.005857161806595398
0.005851443664495582
0.005851443664495582
0.005845519540253476
0.005845519540253476
0.005839389642409718
0.005839389642409718
0.005833054186748576
0.005833054186748576
0.005826513396290353
0.005826513396290353
0.005819767501283532
0.005819767501283532
0.005812816739196673
0.005812816739196673
0.005805661354710055
0.005805661354710055
0.005798301599707061
0.005798301599707061
0.005790737733265312
0.005790737733265312
0.005782970021647547
0.005782970021647547
0.005774998738292247
0.005774998738292247
0.005766824163804016
0.005766824163804016
0.005758446585943697
0.005758446585943697
0.005749866299618246
0.005749866299618246
0.005741083606870348
0.005741083606870348
0.005732098816867787
0.005732098816867787
0.00572291224589256
0.00572291224589256
0.005713524217329746
0.005713524217329746
0.005703935061656121
0.005703935061656121
0.005694145116428524
0.005694145116428524
0.005684154726271976
0.005684154726271976
0.005673964242867545
0.005673964242867545
0.005663574024939972
0.005663574024939972
0.005652984438245037
0.005652984438245037
0.005642195855556688
0.005642195855556688
0.005631208656653916
0.005631208656653916
0.005620023228307388
0.005620023228307388
0.005608639964265832
0.005608639964265832
0.005597059265242174
0.005597059265242174
0.005585281538899432
0.005585281538899432
0.005573307199836371
0.005573307199836371
0.0055611366695729
0.0055611366695729
0.005548770376535242
0.005548770376535242
0.005536208756040846
0.005536208756040846
0.005523452250283065
0.005523452250283065
0.005510501308315593
0.005510501308315593
0.005497356386036652
0.005497356386036652
0.00548401794617295
0.00548401794617295
0.005470486458263384
0.005470486458263384
0.00545676239864252
0.00545676239864252
0.005442846250423818
0.005442846250423818
0.005428738503482631
0.005428738503482631
0.005414439654438956
0.005414439654438956
0.005399950206639954
0.005399950206639954
0.005385270670142232
0.005385270670142232
0.005370401561693886
0.005370401561693886
0.005355343404716313
0.005355343404716313
0.005340096729285783
0.005340096729285783
0.00532466207211478
0.00532466207211478
0.005309039976533111
0.005309039976533111
0.005293230992468776
0.005293230992468776
0.005277235676428612
0.005277235676428612
0.005261054591478702
0.005261054591478702
0.005244688307224554
0.005244688307224554
0.005228137399791052
0.005228137399791052
0.00521140245180217
0.00521140245180217
0.005194484052360468
0.005194484052360468
0.005177382797026352
0.005177382797026352
0.005160099287797107
0.005160099287797107
0.005142634133085711
0.005142634133085711
0.005124987947699414
0.005124987947699414
0.005107161352818094
0.005107161352818094
0.005089154975972394
0.005089154975972394
0.00507096945102163
0.00507096945102163
0.005052605418131479
0.005052605418131479
0.005034063523751441
0.005034063523751441
0.005015344420592085
0.005015344420592085
0.004996448767602074
0.004996448767602074
0.004977377229944965
0.004977377229944965
0.004958130478975795
0.004958130478975795
0.004938709192217451
0.004938709192217451
0.004919114053336816
0.004919114053336816
0.004899345752120705
0.004899345752120705
0.004879404984451581
0.004879404984451581
0.004859292452283062
0.004859292452283062
0.004839008863615207
0.004839008863615207
0.004818554932469596
0.004818554932469596
0.004797931378864193
0.004797931378864193
0.004777138928788002
0.004777138928788002
0.004756178314175509
0.004756178314175509
0.004735050272880916
0.004735050272880916
0.004713755548652172
0.004713755548652172
0.004692294891104783
0.004692294891104783
0.004670669055695433
0.004670669055695433
0.004648878803695384
0.004648878803695384
0.004626924902163682
0.004626924902163682
0.004604808123920151
0.004604808123920151
0.004582529247518193
0.004582529247518193
0.004560089057217376
0.004560089057217376
0.004537488342955834
0.004537488342955834
0.00451472790032245
0.00451472790032245
0.004491808530528859
0.004491808530528859
0.004468731040381236
0.004468731040381236
0.004445496242251902
0.004445496242251902
0.004422104954050721
0.004422104954050721
0.004398557999196312
0.004398557999196312
0.00437485620658706
0.00437485620658706
0.004351000410571939
0.004351000410571939
0.004326991450921142
0.004326991450921142
0.004302830172796518
0.004302830172796518
0.004278517426721821
0.004278517426721821
0.00425405406855277
0.00425405406855277
0.00422944095944692
0.00422944095944692
0.004204678965833352
0.004204678965833352
0.004179768959382166
0.004179768959382166
0.004154711816973804
0.004154711816973804
0.004129508420668176
0.004129508420668176
0.004104159657673612
0.004104159657673612
0.004078666420315634
0.004078666420315634
0.004053029606005538
0.004053029606005538
0.004027250117208807
0.004027250117208807
0.004001328861413345
0.004001328861413345
0.003975266751097525
0.003975266751097525
0.003949064703698074
0.003949064703698074
0.003922723641577775
0.003922723641577775
0.003896244491992997
0.003896244491992997
0.003869628187061058
0.003869628187061058
0.003842875663727405
0.003842875663727405
0.003815987863732642
0.003815987863732642
0.003788965733579369
0.003788965733579369
0.003761810224498869
0.003761810224498869
0.003734522292417622
0.003734522292417622
0.003707102897923654
0.003707102897923654
0.003679553006232723
0.003679553006232723
0.003651873587154338
0.003651873587154338
0.003624065615057626
0.003624065615057626
0.003596130068837028
0.003596130068837028
0.003568067931877841
0.003568067931877841
0.003539880192021601
0.003539880192021601
0.00351156784153131
0.00351156784153131
0.003483131877056506
0.003483131877056506
0.003454573299598176
0.003454573299598176
0.003425893114473525
0.003425893114473525
0.00339709233128058
0.00339709233128058
0.003368171963862656
0.003368171963862656
0.003339133030272663
0.003339133030272663
0.003309976552737271
0.003309976552737271
0.003280703557620923
0.003280703557620923
0.003251315075389708
0.003251315075389708
0.003221812140575086
0.003221812140575086
0.003192195791737466
0.003192195791737466
0.003162467071429654
0.003162467071429654
0.003132627026160148
0.003132627026160148
0.003102676706356301
0.003102676706356301
0.003072617166327343
0.003072617166327343
0.003042449464227267
0.003042449464227267
0.003012174662017581
0.003012174662017581
0.002981793825429926
0.002981793825429926
0.002951308023928556
0.002951308023928556
0.002920718330672696
0.002920718330672696
0.002890025822478762
0.002890025822478762
0.002859231579782452
0.002859231579782452
0.002828336686600722
0.002828336686600722
0.002797342230493615
0.002797342230493615
0.002766249302525984
0.002766249302525984
0.002735058997229086
0.002735058997229086
0.002703772412562043
0.002703772412562043
0.002672390649873205
0.002672390649873205
0.002640914813861367
0.002640914813861367
0.002609346012536893
0.002609346012536893
0.002577685357182705
0.002577685357182705
0.002545933962315166
0.002545933962315166
0.002514092945644846
0.002514092945644846
0.002482163428037179
0.002482163428037179
0.002450146533473004
0.002450146533473004
0.002418043389009
0.002418043389009
0.002385855124738011
0.002385855124738011
0.002353582873749265
0.002353582873749265
0.002321227772088489
0.002321227772088489
0.002288790958717914
0.002288790958717914
0.002256273575476186
0.002256273575476186
0.00222367676703817
0.00222367676703817
0.002191001680874654
0.002191001680874654
0.002158249467211958
0.002158249467211958
0.002125421278991444
0.002125421278991444
0.002092518271828929
0.002092518271828929
0.00205954160397401
0.00205954160397401
0.002026492436269286
0.002026492436269286
0.0019933719321095
0.0019933719321095
0.001960181257400585
0.001960181257400585
0.001926921580518618
0.001926921580518618
0.001893594072268701
0.001893594072268701
0.001860199905843741
0.001860199905843741
0.001826740256783153
0.001826740256783153
0.001793216302931484
0.001793216302931484
0.001759629224396951
0.001759629224396951
0.0017259802035099
0.0017259802035099
0.001692270424781192
0.001692270424781192
0.001658501074860504
0.001658501074860504
0.001624673342494565
0.001624673342494565
0.001590788418485312
0.001590788418485312
0.00155684749564798
0.00155684749564798
0.001522851768769113
0.001522851768769113
0.001488802434564519
0.001488802434564519
0.001454700691637149
0.001454700691637149
0.001420547740434915
0.001420547740434915
0.001386344783208447
0.001386344783208447
0.001352093023968785
0.001352093023968785
0.001317793668445016
0.001317793668445016
0.001283447924041855
0.001283447924041855
0.001249056999797169
0.001249056999797169
0.001214622106339454
0.001214622106339454
0.001180144455845263
0.001180144455845263
0.001145625261996591
0.001145625261996591
0.001111065739938225
0.001111065739938225
0.001076467106235053
0.001076467106235053
0.001041830578829358
0.001041830578829358
0.00100715737699809
0.00100715737699809
0.0009724487213101351
0.0009724487213101351
0.0009377058335836054
0.0009377058335836054
0.0009029299368431561
0.0009029299368431561
0.0008681222552773786
0.0008681222552773786
0.000833284014196305
0.000833284014196305
0.0007984164399890934
0.0007984164399890934
0.000763520760081989
0.000763520760081989
0.0007285982028967042
0.0007285982028967042
0.0006936499978094385
0.0006936499978094385
0.0006586773751108767
0.0006586773751108767
0.0006236815659677083
0.0006236815659677083
0.0005886638023865482
0.0005886638023865482
0.0005536253171817303
0.0005536253171817303
0.0005185673439495008
0.0005185673439495008
0.0004834911170530932
0.0004834911170530932
0.0004483978716269194
0.0004483978716269194
0.0004132888436156366
0.0004132888436156366
0.0003781652698796681
0.0003781652698796681
0.0003430283884339401
0.0003430283884339401
0.0003078794389701108
0.0003078794389701108
0.0002727196640267671
0.0002727196640267671
0.0002375503117752867
0.0002375503117752867
0.0002023726432960222
0.0002023726432960222
0.0001671879542043061
0.0001671879542043061
0.000131997651595223
0.000131997651595223
0.00009680360989763609
0.00009680360989763609
0.00006161068053600047
0.00006161068053600047
0.00002646762149165701
0.00002646762149165701