0
-0.00218241748537803220568688859117
0.00218241748537803220568688859117
-0.00436482457600562493276213179378
0.00436482457600562493276213179378
-0.00654721087718184840340373704959
0.00654721087718184840340373704959
-0.00872956599430479200555667290396
0.00872956599430479200555667290396
-0.0109118795329210732862866113282
0.0109118795329210732862866113282
-0.0130941410987753462377011290176
0.0130941410987753462377011290176
-0.0152763402978598086396327620589
0.0152763402978598086396327620589
-0.0174584667364637082232828009595
0.0174584667364637082232828009595
-0.0196405100212228474200303287395
0.0196405100212228474200303287395
-0.0218224597591690864596177435758
0.0218224597591690864596177435758
-0.0240043055577798445819318693307
0.0240043055577798445819318693307
-0.0261860370250275991266087421515
0.0261860370250275991266087421515
-0.0283676437694293822647002691511
0.0283676437694293822647002691511
-0.0305491154000962751366521859275
0.0305491154000962751366521859275
-0.0327304415267828991608550932956
0.0327304415267828991608550932956
-0.0349116117599369042770438300296
0.0349116117599369042770438300296
-0.0370926157107484538888350375873
0.0370926157107484538888350375873
-0.0392734429911997062697084946322
0.0392734429911997062697084946322
-0.0414540832141142921967546436206
0.0414540832141142921967546436206
-0.0436345259932067885765286986901
0.0436345259932067885765286986901
-0.0458147609431321878273708134901
0.0458147609431321878273708134901
-0.0479947776795353627825719993454
0.0479947776795353627825719993454
-0.0501745658191005268787868181435
0.0501745658191005268787868181435
-0.0523541149796006893941163304789
0.0523541149796006893941163304789
-0.054533414779947105500308357773
0.054533414779947105500308357773
-0.056712454840238720893546817202
0.056712454840238720893546817202
-0.0588912247818116107683277101834
0.0588912247818116107683277101834
-0.0610697142272884128989462887842
0.0610697142272884128989462887842
-0.0632479128006277545931479895788
0.0632479128006277545931479895788
-0.0654258101271736732825249110758
0.0654258101271736732825249110758
-0.0676033958337050305142699187128
0.0676033958337050305142699187128
-0.0697806595484849191089318904362
0.0697806595484849191089318904362
-0.0719575909013100632488481658925
0.0719575909013100632488481658925
-0.074134179523560211261963933108
0.074134179523560211261963933108
-0.0763104150482475208657830780547
0.0763104150482475208657830780547
-0.0784862871100659366362309345369
0.0784862871100659366362309345369
-0.0806617853454405594662464042046
0.0806617853454405594662464042046
-0.0828368993925770077789590690406
0.0828368993925770077789590690406
-0.0850116188915107702603461911815
0.0850116188915107702603461911815
-0.0871859334841565498763048872526
0.0871859334841565498763048872526
-0.0893598328143575989391162763045
0.0893598328143575989391162763045
-0.0915333065279350449883210317646
0.0915333065279350449883210317646
-0.0937063442727372072510695183339
0.0937063442727372072510695183339
-0.0958789356986889034470545642744
0.0958789356986889034470545642744
-0.0980510704578407467031809078234
0.0980510704578407467031809078234
-0.100222738204418432343172463327
0.100222738204418432343172463327
-0.10239392859487201431736677787
0.10239392859487201431736677787
-0.104564631287925171037995392476
0.104564631287925171037995392476
-0.106734835944624460385299283114
0.106734835944624460385299283114
-0.108904532228388563649880135556
0.108904532228388563649880135556
-0.11107370980505751817674090429
0.11107370980505751817674090429
-0.113242358342941938476522919023
0.113242358342941938476522919023
-0.115410467512872225569501732514
0.115410467512872225569501732514
-0.117578026988247764327959950244
0.117578026988247764327959950244
-0.119745026445086108582612445644
0.119745026445086108582612445644
-0.121911455562072153758817643783
0.121911455562072153758817643783
-0.124077304020607296808367951504
0.124077304020607296808367951504
-0.126242561504858583202712922497
0.126242561504858583202712922497
-0.128407217701807840753530371616
0.128407217701807840753530371616
-0.130571262301300800026623393444
0.130571262301300800026623393444
-0.13273468499609620111518509546
0.13273468499609620111518509546
-0.13489747548191488653853782584
0.13489747548191488653853782584
-0.137059623457488880032519759647
0.137059623457488880032519759647
-0.139221118624610450997758904544
0.139221118624610450997758904544
-0.141381950688181164372142897994
0.141381950688181164372142897994
-0.143542109356260915693862391749
0.143542109356260915693862391749
-0.145701584340116951121476356044
0.145701584340116951121476356044
-0.147860365354272872177519284867
0.147860365354272872177519284867
-0.150018442116557624982243044752
0.150018442116557624982243044752
-0.152175804348154473744159982279
0.152175804348154473744159982279
-0.154332441773649958274128889547
0.154332441773649958274128889547
-0.156488344121082835289801522045
0.156488344121082835289801522045
-0.158643501121993003277324569012
0.158643501121993003277324569012
-0.160797902511470410677270292456
0.160797902511470410677270292456
-0.162951538028203947161848476866
0.162951538028203947161848476866
-0.165104397414530317770532867068
0.165104397414530317770532867068
-0.167256470416482899671316916267
0.167256470416482899671316916267
-0.169407746783840581314896419573
0.169407746783840581314896419573
-0.17155821627017658374916046999
0.17155821627017658374916046999
-0.173707868632907263861457143437
0.173707868632907263861457143437
-0.175856693633340899316186396509
0.175856693633340899316186396509
-0.178004681036726454955359844994
0.178004681036726454955359844994
-0.180151820612302330429855382132
0.180151820612302330429855382132
-0.18229810213334508882918399295
0.18229810213334508882918399295
-0.184443515377218166077676624143
0.184443515377218166077676624143
-0.186588050125420560865090577636
0.186588050125420560865090577636
-0.188731696163635504879727609565
0.188731696163635504879727609565
-0.190874443281779113112249734625
0.190874443281779113112249734625
-0.193016281274049013998473658054
0.193016281274049013998473658054
-0.195157199938972959169520783491
0.195157199938972959169520783491
-0.197297189079457412577796874155
0.197297189079457412577796874155
-0.199436238502836118767373676726
0.199436238502836118767373676726
-0.201574338020918650057444151523
0.201574338020918650057444151523
-0.203711477450038932407623388606
0.203711477450038932407623388606
-0.205847646611103749733968826783
0.205847646611103749733968826783
-0.207982835329641226444696030697
0.207982835329641226444696030697
-0.210117033435849287964670019708
0.210117033435849287964670019708
-0.212250230764644099017856980733
0.212250230764644099017856980733
-0.214382417155708479437027134928
0.214382417155708479437027134928
-0.216513582453540297270106564786
0.216513582453540297270106564786
-0.218643716507500838952683943153
0.218643716507500838952683943153
-0.220772809171863156316287338516
0.220772809171863156316287338516
-0.222900850305860390202156601
0.222900850305860390202156601
-0.225027829773734070450348260461
0.225027829773734070450348260461
-0.227153737444782392034122391205
0.227153737444782392034122391205
-0.22927856319340846710967451673
0.22927856319340846710967451673
-0.231402296899168552751390342004
0.231402296899168552751390342004
-0.233524928446820254142916909432
0.233524928446820254142916909432
-0.235646447726370702994460677474
0.235646447726370702994460677474
-0.237766844633124710956841017167
0.237766844633124710956841017167
-0.23988610906773289780294671107
0.23988610906773289780294671107
-0.242004230936239794147363220795
0.242004230936239794147363220795
-0.244121200150131918475059762788
0.244121200150131918475059762788
-0.246237006626385828250147596729
0.246237006626385828250147596729
-0.248351640287516144875844386302
0.248351640287516144875844386302
-0.250465091061623552276904037574
0.250465091061623552276904037574
-0.252577348882442768875897055128
0.252577348882442768875897055128
-0.254688403689390492734853179934
0.254688403689390492734853179934
-0.256798245427613319633905885036
0.256798245427613319633905885036
-0.258906864048035633858707204917
0.258906864048035633858707204917
-0.261014249507407471468511361206
0.261014249507407471468511361206
-0.263120391768352355816956720675
0.263120391768352355816956720675
-0.265225280799415105097707780541
0.265225280799415105097707780541
-0.267328906575109611687252120341
0.267328906575109611687252120341
-0.269431259075966593057281588471
0.269431259075966593057281588471
-0.271532328288581314029222404166
0.271532328288581314029222404166
-0.273632104205661280143615351722
0.273632104205661280143615351722
-0.275730576826073901917184822296
0.275730576826073901917184822296
-0.277827736154894129760574119223
0.277827736154894129760574119223
-0.279923572203452059329864184608
0.279923572203452059329864184608
-0.282018074989380507085133727429
0.282018074989380507085133727429
-0.284111234536662555829460635856
0.284111234536662555829460635856
-0.286203040875679070001907538178
0.286203040875679070001907538178
-0.288293484043256180498178437108
0.288293484043256180498178437108
-0.290382554082712738792778480436
0.290382554082712738792778480436
-0.292470241043907740136655146526
0.292470241043907740136655146526
-0.294556534983287715604446415127
0.294556534983287715604446415127
-0.296641425963934092765609861812
0.296641425963934092765609861812
-0.29872490405561052475385605734
0.29872490405561052475385605734
-0.300806959334810187509460170568
0.300806959334810187509460170568
-0.302887581884803044969177264643
0.302887581884803044969177264643
-0.304966761795683081978639440216
0.304966761795683081978639440216
-0.3070444891644155047022667157
0.3070444891644155047022667157
-0.309120754094883908305878342408
0.309120754094883908305878342408
-0.311195546697937411687347130946
0.311195546697937411687347130946
-0.313268857091437759030796313864
0.313268857091437759030796313864
-0.31534067540030638795999648743
0.31534067540030638795999648743
-0.317410991756571464066779261826
0.317410991756571464066779261826
-0.319479796299414881590444403254
0.319479796299414881590444403254
-0.32154707917521923002429847264
0.32154707917521923002429847264
-0.323612830537614726425625253074
0.323612830537614726425625253074
-0.325677040547526113205551611055
0.325677040547526113205551611055
-0.327739699373219521175436854194
0.327739699373219521175436854194
-0.329800797190349297626579129596
0.329800797190349297626579129596
-0.331860324182004799220198951737
0.331860324182004799220198951737
-0.333918270538757149464827555659
0.333918270538757149464827555659
-0.335974626458705960558396439798
0.335974626458705960558396439798
-0.338029382147526019372494191985
0.338029382147526019372494191985
-0.340082527818513937356427481315
0.340082527818513937356427481315
-0.342134053692634764138894946831
0.342134053692634764138894946831
-0.344183949998568564605255620508
0.344183949998568564605255620508
-0.346232206972756959228547486026
0.346232206972756959228547486026
-0.348278814859449627432586795445
0.348278814859449627432586795445
-0.350323763910750773765654842367
0.350323763910750773765654842367
-0.352367044386665556663456021526
0.352367044386665556663456021526
-0.354408646555146479580209190288
0.354408646555146479580209190288
-0.356448560692139744266913586339
0.356448560692139744266913586339
-0.358486777081631565976010847022
0.358486777081631565976010847022
-0.360523286015694450371846018551
0.360523286015694450371846018551
-0.362558077794533431926512836799
0.362558077794533431926512836799
-0.364591142726532273580852004607
0.364591142726532273580852004607
-0.36662247112829962745055568283
0.36662247112829962745055568283
-0.368652053324715156357516952597
0.368652053324715156357516952597
-0.370679879648975615966749593781
0.370679879648975615966749593781
-0.372705940442640897309391158465
0.372705940442640897309391158465
-0.374730226055680029472490997364
0.374730226055680029472490997364
-0.376752726846517142236474620903
0.376752726846517142236474620903
-0.378773433182077388441366543924
0.378773433182077388441366543924
-0.380792335437832825863045573025
0.380792335437832825863045573025
-0.382809423997848258380999347315
0.382809423997848258380999347315
-0.384824689254827036219238835999
0.384824689254827036219238835999
-0.386838121610156815042228428824
0.386838121610156815042228428824
-0.388849711473955273687883226998
0.388849711473955273687883226998
-0.390859449265115790319882151872
0.390859449265115790319882151872
-0.392867325411353076781743535507
0.392867325411353076781743535507
-0.394873330349248770935308940244
0.394873330349248770935308940244
-0.396877454524296986766481072662
0.396877454524296986766481072662
-0.398879688390949822041262809871
0.398879688390949822041262809871
-0.400880022412662823295346541972
0.400880022412662823295346541972
-0.40287844706194040794070625279
0.40287844706194040794070625279
-0.404874952820381243272849010647
0.404874952820381243272849010647
-0.406869530178723582162587821056
0.406869530178723582162587821056
-0.408862169636890555216404102786
0.408862169636890555216404102786
-0.410852861704035419189675386749
0.410852861704035419189675386749
-0.412841596898586761437252202728
0.412841596898586761437252202728
-0.414828365748293660186077510917
0.414828365748293660186077510917
-0.416813158790270800414752452808
0.416813158790270800414752452808
-0.418795966571043545125163637914
0.418795966571043545125163637914
-0.420776779646592961791499648329
0.420776779646592961791499648329
-0.422755588582400803772197931067
0.422755588582400803772197931067
-0.424732383953494446470577757562
0.424732383953494446470577757562
-0.426707156344491778030130459532
0.426707156344491778030130459532
-0.428679896349646044350654699696
0.428679896349646044350654699696
-0.430650594572890648211642103463
0.430650594572890648211642103463
-0.432619241627883902289537162688
0.432619241627883902289537162688
-0.434585828138053735855714923874
0.434585828138053735855714923874
-0.436550344736642354942240589726
0.436550344736642354942240589726
-0.438512782066750855762696793719
0.438512782066750855762696793719
-0.440473130781383791175586951202
0.440473130781383791175586951202
-0.442431381543493689978046746549
0.442431381543493689978046746549
-0.44438752502602552881782048286
0.44438752502602552881782048286
-0.446341551911961156511684697657
0.446341551911961156511684697657
-0.448293452894363670558728133853
0.448293452894363670558728133853
-0.450243218676421745637124848878
0.450243218676421745637124848878
-0.452190839971493913873265945195
0.452190839971493913873265945195
-0.454136307503152796672345111392
0.454136307503152796672345111392
-0.456079612005229287899723873523
0.456079612005229287899723873523
-0.458020744221856688202634170281
0.458020744221856688202634170281
-0.459959694907514790262008581851
0.459959694907514790262008581851
-0.461896454827073914764462259733
0.461896454827073914764462259733
-0.463831014755838896884685322412
0.463831014755838896884685322412
-0.465763365479593023068740198295
0.465763365479593023068740198295
-0.467693497794641917908995111765
0.467693497794641917908995111765
-0.469621402507857380901662619362
0.469621402507857380901662619362
-0.471547070436721172878150809862
0.471547070436721172878150809862
-0.473470492409368751901674483249
0.473470492409368751901674483249
-0.475391659264632958420814318157
0.475391659264632958420814318157
-0.477310561852087649471953724073
0.477310561852087649471953724073
-0.479227191032091281722765752374
0.479227191032091281722765752374
-0.481141537675830443149166107916
0.481141537675830443149166107916
-0.483053592665363333138392959223
0.483053592665363333138392959223
-0.484963346893663190811119889263
0.484963346893663190811119889263
-0.486870791264661671355754959038
0.486870791264661671355754959038
-0.488775916693292170168326471723
0.488775916693292170168326471723
-0.490678714105533094591604624574
0.490678714105533094591604624574
-0.492579174438451083047357818187
0.492579174438451083047357818187
-0.494477288640244171355892956665
0.494477288640244171355892956665
-0.496373047670284906037280616713
0.496373047670284906037280616713
-0.49826644249916340438891848738
0.49826644249916340438891848738
-0.500157464108730361134339983951
0.500157464108730361134339983951
-0.502046103492140001438429418073
0.502046103492140001438429418073
-0.503932351653892980084460560492
0.503932351653892980084460560492
-0.505816199609879226608631861406
0.505816199609879226608631861406
-0.507697638387420736188028995349
0.507697638387420736188028995349
-0.509576659025314306078203771318
0.509576659025314306078203771318
-0.511453252573874217396817793488
0.511453252573874217396817793488
-0.513327410094974862050059571901
0.513327410094974862050059571901
-0.515199122662093314598805064913
0.515199122662093314598805064913
-0.517068381360351848861753884541
0.517068381360351848861753884541
-0.518935177286560399053036610999
0.518935177286560399053036610999
-0.520799501549258965252052842406
0.520799501549258965252052842406
-0.52266134526875996300356474857
0.52266134526875996300356474857
-0.524520699577190516846337002673
0.524520699577190516846337002673
-0.526377555618534697568881030369
0.526377555618534697568881030369
-0.528231904548675702991129540911
0.528231904548675702991129540911
-0.530083737535437982071136288232
0.530083737535437982071136288232
-0.531933045758629302136165950114
0.531933045758629302136165950114
-0.533779820410082759037809909396
0.533779820410082759037809909396
-0.535624052693698730031035571324
0.535624052693698730031035571324
-0.537465733825486769177349654306
0.537465733825486769177349654306
-0.539304855033607445072529646277
0.539304855033607445072529646277
-0.541141407558414120699652324174
0.541141407558414120699652324174
-0.542975382652494675208423888501
0.542975382652494675208423888501
-0.544806771580713167422092867222
0.544806771580713167422092867222
-0.546635565620251440873504491956
0.546635565620251440873504491956
-0.548461756060650670172133743373
0.548461756060650670172133743373
-0.550285334203852848504213700446
0.550285334203852848504213700446
-0.552106291364242216068356208463
0.552106291364242216068356208463
-0.553924618868686629249343202171
0.553924618868686629249343202171
-0.555740308056578870333049281658
0.555740308056578870333049281658
-0.557553350279877897565739338367
0.557553350279877897565739338367
-0.559363736903150035361269165533
0.559363736903150035361269165533
-0.561171459303610104460002060007
0.561171459303610104460002060007
-0.562976508871162491843540429573
0.562976508871162491843540429573
-0.564778877008442160209658360023
0.564778877008442160209658360023
-0.566578555130855596812108968168
0.566578555130855596812108968168
-0.568375534666621701470269169149
0.568375534666621701470269169149
-0.570169807056812613553874217612
0.570169807056812613553874217612
-0.571961363755394477748385041019
0.571961363755394477748385041019
-0.573750196229268148406822968327
0.573750196229268148406822968327
-0.575536295958309832294198966992
0.575536295958309832294198966992
-0.577319654435411669530957934382
0.577319654435411669530957934382
-0.579100263166522252542152944848
0.579100263166522252542152944848
-0.580878113670687082819359629463
0.580878113670687082819359629463
-0.58265319748008896530263706037
0.58265319748008896530263706037
-0.584425506140088340190138624467
0.584425506140088340190138624467
-0.586195031209263551983274400258
0.586195031209263551983274400258
-0.587961764259451055575625495784
0.587961764259451055575625495784
-0.589725696875785559194110663169
0.589725696875785559194110663169
-0.591486820656740104001206275025
0.591486820656740104001206275025
-0.593245127214166080167322428357
0.593245127214166080167322428357
-0.595000608173333179222740531221
0.595000608173333179222740531221
-0.596753255172969282498821224821
0.596753255172969282498821224821
-0.598503059865300285468495897481
0.598503059865300285468495897481
-0.600250013916089857796360355595
0.600250013916089857796360355595
-0.601994109004679138908995428769
0.601994109004679138908995428769
-0.60373533682402636889644640046
0.60373533682402636889644640046
-0.60547368908074645455610117002
0.60547368908074645455610117002
-0.607209157495150470390515965738
0.607209157495150470390515965738
-0.608941733801285094371047239716
0.608941733801285094371047239716
-0.61067140974697197827945908279
0.61067140974697197827945908279
-0.612398177093847052439987099674
0.612398177093847052439987099674
-0.614122027617399764654652179671
0.614122027617399764654652179671
-0.615842953107012253154930985063
0.615842953107012253154930985063
-0.617560945365998453383204256264
0.617560945365998453383204256264
-0.619275996211643138417719198422
0.619275996211643138417719198422
-0.620988097475240892855118266965
0.620988097475240892855118266965
-0.622697241002135019964903608018
0.622697241002135019964903608018
-0.624403418651756381930524232231
0.624403418651756381930524232231
-0.626106622297662172992091705763
0.626106622297662172992091705763
-0.627806843827574625306049728564
0.627806843827574625306049728564
-0.629504075143419647337443436013
0.629504075143419647337443436013
-0.631198308161365394600755603997
0.631198308161365394600755603997
-0.632889534811860772565599158093
0.632889534811860772565599158093
-0.634577747039673871543878483063
0.634577747039673871543878483063
-0.63626293680393033337535599791
0.63626293680393033337535599791
-0.637945096078151649728885302693
0.637945096078151649728885302693
-0.639624216850293391836897914647
0.639624216850293391836897914647
-0.641300291122783371481057191287
0.641300291122783371481057191287
-0.642973310912559733047320485606
0.642973310912559733047320485606
-0.644643268251108976468978891624
0.644643268251108976468978891624
-0.646310155184503910876573115818
0.646310155184503910876573115818
-0.647973963773441538773914049795
0.647973963773441538773914049795
-0.649634686093280870559767520491
0.649634686093280870559767520491
-0.65129231423408066921509445441
0.65129231423408066921509445441
-0.652946840300637124976070310602
0.652946840300637124976070310602
-0.654598256412521459813441111479
0.654598256412521459813441111479
-0.656246554704117461539107729638
0.656246554704117461539107729638
-0.657891727324658947361165271052
0.657891727324658947361165271052
-0.659533766438267156708960428646
0.659533766438267156708960428646
-0.661172664223988073150066563801
0.661172664223988073150066563801
-0.662808412875829675221414005199
0.662808412875829675221414005199
-0.664441004602799115997151632879
0.664441004602799115997151632879
-0.666070431628939831216155238994
0.666070431628939831216155238994
-0.667696686193368575792438423724
0.667696686193368575792438423724
-0.669319760550312388532062893677
0.669319760550312388532062893677
-0.670939646969145484880486979112
0.670939646969145484880486979112
-0.672556337734426077524633973969
0.672556337734426077524633973969
-0.674169825145933124674305527199
0.674169825145933124674305527199
-0.675780101518703005847909773763
0.675780101518703005847909773763
-0.677387159183066124987819187173
0.677387159183066124987819187173
-0.678990990484683440731019260979
0.678990990484683440731019260979
-0.680591587784582923661056082499
0.680591587784582923661056082499
-0.682188943459195940367638646709
0.682188943459195940367638646709
-0.683783049900393564140600369882
0.683783049900393564140600369882
-0.685373899515522812125273699615
0.685373899515522812125273699615
-0.686961484727442808766681978742
0.686961484727442808766681978742
-0.688545797974560875370303803439
0.688545797974560875370303803439
-0.690126831710868545607517019134
0.690126831710868545607517019134
-0.691704578405977506794182219819
0.691704578405977506794182219819
-0.693279030545155466771179155368
0.693279030545155466771179155368
-0.694850180629361946216063805846
0.694850180629361946216063805846
-0.69641802117528399621536904985
0.69641802117528399621536904985
-0.697982544715371840927427833934
0.697982544715371840927427833934
-0.699543743797874445165954540459
0.699543743797874445165954540459
-0.701101610986875006734977850103
0.701101610986875006734977850103
-0.702656138862326373346076801017
0.702656138862326373346076801017
-0.704207320020086383949230957529
0.704207320020086383949230957529
-0.705755147071953134308955615686
0.705755147071953134308955615686
-0.707299612645700166657753789071
0.707299612645700166657753789071
-0.708840709385111583259278334442
0.708840709385111583259278334442
-0.710378429950017083713959991252
0.710378429950017083713959991252
-0.71191276701632692584022032009
0.71191276701632692584022032009
-0.713443713276066809964752531018
0.713443713276066809964752531018
-0.714971261437412686455717991714
0.714971261437412686455717991714
-0.716495404224725486333071795764
0.716495404224725486333071795764
-0.718016134378585774790597151404
0.718016134378585774790597151404
-0.719533444655828327464595518939
0.719533444655828327464595518939
-0.721047327829576629284547379083
0.721047327829576629284547379083
-0.722557776689277295741427252905
0.722557776689277295741427252905
-0.724064784040734416409726115117
0.724064784040734416409726115117
-0.725568342706143820559604644366
0.725568342706143820559604644366
-0.727068445524127264695971835243
0.727068445524127264695971835243
-0.728565085349766541861655355086
0.728565085349766541861655355086
-0.730058255054637512542202662622
0.730058255054637512542202662622
-0.731547947526844057010225313224
0.731547947526844057010225313224
-0.733034155671051948947573055326
0.733034155671051948947573055326
-0.734516872408522650183999272544
0.734516872408522650183999272544
-0.735996090677147026391355044484
0.735996090677147026391355044484
-0.737471803431478983572725584332
0.737471803431478983572725584332
-0.738944003642769025186300061287
0.738944003642769025186300061287
-0.740412684298997729744143828956
0.740412684298997729744143828956
-0.741877838404909148726420855108
0.741877838404909148726420855108
-0.74333945898204412465199368199
0.74333945898204412465199368199
-0.744797539068773529146708537834
0.744797539068773529146708537834
-0.746252071720331420851054267448
0.746252071720331420851054267448
-0.747703050008848123009265551108
0.747703050008848123009265551108
-0.749150467023383220582323434498
0.749150467023383220582323434498
-0.750594315869958476727689496337
0.750594315869958476727689496337
-0.752034589671590668488994032833
0.752034589671590668488994032833
-0.75347128156832434153928343731
0.75347128156832434153928343731
-0.754904384717264483821817497471
0.754904384717264483821817497471
-0.756333892292609117932793619958
0.756333892292609117932793619958
-0.757759797485681812090762020266
0.757759797485681812090762020266
-0.759182093504964109537883683889
0.759182093504964109537883683889
-0.760600773576127876218571409882
0.760600773576127876218571409882
-0.762015830942067566581443489081
0.762015830942067566581443489081
-0.763427258862932407350909544046
0.763427258862932407350909544046
-0.764835050616158499115098764636
0.764835050616158499115098764636
-0.76623919949650083557723221009
0.76623919949650083557723221009
-0.767639698816065240317933013637
0.767639698816065240317933013637
-0.769036541904340220916361217296
0.769036541904340220916361217296
-0.770429722108228740278453580572
0.770429722108228740278453580572
-0.771819232792079905020943045514
0.771819232792079905020943045514
-0.773205067337720570760227600057
0.773205067337720570760227600057
-0.774587219144486864155554059978
0.774587219144486864155554059978
-0.775965681629255621556378785102
0.775965681629255621556378785102
-0.777340448226475744104164555912
0.777340448226475744104164555912
-0.778711512388199469139270760333
0.778711512388199469139270760333
-0.7800788675841135577639926755
0.7800788675841135577639926755
-0.781442507301570398413204973708
0.781442507301570398413204973708
-0.782802425045619026284464633656
0.782802425045619026284464633656
-0.784158614339036058479829195683
0.784158614339036058479829195683
-0.785511068722356544712047760864
0.785511068722356544712047760864
-0.786859781753904733428184296942
0.786859781753904733428184296942
-0.788204747009824753204135676926
0.788204747009824753204135676926
-0.789545958084111209263910437076
0.789545958084111209263910437076
-0.790883408588639694977938497887
0.790883408588639694977938497887
-0.792217092153197218195087042704
0.792217092153197218195087042704
-0.793547002425512542263463391783
0.793547002425512542263463391783
-0.79487313307128644159549204306
0.79487313307128644159549204306
-0.796195477774221871633160072638
0.796195477774221871633160072638
-0.797514030236054053069732796156
0.797514030236054053069732796156
-0.798828784176580470184649984741
0.798828784176580470184649984741
-0.800139733333690783148722004317
0.800139733333690783148722004317
-0.801446871463396654157155002648
0.801446871463396654157155002648
-0.802750192339861487248344702675
0.802750192339861487248344702675
-0.804049689755430081666789471506
0.804049689755430081666789471506
-0.805345357520658198628885119977
0.805345357520658198628885119977
-0.806637189464342041350776345851
0.806637189464342041350776345851
-0.807925179433547648197852862748
0.807925179433547648197852862748
-0.809209321293640198815892054623
0.809209321293640198815892054623
-0.810489608928313233104264460196
0.810489608928313233104264460196
-0.811766036239617782892033521133
0.811766036239617782892033521133
-0.81303859714799141617819682008
0.81303859714799141617819682008
-0.814307285592287193797732487774
0.814307285592287193797732487774
-0.815572095529802538375531570561
0.815572095529802538375531570561
-0.816833020936308015430714918581
0.816833020936308015430714918581
-0.818090055806076026494251578821
0.818090055806076026494251578821
-0.81934319415190941410321475405
0.81934319415190941410321475405
-0.820592430005169978535431116426
0.820592430005169978535431116426
-0.821837757415806906148699641273
0.821837757415806906148699641273
-0.823079170452385109189177150202
0.823079170452385109189177150202
-0.824316663202113476933949421278
0.824316663202113476933949421278
-0.825550229770873038033229035504
0.825550229770873038033229035504
-0.826779864283245033918044081256
0.826779864283245033918044081256
-0.828005560882538903139705429676
0.828005560882538903139705429676
-0.829227313730820176507764522188
0.829227313730820176507764522188
-0.830445117008938282893598474402
0.830445117008938282893598474402
-0.831658964916554265567184796565
0.831658964916554265567184796565
-0.832868851672168408935054157445
0.832868851672168408935054157445
-0.834074771513147775547836374047
0.834074771513147775547836374047
-0.835276718695753653246242191809
0.835276718695753653246242191809
-0.836474687495168912314751426942
0.836474687495168912314751426942
-0.837668672205525272512706672201
0.837668672205525272512706672201
-0.838858667139930479852941017718
0.838858667139930479852941017718
-0.840044666630495392998498107422
0.840044666630495392998498107422
-0.841226665028360979148433337008
0.841226665028360979148433337008
-0.842404656703725219284116099426
0.842404656703725219284116099426
-0.843578636045869922647884696207
0.843578636045869922647884696207
-0.844748597463187450326337855812
0.844748597463187450326337855812
-0.845914535383207347810979731293
0.845914535383207347810979731293
-0.847076444252622886409368786976
0.847076444252622886409368786976
-0.848234318537317513380355125558
0.848234318537317513380355125558
-0.849388152722391210667425550712
0.849388152722391210667425550712
-0.850537941312186762104611004236
0.850537941312186762104611004236
-0.851683678830315928969846958587
0.851683678830315928969846958587
-0.852825359819685533761113883474
0.852825359819685533761113883474
-0.853962978842523452071122036826
0.853962978842523452071122036826
-0.855096530480404512436742553865
0.855096530480404512436742553865
-0.856226009334276304039825121159
0.856226009334276304039825121159
-0.857351410024484892136481423235
0.857351410024484892136481423235
-0.858472727190800441092353035563
0.858472727190800441092353035563
-0.859589955492442744901822507427
0.859589955492442744901822507427
-0.86070308960810666506956702916
0.86070308960810666506956702916
-0.861812124235987475733295308481
0.861812124235987475733295308481
-0.862917054093806115906950088036
0.862917054093806115906950088036
-0.864017873918834348724101118679
0.864017873918834348724101118679
-0.865114578467919827561696358327
0.865114578467919827561696358327
-0.866207162517511068924782692453
0.866207162517511068924782692453
-0.867295620863682331973251567116
0.867295620863682331973251567116
-0.86837994832215840457210958694
0.86837994832215840457210958694
-0.869460139728339295747219356448
0.869460139728339295747219356448
-0.870536189937324834428901631468
0.870536189937324834428901631468
-0.871608093823939174366236195995
0.871608093823939174366236195995
-0.872675846282755205095345786573
0.872675846282755205095345786573
-0.873739442228118868845394849066
0.873739442228118868845394849066
-0.874798876594173383266482929268
0.874798876594173383266482929268
-0.875854144334883369864061067217
0.875854144334883369864061067217
-0.876905240424058888024948683071
0.876905240424058888024948683071
-0.8779521598553793745204781079
0.8779521598553793745204781079
-0.878994897642417488372744123561
0.878994897642417488372744123561
-0.880033448818662860970386629938
0.880033448818662860970386629938
-0.881067808437545751320785852884
0.881067808437545751320785852884
-0.882097971572460606326001340322
0.882097971572460606326001340322
-0.883123933316789525970238364743
0.883123933316789525970238364743
-0.884145688783925633307078255881
0.884145688783925633307078255881
-0.885163233107296349135162625241
0.885163233107296349135162625241
-0.886176561440386571251475412515
0.886176561440386571251475412515
-0.88718566895676175817182118036
0.88718566895676175817182118036
-0.888190550850090917208553106551
0.888190550850090917208553106551
-0.88919120233416949679605966888
0.88919120233416949679605966888
-0.890187618642942182954975086271
0.890187618642942182954975086271
-0.891179795030525599786535167205
0.891179795030525599786535167205
-0.892167726771230913888957321584
0.892167726771230913888957321584
-0.893151409159586342588181112374
0.893151409159586342588181112374
-0.894130837510359565875763856693
0.894130837510359565875763856693
-0.895106007158580041947184430144
0.895106007158580041947184430144
-0.896076913459561226234267581104
0.896076913459561226234267581104
-0.897043551788922693825900721101
0.897043551788922693825900721101
-0.8980059175426121651716753212
0.8980059175426121651716753212
-0.898964006136927434963545710288
0.898964006136927434963545710288
-0.899917813008538204091059237193
0.899917813008538204091059237193
-0.900867333614507814566173422351
0.900867333614507814566173422351
-0.901812563432314887314137884268
0.901812563432314887314137884268
-0.902753497959874862727381478998
0.902753497959874862727381478998
-0.903690132715561443879808235086
0.903690132715561443879808235086
-0.904622463238227942299369299872
0.904622463238227942299369299872
-0.905550485087228526197242233292
0.905550485087228526197242233292
-0.906474193842439371052413590439
0.906474193842439371052413590439
-0.907393585104279712450925821708
0.907393585104279712450925821708
-0.908308654493732801079515087391
0.908308654493732801079515087391
-0.909219397652366759773832629727
0.909219397652366759773832629727
-0.91012581024235534252190886765
0.91012581024235534252190886765
-0.911027887946498595323986375422
0.911027887946498595323986375422
-0.911925626468243418810315374028
0.911925626468243418810315374028
-0.912819021531704032518973301235
0.912819021531704032518973301235
-0.913708068881682340736238430586
0.913708068881682340736238430586
-0.914592764283688199802516378982
0.914592764283688199802516378982
-0.915473103523959586787287674792
0.915473103523959586787287674792
-0.916349082409482669437014351433
0.916349082409482669437014351433
-0.917220696768011777300413782858
0.917220696768011777300413782858
-0.918087942448089273935978685225
0.918087942448089273935978685225
-0.918950815319065330107093371039
0.918950815319065330107093371039
-0.919809311271117597870567956008
0.919809311271117597870567956008
-0.920663426215270785464884282644
0.920663426215270785464884282644
-0.921513156083416132904919836033
0.921513156083416132904919836033
-0.922358496828330788190388884058
0.922358496828330788190388884058
-0.923199444423697084035713474487
0.923199444423697084035713474487
-0.924035994864121715029510762631
0.924035994864121715029510762631
-0.924868144165154815132357423467
0.924868144165154815132357423467
-0.925695888363308935421966619179
0.925695888363308935421966619179
-0.926519223516077921995388144749
0.926519223516077921995388144749
-0.927338145701955693938317958422
0.927338145701955693938317958422
-0.928152651020454921272079318439
0.928152651020454921272079318439
-0.928962735592125602789314190231
0.928962735592125602789314190231
-0.929768395558573543689900457166
0.929768395558573543689900457166
-0.93056962708247873292908776088
0.93056962708247873292908776088
-0.931366426347613620190322511962
0.931366426347613620190322511962
-0.932158789558861292395710746381
0.932158789558861292395710746381
-0.932946712942233549667546055266
0.932946712942233549667546055266
-0.933730192744888880654808783594
0.933730192744888880654808783594
-0.934509225235150337139022074711
0.934509225235150337139022074711
-0.935283806702523307834330130615
0.935283806702523307834330130615
-0.936053933457713191297144260315
0.936053933457713191297144260315
-0.936819601832642967861182898423
0.936819601832642967861182898423
-0.937580808180470670514212791481
0.937580808180470670514212791481
-0.938337548875606754633279968254
0.938337548875606754633279968254
-0.939089820313731366495700930519
0.939089820313731366495700930519
-0.939837618911811510483566720697
0.939837618911811510483566720697
-0.940580941108118114899995140196
0.940580941108118114899995140196
-0.94131978336224299631584940555
0.94131978336224299631584940555
-0.94205414215511572236612493665
0.94205414215511572236612493665
-0.942784013989020372915689770586
0.942784013989020372915689770586
-0.943509395387612199514548284221
0.943509395387612199514548284221
-0.944230282895934183063282486691
0.944230282895934183063282486691
-0.944946673080433489609810108017
0.944946673080433489609810108017
-0.945658562528977824199084060155
0.945658562528977824199084060155
-0.946365947850871682697843580515
0.946365947850871682697843580515
-0.947068825676872501517013483748
0.947068825676872501517013483748
-0.947767192659206705154834443838
0.947767192659206705154834443838
-0.948461045471585651484294103896
0.948461045471585651484294103896
-0.949150380809221474708916064137
0.949150380809221474708916064137
-0.949835195388842825911451428026
0.949835195388842825911451428026
-0.950515485948710511120505591358
0.950515485948710511120505591358
-0.951191249248633026820621337956
0.951191249248633026820621337956
-0.951862482069981992831828057656
0.951862482069981992831828057656
-0.952529181215707482485156026577
0.952529181215707482485156026577
-0.953191343510353250021104185357
0.953191343510353250021104185357
-0.953848965800071855138539717601
0.953848965800071855138539717601
-0.954502044952639684621997967635
0.954502044952639684621997967635
-0.955150577857471870975841843504
0.955150577857471870975841843504
-0.955794561425637107994230827802
0.955794561425637107994230827802
-0.956433992589872363196341065399
0.956433992589872363196341065399
-0.957068868304597487056769713678
0.957068868304597487056769713678
-0.957699185545929718961548827997
0.957699185545929718961548827997
-0.958324941311698089820686513415
0.958324941311698089820686513415
-0.958946132621457721268645904305
0.958946132621457721268645904305
-0.959562756516504021384665737608
0.959562756516504021384665737608
-0.96017481005988677686531986479
0.96017481005988677686531986479
-0.960782290336424141582207004072
0.960782290336424141582207004072
-0.961385194452716521458156370601
0.961385194452716521458156370601
-0.96198351953716035559582954086
0.96198351953716035559582954086
-0.96257726273996179359309401199
0.96257726273996179359309401199
-0.963166421233150268980039410989
0.963166421233150268980039410989
-0.963750992210591968713003197157
0.963750992210591968713003197157
-0.964330972888003198661468989243
0.964330972888003198661468989243
-0.964906360502963645024197342112
0.964906360502963645024197342112
-0.965477152314929531611445903465
0.965477152314929531611445903465
-0.966043345605246672930633406682
0.966043345605246672930633406682
-0.966604937677163423013299910068
0.966604937677163423013299910068
-0.96716192585584351992171408546
0.96716192585584351992171408546
-0.967714307488378825873977201353
0.967714307488378825873977201353
-0.968262079943801962926972750064
0.968262079943801962926972750064
-0.968805240613098844157010448852
0.968805240613098844157010448852
-0.969343786909221100278513617339
0.969343786909221100278513617339
-0.969877716267098401641599715618
0.969877716267098401641599715618
-0.970407026143650675549905139124
0.970407026143650675549905139124
-0.97093171401780021884050722991
0.97093171401780021884050722991
-0.971451777390483705668298904561
0.971451777390483705668298904561
-0.9719672137846640904376743446
0.9719672137846640904376743446
-0.972478020745342405824887877403
0.972478020745342405824887877403
-0.972984195839569455834952529719
0.972984195839569455834952529719
-0.973485736656457403837449801367
0.973485736656457403837449801367
-0.97398264080719125552612802814
0.97398264080719125552612802814
-0.974474905925040236747673330167
0.974474905925040236747673330167
-0.974962529665369066145544630988
0.974962529665369066145544630988
-0.975445509705649122565272646387
0.975445509705649122565272646387
-0.975923843745469507168132151229
0.975923843745469507168132151229
-0.976397529506548000200607316848
0.976397529506548000200607316848
-0.976866564732741912367581560459
0.976866564732741912367581560459
-0.977330947190058830757696262564
0.977330947190058830757696262564
-0.977790674666667259269837002237
0.977790674666667259269837002237
-0.978245744972907153490221761892
0.978245744972907153490221761892
-0.978696155941300349970083007812
0.978696155941300349970083007812
-0.979141905426560889854454824406
0.979141905426560889854454824406
-0.979582991305605236813097554564
0.979582991305605236813097554564
-0.980019411477562389225115886086
0.980019411477562389225115886086
-0.980451163863783886569352263675
0.980451163863783886569352263675
-0.9808782464078537099731661686
0.9808782464078537099731661686
-0.981300657075598076872741502146
0.981300657075598076872741502146
-0.981718393855095129738599385516
0.981718393855095129738599385516
-0.982131454756684518820532548016
0.982131454756684518820532548016
-0.982539837812976878866720574243
0.982539837812976878866720574243
-0.982943541078863199772333141609
0.982943541078863199772333141609
-0.983342562631524091113481600015
0.983342562631524091113481600015
-0.983736900570438940522938511051
0.983736900570438940522938511051
-0.984126553017394965864610861864
0.984126553017394965864610861864
-0.984511518116496161164326503682
0.984511518116496161164326503682
-0.98489179403417213625507597931
0.98489179403417213625507597931
-0.985267378959186850095444500074
0.985267378959186850095444500074
-0.985638271102647237720572800381
0.985638271102647237720572800381
-0.986004468698011730785602545695
0.986004468698011730785602545695
-0.986365970001098671662193762695
0.986365970001098671662193762695
-0.986722773290094621049350565724
0.986722773290094621049350565724
-0.987074876865562559060459793605
0.987074876865562559060459793605
-0.987422279050449979749137987054
0.987422279050449979749137987054
-0.987764978190096879037198866135
0.987764978190096879037198866135
-0.988102972652243636008800133911
0.988102972652243636008800133911
-0.988436260827038787535609758225
0.988436260827038787535609758225
-0.988764841127046696198653420369
0.988764841127046696198653420369
-0.98908871198725511147337310979
0.98908871198725511147337310979
-0.989407871865082624145349615234
0.989407871865082624145349615234
-0.98972231924038601392512806317
0.98972231924038601392512806317
-0.990032052615467490231646540121
0.990032052615467490231646540121
-0.990337070515081826114916122061
0.990337070515081826114916122061
-0.99063737148644338528985172521
0.99063737148644338528985172521
-0.990932954099233042254525508925
0.990932954099233042254525508925
-0.991223816945604995467630190445
0.991223816945604995467630190445
-0.991509958640193473561625131597
0.991509958640193473561625131597
-0.991791377820119334569925455751
0.991791377820119334569925455751
-0.992068073144996558148622484984
0.992068073144996558148622484984
-0.992340043296938630775639446172
0.992340043296938630775639446172
-0.992607286980564823912986874077
0.992607286980564823912986874077
-0.992869802923006365120957274778
0.992869802923006365120957274778
-0.993127589873912502116773965011
0.993127589873912502116773965011
-0.993380646605456459774489767729
0.993380646605456459774489767729
-0.993628971912341290067947227942
0.993628971912341290067947227942
-0.993872564611805614964523993656
0.993872564611805614964523993656
-0.994111423543629262284394901263
0.994111423543629262284394901263
-0.994345547570138794548395703215
0.994345547570138794548395703215
-0.994574935576212930847585193615
0.994574935576212930847585193615
-0.9947995864692878617796667452
0.9947995864692878617796667452
-0.99501949917936245751204536911
0.99501949917936245751204536911
-0.995234672659003369049095754283
0.995234672659003369049095754283
-0.995445105883350022803009280785
0.995445105883350022803009280785
-0.99565079785011950859441215236
0.99565079785011950859441215236
-0.995851747579611361242142677993
0.995851747579611361242142677993
-0.996047954114712235942882471031
0.996047954114712235942882471031
-0.996239416520900477693024003717
0.996239416520900477693024003717
-0.99642613388625058507020675652
0.99642613388625058507020675652
-0.996608105321437568774306229193
0.996608105321437568774306229193
-0.99678532995974120543255659763
0.99678532995974120543255659763
-0.996957806957050187307952591633
0.996957806957050187307952591633
-0.997125535491866168723589424817
0.997125535491866168723589424817
-0.997288514765307710241056360961
0.997288514765307710241056360961
-0.997446744001114121926083167685
0.997446744001114121926083167685
-0.997600222445649207423808486557
0.997600222445649207423808486557
-0.99774894936790491108343483323
0.99774894936790491108343483323
-0.997892924059504871065768268416
0.997892924059504871065768268416
-0.998032145834707882305707254342
0.998032145834707882305707254342
-0.998166614030411274483719823476
0.998166614030411274483719823476
-0.998296328006154211929234964839
0.998296328006154211929234964839
-0.998421287144120924846159706805
0.998421287144120924846159706805
-0.99854149084914388473219872407
0.99854149084914388473219872407
-0.998656938548706941837460173664
0.998656938548706941837460173664
-0.99876762969294844970899407913
0.99876762969294844970899407913
-0.998873563754664412444704440122
0.998873563754664412444704440122
-0.998974740229311706058016058468
0.998974740229311706058016058468
-0.99907115863501144929135770434
0.99907115863501144929135770434
-0.999162818512552636203184619979
0.999162818512552636203184619979
-0.999249719425396201162350650433
0.999249719425396201162350650433
-0.999331860959679780853846137972
0.999331860959679780853846137972
-0.999409242724223593064926709181
0.999409242724223593064926709181
-0.999481864350538115227921659949
0.999481864350538115227921659949
-0.999549725492834705800211630466
0.999549725492834705800211630466
-0.999612825828041143473579899095
0.999612825828041143473579899095
-0.999671165055825621970502991249
0.999671165055825621970502991249
-0.999724742898635804796103918316
0.999724742898635804796103918316
-0.999773559101765872512902906154
0.999773559101765872512902906154
-0.999817613433478344056461940802
0.999817613433478344056461940802
-0.999856905685239945332780987962
0.999856905685239945332780987962
-0.999891435672213698509906752184
0.999891435672213698509906752184
-0.999921203234383954391219706922
0.999921203234383954391219706922
-0.999946208239447694784783040381
0.999946208239447694784783040381
-0.999966450591507330995250611114
0.999966450591507330995250611114
-0.999981930263779732275071152858
0.999981930263779732275071152858
-0.999992647474108701702202174052
0.999992647474108701702202174052
-0.999998604551847438154994010008
0.999998604551847438154994010008