-0.003845266289228785
0.003845266289228785
-0.01153557144179595
0.01153557144179595
-0.01922519433014287
0.01922519433014287
-0.02691368015629178
0.02691368015629178
-0.03460057418951578
0.03460057418951578
-0.04228542179323355
0.04228542179323355
-0.0499677684518986
0.0499677684518986
-0.05764715979788126
0.05764715979788126
-0.06532314163834201
0.06532314163834201
-0.07299525998209442
0.07299525998209442
-0.08066306106645617
0.08066306106645617
-0.08832609138408659
0.08832609138408659
-0.09598389770980901
0.09598389770980901
-0.1036360271274166
0.1036360271274166
-0.1112820270564596
0.1112820270564596
-0.1189214452790132
0.1189214452790132
-0.1265538299664234
0.1265538299664234
-0.1341787297060305
0.1341787297060305
-0.1417956935278671
0.1417956935278671
-0.149404270931331
0.149404270931331
-0.1570040119118294
0.1570040119118294
-0.1645944669873941
0.1645944669873941
-0.1721751872252663
0.1721751872252663
-0.179745724268448
0.179745724268448
-0.1873056303622198
0.1873056303622198
-0.1948544583806233
0.1948544583806233
-0.2023917618529063
0.2023917618529063
-0.2099170949899282
0.2099170949899282
-0.2174300127105268
0.2174300127105268
-0.224930070667842
0.224930070667842
-0.2324168252755963
0.2324168252755963
-0.2398898337343306
0.2398898337343306
-0.2473486540575933
0.2473486540575933
-0.2547928450980813
0.2547928450980813
-0.2622219665737312
0.2622219665737312
-0.2696355790937599
0.2696355790937599
-0.2770332441846516
0.2770332441846516
-0.2844145243160916
0.2844145243160916
-0.2917789829268433
0.2917789829268433
-0.2991261844505684
0.2991261844505684
-0.3064556943415886
0.3064556943415886
-0.3137670791005861
0.3137670791005861
-0.3210599063002426
0.3210599063002426
-0.3283337446108155
0.3283337446108155
-0.335588163825648
0.335588163825648
-0.3428227348866138
0.3428227348866138
-0.3500370299094934
0.3500370299094934
-0.3572306222092808
0.3572306222092808
-0.3644030863254199
0.3644030863254199
-0.371553998046968
0.371553998046968
-0.3786829344376851
0.3786829344376851
-0.3857894738610488
0.3857894738610488
-0.3928731960051913
0.3928731960051913
-0.3999336819077587
0.3999336819077587
-0.4069705139806903
0.4069705139806903
-0.4139832760349162
0.4139832760349162
-0.420971553304973
0.420971553304973
-0.4279349324735349
0.4279349324735349
-0.4348730016958584
0.4348730016958584
-0.4417853506241414
0.4417853506241414
-0.4486715704317927
0.4486715704317927
-0.4555312538376115
0.4555312538376115
-0.4623639951298762
0.4623639951298762
-0.4691693901903397
0.4691693901903397
-0.4759470365181309
0.4759470365181309
-0.4826965332535603
0.4826965332535603
-0.4894174812018286
0.4894174812018286
-0.4961094828566366
0.4961094828566366
-0.5027721424236959
0.5027721424236959
-0.5094050658441377
0.5094050658441377
-0.5160078608178191
0.5160078608178191
-0.5225801368265254
0.5225801368265254
-0.5291215051570673
0.5291215051570673
-0.5356315789242709
0.5356315789242709
-0.5421099730938599
0.5421099730938599
-0.548556304505228
0.548556304505228
-0.5549701918941012
0.5549701918941012
-0.5613512559150866
0.5613512559150866
-0.5676991191641095
0.5676991191641095
-0.574013406200734
0.574013406200734
-0.5802937435703686
0.5802937435703686
-0.5865397598263536
0.5865397598263536
-0.5927510855519307
0.5927510855519307
-0.5989273533820911
0.5989273533820911
-0.6050681980253036
0.6050681980253036
-0.6111732562851196
0.6111732562851196
-0.6172421670816537
0.6172421670816537
-0.62327457147294
0.62327457147294
-0.6292701126761612
0.6292701126761612
-0.6352284360887505
0.6352284360887505
-0.6411491893093642
0.6411491893093642
-0.6470320221587242
0.6470320221587242
-0.6528765867003295
0.6528765867003295
-0.6586825372610342
0.6586825372610342
-0.6644495304514924
0.6644495304514924
-0.6701772251864679
0.6701772251864679
-0.675865282705007
0.675865282705007
-0.6815133665904749
0.6815133665904749
-0.6871211427904522
0.6871211427904522
-0.6926882796364929
0.6926882796364929
-0.6982144478637401
0.6982144478637401
-0.7036993206304008
0.7036993206304008
-0.7091425735370761
0.7091425735370761
-0.714543884645948
0.714543884645948
-0.7199029344998203
0.7199029344998203
-0.7252194061410123
0.7252194061410123
-0.7304929851301054
0.7304929851301054
-0.7357233595645404
0.7357233595645404
-0.7409102200970645
0.7409102200970645
-0.7460532599540278
0.7460532599540278
-0.751152174953527
0.751152174953527
-0.7562066635233964
0.7562066635233964
-0.7612164267190435
0.7612164267190435
-0.7661811682411307
0.7661811682411307
-0.7711005944530993
0.7711005944530993
-0.7759744143985364
0.7759744143985364
-0.7808023398183835
0.7808023398183835
-0.7855840851679855
0.7855840851679855
-0.7903193676339789
0.7903193676339789
-0.7950079071510185
0.7950079071510185
-0.799649426418342
0.799649426418342
-0.8042436509161706
0.8042436509161706
-0.8087903089219453
0.8087903089219453
-0.8132891315263978
0.8132891315263978
-0.8177398526494549
0.8177398526494549
-0.8221422090559759
0.8221422090559759
-0.8264959403713212
0.8264959403713212
-0.8308007890967519
0.8308007890967519
-0.83505650062466
0.83505650062466
-0.8392628232536262
0.8392628232536262
-0.8434195082033073
0.8434195082033073
-0.8475263096291497
0.8475263096291497
-0.8515829846369301
0.8515829846369301
-0.855589293297121
0.855589293297121
-0.8595449986590815
0.8595449986590815
-0.8634498667650713
0.8634498667650713
-0.8673036666640882
0.8673036666640882
-0.8711061704255275
0.8711061704255275
-0.8748571531526627
0.8748571531526627
-0.878556392995947
0.878556392995947
-0.8822036711661347
0.8822036711661347
-0.8857987719472208
0.8857987719472208
-0.8893414827091999
0.8893414827091999
-0.8928315939206417
0.8928315939206417
-0.8962688991610839
0.8962688991610839
-0.8996531951332409
0.8996531951332409
-0.9029842816750272
0.9029842816750272
-0.9062619617713964
0.9062619617713964
-0.9094860415659933
0.9094860415659933
-0.9126563303726194
0.9126563303726194
-0.9157726406865112
0.9157726406865112
-0.9188347881954296
0.9188347881954296
-0.9218425917905615
0.9218425917905615
-0.9247958735772311
0.9247958735772311
-0.9276944588854212
0.9276944588854212
-0.9305381762801045
0.9305381762801045
-0.9333268575713825
0.9333268575713825
-0.9360603378244337
0.9360603378244337
-0.9387384553692679
0.9387384553692679
-0.9413610518102885
0.9413610518102885
-0.9439279720356609
0.9439279720356609
-0.9464390642264863
0.9464390642264863
-0.9488941798657811
0.9488941798657811
-0.9512931737472612
0.9512931737472612
-0.95363590398393
0.95363590398393
-0.9559222320164702
0.9559222320164702
-0.9581520226214397
0.9581520226214397
-0.9603251439192687
0.9603251439192687
-0.9624414673820606
0.9624414673820606
-0.9645008678411933
0.9645008678411933
-0.9665032234947234
0.9665032234947234
-0.9684484159145901
0.9684484159145901
-0.9703363300536201
0.9703363300536201
-0.9721668542523329
0.9721668542523329
-0.9739398802455458
0.9739398802455458
-0.9756553031687779
0.9756553031687779
-0.9773130215644542
0.9773130215644542
-0.9789129373879074
0.9789129373879074
-0.9804549560131793
0.9804549560131793
-0.9819389862386203
0.9819389862386203
-0.983364940292287
0.983364940292287
-0.9847327338371388
0.9847327338371388
-0.9860422859760318
0.9860422859760318
-0.987293519256513
0.987293519256513
-0.9884863596754127
0.9884863596754127
-0.9896207366832384
0.9896207366832384
-0.9906965831883702
0.9906965831883702
-0.9917138355610628
0.9917138355610628
-0.992672433637257
0.992672433637257
-0.9935723207222104
0.9935723207222104
-0.994413443593961
0.994413443593961
-0.9951957525066471
0.9951957525066471
-0.9959192011937287
0.9959192011937287
-0.9965837468711915
0.9965837468711915
-0.997189350240893
0.997189350240893
-0.9977359754943856
0.9977359754943856
-0.9982235903179495
0.9982235903179495
-0.9986521659006036
0.9986521659006036
-0.9990216769497699
0.9990216769497699
-0.9993321017286667
0.9993321017286667
-0.9995834221655366
0.9995834221655366
-0.9997756242608955
0.9997756242608955
-0.9999087002678607
0.9999087002678607
-0.9999826718751232
0.9999826718751232