-0.00121531591689247427902556748825
0.00121531591689247427902556748825
-0.0036459405706250201024252881927
0.0036459405706250201024252881927
-0.0060765436842427772703927112746
0.0060765436842427772703927112746
-0.00850711089781061825709928424268
0.00850711089781061825709928424268
-0.010937627851605512026260137583
0.010937627851605512026260137583
-0.0133680801862013608726653163479
0.0133680801862013608726653163479
-0.015798453542553835509437207278
0.015798453542553835509437207278
-0.0182287335620852078998108417199
0.0182287335620852078998108417199
-0.0206589058867691813322470798984
0.0206589058867691813322470798984
-0.0230889561592157172377049684143
0.0230889561592157172377049684143
-0.0255188700227558582479188100694
0.0255188700227558582479188100694
-0.0279486331215265469935476931627
0.0279486331215265469935476931627
-0.0303782311005554401410903961123
0.0303782311005554401410903961123
-0.0328076496058457171674867125015
0.0328076496058457171674867125015
-0.0352368742844608833713573312465
0.0352368742844608833713573312465
-0.0376658907846095666198684563624
0.0376658907846095666198684563624
-0.0400946847557303073302443605585
0.0400946847557303073302443605585
-0.0425232418485763411849910364022
0.0425232418485763411849910364022
-0.044951547715300374079937037825
0.044951547715300374079937037825
-0.0473795880095393488042434930401
0.0473795880095393488042434930401
-0.0498073483864992029515841172383
0.0498073483864992029515841172383
-0.0522348145030396175617478594285
0.0522348145030396175617478594285
-0.0546619720177587559919715821952
0.0546619720177587559919715821952
-0.0570888065910779925173678956236
0.0570888065910779925173678956236
-0.0595153038853266301598739468657
0.0595153038853266301598739468657
-0.0619414495648266072452106044126
0.0619414495648266072452106044126
-0.0643672292959771921874080707408
0.0643672292959771921874080707408
-0.0667926287473396660005235082058
0.0667926287473396660005235082058
-0.0692176335897219920372487704654
0.0692176335897219920372487704654
-0.0716422294962634724541817948859
0.0716422294962634724541817948859
-0.0740664021425193909036136298897
0.0740664021425193909036136298897
-0.0764901372065456409517644445577
0.0764901372065456409517644445577
-0.0789134203689833397234861955433
0.0789134203689833397234861955433
-0.0813362373131434262735369079735
0.0813362373131434262735369079735
-0.083758573725091244184621762003
0.083758573725091244184621762003
-0.0861804152937311078924893645034
0.0861804152937311078924893645034
-0.0886017477108908522384677254757
0.0886017477108908522384677254757
-0.0910225566714063647499235505892
0.0910225566714063647499235505892
-0.093442827873206100149230504194
0.093442827873206100149230504194
-0.0958625470173955765919370906302
0.0958625470173955765919370906302
-0.0982816998083418531349327450281
0.0982816998083418531349327450281
-0.100700271953757987935521617444
0.100700271953757987935521617444
-0.103118249164787476682427375433
0.103118249164787476682427375433
-0.105535617156088670759869139349
0.105535617156088670759869139349
-0.107952361645919174645968401137
0.107952361645919174645968401137
-0.110368468356220222046869460334
0.110368468356220222046869460334
-0.112783923012701030268081539838
0.112783923012701030268081539838
-0.11519871134492313232467931788
0.11519871134492313232467931788
-0.117612819086384686292130130824
0.117612819086384686292130130824
-0.120026231974604761399650563173
0.120026231974604761399650563173
-0.122438935751207600368132545644
0.122438935751207600368132545644
-0.124850916162006857494819428581
0.124850916162006857494819428581
-0.127262158957089811987055785515
0.127262158957089811987055785515
-0.129672649890901556047580929447
0.129672649890901556047580929447
-0.132082374722329157213985291602
0.132082374722329157213985291602
-0.134491319214785794455100918095
0.134491319214785794455100918095
-0.13689946913629486752725238325
0.13689946913629486752725238325
-0.13930681025957407909345239829
0.13930681025957407909345239829
-0.14171332836211948910878730991
0.14171332836211948910878730991
-0.144119009226289540975401533773
0.144119009226289540975401533773
-0.146523838639389058970656752445
0.146523838639389058970656752445
-0.148927802393753216452211424502
0.148927802393753216452211424502
-0.151330886286831474343938800735
0.151330886286831474343938800735
-0.153733076121271489406777223312
0.153733076121271489406777223312
-0.156134357705002991798784993558
0.156134357705002991798784993558
-0.158534716851321631428853532511
0.158534716851321631428853532511
-0.160934139378972792608716924626
0.160934139378972792608716924626
-0.163332611112235376508083227758
0.163332611112235376508083227758
-0.16573011788100555091790315083
0.16573011788100555091790315083
-0.168126645520880466826984843173
0.168126645520880466826984843173
-0.170522179873241941317359605389
0.170522179873241941317359605389
-0.172916706785340106284002319412
0.172916706785340106284002319412
-0.17531021211037702248471230425
0.17531021211037702248471230425
-0.177702681707590258426165132293
0.177702681707590258426165132293
-0.180094101442336433592353688008
0.180094101442336433592353688008
-0.182484457186174725521847415014
0.182484457186174725521847415014
-0.184873734816950340240512277676
0.184873734816950340240512277676
-0.187261920218877945556550458295
0.187261920218877945556550458295
-0.189648999282625066724938219337
0.189648999282625066724938219337
-0.192034957905395443988562680678
0.192034957905395443988562680678
-0.194419781991012351503583493243
0.194419781991012351503583493243
-0.196803457450001877156773531353
0.196803457450001877156773531353
-0.19918597019967616278282377515
0.19918597019967616278282377515
-0.201567306164216604289831510406
0.201567306164216604289831510406
-0.203947451274757011201427834346
0.203947451274757011201427834346
-0.206326391469466725124240221453
0.206326391469466725124240221453
-0.208704112693633696649628571219
0.208704112693633696649628571219
-0.211080600899747520198878728953
0.211080600899747520198878728953
-0.213455842047582426321285939604
0.213455842047582426321285939604
-0.215829822104280230954812061735
0.215829822104280230954812061735
-0.218202527044433241159254632658
0.218202527044433241159254632658
-0.220573942850167116832123034941
0.220573942850167116832123034941
-0.222944055511223687917677067428
0.222944055511223687917677067428
-0.225312851025043726619846169056
0.225312851025043726619846169056
-0.227680315396849674130013379577
0.227680315396849674130013379577
-0.230046434639728321380916846202
0.230046434639728321380916846202
-0.23241119477471344333819329757
0.23241119477471344333819329757
-0.234774581830868386341362404789
0.234774581830868386341362404789
-0.237136581845368608006328331864
0.237136581845368608006328331864
-0.23949718086358416920175504306
0.23949718086358416920175504306
-0.241856364939162177611955080956
0.241856364939162177611955080956
-0.244214120134109182399217554488
0.244214120134109182399217554488
-0.246570432518873519478789979394
0.246570432518873519478789979394
-0.248925288172427606920020392561
0.248925288172427606920020392561
-0.251278673182350189987460815
0.251278673182350189987460815
-0.253630573644908535336030663893
0.253630573644908535336030663893
-0.255980975665140573874639110533
0.255980975665140573874639110533
-0.258329865356936991812968646285
0.258329865356936991812968646285
-0.260677228843123269406428251154
0.260677228843123269406428251154
-0.263023052255541666914593557249
0.263023052255541666914593557249
-0.265367321735133157288763260721
0.265367321735133157288763260721
-0.267710023432019305104575758627
0.267710023432019305104575758627
-0.27005114350558409125594756982
0.27005114350558409125594756982
-0.27239066812455568292691553962
0.27239066812455568292691553962
-0.274728583467088148358288124575
0.274728583467088148358288124575
-0.277064875720843115926337204382
0.277064875720843115926337204382
-0.279399531083071377051090870915
0.279399531083071377051090870915
-0.28173253576069443245211949749
0.28173253576069443245211949749
-0.284063875970385981270042092875
0.284063875970385981270042092875
-0.286393537938653352572317492317
0.286393537938653352572317492317
-0.288721507901918878762225329865
0.288721507901918878762225329865
-0.291047772106601210410284970625
0.291047772106601210410284970625
-0.293372316809196572027706656132
0.293372316809196572027706656132
-0.295695128276359958301818028909
0.295695128276359958301818028909
-0.298016192784986270313760951208
0.298016192784986270313760951208
-0.300335496622291391259108116027
0.300335496622291391259108116027
-0.302653026085893201192406363551
0.302653026085893201192406363551
-0.304968767483892530317013861084
0.304968767483892530317013861084
-0.307282707134954050341961377249
0.307282707134954050341961377249
-0.309594831368387103427933779488
0.309594831368387103427933779488
-0.311905126524226468244836605654
0.311905126524226468244836605654
-0.314213578953313062663784103475
0.314213578953313062663784103475
-0.316520175017374582606719493715
0.316520175017374582606719493715
-0.318824901089106076577255391815
0.318824901089106076577255391815
-0.321127743552250455396702316312
0.321127743552250455396702316312
-0.323428688801678936669636018293
0.323428688801678936669636018293
-0.325727723243471423503739982198
0.325727723243471423503739982198
-0.328024833294996817009047872167
0.328024833294996817009047872167
-0.330320005384993262102101927604
0.330320005384993262102101927604
-0.332613225953648326140937344316
0.332613225953648326140937344316
-0.334904481452679109917199511159
0.334904481452679109917199511159
-0.337193758345412290532100604339
0.337193758345412290532100604339
-0.339481043106864095683324469824
0.339481043106864095683324469824
-0.341766322223820208890393946592
0.341766322223820208890393946592
-0.344049582194915605186422797
0.344049582194915605186422797
-0.346330809530714316804585213276
0.346330809530714316804585213276
-0.348609990753789128388049458331
0.348609990753789128388049458331
-0.350887112398801201252538572545
0.350887112398801201252538572545
-0.353162161012579626231100233215
0.353162161012579626231100233215
-0.355435123154200904631089787718
0.355435123154200904631089787718
-0.357705985395068356833795192441
0.357705985395068356833795192441
-0.359974734318991458067560074785
0.359974734318991458067560074785
-0.362241356522265100885691392494
0.362241356522265100885691392494
-0.364505838613748783880871190628
0.364505838613748783880871190628
-0.36676816721494572616822774918
0.36676816721494572616822774918
-0.369028328960081907169659971021
0.369028328960081907169659971021
-0.371286310496185031232450177943
0.371286310496185031232450177943
-0.373542098483163416615644559526
0.373542098483163416615644559526
-0.375795679593884808378127352632
0.375795679593884808378127352632
-0.378047040514255114702764416016
0.378047040514255114702764416016
-0.380296167943297066191444202099
0.380296167943297066191444202099
-0.382543048593228797666299213728
0.382543048593228797666299213728
-0.384787669189542352012848865053
0.384787669189542352012848865053
-0.387030016471082105601265239845
0.387030016471082105601265239845
-0.389270077190123114822426554764
0.389270077190123114822426554764
-0.391507838112449383275889186781
0.391507838112449383275889186781
-0.393743286017432049147377910156
0.393743286017432049147377910156
-0.395976407698107492313865506494
0.395976407698107492313865506494
-0.398207189961255360714787158551
0.398207189961255360714787158551
-0.400435619627476515528412011867
0.400435619627476515528412011867
-0.402661683531270894692873985184
0.402661683531270894692873985184
-0.404885368521115294311846328066
0.404885368521115294311846328066
-0.407106661459541067485329559348
0.407106661459541067485329559348
-0.409325549223211740106510270207
0.409325549223211740106510270207
-0.411542018703000543166138837723
0.411542018703000543166138837723
-0.41375605680406786110636736609
0.41375605680406786110636736609
-0.415967650445938595766485150035
0.415967650445938595766485150035
-0.418176786562579445463487635755
0.418176786562579445463487635755
-0.420383452102476098750916235674
0.420383452102476098750916235674
-0.422587634028710342399910431732
0.422587634028710342399910431732
-0.424789319319037083146920374685
0.424789319319037083146920374685
-0.426988494965961282753037651053
0.426988494965961282753037651053
-0.429185147976814805920414041879
0.429185147976814805920414041879
-0.431379265373833180611752935376
0.431379265373833180611752935376
-0.433570834194232270319375575693
0.433570834194232270319375575693
-0.435759841490284857830884529527
0.435759841490284857830884529527
-0.437946274329397140038969627902
0.437946274329397140038969627902
-0.440130119794185133343427189173
0.440130119794185133343427189173
-0.442311364982550989193991548007
0.442311364982550989193991548007
-0.444489997007759219323108800674
0.444489997007759219323108800674
-0.446666002998512830218316226254
0.446666002998512830218316226254
-0.448839370099029366384427053272
0.448839370099029366384427053272
-0.451010085469116861946259108512
0.451010085469116861946259108512
-0.453178136284249700143187406311
0.453178136284249700143187406311
-0.455343509735644380267344909109
0.455343509735644380267344909109
-0.45750619303033519159784251043
0.45750619303033519159784251043
-0.45966617339124979388392875633
0.45966617339124979388392875633
-0.461823438057284703930561927642
0.461823438057284703930561927642
-0.463977974283380687840421849655
0.463977974283380687840421849655
-0.466129769340598058466946174969
0.466129769340598058466946174969
-0.468278810516191877633535895903
0.468278810516191877633535895903
-0.470425085113687062674637481651
0.470425085113687062674637481651
-0.472568580452953396854974299019
0.472568580452953396854974299019
-0.474709283870280443223767860835
0.474709283870280443223767860835
-0.476847182718452361461359949464
0.476847182718452361461359949464
-0.478982264366822627276219781075
0.478982264366822627276219781075
-0.481114516201388653910896105876
0.481114516201388653910896105876
-0.483243925624866315316052477192
0.483243925624866315316052477192
-0.485370480056764370552304864432
0.485370480056764370552304864432
-0.48749416693345878898016432841
0.48749416693345878898016432841
-0.48961497370826697579897361858
0.48961497370826697579897361858
-0.491732887851521897496315287081
0.491732887851521897496315287081
-0.493847896850646106769960240661
0.493847896850646106769960240661
-0.495959988210225666485019564952
0.495959988210225666485019564952
-0.498069149452083972229558952762
0.498069149452083972229558952762
-0.500175368115355473032534145504
0.500175368115355473032534145504
-0.502278631756559289808507451071
0.502278631756559289808507451071
-0.504378927949672731094209628722
0.504378927949672731094209628722
-0.506476244286204705642618228538
0.506476244286204705642618228538
-0.508570568375269031440832835836
0.508570568375269031440832835836
-0.510661887843657640718639596304
0.510661887843657640718639596304
-0.512750190335913680515271881693
0.512750190335913680515271881693
-0.514835463514404508372490995171
0.514835463514404508372490995171
-0.516917695059394582722730406213
0.516917695059394582722730406213
-0.518996872669118247541669143529
0.518996872669118247541669143529
-0.52107298405985241083522465733
0.52107298405985241083522465733
-0.523146016965989116531582685519
0.523146016965989116531582685519
-0.525215959140108009349511418449
0.525215959140108009349511418449
-0.527282798353048692214839550042
0.527282798353048692214839550042
-0.529346522393982975797612625464
0.529346522393982975797612625464
-0.531407119070487019743079443628
0.531407119070487019743079443628
-0.533464576208613365170300142583
0.533464576208613365170300142583
-0.535518881652962858012809983712
0.535518881652962858012809983712
-0.53757002326675646277641775278
0.53757002326675646277641775278
-0.53961798893190696628986510833
0.53961798893190696628986510833
-0.541662766549090571024723127087
0.541662766549090571024723127087
-0.543704344037818377561554717855
0.543704344037818377561554717855
-0.545742709336507755780026496184
0.545742709336507755780026496184
-0.547777850402553604351311127872
0.547777850402553604351311127872
-0.549809755212399498111781056334
0.549809755212399498111781056334
-0.551838411761608722897656923047
0.551838411761608722897656923047
-0.553863808064935197420938867858
0.553863808064935197420938867858
-0.555885932156394281767616252847
0.555885932156394281767616252847
-0.557904772089333472099821185903
0.557904772089333472099821185903
-0.559920315936502981144263524054
0.559920315936502981144263524054
-0.561932551790126204049959808083
0.561932551790126204049959808083
-0.563941467761970069198945814972
0.563941467761970069198945814972
-0.56594705198341527355434210927
0.56594705198341527355434210927
-0.567949292605526402130824124602
0.567949292605526402130824124602
-0.569948177799121931173232908117
0.569948177799121931173232908117
-0.571943695754844114629749709755
0.571943695754844114629749709755
-0.57393583468322875350674709067
0.57393583468322875350674709067
-0.575924582814774847693121156929
0.575924582814774847693121156929
-0.577909928400014129842603891663
0.577909928400014129842603891663
-0.579891859709580480903251356986
0.579891859709580480903251356986
-0.581870365034279226884002762201
0.581870365034279226884002762201
-0.583845432685156316448907042885
0.583845432685156316448907042885
-0.58581705099356737893031766228
0.58581705099356737893031766228
-0.587785208311246662353062827793
0.587785208311246662353062827793
-0.589749893010375851062307207256
0.589749893010375851062307207256
-0.591711093483652762548532527622
0.591711093483652762548532527622
-0.593668798144359923063778138829
0.593668798144359923063778138829
-0.595622995426433021623998723431
0.595622995426433021623998723431
-0.597573673784529241993114824038
0.597573673784529241993114824038
-0.599520821694095472245052741358
0.599520821694095472245052741358
-0.601464427651436391500793621473
0.601464427651436391500793621473
-0.603404480173782433438177197617
0.603404480173782433438177197617
-0.605340967799357626172933674848
0.605340967799357626172933674848
-0.607273879087447308110147641373
0.607273879087447308110147641373
-0.609203202618465719366090653497
0.609203202618465719366090653497
-0.611128926994023468361094268003
0.611128926994023468361094268003
-0.613051040836994873184872781764
0.613051040836994873184872781764
-0.6149695327915851773364447793
0.6149695327915851773364447793
-0.616884391523397639441544780349
0.616884391523397639441544780349
-0.618795605719500496551160817035
0.618795605719500496551160817035
-0.620703164088493800625580649399
0.620703164088493800625580649399
-0.62260705536057612780907854454
0.62260705536057612780907854454
-0.624507268287611160101126094018
0.624507268287611160101126094018
-0.626403791643194139030764421916
0.626403791643194139030764421916
-0.628296614222718190941531337771
0.628296614222718190941531337771
-0.630185724843440523495095509833
0.630185724843440523495095509833
-0.632071112344548493002510570442
0.632071112344548493002510570442
-0.633952765587225542192765212136
0.633952765587225542192765212136
-0.635830673454717008029070785974
0.635830673454717008029070785974
-0.637704824852395799184095667926
0.637704824852395799184095667926
-0.639575208707827942786125710506
0.639575208707827942786125710506
-0.641441813970838000048902440581
0.641441813970838000048902440581
-0.643304629613574350398665295878
0.643304629613574350398665295878
-0.6451636446305743437127011076
0.6451636446305743437127011076
-0.647018848038829320284483230126
0.647018848038829320284483230126
-0.648870228877849498131264186408
0.648870228877849498131264186408
-0.650717776209728727260769434814
0.650717776209728727260769434814
-0.652561479119209110514425865088
0.652561479119209110514425865088
-0.654401326713745490605346893277
0.654401326713745490605346893277
-0.656237308123569802970086543138
0.656237308123569802970086543138
-0.658069412501755294053967670066
0.658069412501755294053967670066
-0.659897629024280604650584498363
0.659897629024280604650584498363
-0.661721946890093717916876898823
0.661721946890093717916876898823
-0.663542355321175771685973326646
0.663542355321175771685973326646
-0.665358843562604734700801064688
0.665358843562604734700801064688
-0.667171400882618946392266369461
0.667171400882618946392266369461
-0.668980016572680519826613292167
0.668980016572680519826613292167
-0.670784679947538607447378339806
0.670784679947538607447378339806
-0.672585380345292529238168747132
0.672585380345292529238168747132
-0.674382107127454762933304944241
0.674382107127454762933304944241
-0.676174849679013795904182821953
0.676174849679013795904182821953
-0.677963597408496838350028613251
0.677963597408496838350028613251
-0.679748339748032397422538618831
0.679748339748032397422538618831
-0.681529066153412711914717603635
0.681529066153412711914717603635
-0.683305766104156047145053474099
0.683305766104156047145053474099
-0.685078429103568849668991807995
0.685078429103568849668991807995
-0.686847044678807761450501945193
0.686847044678807761450501945193
-0.688611602380941493127356653591
0.688611602380941493127356653591
-0.690372091785012556004579854976
0.690372091785012556004579854976
-0.692128502490098852411351525652
0.692128502490098852411351525652
-0.693880824119375124057495671516
0.693880824119375124057495671516
-0.695629046320174258026516211844
0.695629046320174258026516211844
-0.697373158764048450042986685422
0.697373158764048450042986685422
-0.699113151146830224652942911897
0.699113151146830224652942911897
-0.700849013188693311956773095264
0.700849013188693311956773095264
-0.702580734634213380534947340392
0.702580734634213380534947340392
-0.704308305252428626207778162222
0.704308305252428626207778162222
-0.706031714836900216271255295931
0.706031714836900216271255295931
-0.707750953205772588851851959764
0.707750953205772588851851959764
-0.70946601020183360702405567542
0.70946601020183360702405567542
-0.711176875692574567335234808742
0.711176875692574567335234808742
-0.712883539570250062383312150999
0.712883539570250062383312150999
-0.714585991751937697093579113096
0.714585991751937697093579113096
-0.71628422217959765834184844655
0.71628422217959765834184844655
-0.717978220820132137572009830959
0.717978220820132137572009830959
-0.719667977665444606056921172781
0.719667977665444606056921172781
-0.721353482732498942452439039419
0.721353482732498942452439039419
-0.723034726063378412295264300782
0.723034726063378412295264300782
-0.724711697725344499096153762436
0.724711697725344499096153762436
-0.726384387810895586680925345029
0.726384387810895586680925345029
-0.728052786437825492432563188755
0.728052786437825492432563188755
-0.729716883749281851088609933869
0.729716883749281851088609933869
-0.731376669913824348748916343674
0.731376669913824348748916343674
-0.733032135125482806749703389562
0.733032135125482806749703389562
-0.73468326960381511506077890354
0.73468326960381511506077890354
-0.736330063593965014863639916825
0.736330063593965014863639916825
-0.737972507366719729969082838435
0.737972507366719729969082838435
-0.739610591218567446733836679846
0.739610591218567446733836679846
-0.741244305471754642136629595535
0.741244305471754642136629595535
-0.74287364047434325967499607929
0.74287364047434325967499607929
-0.744498586600267732745031227189
0.744498586600267732745031227189
-0.746119134249391855167199544861
0.746119134249391855167199544861
-0.747735273847565498522208833752
0.747735273847565498522208833752
-0.749346995846681175961864733187
0.749346995846681175961864733187
-0.750954290724730452160728516827
0.750954290724730452160728516827
-0.75255714898586019907530973821
0.75255714898586019907530973821
-0.754155561160428697178436285116
0.754155561160428697178436285116
-0.755749517805061581837357331132
0.755749517805061581837357331132
-0.757339009502707634505049559553
0.757339009502707634505049559553
-0.758924026862694418395113874359
0.758924026862694418395113874359
-0.760504560520783758311568599906
0.760504560520783758311568599906
-0.762080601139227064305765899813
0.762080601139227064305765899813
-0.763652139406820498833580810865
0.763652139406820498833580810865
-0.765219166038959987086946884126
0.765219166038959987086946884126
-0.766781671777696070174738947381
0.766781671777696070174738947381
-0.768339647391788600828931945095
0.768339647391788600828931945095
-0.769893083676761281312895168706
0.769893083676761281312895168706
-0.771441971454956043209613455886
0.771441971454956043209613455886
-0.772986301575587268768561106758
0.772986301575587268768561106758
-0.774526064914795853490890332584
0.774526064914795853490890332584
-0.776061252375703109633534012459
0.776061252375703109633534012459
-0.777591854888464510313762380643
0.777591854888464510313762380643
-0.779117863410323273896674995699
0.779117863410323273896674995699
-0.780639268925663788349052947087
0.780639268925663788349052947087
-0.782156062446064875243941729615
0.782156062446064875243941729615
-0.783668235010352893101282555738
0.783668235010352893101282555738
-0.785175777684654679750859074361
0.785175777684654679750859074361
-0.786678681562450333404777517055
0.786678681562450333404777517055
-0.788176937764625832127651192774
0.788176937764625832127651192774
-0.789670537439525491393614994624
0.789670537439525491393614994624
-0.791159471763004259420252161378
0.791159471763004259420252161378
-0.792643731938479849970473946554
0.792643731938479849970473946554
-0.794123309196984712314353083401
0.794123309196984712314353083401
-0.795598194797217838043873989265
0.795598194797217838043873989265
-0.797068380025596404434526521994
0.797068380025596404434526521994
-0.798533856196307254048635778501
0.798533856196307254048635778501
-0.799994614651358210276287905659
0.799994614651358210276287905659
-0.801450646760629228510681170632
0.801450646760629228510681170632
-0.802901943921923382655702605882
0.802901943921923382655702605882
-0.804348497561017686664503397549
0.804348497561017686664503397549
-0.805790299131713750808820819169
0.805790299131713750808820819169
-0.807227340115888272379770919737
0.807227340115888272379770919737
-0.808659612023543360521814350436
0.808659612023543360521814350436
-0.81008710639285669490257765197
0.81008710639285669490257765197
-0.811509814790231517922194018658
0.811509814790231517922194018658
-0.812927728810346460166811000475
0.812927728810346460166811000475
-0.814340840076205198811897794198
0.814340840076205198811897794198
-0.815749140239185948681971703992
0.815749140239185948681971703992
-0.817152620979090785674352014223
0.817152620979090785674352014223
-0.81855127400419480225553990731
0.81855127400419480225553990731
-0.819945091051295094739815171006
0.819945091051295094739815171006
-0.821334063885759582060634266943
0.821334063885759582060634266943
-0.822718184301575655746409869591
0.822718184301575655746409869591
-0.824097444121398660813249226139
0.824097444121398660813249226139
-0.825471835196600207288227627339
0.825471835196600207288227627339
-0.826841349407316312077773911094
0.826841349407316312077773911094
-0.828205978662495370896747238712
0.828205978662495370896747238712
-0.829565714899945959974788382238
0.829565714899945959974788382238
-0.83092055008638446725753443432
0.83092055008638446725753443432
-0.832270476217482552821293193656
0.832270476217482552821293193656
-0.833615485317914438220782483238
0.833615485317914438220782483238
-0.834955569441404024490550319455
0.834955569441404024490550319455
-0.836290720670771838521704161646
0.836290720670771838521704161646
-0.837620931117981807536591427943
0.837620931117981807536591427943
-0.838946192924187861385089058161
0.838946192924187861385089058161
-0.84026649825978036238717713222
0.84026649825978036238717713222
-0.841581839324432362447490406954
0.841581839324432362447490406954
-0.842892208347145687168562109298
0.842892208347145687168562109298
-0.844197597586296846690496413629
0.844197597586296846690496413629
-0.845497999329682772985829729489
0.845497999329682772985829729489
-0.846793405894566383339366226976
0.846793405894566383339366226976
-0.848083809627721969743799924704
0.848083809627721969743799924704
-0.849369202905480413942964153355
0.849369202905480413942964153355
-0.850649578133774227855579280384
0.850649578133774227855579280384
-0.85192492774818241911340123232
0.85192492774818241911340123232
-0.853195244213975181448706574299
0.853195244213975181448706574299
-0.854460520026158409667084695753
0.854460520026158409667084695753
-0.855720747709518038942544000585
0.855720747709518038942544000585
-0.856975919818664208172976903497
0.856975919818664208172976903497
-0.858226028938075247135067885304
0.858226028938075247135067885304
-0.85947106768214148717876985291
0.85947106768214148717876985291
-0.860711028695208895202516578058
0.860711028695208895202516578058
-0.861945904651622530651383046781
0.861945904651622530651383046781
-0.863175688255769825281451132551
0.863175688255769825281451132551
-0.864400372242123685434685104296
0.864400372242123685434685104296
-0.865619949375285416569670089526
0.865619949375285416569670089526
-0.86683441245002746979461672662
0.86683441245002746979461672662
-0.868043754291336010150086852684
0.868043754291336010150086852684
-0.869247967754453306389948178069
0.869247967754453306389948178069
-0.870447045724919942010120489524
0.870447045724919942010120489524
-0.871640981118616847275731994672
0.871640981118616847275731994672
-0.872829766881807151998361965014
0.872829766881807151998361965014
-0.874013395991177858816104846613
0.874013395991177858816104846613
-0.875191861453881336730251480786
0.875191861453881336730251480786
-0.876365156307576634653445005363
0.876365156307576634653445005363
-0.877533273620470614725232383991
0.877533273620470614725232383991
-0.878696206491358905151997330406
0.878696206491358905151997330406
-0.879853948049666672329326650274
0.879853948049666672329326650274
-0.88100649145548921200592970877
0.88100649145548921200592970877
-0.882153829899632359249299841426
0.882153829899632359249299841426
-0.883295956603652716974377052389
0.883295956603652716974377052389
-0.884432864819897702797543282045
0.884432864819897702797543282045
-0.885564547831545413979354868534
0.885564547831545413979354868534
-0.886690998952644310220491568753
0.886690998952644310220491568753
-0.887812211528152714076477637675
0.887812211528152714076477637675
-0.88892817893397812875780798397
0.88892817893397812875780798397
-0.890038894577016373083191318552
0.890038894577016373083191318552
-0.891144351895190533354702484565
0.891144351895190533354702484565
-0.892244544357489731924717796104
0.892244544357489731924717796104
-0.893339465464007712225590212257
0.893339465464007712225590212257
-0.894429108745981240034105526612
0.894429108745981240034105526612
-0.895513467765828320743846453713
0.895513467765828320743846453713
-0.896592536117186232419678536866
0.896592536117186232419678536866
-0.897666307424949374409660179725
0.897666307424949374409660179725
-0.898734775345306931290768810916
0.898734775345306931290768810916
-0.899797933565780351925926220236
0.899797933565780351925926220236
-0.900855775805260643410898450281
0.900855775805260643410898450281
-0.901908295814045479690739282417
0.901908295814045479690739282417
-0.902955487373876124626541314343
0.902955487373876124626541314343
-0.903997344297974169294354881856
0.903997344297974169294354881856
-0.905033860431078083299232623325
0.905033860431078083299232623325
-0.906065029649479579888456315519
0.906065029649479579888456315519
-0.907090845861059794649102717433
0.907090845861059794649102717433
-0.908111303005325277576206538196
0.908111303005325277576206538196
-0.909126395053443798298881289698
0.909126395053443798298881289698
-0.910136116008279964252862687888
0.910136116008279964252862687888
-0.911140459904430651589044422341
0.911140459904430651589044422341
-0.912139420808260248608682515349
0.912139420808260248608682515349
-0.913132992817935711517052133138
0.913132992817935711517052133138
-0.91412117006346143228844958638
0.91412117006346143228844958638
-0.915103946706713918436542358754
0.915103946706713918436542358754
-0.916081316941476284485181324454
0.916081316941476284485181324454
-0.917053274993472554935901851981
0.917053274993472554935901851981
-0.918019815120401778529454235942
0.918019815120401778529454235942
-0.918980931611971953599818844617
0.918980931611971953599818844617
-0.919936618789933764320277512413
0.919936618789933764320277512413
-0.920886871008114127642230036764
0.920886871008114127642230036764
-0.921831682652449550728563152256
0.921831682652449550728563152256
-0.922771048141019298684499044507
0.922771048141019298684499044507
-0.923704961924078372389971326413
0.923704961924078372389971326413
-0.924633418484090296238698423498
0.924633418484090296238698423498
-0.925556412335759715590247497223
0.925556412335759715590247497223
-0.926473938026064803742506368889
0.926473938026064803742506368889
-0.927385990134289478233106386239
0.927385990134289478233106386239
-0.928292563272055426279465793824
0.928292563272055426279465793824
-0.929193652083353939168250920625
0.929193652083353939168250920625
-0.930089251244577555406181378315
0.930089251244577555406181378315
-0.930979355464551512445235464867
0.930979355464551512445235464867
-0.931863959484565006796443085095
0.931863959484565006796443085095
-0.932743058078402262347585726258
0.932743058078402262347585726258
-0.933616646052373406701256357201
0.933616646052373406701256357201
-0.934484718245345155350866547983
0.934484718245345155350866547983
-0.935347269528771303513323627782
0.935347269528771303513323627782
-0.93620429480672302543823730647
0.93620429480672302543823730647
-0.937055789015918981014652874183
0.937055789015918981014652874183
-0.937901747125755229497446857875
0.937901747125755229497446857875
-0.938742164138334950176660849074
0.938742164138334950176660849074
-0.939577035088497969814190117481
0.939577035088497969814190117481
-0.940406355043850096673385585722
0.940406355043850096673385585722
-0.941230119104792260968270756316
0.941230119104792260968270756316
-0.942048322404549461560219248134
0.942048322404549461560219248134
-0.942860960109199518731083711483
0.942860960109199518731083711483
-0.943668027417701632862913044047
0.943668027417701632862913044047
-0.944469519561924748855542019883
0.944469519561924748855542019883
-0.945265431806675726114485666561
0.945265431806675726114485666561
-0.946055759449727313942719977273
0.946055759449727313942719977273
-0.946840497821845932171080821998
0.946840497821845932171080821998
-0.947619642286819256863164221011
0.947619642286819256863164221011
-0.948393188241483610931763462392
0.948393188241483610931763462392
-0.949161131115751159505031879883
0.949161131115751159505031879883
-0.949923466372636909881714456292
0.949923466372636909881714456292
-0.950680189508285515915946778716
0.950680189508285515915946778716
-0.951431296051997886673276243738
0.951431296051997886673276243738
-0.952176781566257599200717792554
0.952176781566257599200717792554
-0.952916641646757115254814847363
0.952916641646757115254814847363
-0.953650871922423801832835521467
0.953650871922423801832835521467
-0.954379468055445755353394587473
0.954379468055445755353394587473
-0.955102425741297429333953112312
0.955102425741297429333953112312
-0.95581974070876506541381010708
0.95581974070876506541381010708
-0.956531408719971927572363997432
0.956531408719971927572363997432
-0.957237425570403339393586200787
0.957237425570403339393586200787
-0.957937787088931524228814605688
0.957937787088931524228814605688
-0.958632489137840248111141292994
0.958632489137840248111141292994
-0.95932152761284926527583642657
0.95932152761284926527583642657
-0.960004898443138566142418882519
0.960004898443138566142418882519
-0.960682597591372427615153892348
0.960682597591372427615153892348
-0.961354621053723265559928760296
0.961354621053723265559928760296
-0.962020964859895289316629593912
0.962020964859895289316629593912
-0.962681625073147958107314978067
0.962681625073147958107314978067
-0.963336597790319239201656646492
0.963336597790319239201656646492
-0.963985879141848667702292485421
0.963985879141848667702292485421
-0.964629465291800207813913668218
0.964629465291800207813913668218
-0.965267352437884915461085398565
0.965267352437884915461085398565
-0.965899536811483402120979668275
0.965899536811483402120979668275
-0.966526014677668099738378653649
0.966526014677668099738378653649
-0.967146782335225326591488926771
0.967146782335225326591488926771
-0.967761836116677153978289596378
0.967761836116677153978289596378
-0.968371172388303073594321874774
0.968371172388303073594321874774
-0.968974787550161465474013458193
0.968974787550161465474013458193
-0.969572678036110866368818582089
0.969572678036110866368818582089
-0.970164840313831038436643753841
0.970164840313831038436643753841
-0.970751270884843838118220067952
0.970751270884843838118220067952
-0.971331966284533885077275780133
0.971331966284533885077275780133
-0.971906923082169031082557577922
0.971906923082169031082557577922
-0.972476137880920628710945873813
0.972476137880920628710945873813
-0.97303960731788359975210861756
0.97303960731788359975210861756
-0.973597328064096303196339753407
0.973597328064096303196339753407
-0.974149296824560202688432734877
0.974149296824560202688432734877
-0.974695510338259333331646680878
0.974695510338259333331646680878
-0.975235965378179567727033069169
0.975235965378179567727033069169
-0.975770658751327681134604608887
0.975770658751327681134604608887
-0.976299587298750215644045445057
0.976299587298750215644045445057
-0.976822747895552143243883503358
0.976822747895552143243883503358
-0.977340137450915327679272014185
0.977340137450915327679272014185
-0.977851752908116784989758553754
0.977851752908116784989758553754
-0.9783575912445467426196568692
0.9783575912445467426196568692
-0.978857649471726496994879958226
0.978857649471726496994879958226
-0.979351924635326069461343089304
0.979351924635326069461343089304
-0.979840413815181660481303521991
0.979840413815181660481303521991
-0.98032311412531290198527059061
0.98032311412531290198527059061
-0.980800022713939907778396666892
0.980800022713939907778396666892
-0.981271136763500121901547607024
0.981271136763500121901547607024
-0.9817364534906649648485521033
0.9817364534906649648485521033
-0.982195970146356277542444619899
0.982195970146356277542444619899
-0.982649684015762562974848287244
0.982649684015762562974848287244
-0.983097592418355025413994569741
0.983097592418355025413994569741
-0.983539692707903407088248391282
0.983539692707903407088248391282
-0.983975982272491622253403826432
0.983975982272491622253403826432
-0.984406458534533188553440087098
0.984406458534533188553440087098
-0.984831118950786455585884614018
0.984831118950786455585884614018
-0.985249961012369630584424607187
0.985249961012369630584424607187
-0.985662982244775601132946152102
0.985662982244775601132946152102
-0.986070180207886554826768101964
0.986070180207886554826768101964
-0.986471552495988395798484171014
0.986471552495988395798484171014
-0.986867096737784958027540861902
0.986867096737784958027540861902
-0.987256810596412015354472233811
0.987256810596412015354472233811
-0.987640691769451088122598580023
0.987640691769451088122598580023
-0.988018737988943046371990839749
0.988018737988943046371990839749
-0.988390947021401509512625122429
0.988390947021401509512625122429
-0.988757316667826042405924917981
0.988757316667826042405924917981
-0.989117844763715147786339797073
0.989117844763715147786339797073
-0.989472529179079054957271610399
0.989472529179079054957271610399
-0.989821367818452304698572097143
0.989821367818452304698572097143
-0.990164358620906130326047453619
0.990164358620906130326047453619
-0.990501499560060634846974080617
0.990501499560060634846974080617
-0.990832788644096764159626360866
0.990832788644096764159626360866
-0.991158223915768076249328536083
0.991158223915768076249328536083
-0.991477803452412306338674682113
0.991477803452412306338674682113
-0.991791525365962727955443901465
0.991791525365962727955443901465
-0.992099387802959309888533173012
0.992099387802959309888533173012
-0.992401388944559669010137243929
0.992401388944559669010137243929
-0.992697527006549818951671492102
0.992697527006549818951671492102
-0.992987800239354714631869415994
0.992987800239354714631869415994
-0.993272206928048592648479460008
0.993272206928048592648479460008
-0.993550745392365107560524996386
0.993550745392365107560524996386
-0.993823413986707264106794671606
0.993823413986707264106794671606
-0.994090211100157145428883661636
0.994090211100157145428883661636
-0.994351135156485437394713077735
0.994351135156485437394713077735
-0.994606184614160749152302878515
0.994606184614160749152302878515
-0.994855357966358730085325456971
0.994855357966358730085325456971
-0.995098653740970983393779787131
0.995098653740970983393779787131
-0.995336070500613776587815435403
0.995336070500613776587815435403
-0.995567606842636549263999749463
0.995567606842636549263999749463
-0.995793261399130218636047426223
0.995793261399130218636047426223
-0.99601303283693528342272193735
0.99601303283693528342272193735
-0.996226919857649726862985263684
0.996226919857649726862985263684
-0.996434921197636719844275297316
0.996434921197636719844275297316
-0.996637035628032125410024123804
0.996637035628032125410024123804
-0.996833261954751806279129727816
0.996833261954751806279129727816
-0.997023599018498737493397693502
0.997023599018498737493397693502
-0.997208045694769926951325241833
0.997208045694769926951325241833
-0.997386600893863147447685322964
0.997386600893863147447685322964
-0.997559263560883485003145379024
0.997559263560883485003145379024
-0.99772603267574970985889636696
0.99772603267574970985889636696
-0.997886907253200478705975278865
0.997886907253200478705975278865
-0.998041886342800379779967029148
0.998041886342800379779967029148
-0.998190969028945836770764366681
0.998190969028945836770764366681
-0.99833415443087089366715993019
0.99833415443087089366715993019
-0.998471441702652911588955361678
0.998471441702652911588955361678
-0.998602830033218221779322333322
0.998602830033218221779322333322
-0.998728318646347798501707986383
0.998728318646347798501707986383
-0.998847906800683045277248735038
0.998847906800683045277248735038
-0.998961593789731833777542601362
0.998961593789731833777542601362
-0.999069378941875007014883969901
0.999069378941875007014883969901
-0.999171261620373675033420599952
0.999171261620373675033420599952
-0.999267241223377823772169550714
0.999267241223377823772169550714
-0.999357317183937084254071671069
0.999357317183937084254071671069
-0.999441488970015079969748259476
0.999441488970015079969748259476
-0.999519756084509802229675550582
0.999519756084509802229675550582
-0.999592118065284401715446023054
0.999592118065284401715446023054
-0.999658574485216588290199440552
0.999658574485216588290199440552
-0.999719124952282680635178746735
0.999719124952282680635178746735
-0.999773769109709525538368919947
0.999773769109709525538368919947
-0.999822506636267809440749424319
0.999822506636267809440749424319
-0.999865337246883114336614081381
0.999865337246883114336614081381
-0.999902260694032005005682519669
0.999902260694032005005682519669
-0.999933276771328927880350890107
0.999933276771328927880350890107
-0.999958385324309221730068473484
0.999958385324309221730068473484
-0.999977586291001821658478920028
0.999977586291001821658478920028
-0.999990879919635487333367623293
0.999990879919635487333367623293
-0.999998269084322634262920566544
0.999998269084322634262920566544