-0.00440614221384701
0.00440614221384701
-0.01321808447591596
0.01321808447591596
-0.02202900026768106
0.02202900026768106
-0.03083820536417568
0.03083820536417568
-0.03964501567327976
0.03964501567327976
-0.0484487472888441
0.0484487472888441
-0.05724871654380009
0.05724871654380009
-0.06604424006325092
0.06604424006325092
-0.07483463481754005
0.07483463481754005
-0.08361921817529298
0.08361921817529298
-0.09239730795642797
0.09239730795642797
-0.1011682224851318
0.1011682224851318
-0.1099312806427962
0.1099312806427962
-0.1186858019209113
0.1186858019209113
-0.1274311064739117
0.1274311064739117
-0.1361665151719704
0.1361665151719704
-0.1448913496537382
0.1448913496537382
-0.1536049323790223
0.1536049323790223
-0.1623065866814025
0.1623065866814025
-0.1709956368207779
0.1709956368207779
-0.1796714080358431
0.1796714080358431
-0.1883332265964876
0.1883332265964876
-0.1969804198561152
0.1969804198561152
-0.2056123163038797
0.2056123163038797
-0.2142282456168318
0.2142282456168318
-0.2228275387119742
0.2228275387119742
-0.2314095277982203
0.2314095277982203
-0.2399735464282522
0.2399735464282522
-0.2485189295502753
0.2485189295502753
-0.257045013559663
0.257045013559663
-0.2655511363504908
0.2655511363504908
-0.2740366373669527
0.2740366373669527
-0.2825008576546576
0.2825008576546576
-0.2909431399118016
0.2909431399118016
-0.2993628285402116
0.2993628285402116
-0.307759269696257
0.307759269696257
-0.3161318113416247
0.3161318113416247
-0.3244798032939541
0.3244798032939541
-0.3328025972773281
0.3328025972773281
-0.341099546972616
0.341099546972616
-0.3493700080676643
0.3493700080676643
-0.3576133383073316
0.3576133383073316
-0.3658288975433642
0.3658288975433642
-0.3740160477841074
0.3740160477841074
-0.3821741532440502
0.3821741532440502
-0.3903025803931977
0.3903025803931977
-0.3984006980062692
0.3984006980062692
-0.4064678772117164
0.4064678772117164
-0.4145034915405602
0.4145034915405602
-0.4225069169750395
0.4225069169750395
-0.4304775319970702
0.4304775319970702
-0.4384147176365105
0.4384147176365105
-0.4463178575192278
0.4463178575192278
-0.4541863379149639
0.4541863379149639
-0.4620195477849957
0.4620195477849957
-0.4698168788295858
0.4698168788295858
-0.4775777255352212
0.4775777255352212
-0.4853014852216354
0.4853014852216354
-0.4929875580886102
0.4929875580886102
-0.5006353472625544
0.5006353472625544
-0.5082442588428548
0.5082442588428548
-0.5158137019479963
0.5158137019479963
-0.523343088761448
0.523343088761448
-0.5308318345773105
0.5308318345773105
-0.5382793578457227
0.5382793578457227
-0.5456850802180226
0.5456850802180226
-0.5530484265916598
0.5530484265916598
-0.5603688251548562
0.5603688251548562
-0.5676457074310106
0.5676457074310106
-0.5748785083228448
0.5748785083228448
-0.5820666661562871
0.5820666661562871
-0.58920962272409
0.58920962272409
-0.5963068233291782
0.5963068233291782
-0.6033577168277251
0.6033577168277251
-0.6103617556719521
0.6103617556719521
-0.6173183959526498
0.6173183959526498
-0.6242270974414156
0.6242270974414156
-0.6310873236326062
0.6310873236326062
-0.6378985417850008
0.6378985417850008
-0.6446602229631717
0.6446602229631717
-0.6513718420785598
0.6513718420785598
-0.6580328779302511
0.6580328779302511
-0.6646428132454513
0.6646428132454513
-0.6712011347196553
0.6712011347196553
-0.677707333056509
0.677707333056509
-0.6841609030073589
0.6841609030073589
-0.6905613434104884
0.6905613434104884
-0.6969081572300364
0.6969081572300364
-0.7032008515945946
0.7032008515945946
-0.7094389378354833
0.7094389378354833
-0.7156219315246985
0.7156219315246985
-0.7217493525125319
0.7217493525125319
-0.727820724964857
0.727820724964857
-0.7338355774000811
0.7338355774000811
-0.7397934427257587
0.7397934427257587
-0.7456938582748644
0.7456938582748644
-0.7515363658417218
0.7515363658417218
-0.7573205117175864
0.7573205117175864
-0.763045846725879
0.763045846725879
-0.768711926257067
0.768711926257067
-0.7743183103031914
0.7743183103031914
-0.7798645634920364
0.7798645634920364
-0.7853502551209384
0.7853502551209384
-0.7907749591902335
0.7907749591902335
-0.7961382544363386
0.7961382544363386
-0.8014397243644657
0.8014397243644657
-0.8066789572809652
0.8066789572809652
-0.8118555463252966
0.8118555463252966
-0.8169690895016239
0.8169690895016239
-0.8220191897100332
0.8220191897100332
-0.8270054547773702
0.8270054547773702
-0.8319274974876948
0.8319274974876948
-0.8367849356123511
0.8367849356123511
-0.8415773919396501
0.8415773919396501
-0.846304494304162
0.846304494304162
-0.8509658756156182
0.8509658756156182
-0.8555611738874175
0.8555611738874175
-0.8600900322647371
0.8600900322647371
-0.8645520990522448
0.8645520990522448
-0.86894702774141
0.86894702774141
-0.8732744770374128
0.8732744770374128
-0.8775341108856475
0.8775341108856475
-0.8817255984978197
0.8817255984978197
-0.885848614377634
0.885848614377634
-0.889902838346071
0.889902838346071
-0.8938879555662511
0.8938879555662511
-0.8978036565678841
0.8978036565678841
-0.9016496372713012
0.9016496372713012
-0.9054255990110691
0.9054255990110691
-0.9091312485591832
0.9091312485591832
-0.9127662981478386
0.9127662981478386
-0.9163304654917776
0.9163304654917776
-0.9198234738102106
0.9198234738102106
-0.9232450518483104
0.9232450518483104
-0.9265949338982767
0.9265949338982767
-0.9298728598199702
0.9298728598199702
-0.9330785750611146
0.9330785750611146
-0.9362118306770641
0.9362118306770641
-0.9392723833501355
0.9392723833501355
-0.9422599954085043
0.9422599954085043
-0.9451744348446612
0.9451744348446612
-0.9480154753334294
0.9480154753334294
-0.9507828962495405
0.9507828962495405
-0.9534764826847682
0.9534764826847682
-0.9560960254646175
0.9560960254646175
-0.9586413211645693
0.9586413211645693
-0.9611121721258783
0.9611121721258783
-0.9635083864709235
0.9635083864709235
-0.9658297781181097
0.9658297781181097
-0.96807616679632
0.96807616679632
-0.9702473780589159
0.9702473780589159
-0.9723432432972874
0.9723432432972874
-0.9743635997539491
0.9743635997539491
-0.9763082905351832
0.9763082905351832
-0.9781771646232284
0.9781771646232284
-0.9799700768880136
0.9799700768880136
-0.9816868880984374
0.9816868880984374
-0.9833274649331912
0.9833274649331912
-0.9848916799911287
0.9848916799911287
-0.9863794118011813
0.9863794118011813
-0.9877905448318214
0.9877905448318214
-0.9891249695000784
0.9891249695000784
-0.9903825821801118
0.9903825821801118
-0.9915632852113539
0.9915632852113539
-0.9926669869062379
0.9926669869062379
-0.9936936015575447
0.9936936015575447
-0.9946430494454256
0.9946430494454256
-0.9955152568442057
0.9955152568442057
-0.9963101560291822
0.9963101560291822
-0.9970276852838499
0.9970276852838499
-0.9976677889085229
0.9976677889085229
-0.9982304172326687
0.9982304172326687
-0.9987155266370963
0.9987155266370963
-0.9991230796044783
0.9991230796044783
-0.9994530448639954
0.9994530448639954
-0.9997053979270875
0.9997053979270875
-0.9998801239510632
0.9998801239510632
-0.9999772481790147
0.9999772481790147