0.00239724545453762059065491362355
0.00239724545453762059065491362355
0.00239723167806635643245905607882
0.00239723167806635643245905607882
0.00239720412520299863243364323232
0.00239720412520299863243364323232
0.00239716279610588776833478077815
0.00239716279610588776833478077815
0.00239710769101253356935799493335
0.00239710769101253356935799493335
0.00239703881023961355121919466881
0.00239703881023961355121919466881
0.0023969561541829711962748230055
0.0023969561541829711962748230055
0.00239685972331761367869165584702
0.00239685972331761367869165584702
0.00239674951819770913467932132482
0.00239674951819770913467932132482
0.00239662553945658347780122706231
0.00239662553945658347780122706231
0.00239648778780671675938219710383
0.00239648778780671675938219710383
0.00239633626403973907403373448942
0.00239633626403973907403373448942
0.00239617096902642601032043957023
0.00239617096902642601032043957023
0.00239599190371669364659372813921
0.00239599190371669364659372813921
0.00239579906913959309202160728022
0.00239579906913959309202160728022
0.00239559246640330457284588050276
0.00239559246640330457284588050276
0.00239537209669513106390076721267
0.00239537209669513106390076721267
0.00239513796128149146542953485758
0.00239513796128149146542953485758
0.00239489006150791332523835516322
0.00239489006150791332523835516322
0.00239462839879902510622920872981
0.00239462839879902510622920872981
0.00239435297465854799935627486912
0.00239435297465854799935627486912
0.00239406379066928728205285592015
0.00239406379066928728205285592015
0.00239376084849312322217849736733
0.00239376084849312322217849736733
0.0023934441498710015275385768863
0.0023934441498710015275385768863
0.00239311369662292334103124694273
0.00239311369662292334103124694273
0.00239276949064793478147922675498
0.00239276949064793478147922675498
0.00239241153392411603020655028592
0.00239241153392411603020655028592
0.00239203982850856996342298743872
0.00239203982850856996342298743872
0.0023916543765374103304814657801
0.0023916543765374103304814657801
0.00239125518022574947807642988823
0.00239125518022574947807642988823
0.00239084224186768562045368480532
0.00239084224186768562045368480532
0.00239041556383628965570487905261
0.00239041556383628965570487905261
0.0023899751485835915282223912228
0.0023899751485835915282223912228
0.00238952099864056613739299228659
0.00238952099864056613739299228659
0.00238905311661711879261126342157
0.00238905311661711879261126342157
0.00238857150520207021469635637769
0.00238857150520207021469635637769
0.00238807616716314108379829011926
0.00238807616716314108379829011926
0.00238756710534693613388258371382
0.00238756710534693613388258371382
0.00238704432267892779388463115809
0.00238704432267892779388463115809
0.00238650782216343937562782902626
0.00238650782216343937562782902626
0.00238595760688362780860207248014
0.00238595760688362780860207248014
0.00238539368000146592170183928
0.00238539368000146592170183928
0.00238481604475772427202568496406
0.00238481604475772427202568496406
0.00238422470447195252084157530845
0.00238422470447195252084157530845
0.00238361966254246035682508452335
0.00238361966254246035682508452335
0.0023830009224462979666800893695
0.0023830009224462979666800893695
0.00238236848773923605325419047837
0.00238236848773923605325419047837
0.0023817223620557454012636926126
0.0023817223620557454012636926126
0.00238106254910897599074557539746
0.00238106254910897599074557539746
0.00238038905269073565835648517289
0.00238038905269073565835648517289
0.00237970187667146830664137704486
0.00237970187667146830664137704486
0.0023790010250002316613970339393
0.0023790010250002316613970339393
0.00237828650170467457725828646667
0.00237828650170467457725828646667
0.00237755831089101389163735367525
0.00237755831089101389163735367525
0.00237681645674401082714932029239
0.00237681645674401082714932029239
0.00237606094352694694265936080872
0.00237606094352694694265936080872
0.00237529177558159963308991473779
0.00237529177558159963308991473779
0.00237450895732821717812861056611
0.00237450895732821717812861056611
0.0023737124932654933399803282822
0.0023737124932654933399803282822
0.00237290238797054151030938192302
0.00237290238797054151030938192302
0.00237207864609886840652039428649
0.00237207864609886840652039428649
0.00237124127238434731752902581611
0.00237124127238434731752902581611
0.00237039027163919089917630865143
0.00237039027163919089917630865143
0.00236952564875392351944292494289
0.00236952564875392351944292494289
0.00236864740869735315362235573577
0.00236864740869735315362235573577
0.0023677555565165428296144130206
0.0023677555565165428296144130206
0.0023668500973367816235032529122
0.0023668500973367816235032529122
0.00236593103636155520558655234096
0.00236593103636155520558655234096
0.00236499837887251593702511510391
0.00236499837887251593702511510391
0.00236405213022945251728475561374
0.00236405213022945251728475561374
0.00236309229587025918254489018787
0.00236309229587025918254489018787
0.00236211888131090445525084621998
0.00236211888131090445525084621998
0.00236113189214539944498947906087
0.00236113189214539944498947906087
0.00236013133404576570087026488658
0.00236013133404576570087026488658
0.00235911721276200261559661523692
0.00235911721276200261559661523692
0.00235808953412205438141473525047
0.00235808953412205438141473525047
0.0023570483040317764981299228888
0.0023570483040317764981299228888
0.0023559935284749018333827806178
0.0023559935284749018333827806178
0.0023549252135130062353803840835
0.0023549252135130062353803840835
0.00235384336528547369828002426781
0.00235384336528547369828002426781
0.00235274799000946108042571042244
0.00235274799000946108042571042244
0.00235163909397986237564019074146
0.00235163909397986237564019074146
0.00235051668356927253777781622994
0.00235051668356927253777781622994
0.00234938076522795085874614054329
0.00234938076522795085874614054329
0.00234823134548378390020671469413
0.00234823134548378390020671469413
0.00234706843094224797916810043649
0.00234706843094224797916810043649
0.00234589202828637120768668982591
0.00234589202828637120768668982591
0.00234470214427669508689348090357
0.00234470214427669508689348090357
0.00234349878575123565556752064872
0.00234349878575123565556752064872
0.00234228195962544419347928627164
0.00234228195962544419347928627164
0.00234105167289216747972983456351
0.00234105167289216747972983456351
0.00233980793262160760631410636686
0.00233980793262160760631410636686
0.00233855074596128134713932926414
0.00233855074596128134713932926414
0.00233728012013597908273201628965
0.00233728012013597908273201628965
0.00233599606244772328086961183469
0.00233599606244772328086961183469
0.00233469858027572653337538792512
0.00233469858027572653337538792512
0.00233338768107634914931774468765
0.00233338768107634914931774468765
0.00233206337238305630485761807321
0.00233206337238305630485761807321
0.00233072566180637474999024575649
0.00233072566180637474999024575649
0.00232937455703384907243008856718
0.00232937455703384907243008856718
0.00232801006582999751889024981447
0.00232801006582999751889024981447
0.00232663219603626737401027842807
0.00232663219603626737401027842807
0.00232524095557098989718878394214
0.00232524095557098989718878394214
0.00232383635242933481757983197722
0.00232383635242933481757983197722
0.00232241839468326438751462801668
0.00232241839468326438751462801668
0.00232098709048148699461253491176
0.00232098709048148699461253491176
0.00231954244804941033284800567031
0.00231954244804941033284800567031
0.00231808447568909413284254767295
0.00231808447568909413284254767295
0.0023166131817792024516533675023
0.0023166131817792024516533675023
0.0023151285747749555223328770522
0.0023151285747749555223328770522
0.00231363066320808116353577148905
0.00231363066320808116353577148905
0.00231211945568676574945291795247
0.00231211945568676574945291795247
0.00231059496089560474035382059329
0.00231059496089560474035382059329
0.00230905718759555277402195263741
0.00230905718759555277402195263741
0.00230750614462387331836976962224
0.00230750614462387331836976962224
0.00230594184089408788552273976095
0.00230594184089408788552273976095
0.00230436428539592480766424753656
0.00230436428539592480766424753656
0.00230277348719526757493574509694
0.00230277348719526757493574509694
0.00230116945543410273568904279921
0.00230116945543410273568904279921
0.00229955219933046735939014532335
0.00229955219933046735939014532335
0.00229792172817839606247655312563
0.00229792172817839606247655312563
0.00229627805134786759747246061772
0.00229627805134786759747246061772
0.00229462117828475100566879232391
0.00229462117828475100566879232391
0.00229295111851075133367752637049
0.00229295111851075133367752637049
0.00229126788162335491417226098564
0.00229126788162335491417226098564
0.00228957147729577421112948421901
0.00228957147729577421112948421901
0.00228786191527689222988750981404
0.00228786191527689222988750981404
0.00228613920539120649234254306876
0.00228613920539120649234254306876
0.00228440335753877257760383958709
0.00228440335753877257760383958709
0.002282654381695147228432417039
0.002282654381695147228432417039
0.00228089228791133102379027539966
0.00228089228791133102379027539966
0.00227911708631371061782957461032
0.00227911708631371061782957461032
0.00227732878710400054565371018307
0.00227732878710400054565371018307
0.00227552740055918459618471694378
0.00227552740055918459618471694378
0.00227371293703145675247391885694
0.00227371293703145675247391885694
0.00227188540694816169979522869058
0.00227188540694816169979522869058
0.00227004482081173490186298514196
0.00227004482081173490186298514196
0.002268191189199642245518696944
0.002268191189199642245518696944
0.00226632452276431925423354339126
0.00226632452276431925423354339126
0.00226444483223310987077595865098
0.00226444483223310987077595865098
0.00226255212840820480939610314315
0.00226255212840820480939610314315
0.0022606464221665794778814991707
0.0022606464221665794778814991707
0.00225872772445993146984057984184
0.00225872772445993146984057984184
0.0022567960463146176275733701374
0.0022567960463146176275733701374
0.00225485139883159067589098672272
0.00225485139883159067589098672272
0.00225289379318633542724810877136
0.00225289379318633542724810877136
0.00225092324062880455855503564339
0.00225092324062880455855503564339
0.00224893975248335396003840872915
0.00224893975248335396003840872915
0.00224694334014867765652213411709
0.00224694334014867765652213411709
0.00224493401509774230150249995623
0.00224493401509774230150249995623
0.00224291178887772124439393744694
0.00224291178887772124439393744694
0.00224087667310992817132432729333
0.00224087667310992817132432729333
0.00223882867948975031986120417257
0.00223882867948975031986120417257
0.00223676781978658126805266030716
0.00223676781978658126805266030716
0.00223469410584375329816919555111
0.00223469410584375329816919555111
0.0022326075495784693355352055062
0.0022326075495784693355352055062
0.00223050816298173446284124105603
0.00223050816298173446284124105603
0.00222839595811828701033061232951
0.00222839595811828701033061232951
0.00222627094712652922225634746729
0.00222627094712652922225634746729
0.00222413314221845750000695165078
0.00222413314221845750000695165078
0.00222198255567959222230184465017
0.00222198255567959222230184465017
0.00221981919986890714285978564006
0.00221981919986890714285978564006
0.00221764308721875836594602220675
0.00221764308721875836594602220675
0.00221545423023481290020632631395
0.00221545423023481290020632631395
0.00221325264149597679119850349192
0.00221325264149597679119850349192
0.00221103833365432283303438265249
0.00221103833365432283303438265249
0.0022088113194350178595477126975
0.0022088113194350178595477126975
0.00220657161163624961540580846523
0.00220657161163624961540580846523
0.00220431922312915320758520253534
0.00220431922312915320758520253534
0.00220205416685773713763397097385
0.00220205416685773713763397097385
0.00219977645583880891514581023142
0.00219977645583880891514581023142
0.00219748610316190025287334909736
0.00219748610316190025287334909736
0.00219518312198919184391058384411
0.00219518312198919184391058384411
0.00219286752555543772137672645876
0.00219286752555543772137672645876
0.00219053932716788920103615513614
0.00219053932716788920103615513614
0.00218819854020621840729155298707
0.00218819854020621840729155298707
0.00218584517812244138298971518359
0.00218584517812244138298971518359
0.00218347925444084078348189650468
0.00218347925444084078348189650468
0.00218110078275788815538296044917
0.00218110078275788815538296044917
0.00217870977674216580047597773179
0.00217870977674216580047597773179
0.00217630625013428822521130606166
0.00217630625013428822521130606166
0.00217389021674682317625156460464
0.00217389021674682317625156460464
0.00217146169046421226251629543928
0.00217146169046421226251629543928
0.00216902068524269116418248061661
0.00216902068524269116418248061661
0.00216656721511020942909945711271
0.00216656721511020942909945711271
0.0021641012941663498570791430069
0.0021641012941663498570791430069
0.00216162293658224747252485661331
0.00216162293658224747252485661331
0.00215913215660050808586437602609
0.00215913215660050808586437602609
0.00215662896853512644425524959532
0.00215662896853512644425524959532
0.00215411338677140397203272821753
0.00215411338677140397203272821753
0.00215158542576586610137304798877
0.00215158542576586610137304798877
0.00214904510004617919364714671553
0.00214904510004617919364714671553
0.00214649242421106705194224999555
0.00214649242421106705194224999555
0.0021439274129302270252311120543
0.0021439274129302270252311120543
0.00214135008094424570467104323868
0.00214135008094424570467104323868
0.00213876044306451421251720001511
0.00213876044306451421251720001511
0.00213615851417314308413695448023
0.00213615851417314308413695448023
0.00213354430922287674361449875617
0.00213354430922287674361449875617
0.00213091784323700757343717519474
0.00213091784323700757343717519474
0.00212827913130928957875735604294
0.00212827913130928957875735604294
0.0021256281886038516467260261124
0.0021256281886038516467260261124
0.00212296503035511040139654903403
0.00212296503035511040139654903403
0.00212028967186768265469942185341
0.00212028967186768265469942185341
0.00211760212851629745399114401863
0.00211760212851629745399114401863
0.00211490241574570772668264521705
0.00211490241574570772668264521705
0.00211219054907060152245503201746
0.00211219054907060152245503201746
0.00210946654407551285357272585641
0.00210946654407551285357272585641
0.00210673041641473213380637455826
0.00210673041641473213380637455826
0.00210398218181221621648022628459
0.00210398218181221621648022628459
0.00210122185606149803216095855752
0.00210122185606149803216095855752
0.0020984494550255958265072557784
0.0020984494550255958265072557784
0.00209566499463692199880172645699
0.00209566499463692199880172645699
0.00209286849089719154168904616155
0.00209286849089719154168904616155
0.00209005995987733008264650398556
0.00209005995987733008264650398556
0.00208723941771738152771541908776
0.00208723941771738152771541908776
0.00208440688062641530802417958671
0.00208440688062641530802417958671
0.00208156236488243322963593876481
0.00208156236488243322963593876481
0.0020787058868322759272562831479
0.0020787058868322759272562831479
0.0020758374628915289223384635608
0.0020758374628915289223384635608
0.00207295710954442828612605370451
0.00207295710954442828612605370451
0.0020700648433437659081751711432
0.0020700648433437659081751711432
0.00206716068091079437090066281626
0.00206716068091079437090066281626
0.00206424463893513143069292128923
0.00206424463893513143069292128923
0.00206131673417466410615425891441
0.00206131673417466410615425891441
0.00205837698345545237400602487405
0.00205837698345545237400602487405
0.00205542540367163247321990471439
0.00205542540367163247321990471439
0.00205246201178531981792909343252
0.00205246201178531981792909343252
0.00204948682482651151967728143945
0.00204948682482651151967728143945
0.00204649985989298851956563777698
0.00204649985989298851956563777698
0.0020435011341502173308602168015
0.0020435011341502173308602168015
0.00204049066483125139262445315077
0.00204049066483125139262445315077
0.00203746846923663203494364516793
0.00203746846923663203494364516793
0.00203443456473428905631055905747
0.00203443456473428905631055905747
0.00203138896875944091374351487716
0.00203138896875944091374351487716
0.00202833169881449452621054101618
0.00202833169881449452621054101618
0.00202526277246894469193540605981
0.00202526277246894469193540605981
0.00202218220735927312016355588127
0.00202218220735927312016355588127
0.00201909002118884707796819942079
0.00201909002118884707796819942079
0.00201598623172781765267899889615
0.00201598623172781765267899889615
0.00201287085681301763051802912627
0.00201287085681301763051802912627
0.00200974391434785899202987622663
0.00200974391434785899202987622663
0.00200660542230223002489494814001
0.00200660542230223002489494814001
0.00200345539871239205471726828525
0.00200345539871239205471726828525
0.0020002938616808757943802190286
0.0020002938616808757943802190286
0.00199712082937637731256589369254
0.00199712082937637731256589369254
0.00199393632003365362203590440558
0.00199393632003365362203590440558
0.00199074035195341788827367824785
0.00199074035195341788827367824785
0.00198753294350223425909045585185
0.00198753294350223425909045585185
0.00198431411311241231579938486042
0.00198431411311241231579938486042
0.00198108387928190114656427541393
0.00198108387928190114656427541393
0.00197784226057418304253175612251
0.00197784226057418304253175612251
0.0019745892756181668173577367651
0.0019745892756181668173577367651
0.00197132494310808075074124823171
0.00197132494310808075074124823171
0.00196804928180336515658089097718
0.00196804928180336515658089097718
0.00196476231052856457637128047114
0.00196476231052856457637128047114
0.00196146404817321959845903179641
0.00196146404817321959845903179641
0.00195815451369175830377997565669
0.00195815451369175830377997565669
0.00195483372610338733870144458872
0.00195483372610338733870144458872
0.00195150170449198261559561112456
0.00195150170449198261559561112456
0.00194815846800597964177199900214
0.00194815846800597964177199900214
0.00194480403585826347739942426514
0.00194480403585826347739942426514
0.00194143842732605832304975521433
0.00194143842732605832304975521433
0.0019380616617508167374980086593
0.0019380616617508167374980086593
0.00193467375853810848641542475999
0.00193467375853810848641542475999
0.00193127473715750902259428392895
0.00193127473715750902259428392895
0.00192786461714248759834534677652
0.00192786461714248759834534677652
0.00192444341809029501071091190873
0.00192444341809029501071091190873
0.00192101115966185098013859652076
0.00192101115966185098013859652076
0.001917567861581631163263051154
0.001917567861581631163263051154
0.0019141135436375538004449226914
0.0019141135436375538004449226914
0.00191064822568086599871847863978
0.00191064822568086599871847863978
0.00190717192762602965080140097964
0.00190717192762602965080140097964
0.00190368466945060699082234933807
0.00190368466945060699082234933807
0.00190018647119514578742398094864
0.00190018647119514578742398094864
0.00189667735296306417490119879057
0.00189667735296306417490119879057
0.00189315733492053512303647943628
0.00189315733492053512303647943628
0.00188962643729637054629620846987
0.00188962643729637054629620846987
0.00188608468038190505305402385702
0.00188608468038190505305402385702
0.00188253208453087933550923633733
0.00188253208453087933550923633733
0.00187896867015932320097046076165
0.00187896867015932320097046076165
0.00187539445774543824517665329695
0.00187539445774543824517665329695
0.00187180946782948016832980655881
0.00187180946782948016832980655881
0.00186821372101364073451560799422
0.00186821372101364073451560799422
0.00186460723796192937519041621292
0.00186460723796192937519041621292
0.00186099003940005443741495544388
0.00186099003940005443741495544388
0.0018573621461153040775171698603
0.0018573621461153040775171698603
0.00185372357895642680086871716285
0.00185372357895642680086871716285
0.00185007435883351164846161452273
0.00185007435883351164846161452273
0.00184641450671786803097357975307
0.00184641450671786803097357975307
0.0018427440436419052110126363875
0.0018427440436419052110126363875
0.00183906299069901143423357318612
0.00183906299069901143423357318612
0.00183537136904343271002086645042
0.00183537136904343271002086645042
0.00183166919989015124243468739857
0.00183166919989015124243468739857
0.00182795650451476351211862671867
0.00182795650451476351211862671867
0.0018242333042533580098697742691
0.0018242333042533580098697742691
0.00182049962050239262257379372031
0.00182049962050239262257379372031
0.00181675547471857167220962971938
0.00181675547471857167220962971938
0.00181300088841872260863047889666
0.00181300088841872260863047889666
0.00180923588317967235682964571079
0.00180923588317967235682964571079
0.00180546048063812331940188973317
0.00180546048063812331940188973317
0.00180167470249052903491285249385
0.00180167470249052903491285249385
0.0017978785704929694928911294371
0.0017978785704929694928911294371
0.00179407210646102610615952585424
0.00179407210646102610615952585424
0.0017902553322696563412240048634
0.0017902553322696563412240048634
0.00178642826985306800744080057841
0.00178642826985306800744080057841
0.00178259094120459320568413054155
0.00178259094120459320568413054155
0.00177874336837656193723889827574
0.00177874336837656193723889827574
0.00177488557348017537364472942932
0.00177488557348017537364472942932
0.00177101757868537878821963343081
0.00177101757868537878821963343081
0.0017671394062207341499935268291
0.0017671394062207341499935268291
0.00176325107837329238078379455692
0.00176325107837329238078379455692
0.00175935261748846527614700120965
0.00175935261748846527614700120965
0.00175544404596989709094279606719
0.00175544404596989709094279606719
0.00175152538627933579024798299282
0.00175152538627933579024798299282
0.00174759666093650396636064950741
0.00174759666093650396636064950741
0.00174365789251896942263616825077
0.00174365789251896942263616825077
0.00173970910366201542489879869183
0.00173970910366201542489879869183
0.0017357503170585106211745273252
0.0017357503170585106211745273252
0.00173178155545877863049269068299
0.00173178155545877863049269068299
0.00172780284167046730150582728581
0.00172780284167046730150582728581
0.00172381419855841764167910214515
0.00172381419855841764167910214515
0.00171981564904453241780254060016
0.00171981564904453241780254060016
0.0017158072161076444285811971134
0.0017158072161076444285811971134
0.00171178892278338445006026915321
0.00171178892278338445006026915321
0.00170776079216404885464404644203
0.00170776079216404885464404644203
0.00170372284739846690446946164145
0.00170372284739846690446946164145
0.00169967511169186771989687996392
0.00169967511169186771989687996392
0.00169561760830574692388263223765
0.00169561760830574692388263223765
0.00169155036055773296299965859447
0.00169155036055773296299965859447
0.00168747339182145310587448818989
0.00168747339182145310587448818989
0.00168338672552639911981063418859
0.00168338672552639911981063418859
0.00167929038515779262637033264837
0.00167929038515779262637033264837
0.00167518439425645013668839889809
0.00167518439425645013668839889809
0.001671068776418647767293815522
0.001671068776418647767293815522
0.00166694355529598563721650212225
0.00166694355529598563721650212225
0.00166280875459525194715854862268
0.00166280875459525194715854862268
0.00165866439807828674151102099085
0.00165866439807828674151102099085
0.0016545105095618453539992708796
0.0016545105095618453539992708796
0.00165034711291746153774149881492
0.00165034711291746153774149881492
0.00164617423207131028050713417299
0.00164617423207131028050713417299
0.00164199189100407030596340428479
0.00164199189100407030596340428479
0.00163780011375078626170026957192
0.00163780011375078626170026957192
0.00163359892440073059482570164213
0.00163359892440073059482570164213
0.00162938834709726511592507674589
0.00162938834709726511592507674589
0.00162516840603770225218024790774
0.00162516840603770225218024790774
0.00162093912547316599044564538586
0.00162093912547316599044564538586
0.00161670052970845251108053687157
0.00161670052970845251108053687157
0.00161245264310189051333835600647
0.00161245264310189051333835600647
0.00160819549006520123311578035818
0.00160819549006520123311578035818
0.00160392909506335815386600794645
0.00160392909506335815386600794645
0.00159965348261444641148244473955
0.00159965348261444641148244473955
0.00159536867728952189396077423597
0.00159536867728952189396077423597
0.00159107470371247003664913429841
0.00159107470371247003664913429841
0.00158677158655986431389787580632
0.00158677158655986431389787580632
0.00158245935056082442792212242912
0.00158245935056082442792212242912
0.00157813802049687419569209088492
0.00157813802049687419569209088492
0.00157380762120179913466786642956
0.00157380762120179913466786642956
0.00156946817756150374819705900707
0.00156946817756150374819705900707
0.0015651197145138685113954914765
0.0015651197145138685113954914765
0.00156076225704860655833279260077
0.00156076225704860655833279260077
0.00155639583020712007134648403086
0.00155639583020712007134648403086
0.00155202045908235637330986233419
0.00155202045908235637330986233419
0.00154763616881866372368068418868
0.00154763616881866372368068418868
0.00154324298461164681915936518449
0.00154324298461164681915936518449
0.00153884093170802199978710023392
0.00153884093170802199978710023392
0.00153443003540547216131600637677
0.00153443003540547216131600637677
0.0015300103210525013746850767735
0.0015300103210525013746850767735
0.00152558181404828921343741789281
0.00152558181404828921343741789281
0.0015211445398425447899159203132
0.0015211445398425447899159203132
0.00151669852393536050107618716128
0.00151669852393536050107618716128
0.00151224379187706548475721299186
0.00151224379187706548475721299186
0.00150778036926807878725196986839
0.00150778036926807878725196986839
0.00150330828175876224302171651616
0.00150330828175876224302171651616
0.00149882755504927306739950068579
0.00149882755504927306739950068579
0.00149433821488941616312997427214
0.00149433821488941616312997427214
0.0014898402870784961415942852729
0.0014898402870784961415942852729
0.00148533379746516905957045033395
0.00148533379746516905957045033395
0.00148081877194729387238124640461
0.00148081877194729387238124640461
0.00147629523647178360428328990619
0.00147629523647178360428328990619
0.00147176321703445623695259679274
0.00147176321703445623695259679274
0.00146722273967988531692353694316
0.00146722273967988531692353694316
0.00146267383050125028283971146159
0.00146267383050125028283971146159
0.00145811651564018651337689166669
0.00145811651564018651337689166669
0.00145355082128663509669976381247
0.00145355082128663509669976381247
0.00144897677367869232231582389414
0.00144897677367869232231582389414
0.0014443943991024588961913622424
0.0014443943991024588961913622424
0.0014398037238918888799960679902
0.0014398037238918888799960679902
0.0014352047744286383553443688975
0.0014352047744286383553443688975
0.00143059757714191381390320243412
0.00143059757714191381390320243412
0.00142598215850832027423748943705
0.00142598215850832027423748943705
0.00142135854505170912626615207077
0.00142135854505170912626615207077
0.00141672676334302570420308321506
0.00141672676334302570420308321506
0.00141208684000015658885903477785
0.00141208684000015658885903477785
0.00140743880168777664018194777063
0.00140743880168777664018194777063
0.00140278267511719576091479728279
0.00140278267511719576091479728279
0.00139811848704620539225157073921
0.00139811848704620539225157073921
0.00139344626427892474237353801482
0.00139344626427892474237353801482
0.00138876603366564674874950710069
0.00138876603366564674874950710069
0.00138407782210268377508528906091
0.00138407782210268377508528906091
0.00137938165653221304380912097835
0.00137938165653221304380912097835
0.00137467756394212180498131545234
0.00137467756394212180498131545234
0.00136996557136585224251791997371
0.00136996557136585224251791997371
0.00136524570588224611861967915315
0.00136524570588224611861967915315
0.00136051799461538915729909731008
0.00136051799461538915729909731008
0.00135578246473445516789989833151
0.00135578246473445516789989833151
0.0013510391434535499095046739759
0.0013510391434535499095046739759
0.00134628805803155469712800091709
0.00134628805803155469712800091709
0.00134152923577196975059379078942
0.00134152923577196975059379078942
0.00133676270402275728699711629926
0.00133676270402275728699711629926
0.00133198849017618435765223010098
0.00133198849017618435765223010098
0.00132720662166866543042996159015
0.00132720662166866543042996159015
0.0013224171259806047183891400332
0.0013224171259806047183891400332
0.0013176200306362382556081505244
0.0013176200306362382556081505244
0.0013128153632034757211241821296
0.0013128153632034757211241821296
0.0013080031512937420118891752291
0.0013080031512937420118891752291
0.0013031834225618185656529175126
0.0013031834225618185656529175126
0.0012983562047056844346851752814
0.0012983562047056844346851752814
0.0012935215254663571112501786885
0.0012935215254663571112501786885
0.0012886794126277331057482062723
0.0012886794126277331057482062723
0.0012838298940164282784404356152
0.0012838298940164282784404356152
0.0012789729975016179256746431733
0.0012789729975016179256746431733
0.0012741087509948766215307472701
0.0012741087509948766215307472701
0.0012692371824500178158065939186
0.0012692371824500178158065939186
0.0012643583198629331892657855217
0.0012643583198629331892657855217
0.0012594721912714317670707476006
0.0012594721912714317670707476006
0.0012545788247550787913256184933
0.0012545788247550787913256184933
0.0012496782484350343536549314581
0.0012496782484350343536549314581
0.001244770490473891788745437793
0.001244770490473891788745437793
0.0012398555790755158297797934335
0.0012398555790755158297797934335
0.0012349335424848805266922000184
0.0012349335424848805266922000184
0.0012300044089879069281774545988
0.0012300044089879069281774545988
0.00122506820691130052838622001
0.00122506820691130052838622001
0.0012201249646223884792406804172
0.0012201249646223884792406804172
0.0012151747105289565693060936783
0.0012151747105289565693060936783
0.0012102174730790859701550939358
0.0012102174730790859701550939358
0.0012052532807609897511629342405
0.0012052532807609897511629342405
0.0012002821621028491636731900254
0.0012002821621028491636731900254
0.0011953041456726496954747698726
0.0011953041456726496954747698726
0.0011903192600780168965324002479
0.0011903192600780168965324002479
0.0011853275339660519769140657082
0.0011853275339660519769140657082
0.0011803289960231671778601955094
0.0011803289960231671778601955094
0.001175323674974920916940691548
0.001175323674974920916940691548
0.0011703115995858527082471911599
0.0011703115995858527082471911599
0.0011652927986593178585692514527
0.0011652927986593178585692514527
0.0011602673010373219405044295754
0.0011602673010373219405044295754
0.001155235135600355043453515611
0.001155235135600355043453515611
0.0011501963312672258034534516111
0.0011501963312672258034534516111
0.0011451509169948952128017416783
0.0011451509169948952128017416783
0.0011400989217783102104274239179
0.0011400989217783102104274239179
0.0011350403746502370539649355458
0.0011350403746502370539649355458
0.0011299753046810944744884574174
0.0011299753046810944744884574174
0.0011249037409787866148655737566
0.0011249037409787866148655737566
0.0011198257126885357526903268863
0.0011198257126885357526903268863
0.0011147412489927148087569853018
0.0011147412489927148087569853018
0.0011096503791106796420370764697
0.0011096503791106796420370764697
0.0011045531322986011321234632826
0.0011045531322986011321234632826
0.0010994495378492970501064651378
0.0010994495378492970501064651378
0.0010943396250920637188482411439
0.0010943396250920637188482411439
0.0010892234233925074636228639739
0.0010892234233925074636228639739
0.0010841009621523758540907183862
0.0010841009621523758540907183862
0.001078972270809388738577058412
0.001078972270809388738577058412
0.0010738373788370690716257516576
0.0010738373788370690716257516576
0.0010686963157445735358004280928
0.0010686963157445735358004280928
0.0010635491110765229587064340796
0.0010635491110765229587064340796
0.0010583957944128325262081702468
0.0010583957944128325262081702468
0.0010532363953685417928175641206
0.0010532363953685417928175641206
0.0010480709435936444902305951866
0.0010480709435936444902305951866
0.0010428994687729181349899512743
0.0010428994687729181349899512743
0.0010377220006257534362530508239
0.0010377220006257534362530508239
0.0010325385689059835046458157101
0.0010325385689059835046458157101
0.0010273492034017128631837238666
0.0010273492034017128631837238666
0.0010221539339351462612428099595
0.0010221539339351462612428099595
0.0010169527903624172925644158219
0.0010169527903624172925644158219
0.0010117458025734168182786202558
0.0010117458025734168182786202558
0.001006533000491621195932400161
0.001006533000491621195932400161
0.001001314414073920315509691739
0.001001314414073920315509691739
0.0009960900733104454434316317619
0.0009960900733104454434316317619
0.0009908600082243968755263645845
0.0009908600082243968755263645845
0.0009856242488718713999589007181
0.0009856242488718713999589007181
0.0009803828253416895711126073785
0.0009803828253416895711126073785
0.0009751357677552227954150004724
0.0009751357677552227954150004724
0.0009698831062662202301015910048
0.0009698831062662202301015910048
0.000964624871060635495912616869
0.000964624871060635495912616869
0.0009593610923564532047185634423
0.0009593610923564532047185634423
0.0009540918004035153030714433505
0.0009540918004035153030714433505
0.0009488170254833472326798671919
0.0009488170254833472326798671919
0.0009435367979089839088069929471
0.0009435367979089839088069929471
0.0009382511480247955175914922376
0.0009382511480247955175914922376
0.0009329601062063131332927165653
0.0009329601062063131332927165653
0.0009276637028600541564622861641
0.0009276637028600541564622861641
0.0009223619684233475740453581494
0.0009223619684233475740453581494
0.0009170549333641590424158592764
0.0009170549333641590424158592764
0.0009117426281809157943509918276
0.0009117426281809157943509918276
0.0009064250834023313709513389709
0.0009064250834023313709513389709
0.0009011023295872301795139083833
0.0009011023295872301795139083833
0.0008957743973243718783664600472
0.0008957743973243718783664600472
0.0008904413172322755896724659189
0.0008904413172322755896724659189
0.0008851031199590439412170456898
0.0008851031199590439412170456898
0.0008797598361821869381852141184
0.0008797598361821869381852141184
0.0008744114966084456659447614721
0.0008744114966084456659447614721
0.0008690581319736158248470694974
0.0008690581319736158248470694974
0.0008636997730423710980601410975
0.0008636997730423710980601410975
0.0008583364506080863534490925821
0.0008583364506080863534490925821
0.0008529681954926606805203230143
0.0008529681954926606805203230143
0.0008475950385463402634465358836
0.0008475950385463402634465358836
0.0008422170106475410911907441401
0.0008422170106475410911907441401
0.0008368341427026715057483406052
0.0008368341427026715057483406052
0.000831446465645954589527262013
0.000831446465645954589527262013
0.0008260540104392503928872165093
0.0008260540104392503928872165093
0.0008206568080718780028598814491
0.0008206568080718780028598814491
0.00081525488956043745407291088
0.00081525488956043745407291088
0.0008098482859486314829015202979
0.0008098482859486314829015202979
0.000804437028307087125872340236
0.000804437028307087125872340236
0.0007990211477331771633451501335
0.0007990211477331771633451501335
0.0007936006753508414094990198721
0.0007936006753508414094990198721
0.000788175642310407849650298541
0.000788175642310407849650298541
0.0007827460797884136259307985599
0.0007827460797884136259307985599
0.0007773120189874258723554284624
0.0007773120189874258723554284624
0.0007718734911358624003094296325
0.0007718734911358624003094296325
0.0007664305274878122354862713297
0.0007664305274878122354862713297
0.0007609831593228560073081547024
0.0007609831593228560073081547024
0.0007555314179458861918619704515
0.0007555314179458861918619704515
0.0007500753346869272093844466978
0.0007500753346869272093844466978
0.0007446149409009553773311137597
0.0007446149409009553773311137597
0.0007391502679677187200646013647
0.0007391502679677187200646013647
0.0007336813472915566361986717027
0.0007336813472915566361986717027
0.000728208210301219424635279166
0.000728208210301219424635279166
0.000722730888449687670332835117
0.000722730888449687670332835117
0.0007172494132139914908447441443
0.0007172494132139914908447441443
0.0007117638160950296446681676564
0.0007117638160950296446681676564
0.0007062741286173885024438619946
0.0007062741286173885024438619946
0.0007007803823291608820488323122
0.0007007803823291608820488323122
0.000695282608801764748624441105
0.000695282608801764748624441105
0.0006897808396297617805835124362
0.0006897808396297617805835124362
0.0006842751064306758026408806326
0.0006842751064306758026408806326
0.0006787654408448110869127466925
0.0006787654408448110869127466925
0.0006732518745350705231311281294
0.0006732518745350705231311281294
0.0006677344391867736590206199342
0.0006677344391867736590206199342
0.0006622131665074746118856273396
0.0006622131665074746118856273396
0.0006566880882267798524571869287
0.0006566880882267798524571869287
0.000651159236096165862049463296
0.000651159236096165862049463296
0.0006456266418887966640769961844
0.0006456266418887966640769961844
0.0006400903373993412309847802329
0.0006400903373993412309847802329
0.0006345503544437907676442889604
0.0006345503544437907676442889604
0.0006290067248592758722696094463
0.0006290067248592758722696094463
0.0006234594805038835759089378315
0.0006234594805038835759089378315
0.0006179086532564742615678021073
0.0006179086532564742615678021073
0.0006123542750164984640215320502
0.0006123542750164984640215320502
0.0006067963777038135513756914691
0.0006067963777038135513756914691
0.0006012349932585002894344306575
0.0006012349932585002894344306575
0.0005956701536406792899380132538
0.0005956701536406792899380132538
0.0005901018908303273437321285785
0.0005901018908303273437321285785
0.0005845302368270936399330257796
0.0005845302368270936399330257796
0.0005789552236501158721540086405
0.0005789552236501158721540086405
0.0005733768833378362328604197081
0.0005733768833378362328604197081
0.0005677952479478172969219308135
0.0005677952479478172969219308135
0.0005622103495565577954327569345
0.0005622103495565577954327569345
0.0005566222202593082808723362457
0.0005566222202593082808723362457
0.000551030892169886684681087679
0.000551030892169886684681087679
0.0005454363974204937683280871802
0.0005454363974204937683280871802
0.0005398387681615284689499165248
0.0005398387681615284689499165248
0.0005342380365614031406425584816
0.0005342380365614031406425584816
0.0005286342348063586924910671631
0.0005286342348063586924910671631
0.0005230273951002796244248644686
0.0005230273951002796244248644686
0.0005174175496645089619899391024
0.0005174175496645089619899391024
0.0005118047307376630911329955777
0.0005118047307376630911329955777
0.0005061889705754464940967649383
0.0005061889705754464940967649383
0.0005005703014504663875303018772
0.0005005703014504663875303018772
0.0004949487556520472639232181107
0.0004949487556520472639232181107
0.0004893243654860453374785126313
0.0004893243654860453374785126313
0.0004836971632746628955450405616
0.0004836971632746628955450405616
0.0004780671813562625567378117953
0.0004780671813562625567378117953
0.0004724344520851814368823420797
0.0004724344520851814368823420797
0.0004667990078315452239283245728
0.0004667990078315452239283245728
0.0004611608809810821629881026047
0.0004611608809810821629881026047
0.0004555201039349369526669830906
0.0004555201039349369526669830906
0.0004498767091094845538655433729
0.0004498767091094845538655433729
0.0004442307289361439122489960841
0.0004442307289361439122489960841
0.0004385821958611915955956726393
0.0004385821958611915955956726393
0.0004329311423455753472561015667
0.0004329311423455753472561015667
0.0004272776008647275569763875028
0.0004272776008647275569763875028
0.0004216216039083786503651052225
0.0004216216039083786503651052225
0.0004159631839803703983122595972
0.0004159631839803703983122595972
0.0004103023735984691477026767583
0.0004103023735984691477026767583
0.0004046392052941789748052549134
0.0004046392052941789748052549134
0.0003989737116125547627647317995
0.0003989737116125547627647317995
0.0003933059251120152046751119816
0.0003933059251120152046751119816
0.0003876358783641557337749460226
0.0003876358783641557337749460226
0.0003819636039535613823758276387
0.0003819636039535613823758276387
0.0003762891344776195712186504939
0.0003762891344776195712186504939
0.0003706125025463328310496016983
0.0003706125025463328310496016983
0.0003649337407821314583222902658
0.0003649337407821314583222902658
0.0003592528818196861070671150024
0.0003592528818196861070671150024
0.0003535699583057203191279721199
0.0003535699583057203191279721199
0.0003478850028988229951545633381
0.0003478850028988229951545633381
0.0003421980482692608089618430309
0.0003421980482692608089618430309
0.0003365091270987905681338293462
0.0003365091270987905681338293462
0.0003308182720804715240660589294
0.0003308182720804715240660589294
0.0003251255159184776350204345495
0.0003251255159184776350204345495
0.0003194308913279097862217661592
0.0003194308913279097862217661592
0.0003137344310346079715739067642
0.0003137344310346079715739067642
0.0003080361677749634422361794963
0.0003080361677749634422361794963
0.0003023361342957308281042309369
0.0003023361342957308281042309369
0.000296634363353840239216743646
0.000296634363353840239216743646
0.0002909308877162093553024811677
0.0002909308877162093553024811677
0.0002852257401595555131439573916
0.0002852257401595555131439573916
0.0002795189534702078032320725372
0.0002795189534702078032320725372
0.0002738105604439191894065216031
0.0002738105604439191894065216031
0.0002681005938856786679302884099
0.0002681005938856786679302884099
0.0002623890866095234858758041574
0.0002623890866095234858758041574
0.0002566760714383514429904205604
0.0002566760714383514429904205604
0.0002509615812037333066009391604
0.0002509615812037333066009391604
0.0002452456487457253759272299854
0.0002452456487457253759272299854
0.0002395283069126822408203084786
0.0002395283069126822408203084786
0.0002338095885610697909735031478
0.0002338095885610697909735031478
0.0002280895265552785458144955646
0.0002280895265552785458144955646
0.0002223681537674373935625495452
0.0002223681537674373935625495452
0.0002166455030772278516705488928
0.0002166455030772278516705488928
0.0002109216073716989918934395871
0.0002109216073716989918934395871
0.0002051964995450832140432043169
0.0002051964995450832140432043169
0.0001994702124986131065794809473
0.0001994702124986131065794809473
0.0001937427791403397043930669044
0.0001937427791403397043930669044
0.0001880142323849525512944876647
0.0001880142323849525512944876647
0.0001822846051536021065259426482
0.0001822846051536021065259426482
0.0001765539303737252150020192978
0.0001765539303737252150020192978
0.0001708222409788746101569292571
0.0001708222409788746101569292571
0.0001650895699085537658645432598
0.0001650895699085537658645432598
0.0001593559501080589038704012745
0.0001593559501080589038704012745
0.0001536214145283306615943727054
0.0001536214145283306615943727054
0.0001478859961258189326164952854
0.0001478859961258189326164952854
0.0001421497278623658639960992592
0.0001421497278623658639960992592
0.0001364126427051141743990732738
0.0001364126427051141743990732738
0.0001306747736264512331070578419
0.0001306747736264512331070578419
0.0001249361536040043422387539736
0.0001249361536040043422387539736
0.0001191968156207104343165127187
0.0001191968156207104343165127187
0.000113456792664995692165159858
0.000113456792664995692165159858
0.000107716117731120451125018085
0.000107716117731120451125018085
0.000101974823819777518375056955
0.000101974823819777518375056955
0.000096232943939087482608596034
0.000096232943939087482608596034
0.000090490511106230910872253263
0.000090490511106230910872253263
0.00008474755835012974693270603
0.00008474755835012974693270603
0.000079004118715909277202236757
0.000079004118715909277202236757
0.000073260225272484887118391957
0.000073260225272484887118391957
0.000067515911125845910955232708
0.000067515911125845910955232708
0.000061771209443191653248178689
0.000061771209443191653248178689
0.00005602615349881828914701687
0.00005602615349881828914701687
0.000050280776766289301377621464
0.000050280776766289301377621464
0.00004453511311639028972527497
0.00004453511311639028972527497
0.000038789197278846128717552912
0.000038789197278846128717552912
0.000033043066037092590513758721
0.000033043066037092590513758721
0.000027296761765680830921375386
0.000027296761765680830921375386
0.000021550344998560987902663887
0.000021550344998560987902663887
0.00001580395252975411782911832
0.00001580395252975411782911832
0.00001005820712669557125177996
0.00001005820712669557125177996
4.32089935796149749694859e-6
4.32089935796149749694859e-6