0.00197150454906668376510941516496
0.00197150071761585000758068154287
0.00197150071761585000758068154287
0.0019714892232782409303976947134
0.0019714892232782409303976947134
0.00197147006609853306188667519381
0.00197147006609853306188667519381
0.00197144324615118708964681018545
0.00197144324615118708964681018545
0.00197140876354044757113427052214
0.00197140876354044757113427052214
0.00197136661840034252848140927389
0.00197136661840034252848140927389
0.00197131681089468292755271687457
0.00197131681089468292755271687457
0.00197125934121706204123955759407
0.00197125934121706204123955759407
0.00197119420959085469699616211973
0.00197119420959085469699616211973
0.00197112141626921640861980094603
0.00197112141626921640861980094603
0.00197104096153508239227851319501
0.00197104096153508239227851319501
0.00197095284570116646679021539954
0.00197095284570116646679021539954
0.00197085706910995983815746467693
0.00197085706910995983815746467693
0.0019707536321337297683626005987
0.0019707536321337297683626005987
0.00197064253517451812842843992266
0.00197064253517451812842843992266
0.0019705237786641398357501481934
0.0019705237786641398357501481934
0.00197039736306418117570436203536
0.00197039736306418117570436203536
0.00197026328886599800754208575751
0.00197026328886599800754208575751
0.00197012155659071385457233565762
0.00197012155659071385457233565762
0.00196997216678921787864395515633
0.00196997216678921787864395515633
0.00196981512004216273893347360447
0.00196981512004216273893347360447
0.00196965041695996233504733128977
0.00196965041695996233504733128977
0.00196947805818278943444724281938
0.00196947805818278943444724281938
0.00196929804438057318420792067082
0.00196929804438057318420792067082
0.0019691103762529965071168302844
0.0019691103762529965071168302844
0.00196891505452949338212609761295
0.00196891505452949338212609761295
0.00196871207996924600916713954797
0.00196871207996924600916713954797
0.00196850145336118185833903710401
0.00196850145336118185833903710401
0.00196828317552397060348212066217
0.00196828317552397060348212066217
0.00196805724730602094014868594905
0.00196805724730602094014868594905
0.00196782366958547728798320875555
0.00196782366958547728798320875555
0.00196758244327021637752487568112
0.00196758244327021637752487568112
0.00196733356929784372144569741907
0.00196733356929784372144569741907
0.00196707704863568997023792027834
0.00196707704863568997023792027834
0.00196681288228080715236490076266
0.00196681288228080715236490076266
0.0019665410712599647988900570988
0.0019665410712599647988900570988
0.0019662616166296459525989606198
0.0019662616166296459525989606198
0.00196597451947604306163007886443
0.00196597451947604306163007886443
0.00196567978091505375763013114918
0.00196567978091505375763013114918
0.00196537740209227651845046620242
0.00196537740209227651845046620242
0.00196506738418300621540132021946
0.00196506738418300621540132021946
0.0019647497283922295450812624013
0.0019647497283922295450812624013
0.00196442443595462034579958367624
0.00196442443595462034579958367624
0.0019640915081345347986098328711
0.0019640915081345347986098328711
0.00196375094622600651297315309551
0.00196375094622600651297315309551
0.00196340275155274149707051952725
0.00196340275155274149707051952725
0.00196304692546811301278342813626
0.00196304692546811301278342813626
0.00196268346935515631536303315932
0.00196268346935515631536303315932
0.00196231238462656327780817933358
0.00196231238462656327780817933358
0.00196193367272467689997322301394
0.00196193367272467689997322301394
0.00196154733512148570242698433496
0.00196154733512148570242698433496
0.00196115337331861800508462053077
0.00196115337331861800508462053077
0.00196075178884733609063465839411
0.00196075178884733609063465839411
0.00196034258326853025278387163761
0.00196034258326853025278387163761
0.00195992575817271272934313661348
0.00195992575817271272934313661348
0.00195950131518001152017784745137
0.00195950131518001152017784745137
0.0019590692559401640900469191859
0.0019590692559401640900469191859
0.00195862958213251095635485486391
0.00195862958213251095635485486391
0.00195818229546598916184179994459
0.00195818229546598916184179994459
0.00195772739767912563223695453205
0.00195772739767912563223695453205
0.00195726489054003041890116110801
0.00195726489054003041890116110801
0.0019567947758463898264849324591
0.0019567947758463898264849324591
0.00195631705542545942562863141942
0.00195631705542545942562863141942
0.00195583173113405695073196086975
0.00195583173113405695073196086975
0.00195533880485855508282036915139
0.00195533880485855508282036915139
0.00195483827851487411753642266093
0.00195483827851487411753642266093
0.00195433015404847451828464389205
0.00195433015404847451828464389205
0.0019538144334343493545587595793
0.0019538144334343493545587595793
0.00195329111867701662548074987507
0.00195329111867701662548074987507
0.00195276021181051146858153565337
0.00195276021181051146858153565337
0.00195222171489837825385358707988
0.00195222171489837825385358707988
0.00195167563003366256310618251635
0.00195167563003366256310618251635
0.00195112195933890305465449263662
0.00195112195933890305465449263662
0.0019505607049661232133741103189
0.0019505607049661232133741103189
0.00194999186909682298615309244453
0.00194999186909682298615309244453
0.00194941545394197030277402517312
0.00194941545394197030277402517312
0.00194883146174199248225906957842
0.00194883146174199248225906957842
0.00194823989476676752471138971482
0.00194823989476676752471138971482
0.00194764075531561528868681024047
0.00194764075531561528868681024047
0.00194703404571728855412999564756
0.00194703404571728855412999564756
0.00194641976832996397090988794124
0.00194641976832996397090988794124
0.00194579792554123289298958426523
0.00194579792554123289298958426523
0.00194516851976809209826628049101
0.00194516851976809209826628049101
0.00194453155345693439411735116902
0.00194453155345693439411735116902
0.00194388702908353910868908048049
0.00194388702908353910868908048049
0.00194323494915306246796500292789
0.00194323494915306246796500292789
0.00194257531620002785865125645653
0.00194257531620002785865125645653
0.00194190813278831597691679451019
0.00194190813278831597691679451019
0.00194123340151115486302674718606
0.00194123340151115486302674718606
0.00194055112499110982190766516804
0.00194055112499110982190766516804
0.00193986130588007322968382348099
0.00193986130588007322968382348099
0.00193916394685925422622420531947
0.00193916394685925422622420531947
0.00193845905063916829374022926132
0.00193845905063916829374022926132
0.00193774661995962672147472607813
0.00193774661995962672147472607813
0.00193702665758972595652311409822
0.00193702665758972595652311409822
0.00193629916632783684082816466246
0.00193629916632783684082816466246
0.00193556414900159373439019163743
0.00193556414900159373439019163743
0.00193482160846788352473494121112
0.00193482160846788352473494121112
0.00193407154761283452268190029373
0.00193407154761283452268190029373
0.00193331396935180524445618377675
0.00193331396935180524445618377675
0.00193254887662937308018760266669
0.00193254887662937308018760266669
0.00193177627241932284884095670345
0.00193177627241932284884095670345
0.00193099615972463523962203649574
0.00193099615972463523962203649574
0.00193020854157747513990426145561
0.00193020854157747513990426145561
0.0019294134210391798497213208889
0.0019294134210391798497213208889
0.00192861080120024718287162649712
0.00192861080120024718287162649712
0.00192780068518032345468082526679
0.00192780068518032345468082526679
0.00192698307612819135646906226308
0.00192698307612819135646906226308
0.0019261579772217577167701232037
0.0019261579772217577167701232037
0.00192532539166804114935002686541
0.00192532539166804114935002686541
0.00192448532270315958807307736645
0.00192448532270315958807307736645
0.00192363777359231770866382617297
0.00192363777359231770866382617297
0.00192278274762979423741383329384
0.00192278274762979423741383329384
0.00192192024813892914688255655432
0.00192192024813892914688255655432
0.00192105027847211073864213707379
0.00192105027847211073864213707379
0.00192017284201076261311628811376
0.00192017284201076261311628811376
0.00191928794216533052656393330841
0.00191928794216533052656393330841
0.0019183955823752691352586789387
0.0019183955823752691352586789387
0.00191749576610902862691564336218
0.00191749576610902862691564336218
0.00191658849686404123941760496033
0.00191658849686404123941760496033
0.00191567377816670766689286801399
0.00191567377816670766689286801399
0.00191475161357238335319768376179
0.00191475161357238335319768376179
0.00191382200666536467285650153612
0.00191382200666536467285650153612
0.00191288496105887499951376230288
0.00191288496105887499951376230288
0.00191194048039505066195138415526
0.00191194048039505066195138415526
0.00191098856834492678772652632425
0.00191098856834492678772652632425
0.0019100292286084230344846550698
0.0019100292286084230344846550698
0.0019090624649143292090033714031
0.0019090624649143292090033714031
0.00190808828102029077402289696214
0.00190808828102029077402289696214
0.00190710668071279424291955051666
0.00190710668071279424291955051666
0.00190611766780715246227898351367
0.00190611766780715246227898351367
0.00190512124614748978242637878948
0.00190512124614748978242637878948
0.00190411741960672711597125206601
0.00190411741960672711597125206601
0.00190310619208656688442493111769
0.00190310619208656688442493111769
0.00190208756751747785294922253709
0.00190208756751747785294922253709
0.00190106154985867985329521084307
0.00190106154985867985329521084307
0.00190002814309812839499156926052
0.00190002814309812839499156926052
0.00189898735125249916484219585624
0.00189898735125249916484219585624
0.00189793917836717241479342283781
0.00189793917836717241479342283781
0.001896883628516217238231480711
0.001896883628516217238231480711
0.00189582070580237573477133264353
0.00189582070580237573477133264353
0.00189475041435704706359842779828
0.00189475041435704706359842779828
0.00189367275834027138542535557459
0.00189367275834027138542535557459
0.00189258774194071369312581563136
0.00189258774194071369312581563136
0.00189149536937564753110875125772
0.00189149536937564753110875125772
0.00189039564489093860349592610538
0.00189039564489093860349592610538
0.00188928857276102827116665649829
0.00188928857276102827116665649829
0.00188817415728891693773384349019
0.00188817415728891693773384349019
0.00188705240280614732451588054532
0.00188705240280614732451588054532
0.00188592331367278763456944417181
0.00188592331367278763456944417181
0.00188478689427741460584860603864
0.00188478689427741460584860603864
0.0018836431490370964535561360542
0.0018836431490370964535561360542
0.00188249208239737570175329657534
0.00188249208239737570175329657534
0.00188133369883225190429485834942
0.00188133369883225190429485834942
0.0018801680028441642551564989655
0.0018801680028441642551564989655
0.00187899499896397408822217450409
0.00187899499896397408822217450409
0.00187781469175094726659948472489
0.00187781469175094726659948472489
0.00187662708579273646153148151775
0.00187662708579273646153148151775
0.00187543218570536332097379946201
0.00187543218570536332097379946201
0.00187422999613320052790641619145
0.00187422999613320052790641619145
0.00187302052174895374844977884443
0.00187302052174895374844977884443
0.00187180376725364346985546119099
0.00187180376725364346985546119099
0.00187057973737658672844194406701
0.00187057973737658672844194406701
0.00186934843687537872754653951037
0.00186934843687537872754653951037
0.00186810987053587434556490648257
0.00186810987053587434556490648257
0.00186686404317216953415003326977
0.00186686404317216953415003326977
0.0018656109596265826066429885889
0.0018656109596265826066429885889
0.00186435062476963541680817007466
0.00186435062476963541680817007466
0.00186308304350003442794620519112
0.00186308304350003442794620519112
0.0018618082207446516724580856948
0.0018618082207446516724580856948
0.00186052616145850560193454257354
0.00186052616145850560193454257354
0.00185923687062474182784509389529
0.00185923687062474182784509389529
0.00185794035325461375290162322112
0.00185794035325461375290162322112
0.00185663661438746309317177116637
0.00185663661438746309317177116637
0.00185532565909070029101784733072
0.00185532565909070029101784733072
0.00185400749245978481893739416027
0.00185400749245978481893739416027
0.00185268211961820537438195835168
0.00185268211961820537438195835168
0.00185134954571745996563104915742
0.00185134954571745996563104915742
0.0018500097759370358887986864009
0.0018500097759370358887986864009
0.00184866281548438959605036415967
0.00184866281548438959605036415967
0.00184730866959492645510867892093
0.00184730866959492645510867892093
0.00184594734353198040012629355653
0.00184594734353198040012629355653
0.0018445788425867934740053307008
0.0018445788425867934740053307008
0.00184320317207849526224271104413
0.00184320317207849526224271104413
0.00184182033735408221838137367499
0.00184182033735408221838137367499
0.00184043034378839688114773691288
0.00184043034378839688114773691288
0.00183903319678410698335617907161
0.00183903319678410698335617907161
0.00183762890177168445266173927529
0.00183762890177168445266173927529
0.00183621746420938430424265881731
0.00183621746420938430424265881731
0.00183479888958322342549480360249
0.00183479888958322342549480360249
0.00183337318340695925282042794407
0.00183337318340695925282042794407
0.0018319403512220683405941593983
0.0018319403512220683405941593983
0.00183050039859772482238950340777
0.00183050039859772482238950340777
0.00182905333113077876454958528986
0.00182905333113077876454958528986
0.00182759915444573441218626554622
0.00182759915444573441218626554622
0.0018261378741947283276921825816
0.0018261378741947283276921825816
0.00182466949605750742185069470451
0.00182466949605750742185069470451
0.00182319402574140687762911073555
0.00182319402574140687762911073555
0.00182171146898132796674101567119
0.00182171146898132796674101567119
0.00182022183153971575906391463894
0.00182022183153971575906391463894
0.0018187251192065367249988348329
0.0018187251192065367249988348329
0.00181722133779925623085894123517
0.00181722133779925623085894123517
0.00181571049316281592737463770627
0.00181571049316281592737463770627
0.00181419259116961103140304046611
0.00181419259116961103140304046611
0.00181266763771946750093012608305
0.00181266763771946750093012608305
0.00181113563873961910345427084198
0.00181113563873961910345427084198
0.00180959660018468437784031277059
0.00180959660018468437784031277059
0.00180805052803664348973368166496
0.00180805052803664348973368166496
0.00180649742830481498062455616944
0.00180649742830481498062455616944
0.00180493730702583241065242032982
0.00180493730702583241065242032982
0.00180337017026362089524180505212
0.00180337017026362089524180505212
0.00180179602410937353566041255883
0.00180179602410937353566041255883
0.00180021487468152774359123424069
0.00180021487468152774359123424069
0.00179862672812574145981068425092
0.00179862672812574145981068425092
0.0017970315906148692670651827813
0.0017970315906148692670651827813
0.00179542946834893839723903419154
0.00179542946834893839723903419154
0.00179382036755512463290685603552
0.00179382036755512463290685603552
0.00179220429448772810336422553681
0.00179220429448772810336422553681
0.0017905812554281489752306202114
0.0017905812554281489752306202114
0.00178895125668486303771913911476
0.00178895125668486303771913911476
0.00178731430459339718266790060287
0.00178731430459339718266790060287
0.00178567040551630477942842154001
0.00178567040551630477942842154001
0.00178401956584314094470669155934
0.00178401956584314094470669155934
0.00178236179199043770745306428296
0.00178236179199043770745306428296
0.00178069709040167906889749533576
0.00178069709040167906889749533576
0.00177902546754727595782706453922
0.00177902546754727595782706453922
0.00177734692992454108120312684707
0.00177734692992454108120312684707
0.00177566148405766367021584338129
0.00177566148405766367021584338129
0.00177396913649768412187425034423
0.00177396913649768412187425034423
0.00177226989382246853623042961834
0.00177226989382246853623042961834
0.0017705637626366831493367505169
0.0017705637626366831493367505169
0.00176885074957176866203555741756
0.00176885074957176866203555741756
0.00176713086128591446468108289148
0.00176713086128591446468108289148
0.00176540410446403275789377043482
0.00176540410446403275789377043482
0.00176367048581773256944759501347
0.00176367048581773256944759501347
0.00176193001208529366739137334551
0.00176193001208529366739137334551
0.00176018269003164036950545916608
0.00176018269003164036950545916608
0.00175842852644831524919562164675
0.00175842852644831524919562164675
0.00175666752815345273792630767189
0.00175666752815345273792630767189
0.00175489970199175262429589080858
0.00175489970199175262429589080858
0.00175312505483445344985691154147
0.00175312505483445344985691154147
0.00175134359357930580178471467872
0.00175134359357930580178471467872
0.00174955532515054550249829076766
0.00174955532515054550249829076766
0.00174776025649886669633752888807
0.00174776025649886669633752888807
0.00174595839460139483340148831529
0.00174595839460139483340148831529
0.00174414974646165955065269626267
0.00174414974646165955065269626267
0.00174233431910956745039287822257
0.00174233431910956745039287822257
0.00174051211960137477621592632467
0.00174051211960137477621592632467
0.0017386831550196599865443096189
0.0017386831550196599865443096189
0.00173684743247329622585552826596
0.00173684743247329622585552826596
0.00173500495909742369370561127985
0.00173500495909742369370561127985
0.00173315574205342191165705471208
0.00173315574205342191165705471208
0.00173129978852888188821899399545
0.00173129978852888188821899399545
0.00172943710573757818190780057425
0.00172943710573757818190780057425
0.00172756770091944086253668893623
0.00172756770091944086253668893623
0.00172569158134052737084331572824
0.00172569158134052737084331572824
0.00172380875429299427656474778025
0.00172380875429299427656474778025
0.00172191922709506893506957058023
0.00172191922709506893506957058023
0.00172002300709102104265730303359
0.00172002300709102104265730303359
0.00171812010165113409063567820343
0.00171812010165113409063567820343
0.00171621051817167671828674316146
0.00171621051817167671828674316146
0.00171429426407487396483312408103
0.00171429426407487396483312408103
0.00171237134680887842051619527301
0.00171237134680887842051619527301
0.00171044177384774127689828299989
0.00171044177384774127689828299989
0.00170850555269138327650142660283
0.00170850555269138327650142660283
0.00170656269086556556189561073745
0.00170656269086556556189561073745
0.0017046131959218604243497733376
0.0017046131959218604243497733376
0.00170265707543762195215928430796
0.00170265707543762195215928430796
0.00170069433701595657876397988746
0.00170069433701595657876397988746
0.00169872498828569353077122712198
0.00169872498828569353077122712198
0.00169674903690135517599888193728
0.00169674903690135517599888193728
0.00169476649054312727165339290837
0.00169476649054312727165339290837
0.00169277735691682911275869097947
0.00169277735691682911275869097947
0.00169078164375388358095189309678
0.00169078164375388358095189309678
0.00168877935881128709376223497336
0.00168877935881128709376223497336
0.0016867705098715794544900350105
0.0016867705098715794544900350105
0.0016847551047428136028028777501
0.0016847551047428136028028777501
0.00168273315125852526616659112848
0.00168273315125852526616659112848
0.00168070465727770251222897723974
0.00168070465727770251222897723974
0.0016786696306847552022746412969
0.0016786696306847552022746412969
0.00167662807938948434586964799859
0.00167662807938948434586964799859
0.00167458001132705135681511856746
0.00167458001132705135681511856746
0.00167252543445794721052926532185
0.00167252543445794721052926532185
0.00167046435676796150297774377294
0.00167046435676796150297774377294
0.00166839678626815141127258490473
0.00166839678626815141127258490473
0.00166632273099481055606035249134
0.00166632273099481055606035249134
0.00166424219900943776582055203507
0.00166424219900943776582055203507
0.00166215519839870574319569916646
0.00166215519839870574319569916646
0.00166006173727442963347483613386
0.00166006173727442963347483613386
0.00165796182377353549535266532309
0.00165796182377353549535266532309
0.00165585546605802867408684858558
0.00165585546605802867408684858558
0.00165374267231496207717640051508
0.00165374267231496207717640051508
0.00165162345075640435268448269714
0.00165162345075640435268448269714
0.00164949780961940797032928435977
0.00164949780961940797032928435977
0.00164736575716597720546705277801
0.00164736575716597720546705277801
0.00164522730168303602609171422649
0.00164522730168303602609171422649
0.0016430824514823958829759032321
0.0016430824514823958829759032321
0.00164093121490072340307859435189
0.00164093121490072340307859435189
0.0016387736002995079863449066872
0.0016387736002995079863449066872
0.00163660961606502930602402684368
0.00163660961606502930602402684368
0.00163443927060832471263157105491
0.00163443927060832471263157105491
0.00163226257236515654168308170546
0.00163226257236515654168308170546
0.00163007952979597932532572751409
0.00163007952979597932532572751409
0.00162789015138590690799565016938
0.00162789015138590690799565016938
0.00162569444564467946622877324569
0.00162569444564467946622877324569
0.00162349242110663043275326176691
0.00162349242110663043275326176691
0.00162128408633065332499219282599
0.00162128408633065332499219282599
0.00161906944990016847810536920969
0.00161906944990016847810536920969
0.00161684852042308968269957901811
0.00161684852042308968269957901811
0.00161462130653179072733697480573
0.00161462130653179072733697480573
0.00161238781688307184597161580473
0.00161238781688307184597161580473
0.00161014806015812607044458631879
0.00161014806015812607044458631879
0.00160790204506250548816847239718
0.00160790204506250548816847239718
0.00160564978032608740513234741145
0.00160564978032608740513234741145
0.00160339127470304041435878516035
0.00160339127470304041435878516035
0.00160112653697179036994478662014
0.00160112653697179036994478662014
0.00159885557593498626681887343709
0.00159885557593498626681887343709
0.00159657840041946602634696772373
0.00159657840041946602634696772373
0.00159429501927622218792004367061
0.00159429501927622218792004367061
0.00159200544138036750665690191771
0.00159200544138036750665690191771
0.00158970967563110045735578254452
0.00158970967563110045735578254452
0.00158740773095167064482889693247
0.00158740773095167064482889693247
0.00158509961628934412075432262691
0.00158509961628934412075432262691
0.00158278534061536860718006867725
0.00158278534061536860718006867725
0.00158046491292493862681548176066
0.00158046491292493862681548176066
0.00157813834223716054024552569669
0.00157813834223716054024552569669
0.00157580563759501749020382873493
0.00157580563759501749020382873493
0.0015734668080653342530407542448
0.0015734668080653342530407542448
0.00157112186273874199752311115351
0.00157112186273874199752311115351
0.0015687708107296429511024806644
0.0015687708107296429511024806644
0.00156641366117617497378949544175
0.00156641366117617497378949544175
0.0015640504232401760397717665679
0.0015640504232401760397717665679
0.00156168110610714862691351216336
0.00156168110610714862691351216336
0.00155930571898622401427529960882
0.00155930571898622401427529960882
0.00155692427111012648779267081784
0.00155692427111012648779267081784
0.00155453677173513745425277698018
0.00155453677173513745425277698018
0.0015521432301410594637085056255
0.0015521432301410594637085056255
0.00154974365563118014046993874512
0.00154974365563118014046993874512
0.00154733805753223602281333605392
0.00154733805753223602281333605392
0.00154492644519437631154819227389
0.00154492644519437631154819227389
0.00154250882799112652758327157397
0.00154250882799112652758327157397
0.00154008521531935207863287600645
0.00154008521531935207863287600645
0.00153765561659922173520495793642
0.00153765561659922173520495793642
0.00153522004127417101601303906706
0.00153522004127417101601303906706
0.00153277849881086548295425071775
0.00153277849881086548295425071775
0.00153033099869916394579616151288
0.00153033099869916394579616151288
0.0015278775504520815767154095862
0.0015278775504520815767154095862
0.00152541816360575293483150679598
0.00152541816360575293483150679598
0.00152295284771939490087953227983
0.00152295284771939490087953227983
0.00152048161237526952216578195292
0.00152048161237526952216578195292
0.00151800446717864676795078926815
0.00151800446717864676795078926815
0.00151552142175776719540448071048
0.00151552142175776719540448071048
0.00151303248576380452627857708865
0.00151303248576380452627857708865
0.00151053766887082813444169871409
0.00151053766887082813444169871409
0.00150803698077576544442297901886
0.00150803698077576544442297901886
0.00150553043119836424111033705871
0.00150553043119836424111033705871
0.00150301802988115489074990467462
0.00150301802988115489074990467462
0.00150049978658941247339344884311
0.00150049978658941247339344884311
0.00149797571111111882694097393263
0.00149797571111111882694097393263
0.00149544581325692450292603219742
0.00149544581325692450292603219742
0.0014929101028601106341916138818
0.0014929101028601106341916138818
0.00149036858977655071460483077388
0.00149036858977655071460483077388
0.00148782128388467229095894893815
0.00148782128388467229095894893815
0.00148526819508541856721166766919
0.00148526819508541856721166766919
0.00148270933330220992120888244304
0.00148270933330220992120888244304
0.00148014470848090533404350979663
0.00148014470848090533404350979663
0.00147757433058976373219929163859
0.00147757433058976373219929163859
0.00147499820961940524262983548458
0.00147499820961940524262983548458
0.00147241635558277236092348551654
0.00147241635558277236092348551654
0.00146982877851509103270495718548
0.00146982877851509103270495718548
0.00146723548847383164842500531194
0.00146723548847383164842500531194
0.00146463649553866995168973228382
0.00146463649553866995168973228382
0.00146203180981144786128147900855
0.00146203180981144786128147900855
0.00145942144141613420702357674222
0.00145942144141613420702357674222
0.00145680540049878537964157279322
0.00145680540049878537964157279322
0.00145418369722750589477387737855
0.00145418369722750589477387737855
0.00145155634179240887128511259807
0.00145155634179240887128511259807
0.00144892334440557642403577758266
0.00144892334440557642403577758266
0.00144628471530101997126217636598
0.00144628471530101997126217636598
0.00144364046473464045672088692541
0.00144364046473464045672088692541
0.00144099060298418848675238113307
0.00144099060298418848675238113307
0.00143833514034922438241873605315
0.00143833514034922438241873605315
0.00143567408715107814687070711409
0.00143567408715107814687070711409
0.00143300745373280934809976317361
0.00143300745373280934809976317361
0.00143033525045916691723101237883
0.00143033525045916691723101237883
0.00142765748771654886251327600191
0.00142765748771654886251327600191
0.00142497417591296189916289510293
0.00142497417591296189916289510293
0.00142228532547798099521818193368
0.00142228532547798099521818193368
0.00141959094686270883356175444896
0.00141959094686270883356175444896
0.00141689105053973519026831813285
0.00141689105053973519026831813285
0.00141418564700309622943578457664
0.00141418564700309622943578457664
0.00141147474676823371465794086022
0.00141147474676823371465794086022
0.00140875836037195413729720778893
0.00140875836037195413729720778893
0.00140603649837238776171634842201
0.00140603649837238776171634842201
0.00140330917134894758762831109541
0.00140330917134894758762831109541
0.00140057638990228822972371328957
0.00140057638990228822972371328957
0.00139783816465426471473579422059
0.00139783816465426471473579422059
0.00139509450624789119610298494027
0.00139509450624789119610298494027
0.00139234542534729958638956501418
0.00139234542534729958638956501418
0.00138959093263769810762519450802
0.00138959093263769810762519450802
0.00138683103882532975972442904771
0.00138683103882532975972442904771
0.0013840657546374307071476441282
0.0013840657546374307071476441282
0.00138129509082218858396511262792
0.00138129509082218858396511262792
0.0013785190581487007174862966391
0.0013785190581487007174862966391
0.00137573766740693227061673124754
0.00137573766740693227061673124754
0.00137295092940767430310519378769
0.00137295092940767430310519378769
0.00137015885498250175184416735892
0.00137015885498250175184416735892
0.00136736145498373133038692201502
0.00136736145498373133038692201502
0.00136455874028437934784485103065
0.00136455874028437934784485103065
0.0013617507217781194473290130039
0.0013617507217781194473290130039
0.00135893741037924026410014327249
0.00135893741037924026410014327249
0.00135611881702260300359171020076
0.00135611881702260300359171020076
0.00135329495266359893947090333509
0.00135329495266359893947090333509
0.00135046582827810683190275122421
0.00135046582827810683190275122421
0.00134763145486245026618287685857
0.00134763145486245026618287685857
0.00134479184343335491190470819639
0.00134479184343335491190470819639
0.00134194700502790570282727011372
0.00134194700502790570282727011372
0.00133909695070350393760999233935
0.00133909695070350393760999233935
0.00133624169153782430158127551244
0.00133624169153782430158127551244
0.00133338123862877180970786442928
0.00133338123862877180970786442928
0.0013305156030944386709323838252
0.0013305156030944386709323838252
0.00132764479607306107404669766654
0.00132764479607306107404669766654
0.001324768828722975895269057905
0.001324768828722975895269057905
0.00132188771222257732769331297115
0.00132188771222257732769331297115
0.00131900145777027343277874995433
0.00131900145777027343277874995433
0.00131611007658444261404944743151
0.00131611007658444261404944743151
0.00131321357990339001317231826651
0.00131321357990339001317231826651
0.0013103119789853038285833234023
0.0013103119789853038285833234023
0.00130740528510821155683163871177
0.00130740528510821155683163871177
0.00130449350956993615681185735507
0.00130449350956993615681185735507
0.00130157666368805213705460981305
0.00130157666368805213705460981305
0.00129865475879984156624628282624
0.00129865475879984156624628282624
0.00129572780626225000714881686419
0.00129572780626225000714881686419
0.00129279581745184237409085948203
0.00129279581745184237409085948203
0.00128985880376475871420184898655
0.00128985880376475871420184898655
0.00128691677661666991256089923316
0.00128691677661666991256089923316
0.00128396974744273332143265210592
0.00128396974744273332143265210592
0.00128101772769754831376255929463
0.00128101772769754831376255929463
0.00127806072885511176110434937427
0.00127806072885511176110434937427
0.00127509876240877343615272991238
0.00127509876240877343615272991238
0.00127213183987119134005466737692
0.00127213183987119134005466737692
0.00126915997277428695467287999117
0.00126915997277428695467287999117
0.00126618317266920041997547038098
0.00126618317266920041997547038098
0.00126320145112624563672591588221
0.00126320145112624563672591588221
0.00126021481973486529464792472235
0.00126021481973486529464792472235
0.00125722329010358582623995595722
0.00125722329010358582623995595722
0.0012542268738599722864144900322
0.0012542268738599722864144900322
0.00125122558265058315813742514446
0.00125122558265058315813742514446
0.00124821942814092508424326220909
0.00124821942814092508424326220909
0.00124520842201540752560202817485
0.00124520842201540752560202817485
0.00124219257597729734581417369467
0.00124219257597729734581417369467
0.00123917190174867332260996673063
0.00123917190174867332260996673063
0.00123614641107038058613018856098
0.00123614641107038058613018856098
0.00123311611570198498426522285847
0.00123311611570198498426522285847
0.00123008102742172737522991202141
0.00123008102742172737522991202141
0.00122704115802647784755183776307
0.00122704115802647784755183776307
0.00122399651933168986765096509731
0.00122399651933168986765096509731
0.00122094712317135435518887030027
0.00122094712317135435518887030027
0.00121789298139795368636605417622
0.00121789298139795368636605417622
0.00121483410588241562534612201117
0.00121483410588241562534612201117
0.00121177050851406718398589095731
0.00121177050851406718398589095731
0.00120870220120058841005076425622
0.00120870220120058841005076425622
0.00120562919586796610409498967544
0.00120562919586796610409498967544
0.00120255150446044746518669680241
0.00120255150446044746518669680241
0.00119946913894049366565788440959
0.00119946913894049366565788440959
0.00119638211128873335505980497432
0.00119638211128873335505980497432
0.00119329043350391609350446860532
0.00119329043350391609350446860532
0.00119019411760286571457326309386
0.00119019411760286571457326309386
0.00118709317562043361797396057001
0.00118709317562043361797396057001
0.00118398761960945199212765430266
0.00118398761960945199212765430266
0.00118087746164068696686744153445
0.00118087746164068696686744153445
0.00117776271380279169643093988857
0.00117776271380279169643093988857
0.00117464338820225937292899582272
0.00117464338820225937292899582272
0.00117151949696337617047321383506
0.00117151949696337617047321383506
0.00116839105222817412014520464659
0.00116839105222817412014520464659
0.0011652580661563839159907193935
0.0011652580661563839159907193935
0.00116212055092538765222210495996
0.00116212055092538765222210495996
0.00115897851873017149181278296621
0.00115897851873017149181278296621
0.00115583198178327826666772159684
0.00115583198178327826666772159684
0.00115268095231476000955413540966
0.00115268095231476000955413540966
0.00114952544257213041797691350473
0.00114952544257213041797691350473
0.00114636546482031725018354095555
0.00114636546482031725018354095555
0.00114320103134161465348354220854
0.00114320103134161465348354220854
0.00114003215443563542506773824225
0.00114003215443563542506773824225
0.00113685884641926320551287164269
0.00113685884641926320551287164269
0.00113368111962660460515741539542
0.00113368111962660460515741539542
0.00113049898640894126353464211676
0.00113049898640894126353464211676
0.00112731245913468184204929064532
0.00112731245913468184204929064532
0.00112412155018931395008442638971
0.00112412155018931395008442638971
0.00112092627197535600472535057794
0.00112092627197535600472535057794
0.00111772663691230902428767157721
0.00111772663691230902428767157721
0.00111452265743660835583690874929
0.00111452265743660835583690874929
0.00111131434600157533688725587476
0.00111131434600157533688725587476
0.0011081017150773688914673870184
0.0011081017150773688914673870184
0.00110488477715093706074144281713
0.00110488477715093706074144281713
0.00110166354472596846837358954955
0.00110166354472596846837358954955
0.00109843803032284372082479699218
0.00109843803032284372082479699218
0.00109520824647858674277073398018
0.00109520824647858674277073398018
0.00109197420574681604782993276896
0.00109197420574681604782993276896
0.0010887359206976959447916247371
0.0010887359206976959447916247371
0.00108549340391788767953290067863
0.00108549340391788767953290067863
0.00108224666801050051281509890362
0.00108224666801050051281509890362
0.00107899572559504273414957359916
0.00107899572559504273414957359916
0.00107574058930737261192324439682
0.00107574058930737261192324439682
0.00107248127179964927997457584699
0.00107248127179964927997457584699
0.0010692177857402835608108825144
0.0010692177857402835608108825144
0.00106595014381388872565810168063
0.00106595014381388872565810168063
0.00106267835872123119153442116891
0.00106267835872123119153442116891
0.00105940244317918115553939459213
0.00105940244317918115553939459213
0.00105612240992066316655042036609
0.00105612240992066316655042036609
0.0010528382716946066345187041256
0.0010528382716946066345187041256
0.00104955004126589627755706673047
0.00104955004126589627755706673047
0.00104625773141532250701220185034
0.00104625773141532250701220185034
0.00104296135493953175071422817078
0.00104296135493953175071422817078
0.00103966092465097671459662156798
0.00103966092465097671459662156798
0.00103635645337786658287985215341
0.00103635645337786658287985215341
0.00103304795396411715701228989362
0.00103304795396411715701228989362
0.00102973543926930093356218056149
0.00102973543926930093356218056149
0.00102641892216859712125473107438
0.00102641892216859712125473107438
0.0010230984155527415973485798191
0.0010230984155527415973485798191
0.00101977393232797680354616335456
0.00101977393232797680354616335456
0.00101644548541600158163272591725
0.00101644548541600158163272591725
0.00101311308775392094903895243355
0.00101311308775392094903895243355
0.00100977675229419581452243926384
0.00100977675229419581452243926384
0.00100643649200459263416344966634
0.00100643649200459263416344966634
0.00100309231986813300787063297265
0.00100309231986813300787063297265
0.00099974424888304321659261771081
0.00099974424888304321659261771081
0.00099639229206270370043161939508
0.00099639229206270370043161939508
0.00099303646243559847785543342297
0.00099303646243559847785543342297
0.00098967677304526450620441247925
0.00098967677304526450620441247925
0.00098631323695024098369025604211
0.00098631323695024098369025604211
0.00098294586722401859308366701829
0.00098294586722401859308366701829
0.0009795746769549886872881572001
0.0009795746769549886872881572001
0.00097619967924639241699750913763
0.00097619967924639241699750913763
0.00097282088721626980063462715346
0.00097282088721626980063462715346
0.00096943831399740873676973459253
0.00096943831399740873676973459253
0.00096605197273729395921609799834
0.00096605197273729395921609799834
0.00096266187659805593500168173414
0.00096266187659805593500168173414
0.00095926803875641970541535862678
0.00095926803875641970541535862678
0.00095587047240365367032652349794
0.00095587047240365367032652349794
0.00095246919074551831597717696345
0.00095246919074551831597717696345
0.00094906420700221488644576662452
0.00094906420700221488644576662452
0.0009456555344083339989822917449
0.0009456555344083339989822917449
0.00094224318621280420341439570385
0.00094224318621280420341439570385
0.00093882717567884048582438793596
0.00093882717567884048582438793596
0.00093540751608389271669735371435
0.00093540751608389271669735371435
0.00093198422071959404374072600293
0.00093198422071959404374072600293
0.00092855730289170922957590869539
0.00092855730289170922957590869539
0.0009251267759200829345027548725
0.0009251267759200829345027548725
0.00092169265313858794453791724514
0.00092169265313858794453791724514
0.00091825494789507334492830070587
0.00091825494789507334492830070587
0.00091481367355131263934105888855
0.00091481367355131263934105888855
0.00091136884348295181493178782979
0.00091136884348295181493178782979
0.00090792047107945735349278024028
0.00090792047107945735349278024028
0.00090446856974406418888341352466
0.00090446856974406418888341352466
0.0009010131528937236109449535373
0.0009010131528937236109449535373
0.00089755423395905111610226412584
0.00089755423395905111610226412584
0.0008940918263842742048551197946
0.0008940918263842742048551197946
0.00089062594362718012636202531535
0.00089062594362718012636202531535
0.00088715659915906357031965182258
0.00088715659915906357031965182258
0.00088368380646467430634120385371
0.00088368380646467430634120385371
0.00088020757904216477103723593105
0.00088020757904216477103723593105
0.00087672793040303760300264063139
0.00087672793040303760300264063139
0.00087324487407209312591373264941
0.00087324487407209312591373264941
0.00086975842358737677993955513339
0.00086975842358737677993955513339
0.00086626859250012650167173555401
0.00086626859250012650167173555401
0.00086277539437472005277741855978
0.00086277539437472005277741855978
0.00085927884278862229758000267477
0.00085927884278862229758000267477
0.0008557789513323324297726063055
0.0008557789513323324297726063055
0.00085227573360933114846938634345
0.00085227573360933114846938634345
0.0008487692032360277838000296773
0.0008487692032360277838000296773
0.000845259373841707372252934164
0.000845259373841707372252934164
0.0008417462590684776819727910499
0.0008417462590684776819727910499
0.0008382298725712161882184754823
0.0008382298725712161882184754823
0.000834710228017516999187345605
0.000834710228017516999187345605
0.0008311873390876377324122437946
0.0008311873390876377324122437946
0.0008276612194744463419376858578
0.0008276612194744463419376858578
0.0008241318828833678964819154825
0.0008241318828833678964819154825
0.0008205993430323313087916919095
0.0008205993430323313087916919095
0.0008170636136517160163968686749
0.0008170636136517160163968686749
0.0008135247084842986139720103523
0.0008135247084842986139720103523
0.0008099826412851994375124825181
0.0008099826412851994375124825181
0.0008064374258218291005326376493
0.0008064374258218291005326376493
0.000802889075873834982493906364
0.000802889075873834982493906364
0.0007993376052330476696707893072
0.0007993376052330476696707893072
0.0007957830277034273486629300943
0.0007957830277034273486629300943
0.0007922253571010101527616340222
0.0007922253571010101527616340222
0.0007886646072538544613793807727
0.0007886646072538544613793807727
0.0007851007920019871527510620422
0.0007851007920019871527510620422
0.0007815339251973498101158569464
0.0007815339251973498101158569464
0.0007779640207037448815888391697
0.0007779640207037448815888391697
0.0007743910923967817939315901519
0.0007743910923967817939315901519
0.0007708151541638230204312721282
0.0007708151541638230204312721282
0.0007672362199039301030977935761
0.0007672362199039301030977935761
0.0007636543035278096293888775521
0.0007636543035278096293888775521
0.0007600694189577591636730205489
0.0007600694189577591636730205489
0.0007564815801276131336405058462
0.0007564815801276131336405058462
0.0007528908009826886718728108861
0.0007528908009826886718728108861
0.0007492970954797314127809229633
0.0007492970954797314127809229633
0.0007457004775868612451232514894
0.0007457004775868612451232514894
0.0007421009612835180203139982718
0.0007421009612835180203139982718
0.0007384985605604072167330196336
0.0007384985605604072167330196336
0.0007348932894194455602483858018
0.0007348932894194455602483858018
0.0007312851618737066011630138055
0.0007312851618737066011630138055
0.0007276741919473662477969201498
0.0007276741919473662477969201498
0.0007240603936756482569168087762
0.0007240603936756482569168087762
0.0007204437811047696812248782786
0.0007204437811047696812248782786
0.0007168243682918862741189000236
0.0007168243682918862741189000236
0.0007132021693050378519357857259
0.0007132021693050378519357857259
0.0007095771982230936138910291519
0.0007095771982230936138910291519
0.0007059494691356974199265719779
0.0007059494691356974199265719779
0.000702318996143213026679808407
0.000702318996143213026679808407
0.0006986857933566692817866069621
0.0006986857933566692817866069621
0.0006950498748977052767313909195
0.0006950498748977052767313909195
0.0006914112548985154584574811323
0.0006914112548985154584574811323
0.0006877699475017946999510665233
0.0006877699475017946999510665233
0.0006841259668606833300123283001
0.0006841259668606833300123283001
0.0006804793271387121224274039731
0.0006804793271387121224274039731
0.0006768300425097472447550365407
0.0006768300425097472447550365407
0.0006731781271579351669419127471
0.0006731781271579351669419127471
0.0006695235952776475299808521327
0.0006695235952776475299808521327
0.00066586646107342597482616568
0.00066586646107342597482616568
0.0006622067387599269317806592242
0.0006622067387599269317806592242
0.0006585444425618663705689124483
0.0006585444425618663705689124483
0.000654879586713964511311619232
0.000654879586713964511311619232
0.0006512121854608904966159293755
0.0006512121854608904966159293755
0.0006475422530572070249968852817
0.0006475422530572070249968852817
0.0006438698037673149458452000728
0.0006438698037673149458452000728
0.0006401948518653978161567758343
0.0006401948518653978161567758343
0.0006365174116353664192395122525
0.0006365174116353664192395122525
0.0006328374973708032456131068346
0.0006328374973708032456131068346
0.000629155123374906936317698201
0.000629155123374906936317698201
0.0006254703039604366888473536257
0.0006254703039604366888473536257
0.0006217830534496566259245510911
0.0006217830534496566259245510911
0.0006180933861742801273319546331
0.0006180933861742801273319546331
0.0006144013164754141250179297048
0.0006144013164754141250179297048
0.0006107068587035033616923926988
0.0006107068587035033616923926988
0.0006070100272182746131297356631
0.0006070100272182746131297356631
0.000603310836388680874395713648
0.000603310836388680874395713648
0.0005996093005928455102153280591
0.0005996093005928455102153280591
0.0005959054342180063696988848889
0.0005959054342180063696988848889
0.0005921992516604598656435517929
0.0005921992516604598656435517929
0.0005884907673255050186278826982
0.0005884907673255050186278826982
0.0005847799956273874661169230131
0.0005847799956273874661169230131
0.0005810669509892434367956525991
0.0005810669509892434367956525991
0.0005773516478430436903486674996
0.0005773516478430436903486674996
0.0005736341006295374229041450544
0.0005736341006295374229041450544
0.0005699143237981961383602805035
0.0005699143237981961383602805035
0.0005661923318071574858125265685
0.0005661923318071574858125265685
0.0005624681391231690633001108422
0.0005624681391231690633001108422
0.0005587417602215321880904491943
0.0005587417602215321880904491943
0.0005550132095860456337202168804
0.0005550132095860456337202168804
0.0005512825017089493340119827048
0.0005512825017089493340119827048
0.0005475496510908680542854555207
0.0005475496510908680542854555207
0.0005438146722407550299825366501
0.0005438146722407550299825366501
0.0005400775796758355729255165738
0.0005400775796758355729255165738
0.0005363383879215506454278995919
0.0005363383879215506454278995919
0.0005325971115115004024774862132
0.0005325971115115004024774862132
0.000528853764987387702211489933
0.000528853764987387702211489933
0.0005251083628989615849036129538
0.0005251083628989615849036129538
0.0005213609198039607206831544539
0.0005213609198039607206831544539
0.0005176114502680568262063753958
0.0005176114502680568262063753958
0.0005138599688647980505004957906
0.0005138599688647980505004957906
0.0005101064901755523302008540057
0.0005101064901755523302008540057
0.0005063510287894507144019133662
0.0005063510287894507144019133662
0.0005025935993033306593429592181
0.0005025935993033306593429592181
0.0004988342163216792931494900752
0.0004988342163216792931494900752
0.0004950728944565766508514697937
0.0004950728944565766508514697937
0.0004913096483276388798997742419
0.0004913096483276388798997742419
0.0004875444925619614164023360682
0.0004875444925619614164023360682
0.0004837774417940621323016653208
0.0004837774417940621323016653208
0.0004800085106658244537156023336
0.0004800085106658244537156023336
0.0004762377138264404506633429732
0.0004762377138264404506633429732
0.0004724650659323538983989656271
0.0004724650659323538983989656271
0.0004686905816472033105748848432
0.0004686905816472033105748848432
0.0004649142756417649444578590197
0.0004649142756417649444578590197
0.0004611361625938957784203897728
0.0004611361625938957784203897728
0.0004573562571884764619305694718
0.0004573562571884764619305694718
0.0004535745741173542382636618753
0.0004535745741173542382636618753
0.0004497911280792858401589399405
0.0004497911280792858401589399405
0.0004460059337798803586455558904
0.0004460059337798803586455558904
0.0004422190059315420852614828765
0.0004422190059315420852614828765
0.0004384303592534133278898465471
0.0004384303592534133278898465471
0.0004346400084713172004372602171
0.0004346400084713172004372602171
0.0004308479683177003865790909858
0.0004308479683177003865790909858
0.0004270542535315758777969181672
0.0004270542535315758777969181672
0.0004232588788584656859338021229
0.0004232588788584656859338021229
0.000419461859050343530493363638
0.000419461859050343530493363638
0.0004156632088655775009090843105
0.0004156632088655775009090843105
0.000411862943068872694010680325
0.000411862943068872694010680325
0.0004080610764312138269148791817
0.0004080610764312138269148791817
0.0004042576237298078255684456226
0.0004042576237298078255684456226
0.0004004525997480263891718638503
0.0004004525997480263891718638503
0.0003966460192753485307126934854
0.0003966460192753485307126934854
0.0003928378971073030938382825454
0.0003928378971073030938382825454
0.0003890282480454112462982488378
0.0003890282480454112462982488378
0.000385217086897128950187939199
0.000385217086897128950187939199
0.0003814044284757894092249526834
0.0003814044284757894092249526834
0.0003775902876005454932917789544
0.0003775902876005454932917789544
0.000373774679096312140478667953
0.000373774679096312140478667953
0.0003699576177937087368620241502
0.0003699576177937087368620241502
0.0003661391185290014742549228112
0.0003661391185290014742549228112
0.0003623191961440456861677932446
0.0003623191961440456861677932446
0.0003584978654862281622189238385
0.0003584978654862281622189238385
0.0003546751414084094412362373624
0.0003546751414084094412362373624
0.0003508510387688660832937872282
0.0003508510387688660832937872282
0.0003470255724312329209286644549
0.0003470255724312329209286644549
0.0003431987572644452897865134652
0.0003431987572644452897865134652
0.0003393706081426812389466699173
0.0003393706081426812389466699173
0.0003355411399453037211810985594
0.0003355411399453037211810985594
0.000331710367556802763404873212
0.000331710367556802763404873212
0.0003278783058667376175799617393
0.0003278783058667376175799617393
0.0003240449697696788923386225893
0.0003240449697696788923386225893
0.0003202103741651506655978630082
0.0003202103741651506655978630082
0.0003163745339575725784422415964
0.0003163745339575725784422415964
0.0003125374640562019105589232174
0.0003125374640562019105589232174
0.0003086991793750756375164332789
0.0003086991793750756375164332789
0.0003048596948329524701871521476
0.0003048596948329524701871521476
0.0003010190253532548766234038803
0.0003010190253532548766234038803
0.0002971771858640110867082198111
0.0002971771858640110867082198111
0.0002933341912977970799147236498
0.0002933341912977970799147236498
0.000289490056591678556522857404
0.000289490056591678556522857404
0.0002856447966871528926591610774
0.0002856447966871528926591610774
0.0002817984265300910795449050713
0.0002817984265300910795449050713
0.0002779509610706796473604920695
0.0002779509610706796473604920695
0.0002741024152633625741602163415
0.0002741024152633625741602163415
0.000270252804066783180301812772
0.000270252804066783180301812772
0.0002664021424437260088904843203
0.0002664021424437260088904843203
0.0002625504453610586927781475877
0.0002625504453610586927781475877
0.0002586977277896738087065386527
0.0002586977277896738087065386527
0.0002548440047044307192388442609
0.0002548440047044307192388442609
0.0002509892910840974031901943208
0.0002509892910840974031901943208
0.0002471336019112922753445141116
0.0002471336019112922753445141116
0.0002432769521724259963361200895
0.0002432769521724259963361200895
0.0002394193568576432736817601906
0.0002394193568576432736817601906
0.0002355608309607646550758452751
0.0002355608309607646550758452751
0.0002317013894792283152124189291
0.0002317013894792283152124189291
0.0002278410474140318375768996608
0.0002278410474140318375768996608
0.0002239798197696739928648624973
0.0002239798197696739928648624973
0.0002201177215540965159415774794
0.0002201177215540965159415774794
0.0002162547677786258835639339304
0.0002162547677786258835639339304
0.0002123909734579150954572279398
0.0002123909734579150954572279398
0.0002085263536098854617873773304
0.0002085263536098854617873773304
0.0002046609232556684006123424869
0.0002046609232556684006123424869
0.0002007946974195472495573381284
0.0002007946974195472495573381284
0.0001969276911288990967651479623
0.0001969276911288990967651479623
0.0001930599194141366371613718626
0.0001930599194141366371613718626
0.0001891913973086500612903657569
0.0001891913973086500612903657569
0.000185322139848748985479266372
0.000185322139848748985479266372
0.0001814521620736044339496510573
0.0001814521620736044339496510573
0.0001775814790251908858155918593
0.0001775814790251908858155918593
0.0001737101057482284028082788471
0.0001737101057482284028082788471
0.0001698380572901248572141555606
0.0001698380572901248572141555606
0.0001659653487009182841194766908
0.0001659653487009182841194766908
0.0001620919950332193879012961841
0.0001620919950332193879012961841
0.0001582180113421542403670643373
0.0001582180113421542403670643373
0.0001543434126853072175213710554
0.0001543434126853072175213710554
0.0001504682141226642342995180812
0.0001504682141226642342995180812
0.0001465924307165563526607755563
0.0001465924307165563526607755563
0.0001427160775316038594156777845
0.0001427160775316038594156777845
0.0001388391696346609377690916215
0.0001388391696346609377690916215
0.0001349617220947610931436094677
0.0001349617220947610931436094677
0.0001310837499830635426854800808
0.0001310837499830635426854800808
0.0001272052683728008435656644512
0.0001272052683728008435656644512
0.000123326292339228124335232688
0.000123326292339228124335232688
0.0001194468369595744055985482514
0.0001194468369595744055985482514
0.0001155669173129966647946747629
0.0001155669173129966647946747629
0.0001116865484805375349679551893
0.0001116865484805375349679551893
0.0001078057455450878588005470042
0.0001078057455450878588005470042
0.0001039245235913557915538673045
0.0001039245235913557915538673045
0.000100042897705844827954685789
0.000100042897705844827954685789
0.0000961608829768441235351562473
0.0000961608829768441235351562473
0.0000922784944944359552549788635
0.0000922784944944359552549788635
0.0000883957473505273820150787984
0.0000883957473505273820150787984
0.0000845126566389165489356543967
0.0000845126566389165489356543967
0.0000806292374554093343580965215
0.0000806292374554093343580965215
0.00007674550489801035412368448
0.00007674550489801035412368448
0.000072861474067225765205206436
0.000072861474067225765205206436
0.000068977160066537477930706103
0.000068977160066537477930706103
0.000065092578003145881692572042
0.000065092578003145881692572042
0.000061207742989143337238669522
0.000061207742989143337238669522
0.000057322670143397302821846381
0.000057322670143397302821846381
0.00005343737459463775127772294
0.00005343737459463775127772294
0.000049551871486658039302502457
0.000049551871486658039302502457
0.000045666175987368999083856941
0.000045666175987368999083856941
0.000041780303305192875966344477
0.000041780303305192875966344477
0.000037894268720168424986531149
0.000037894268720168424986531149
0.000034008087646359767245510262
0.000034008087646359767245510262
0.000030121775765812246752407148
0.000030121775765812246752407148
0.0000262353493409032950270232
0.0000262353493409032950270232
0.000022348826022492850391253709
0.000022348826022492850391253709
0.000018462227242507650801691787
0.000018462227242507650801691787
0.000014575586714538023195869547
0.000014575586714538023195869547
0.000010688989730151807633362887
0.000010688989730151807633362887
6.8028502675632130812623e-6
6.8028502675632130812623e-6
2.92243022935525545576275e-6
2.92243022935525545576275e-6