0.01514016160544415
0.01513842638057882
0.01513842638057882
0.01513322110373358
0.01513322110373358
0.01512454696806952
0.01512454696806952
0.01511240596188456
0.01511240596188456
0.01509680086815769
0.01509680086815769
0.01507773526391108
0.01507773526391108
0.0150552135193901
0.0150552135193901
0.01502924079706161
0.01502924079706161
0.01499982305043058
0.01499982305043058
0.01496696702267544
0.01496696702267544
0.0149306802451024
0.0149306802451024
0.01489097103541909
0.01489097103541909
0.014847848495828
0.014847848495828
0.01480132251094002
0.01480132251094002
0.01475140374550871
0.01475140374550871
0.01469810364198567
0.01469810364198567
0.01464143441789774
0.01464143441789774
0.01458140906304643
0.01458140906304643
0.0145180413365304
0.0145180413365304
0.01445134576359159
0.01445134576359159
0.01438133763228571
0.01438133763228571
0.01430803298997788
0.01430803298997788
0.01423144863966426
0.01423144863966426
0.01415160213612042
0.01415160213612042
0.0140685117818774
0.0140685117818774
0.01398219662302643
0.01398219662302643
0.01389267644485308
0.01389267644485308
0.01379997176730212
0.01379997176730212
0.01370410384027387
0.01370410384027387
0.01360509463875327
0.01360509463875327
0.01350296685777276
0.01350296685777276
0.01339774390721008
0.01339774390721008
0.01328944990642223
0.01328944990642223
0.0131781096787168
0.0131781096787168
0.01306374874566192
0.01306374874566192
0.01294639332123619
0.01294639332123619
0.01282607030581988
0.01282607030581988
0.01270280728002876
0.01270280728002876
0.01257663249839206
0.01257663249839206
0.01244757488287591
0.01244757488287591
0.01231566401625383
0.01231566401625383
0.0121809301353257
0.0121809301353257
0.01204340412398686
0.01204340412398686
0.01190311750614885
0.01190311750614885
0.01176010243851349
0.01176010243851349
0.01161439170320182
0.01161439170320182
0.01146601870023979
0.01146601870023979
0.01131501743990225
0.01131501743990225
0.01116142253491707
0.01116142253491707
0.01100526919253118
0.01100526919253118
0.01084659320644029
0.01084659320644029
0.01068543094858428
0.01068543094858428
0.01052181936080992
0.01052181936080992
0.01035579594640308
0.01035579594640308
0.01018739876149213
0.01018739876149213
0.01001666640632474
0.01001666640632474
0.00984363801641987
0.00984363801641987
0.009668353253597095
0.009668353253597095
0.00949085229688532
0.00949085229688532
0.009311175833312913
0.009311175833312913
0.009129365048581422
0.009129365048581422
0.008945461617624986
0.008945461617624986
0.008759507695057617
0.008759507695057617
0.00857154590551055
0.00857154590551055
0.008381619333861861
0.008381619333861861
0.008189771515360625
0.008189771515360625
0.007996046425647851
0.007996046425647851
0.007800488470676519
0.007800488470676519
0.007603142476533017
0.007603142476533017
0.007404053679162339
0.007404053679162339
0.007203267713999401
0.007203267713999401
0.007000830605508887
0.007000830605508887
0.006796788756636041
0.006796788756636041
0.00659118893817087
0.00659118893817087
0.00638407827802824
0.00638407827802824
0.006175504250446408
0.006175504250446408
0.005965514665106541
0.005965514665106541
0.005754157656175894
0.005754157656175894
0.005541481671277316
0.005541481671277316
0.005327535460387935
0.005327535460387935
0.005112368064669961
0.005112368064669961
0.004896028805236788
0.004896028805236788
0.004678567271857912
0.004678567271857912
0.004460033311606654
0.004460033311606654
0.004240477017455507
0.004240477017455507
0.004019948716825256
0.004019948716825256
0.003798498960096205
0.003798498960096205
0.003576178509093743
0.003576178509093743
0.00335303832556735
0.00335303832556735
0.003129129559694868
0.003129129559694868
0.002904503538668352
0.002904503538668352
0.002679211755466781
0.002679211755466781
0.002453305858023951
0.002453305858023951
0.002226837639228988
0.002226837639228988
0.001999859028740748
0.001999859028740748
0.001772422088992192
0.001772422088992192
0.001544579021688872
0.001544579021688872
0.00131638220352336
0.00131638220352336
0.001087884315311063
0.001087884315311063
0.0008591388313301828
0.0008591388313301828
0.0006302023248354915
0.0006302023248354915
0.0004011507986173975
0.0004011507986173975
0.0001723461956875052
0.0001723461956875052