0.00186943834699805074108848092744
0.00186943834699805074108848092744
0.00186943181368103056881891734612
0.00186943181368103056881891734612
0.00186941874706982287417950108784
0.00186941874706982287417950108784
0.00186939914721009287717406164185
0.00186939914721009287717406164185
0.00186937301417033820831964131311
0.00186937301417033820831964131311
0.00186934034804188866926083374214
0.00186934034804188866926083374214
0.00186930114893890591359020331923
0.00186930114893890591359020331923
0.00186925541699838304787590096271
0.00186925541699838304787590096271
0.00186920315238014415289787059052
0.00186920315238014415289787059052
0.00186914435526684372509431947
0.00186914435526684372509431947
0.0018690790258639660382204044799
0.0018690790258639660382204044799
0.001869007164399824425221365161
0.001869007164399824425221365161
0.00186892877112556048032261326688
0.00186892877112556048032261326688
0.00186884384631514318133956735177
0.00186884384631514318133956735177
0.00186875239026536793221029974913
0.00186875239026536793221029974913
0.0018686544032958555257543420997
0.0018686544032958555257543420997
0.0018685498857490510266612743818
0.0018685498857490510266612743818
0.00186843883799022257471300117761
0.00186843883799022257471300117761
0.00186832126040746010824389767674
0.00186832126040746010824389767674
0.00186819715341167400784328667129
0.00186819715341167400784328667129
0.00186806651743659366030498653366
0.00186806651743659366030498653366
0.00186792935293876594282894888935
0.00186792935293876594282894888935
0.00186778566039755362748028339995
0.00186778566039755362748028339995
0.0018676354403151337059112457563
0.0018676354403151337059112457563
0.00186747869321649563435204364677
0.00186747869321649563435204364677
0.0018673154196494394988765941106
0.0018673154196494394988765941106
0.0018671456201845741009496443093
0.0018671456201845741009496443093
0.00186696929541531496326194634987
0.00186696929541531496326194634987
0.00186678644595788225586045537152
0.00186678644595788225586045537152
0.00186659707245129864258079866002
0.00186659707245129864258079866002
0.00186640117555738704778954208229
0.00186640117555738704778954208229
0.00186619875596076834344405863482
0.00186619875596076834344405863482
0.0018659898143688589564780823739
0.0018659898143688589564780823739
0.00186577435151186839652130944177
0.00186577435151186839652130944177
0.0018655523681427967039616863191
0.0018655523681427967039616863191
0.00186532386503743181835930382128
0.00186532386503743181835930382128
0.00186508884299434686722109371102
0.00186508884299434686722109371102
0.00186484730283489737514580312297
0.00186484730283489737514580312297
0.00186459924540321839334900028653
0.00186459924540321839334900028653
0.00186434467156622154957814328867
0.00186434467156622154957814328867
0.00186408358221359201842802183976
0.00186408358221359201842802183976
0.00186381597825778541206716019035
0.00186381597825778541206716019035
0.00186354186063402459138604749459
0.00186354186063402459138604749459
0.00186326123030029639757834002632
0.00186326123030029639757834002632
0.00186297408823734830416645772443
0.00186297408823734830416645772443
0.00186268043544868498948327557549
0.00186268043544868498948327557549
0.00186238027296056482962188833179
0.00186238027296056482962188833179
0.00186207360182199631186570501113
0.00186207360182199631186570501113
0.00186176042310473436861140753055
0.00186176042310473436861140753055
0.00186144073790327663179758568736
0.00186144073790327663179758568736
0.00186111454733485960785213851835
0.00186111454733485960785213851835
0.00186078185253945477317180983883
0.00186078185253945477317180983883
0.00186044265467976459014750348767
0.00186044265467976459014750348767
0.00186009695494121844374930148156
0.00186009695494121844374930148156
0.00185974475453196849868538590937
0.00185974475453196849868538590937
0.00185938605468288547714934297649
0.00185938605468288547714934297649
0.00185902085664755435717060513639
0.00185902085664755435717060513639
0.00185864916170226999158306472343
0.00185864916170226999158306472343
0.00185827097114603264762716992444
0.00185827097114603264762716992444
0.00185788628630054346720109129689
0.00185788628630054346720109129689
0.00185749510851019984777682435745
0.00185749510851019984777682435745
0.00185709743914209074399737102481
0.00185709743914209074399737102481
0.00185669327958599188997141990482
0.00185669327958599188997141990482
0.00185628263125436094228222255233
0.00185628263125436094228222255233
0.00185586549558233254372763993251
0.00185586549558233254372763993251
0.00185544187402771330780861033317
0.00185544187402771330780861033317
0.00185501176807097672398356694817
0.00185501176807097672398356694817
0.00185457517921525798370661025946
0.00185457517921525798370661025946
0.0018541321089863487272675171902
0.0018541321089863487272675171902
0.00185368255893269171145194578359
0.00185368255893269171145194578359
0.00185322653062537539804047087939
0.00185322653062537539804047087939
0.00185276402565812846316536291323
0.00185276402565812846316536291323
0.00185229504564731422754429854973
0.00185229504564731422754429854973
0.00185181959223192500761046838062
0.00185181959223192500761046838062
0.00185133766707357638755882336978
0.00185133766707357638755882336978
0.00185084927185650141232847811009
0.00185084927185650141232847811009
0.00185035440828754470154156526918
0.00185035440828754470154156526918
0.0018498530780961564844191118429
0.0018498530780961564844191118429
0.00184934528303438655569478400475
0.00184934528303438655569478400475
0.00184883102487687815254762343672
0.00184883102487687815254762343672
0.00184831030542086175257517404953
0.00184831030542086175257517404953
0.00184778312648614879282867394883
0.00184778312648614879282867394883
0.00184724948991512530993226337614
0.00184724948991512530993226337614
0.00184670939757274550130843514931
0.00184670939757274550130843514931
0.00184616285134652520753222984494
0.00184616285134652520753222984494
0.00184560985314653531583695360513
0.00184560985314653531583695360513
0.00184505040490539508479447201031
0.00184505040490539508479447201031
0.0018444845085782653901934089395
0.0018444845085782653901934089395
0.0018439121661428418921388547368
0.0018439121661428418921388547368
0.00184333337959934812339746331829
0.00184333337959934812339746331829
0.00184274815097052849901209308534
0.00184274815097052849901209308534
0.00184215648230164124721042165756
0.00184215648230164124721042165756
0.00184155837566045126163223950065
0.00184155837566045126163223950065
0.00184095383313722287490040250021
0.00184095383313722287490040250021
0.00184034285684471255356069842055
0.00184034285684471255356069842055
0.00183972544891816151441615698807
0.00183972544891816151441615698807
0.00183910161151528826228160804932
0.00183910161151528826228160804932
0.00183847134681628104918456687463
0.00183847134681628104918456687463
0.00183783465702379025503880020776
0.00183783465702379025503880020776
0.00183719154436292068981720109951
0.00183719154436292068981720109951
0.00183654201108122381725087490735
0.00183654201108122381725087490735
0.00183588605944868990008161309397
0.00183588605944868990008161309397
0.00183522369175774006689520561247
0.00183522369175774006689520561247
0.00183455491032321830056331672576
0.00183455491032321830056331672576
0.00183387971748238334832192307023
0.00183387971748238334832192307023
0.00183319811559490055351458663828
0.00183319811559490055351458663828
0.00183251010704283360902910912035
0.00183251010704283360902910912035
0.00183181569423063623245638771321
0.00183181569423063623245638771321
0.00183111487958514376300056606667
0.00183111487958514376300056606667
0.00183040766555556468016984750456
0.00183040766555556468016984750456
0.00182969405461347204427761101698
0.00182969405461347204427761101698
0.00182897404925279485878374377834
0.00182897404925279485878374377834
0.00182824765198980935450637709869
0.00182824765198980935450637709869
0.00182751486536313019573448576325
0.00182751486536313019573448576325
0.00182677569193370160827208365617
0.00182677569193370160827208365617
0.00182603013428478842944502139812
0.00182603013428478842944502139812
0.00182527819502196708010166445254
0.00182527819502196708010166445254
0.00182451987677311645863900277137
0.00182451987677311645863900277137
0.00182375518218840875708601555687
0.00182375518218840875708601555687
0.00182298411394030019927638711026
0.00182298411394030019927638711026
0.00182220667472352170114294202072
0.00182220667472352170114294202072
0.00182142286725506945316644011697
0.00182142286725506945316644011697
0.00182063269427419542501164365913
0.00182063269427419542501164365913
0.00181983615854239779238384118836
0.00181983615854239779238384118836
0.00181903326284341128613928427611
0.00181903326284341128613928427611
0.00181822400998319746368326512194
0.00181822400998319746368326512194
0.00181740840278993490268983453801
0.00181740840278993490268983453801
0.00181658644411400931717743132909
0.00181658644411400931717743132909
0.00181575813682800359597496542756
0.00181575813682800359597496542756
0.00181492348382668776361316837274
0.00181492348382668776361316837274
0.0018140824880270088636762958325
0.0018140824880270088636762958325
0.00181323515236808076464953785059
0.00181323515236808076464953785059
0.0018123814798111738882977633653
0.0018123814798111738882977633653
0.001811521473339704860611496283
0.001811521473339704860611496283
0.00181065513595922608535629100192
0.00181065513595922608535629100192
0.00180978247069741524026194576748
0.00180978247069741524026194576748
0.00180890348060406469588826259922
0.00180890348060406469588826259922
0.00180801816875107085720433275895
0.00180801816875107085720433275895
0.00180712653823242342791859683129
0.00180712653823242342791859683129
0.00180622859216419459759719845812
0.00180622859216419459759719845812
0.00180532433368452815160842060821
0.00180532433368452815160842060821
0.00180441376595362850393126297097
0.00180441376595362850393126297097
0.00180349689215374965286648863761
0.00180349689215374965286648863761
0.00180257371548918405968873767383
0.00180257371548918405968873767383
0.00180164423918625145027857449371
0.00180164423918625145027857449371
0.0018007084664932875397736051145
0.0018007084664932875397736051145
0.00179976640068063268027806940498
0.00179976640068063268027806940498
0.00179881804504062043167058233553
0.00179881804504062043167058233553
0.0017978634028875660555499669949
0.0017978634028875660555499669949
0.00179690247755775493235939075563
0.00179690247755775493235939075563
0.00179593527240943090172928444689
0.00179593527240943090172928444689
0.00179496179082278452607979272838
0.00179496179082278452607979272838
0.00179398203619994127752377205223
0.00179398203619994127752377205223
0.00179299601196494964811162064847
0.00179299601196494964811162064847
0.00179200372156376918345949287552
0.00179200372156376918345949287552
0.00179100516846425843980271803656
0.00179100516846425843980271803656
0.00179000035615616286451651137658
0.00179000035615616286451651137658
0.00178898928815110260014633244162
0.00178898928815110260014633244162
0.00178797196798256021199051330019
0.00178797196798256021199051330019
0.00178694839920586833927804629677
0.00178694839920586833927804629677
0.0017859185853981972699846880268
0.0017859185853981972699846880268
0.00178488253015854243933080309193
0.00178488253015854243933080309193
0.00178384023710771185200463791104
0.00178384023710771185200463791104
0.00178279170988831342815498142752
0.00178279170988831342815498142752
0.0017817369521647422731974359639
0.0017817369521647422731974359639
0.00178067596762316787147878773136
0.00178067596762316787147878773136
0.00177960875997152120384423260266
0.00177960875997152120384423260266
0.00177853533293948178915247870119
0.00177853533293948178915247870119
0.00177745569027846464978401314633
0.00177745569027846464978401314633
0.00177636983576160720118808592379
0.00177636983576160720118808592379
0.00177527777318375606551422931957
0.00177527777318375606551422931957
0.00177417950636145380937439666546
0.00177417950636145380937439666546
0.00177307503913292560578206929261
0.00177307503913292560578206929261
0.00177196437535806582031494557622
0.00177196437535806582031494557622
0.00177084751891842452154809077772
0.00177084751891842452154809077772
0.00176972447371719391580469105098
0.00176972447371719391580469105098
0.00176859524367919470627181947375
0.00176859524367919470627181947375
0.00176745983275086237652888629492
0.00176745983275086237652888629492
0.001766318244900233398536709751
0.001766318244900233398536709751
0.00176517048411693136513540780034
0.00176517048411693136513540780034
0.00176401655441215304709957495029
0.00176401655441215304709957495029
0.00176285645981865437479947200991
0.00176285645981865437479947200991
0.00176169020439073634451722008794
0.00176169020439073634451722008794
0.00176051779220423084946725347151
0.00176051779220423084946725347151
0.00175933922735648643557054916479
0.00175933922735648643557054916479
0.00175815451396635398203241383756
0.00175815451396635398203241383756
0.00175696365617417230677387173017
0.00175696365617417230677387173017
0.00175576665814175369676695968333
0.00175576665814175369676695968333
0.00175456352405236936332449790704
0.00175456352405236936332449790704
0.00175335425811073482239516737224
0.00175335425811073482239516737224
0.0017521388645429951999149868005
0.0017521388645429951999149868005
0.00175091734759671046226654413985
0.00175091734759671046226654413985
0.00174968971154084057189759914876
0.00174968971154084057189759914876
0.00174845596066573056815093526317
0.00174845596066573056815093526317
0.00174721609928309557335760029357
0.00174721609928309557335760029357
0.00174597013172600572424593668861
0.00174597013172600572424593668861
0.00174471806234887102871906310849
0.00174471806234887102871906310849
0.00174345989552742614805372987361
0.00174345989552742614805372987361
0.00174219563565871510457373149162
0.00174219563565871510457373149162
0.00174092528716107591485131991783
0.00174092528716107591485131991783
0.00173964885447412514849032246852
0.00173964885447412514849032246852
0.0017383663420587424125449283842
0.0017383663420587424125449283842
0.00173707775439705476162836792828
0.00173707775439705476162836792828
0.00173578309599242103376596760594
0.00173578309599242103376596760594
0.00173448237136941611204732459643
0.00173448237136941611204732459643
0.00173317558507381511213260280973
0.00173317558507381511213260280973
0.00173186274167257749566821210339
0.00173186274167257749566821210339
0.00173054384575383110966739112755
0.00173054384575383110966739112755
0.00172921890192685615191147300431
0.00172921890192685615191147300431
0.00172788791482206906242787159021
0.00172788791482206906242787159021
0.00172655088909100634110108441847
0.00172655088909100634110108441847
0.00172520782940630829147326656745
0.00172520782940630829147326656745
0.00172385874046170269079118765526
0.00172385874046170269079118765526
0.00172250362697198838635664191422
0.00172250362697198838635664191422
0.00172114249367301881823763885412
0.00172114249367301881823763885412
0.00171977534532168546839795937739
0.00171977534532168546839795937739
0.00171840218669590123630291936284
0.00171840218669590123630291936284
0.00171702302259458374105943968556
0.00171702302259458374105943968556
0.00171563785783763855014877838862
0.00171563785783763855014877838862
0.00171424669726594233481053726644
0.00171424669726594233481053726644
0.00171284954574132595213681145893
0.00171284954574132595213681145893
0.00171144640814655745393560678892
0.00171144640814655745393560678892
0.00171003728938532502242290550261
0.00171003728938532502242290550261
0.00170862219438221983280301679182
0.00170862219438221983280301679182
0.0017072011280827188427971039881
0.0017072011280827188427971039881
0.00170577409545316750918003562015
0.00170577409545316750918003562015
0.00170434110148076243138596261774
0.00170434110148076243138596261774
0.00170290215117353392224327882543
0.00170290215117353392224327882543
0.00170145724956032850589987665802
0.00170145724956032850589987665802
0.00170000640169079134299986418488
0.00170000640169079134299986418488
0.0016985496126353485831731641724
0.0016985496126353485831731641724
0.00169708688748518964489966964061
0.00169708688748518964489966964061
0.00169561823135224942280988430167
0.00169561823135224942280988430167
0.00169414364936919042248422984313
0.00169414364936919042248422984313
0.00169266314668938482281345539655
0.00169266314668938482281345539655
0.00169117672848689646598283769175
0.00169117672848689646598283769175
0.00168968439995646277514311333748
0.00168968439995646277514311333748
0.00168818616631347659983133738992
0.00168818616631347659983133738992
0.00168668203279396798920511486989
0.00168668203279396798920511486989
0.00168517200465458589315390416806
0.00168517200465458589315390416806
0.00168365608717257979135134333233
0.00168365608717257979135134333233
0.00168213428564578125031280206376
0.00168213428564578125031280206376
0.00168060660539258540852261385478
0.00168060660539258540852261385478
0.00167907305175193238969569408567
0.00167907305175193238969569408567
0.00167753363008328864423850105136
0.00167753363008328864423850105136
0.00167598834576662821897454781975
0.00167598834576662821897454781975
0.001674437204202413955199923524
0.001674437204202413955199923524
0.00167288021081157861513453316339
0.00167288021081157861513453316339
0.00167131737103550593683501523057
0.00167131737103550593683501523057
0.00166974869033601161763554649502
0.00166974869033601161763554649502
0.0016681741741953242261829930534
0.0016681741741953242261829930534
0.00166659382811606604313311630628
0.00166659382811606604313311630628
0.00166500765762123383057479183623
0.00166500765762123383057479183623
0.00166341566825417953024944824339
0.00166341566825417953024944824339
0.00166181786557859089063318184191
0.00166181786557859089063318184191
0.00166021425517847202294925173078
0.00166021425517847202294925173078
0.00165860484265812388617890812745
0.00165860484265812388617890812745
0.00165698963364212470113875498898
0.00165698963364212470113875498898
0.00165536863377531029369309584417
0.00165536863377531029369309584417
0.00165374184872275436716995941921
0.00165374184872275436716995941921
0.00165210928416974870404974905845
0.00165210928416974870404974905845
0.00165047094582178329699570712024
0.00165047094582178329699570712024
0.00164882683940452640929563246412
0.00164882683940452640929563246412
0.0016471769706638045647845358391
0.0016471769706638045647845358391
0.00164552134536558246731816443348
0.00164552134536558246731816443348
0.00164385996929594284986757305177
0.00164385996929594284986757305177
0.00164219284826106625330516534531
0.00164219284826106625330516534531
0.00164051998808721073495287423734
0.00164051998808721073495287423734
0.00163884139462069150696339615074
0.00163884139462069150696339615074
0.00163715707372786050460563886631
0.00163715707372786050460563886631
0.00163546703129508588452578781025
0.00163546703129508588452578781025
0.00163377127322873145305564029099
0.00163377127322873145305564029099
0.00163206980545513602464010167638
0.00163206980545513602464010167638
0.00163036263392059271045598172201
0.00163036263392059271045598172201
0.00162864976459132813729447322901
0.00162864976459132813729447322901
0.00162693120345348159677993892423
0.00162693120345348159677993892423
0.00162520695651308412499787591674
0.00162520695651308412499787591674
0.00162347702979603751260517029043
0.00162347702979603751260517029043
0.00162174142934809324549599734347
0.00162174142934809324549599734347
0.00162000016123483137609696567935
0.00162000016123483137609696567935
0.00161825323154163932536534579155
0.00161825323154163932536534579155
0.00161650064637369061556446596274
0.00161650064637369061556446596274
0.00161474241185592353389060021957
0.00161474241185592353389060021957
0.00161297853413301972702591474447
0.00161297853413301972702591474447
0.00161120901936938272669228054564
0.00161120901936938272669228054564
0.00160943387374911640628100132464
0.00160943387374911640628100132464
0.00160765310347600336863374635726
0.00160765310347600336863374635726
0.001605866714773483265050218816
0.001605866714773483265050218816
0.00160407471388463104559833031158
0.00160407471388463104559833031158
0.0016022771070721351408028925151
0.0016022771070721351408028925151
0.00160047390061827557478907654081
0.00160047390061827557478907654081
0.00159866510082490200995713032172
0.00159866510082490200995713032172
0.00159685071401341172326508349466
0.00159685071401341172326508349466
0.00159503074652472751419640832832
0.00159503074652472751419640832832
0.00159320520471927554448984397509
0.00159320520471927554448984397509
0.00159137409497696310970882980536
0.00159137409497696310970882980536
0.00158953742369715634272823179006
0.00158953742369715634272823179006
0.00158769519729865784921628383269
0.00158769519729865784921628383269
0.00158584742221968427518990361562
0.00158584742221968427518990361562
0.00158399410491784380672177991511
0.00158399410491784380672177991511
0.00158213525187011360187786545619
0.00158213525187011360187786545619
0.00158027086957281715496414621942
0.00158027086957281715496414621942
0.00157840096454160159316179467744
0.00157840096454160159316179467744
0.00157652554331141490563005072844
0.00157652554331141490563005072844
0.00157464461243648310515641010558
0.00157464461243648310515641010558
0.00157275817849028732243393577522
0.00157275817849028732243393577522
0.00157086624806554083304574329164
0.00157086624806554083304574329164
0.00156896882777416601723694625119
0.00156896882777416601723694625119
0.00156706592424727125255458288322
0.00156706592424727125255458288322
0.00156515754413512773943627942824
0.00156515754413512773943627942824
0.00156324369410714625982864028488
0.00156324369410714625982864028488
0.00156132438085185386891658895472
0.00156132438085185386891658895472
0.00155939961107687052004511757847
0.00155939961107687052004511757847
0.00155746939150888562291513633599
0.00155746939150888562291513633599
0.00155553372889363453513534717653
0.00155553372889363453513534717653
0.00155359262999587498721229925324
0.00155359262999587498721229925324
0.00155164610159936344106101605622
0.00155164610159936344106101605622
0.00154969415050683138211881657083
0.00154969415050683138211881657083
0.00154773678353996154514518483188
0.00154773678353996154514518483188
0.00154577400753936407379077399825
0.00154577400753936407379077399825
0.00154380582936455261401886253631
0.00154380582936455261401886253631
0.00154183225589392034146281127332
0.00154183225589392034146281127332
0.00153985329402471592280330096228
0.00153985329402471592280330096228
0.00153786895067301941124936058772
0.00153786895067301941124936058772
0.00153587923277371807620742693615
0.00153587923277371807620742693615
0.0015338841472804821672229059546
0.0015338841472804821672229059546
0.00153188370116574061227893612545
0.00153188370116574061227893612545
0.00152987790142065665053728349402
0.00152987790142065665053728349402
0.00152786675505510339960652709778
0.00152786675505510339960652709778
0.00152585026909763935742292235942
0.00152585026909763935742292235942
0.00152382845059548383882955852259
0.00152382845059548383882955852259
0.001521801306614492346939654425
0.001521801306614492346939654425
0.00151976884423913187937006482063
0.00151976884423913187937006482063
0.00151773107057245616943129707811
0.00151773107057245616943129707811
0.00151568799273608086236056539687
0.00151568799273608086236056539687
0.00151363961787015862668463669402
0.00151363961787015862668463669402
0.00151158595313335420079944902386
0.00151158595313335420079944902386
0.00150952700570281937485370979606
0.00150952700570281937485370979606
0.00150746278277416790802390715885
0.00150746278277416790802390715885
0.00150539329156145038126839370732
0.00150539329156145038126839370732
0.00150331853929712898564842716518
0.00150331853929712898564842716518
0.00150123853323205224630427786887
0.00150123853323205224630427786887
0.00149915328063542968217473775589
0.00149915328063542968217473775589
0.0014970627887948064015485901231
0.0014970627887948064015485901231
0.0014949670650160376335368236757
0.0014949670650160376335368236757
0.00149286611662326319555459833157
0.00149286611662326319555459833157
0.00149075995095888189690219387927
0.00149075995095888189690219387927
0.00148864857538352587853439590904
0.00148864857538352587853439590904
0.00148653199727603488910799644539
0.00148653199727603488910799644539
0.00148441022403343049739730940488
0.00148441022403343049739730940488
0.00148228326307089024116782338409
0.00148228326307089024116782338409
0.00148015112182172171259833634909
0.00148015112182172171259833634909
0.0014780138077373365803421385481
0.0014780138077373365803421385481
0.00147587132828722454831803140307
0.00147587132828722454831803140307
0.00147372369095892725132219125276
0.00147372369095892725132219125276
0.00147157090325801208755210761839
0.00147157090325801208755210761839
0.00146941297270804598813404614294
0.00146941297270804598813404614294
0.00146724990685056912374570651523
0.00146724990685056912374570651523
0.00146508171324506854842596552999
0.00146508171324506854842596552999
0.00146290839946895178066381495367
0.00146290839946895178066381495367
0.00146072997311752032185882306273
0.00146072997311752032185882306273
0.00145854644180394311224566759518
0.00145854644180394311224566759518
0.00145635781315922992437550640694
0.00145635781315922992437550640694
0.00145416409483220469424717035109
0.00145416409483220469424717035109
0.00145196529448947879018138079963
0.00145196529448947879018138079963
0.00144976141981542421953141180326
0.00144976141981542421953141180326
0.00144755247851214677332383413394
0.00144755247851214677332383413394
0.00144533847829945910892319537721
0.00144533847829945910892319537721
0.00144311942691485377081470683537
0.00144311942691485377081470683537
0.00144089533211347614959922426775
0.00144089533211347614959922426775
0.00143866620166809737929502543055
0.00143866620166809737929502543055
0.00143643204336908717304110298386
0.00143643204336908717304110298386
0.0014341928650243865972969066083
0.0014341928650243865972969066083
0.00143194867445948078463368311651
0.00143194867445948078463368311651
0.0014296994795173715852127779546
0.0014296994795173715852127779546
0.00142744528805855015704647576632
0.00142744528805855015704647576632
0.00142518610796096949513717163488
0.00142518610796096949513717163488
0.00142292194712001689959087822616
0.00142292194712001689959087822616
0.00142065281344848638280128732936
0.00142065281344848638280128732936
0.00141837871487655101580081722763
0.00141837871487655101580081722763
0.00141609965935173521387528993069
0.00141609965935173521387528993069
0.00141381565483888696153909456292
0.00141381565483888696153909456292
0.00141152670932014997696790512374
0.00141152670932014997696790512374
0.00140923283079493581598623242084
0.00140923283079493581598623242084
0.00140693402727989591570730122082
0.00140693402727989591570730122082
0.0014046303068088935779229545652
0.0014046303068088935779229545652
0.00140232167743297589234149776113
0.00140232167743297589234149776113
0.00140000814722034559977160477626
0.00140000814722034559977160477626
0.0013976897242563328953506196434
0.0013976897242563328953506196434
0.00139536641664336717191579501405
0.00139536641664336717191579501405
0.00139303823250094870361721918821
0.00139303823250094870361721918821
0.00139070517996562026987139179159
0.00139070517996562026987139179159
0.00138836726719093871975461676902
0.00138836726719093871975461676902
0.00138602450234744647693558951381
0.00138602450234744647693558951381
0.00138367689362264298524676275684
0.00138367689362264298524676275684
0.00138132444922095609499428329479
0.00138132444922095609499428329479
0.00137896717736371339010649874405
0.00137896717736371339010649874405
0.00137660508628911345622124026425
0.00137660508628911345622124026425
0.00137423818425219708981229360297
0.00137423818425219708981229360297
0.00137186647952481844845567686933
0.00137186647952481844845567686933
0.00136948998039561614233654914916
0.00136948998039561614233654914916
0.00136710869516998426709777942692
0.00136710869516998426709777942692
0.00136472263217004337813141027862
0.00136472263217004337813141027862
0.00136233179973461140641445544596
0.00136233179973461140641445544596
0.0013599362062191745159906746926
0.0013599362062191745159906746926
0.00135753585999585790320017327966
0.00135753585999585790320017327966
0.00135513076945339653775887697711
0.00135513076945339653775887697711
0.00135272094299710584579013675125
0.00135272094299710584579013675125
0.00135030638904885233491092013427
0.00135030638904885233491092013427
0.00134788711604702416147524878968
0.00134788711604702416147524878968
0.00134546313244650164007774393665
0.00134546313244650164007774393665
0.00134303444671862769542034308551
0.00134303444671862769542034308551
0.0013406010673511782566454529667
0.0013406010673511782566454529667
0.00133816300284833259423900460321
0.00133816300284833259423900460321
0.00133572026173064359960707718411
0.00133572026173064359960707718411
0.0013332728525350080074299577412
0.0013332728525350080074299577412
0.00133082078381463656089770361212
0.00133082078381463656089770361212
0.00132836406413902411993147429196
0.00132836406413902411993147429196
0.0013259027020939197124950985281
0.0013259027020939197124950985281
0.00132343670628129652910154140225
0.00132343670628129652910154140225
0.00132096608531932186061913466585
0.00132096608531932186061913466585
0.00131849084784232697948263175149
0.00131849084784232697948263175149
0.00131601100250077696441434667199
0.00131601100250077696441434667199
0.00131352655796124046876083343986
0.00131352655796124046876083343986
0.00131103752290635943255075969293
0.00131103752290635943255075969293
0.00130854390603481873837982489473
0.00130854390603481873837982489473
0.00130604571606131581122876979234
0.00130604571606131581122876979234
0.00130354296171653016232071975691
0.00130354296171653016232071975691
0.00130103565174709287712430020378
0.00130103565174709287712430020378
0.00129852379491555604760915748877
0.00129852379491555604760915748877
0.00129600740000036214886071350425
0.00129600740000036214886071350425
0.00129348647579581336016117665194
0.00129348647579581336016117665194
0.00129096103111204083064402594944
0.00129096103111204083064402594944
0.00128843107477497388962937873195
0.00128843107477497388962937873195
0.00128589661562630920174784574048
0.00128589661562630920174784574048
0.00128335766252347986696067034135
0.00128335766252347986696067034135
0.00128081422433962446558414119816
0.00128081422433962446558414119816
0.00127826630996355604842645991736
0.00127826630996355604842645991736
0.0012757139282997310721454370094
0.0012757139282997310721454370094
0.00127315708826821827993558095013
0.00127315708826821827993558095013
0.00127059579880466752765333619037
0.00127059579880466752765333619037
0.00126803006886027855548941664461
0.00126803006886027855548941664461
0.00126545990740176970529737149199
0.00126545990740176970529737149199
0.00126288532341134658368771004387
0.00126288532341134658368771004387
0.00126030632588667067099710197105
0.00126030632588667067099710197105
0.00125772292384082787624235833982
0.00125772292384082787624235833982
0.00125513512630229703816908767878
0.00125513512630229703816908767878
0.0012525429423149183725051096872
0.0012525429423149183725051096872
0.00124994638093786186552889719931
0.00124994638093786186552889719931
0.001247345451245595614063504638
0.001247345451245595614063504638
0.00124474016232785411200662842359
0.00124474016232785411200662842359
0.00124213052328960648350763164956
0.00124213052328960648350763164956
0.00123951654325102466290255179535
0.00123951654325102466290255179535
0.00123689823134745152151829631748
0.00123689823134745152151829631748
0.00123427559672936894145741664162
0.00123427559672936894145741664162
0.0012316486485623658364750363714
0.0012316486485623658364750363714
0.00122901739602710612005969443219
0.00122901739602710612005969443219
0.00122638184831929662083004838065
0.00122638184831929662083004838065
0.00122374201464965494535956723136
0.00122374201464965494535956723136
0.00122109790424387728854152688138
0.00122109790424387728854152688138
0.00121844952634260619160680454994
0.00121844952634260619160680454994
0.00121579689020139824790715159417
0.00121579689020139824790715159417
0.00121314000509069175657680661112
0.00121314000509069175657680661112
0.00121047888029577432418549289207
0.00121047888029577432418549289207
0.00120781352511675041449602605485
0.00120781352511675041449602605485
0.00120514394886850884643993904496
0.00120514394886850884643993904496
0.00120247016088069024042471266382
0.00120247016088069024042471266382
0.00119979217049765441308638035451
0.00119979217049765441308638035451
0.00119710998707844772060145614833
0.00119710998707844772060145614833
0.00119442361999677035067231445136
0.00119442361999677035067231445136
0.00119173307864094356330032972678
0.00119173307864094356330032972678
0.00118903837241387688046126310561
0.00118903837241387688046126310561
0.00118633951073303522479756153586
0.00118633951073303522479756153586
0.00118363650303040600744241325625
0.00118363650303040600744241325625
0.00118092935875246616509058115562
0.00118092935875246616509058115562
0.00117821808736014914643121295233
0.00117821808736014914643121295233
0.00117550269832881184805800409815
0.00117550269832881184805800409815
0.00117278320114820149997226587871
0.00117278320114820149997226587871
0.00117005960532242250079462734555
0.00117005960532242250079462734555
0.00116733192036990320280127547442
0.00116733192036990320280127547442
0.00116460015582336264690081329778
0.00116460015582336264690081329778
0.0011618643212297772476679907083
0.0011618643212297772476679907083
0.00115912442615034742855073717175
0.00115912442615034742855073717175
0.00115638048016046420736709972329
0.00115638048016046420736709972329
0.00115363249284967573220886334828
0.00115363249284967573220886334828
0.0011508804738216537678688041689
0.0011508804738216537678688041689
0.0011481244326941601329086987683
0.0011481244326941601329086987683
0.00114536437909901308748538548585
0.00114536437909901308748538548585
0.00114260032268205367205234560861
0.00114260032268205367205234560861
0.00113983227310311199705444406545
0.00113983227310311199705444406545
0.00113706024003597348373364050019
0.00113706024003597348373364050019
0.00113428423316834505616365245868
0.00113428423316834505616365245868
0.00113150426220182128463172287065
0.00113150426220182128463172287065
0.00112872033685185048048581404064
0.00112872033685185048048581404064
0.00112593246684770074256571998164
0.00112593246684770074256571998164
0.00112314066193242595533675813119
0.00112314066193242595533675813119
0.00112034493186283173884487028024
0.00112034493186283173884487028024
0.00111754528640944135061213092119
0.00111754528640944135061213092119
0.00111474173535646153959182918106
0.00111474173535646153959182918106
0.00111193428850174835230245804957
0.00111193428850174835230245804957
0.00110912295565677289126011173799
0.00110912295565677289126011173799
0.00110630774664658702582895871387
0.00110630774664658702582895871387
0.00110348867130978905560962424718
0.00110348867130978905560962424718
0.00110066573949848932648548217536
0.00110066573949848932648548217536
0.00109783896107827579944702104753
0.00109783896107827579944702104753
0.00109500834592817957231461484077
0.00109500834592817957231461484077
0.00109217390394064035448019305331
0.00109217390394064035448019305331
0.00108933564502147189478846917121
0.00108933564502147189478846917121
0.00108649357908982736267855027396
0.00108649357908982736267855027396
0.00108364771607816468270691389231
0.00108364771607816468270691389231
0.00108079806593221182257290115594
0.00108079806593221182257290115594
0.00107794463861093203476803776979
0.00107794463861093203476803776979
0.00107508744408648905197065643532
0.00107508744408648905197065643532
0.00107222649234421223630745598571
0.00107222649234421223630745598571
0.00106936179338256168260379373195
0.00106936179338256168260379373195
0.00106649335721309327574466831888
0.00106649335721309327574466831888
0.00106362119386042370226851076645
0.00106362119386042370226851076645
0.00106074531336219541631606132072
0.00106074531336219541631606132072
0.00105786572576904156005676926148
0.00105786572576904156005676926148
0.00105498244114455083871531190724
0.00105498244114455083871531190724
0.00105209546956523235032098772478
0.00105209546956523235032098772478
0.00104920482112048037030289668704
0.00104920482112048037030289668704
0.0010463105059125390910539788309
0.0010463105059125390910539788309
0.00104341253405646731658713934378
0.00104341253405646731658713934378
0.00104051091568010311240684545496
0.00104051091568010311240684545496
0.00103760566092402841071973692346
0.00103760566092402841071973692346
0.00103469677994153357110794799822
0.00103469677994153357110794799822
0.00103178428289858189678899437866
0.00103178428289858189678899437866
0.00102886817997377410658623392247
0.00102886817997377410658623392247
0.001025948481358312762734064634
0.001025948481358312762734064634
0.00102302519725596665464217781814
0.00102302519725596665464217781814
0.00102009833788303513874333820289
0.00102009833788303513874333820289
0.00101716791346831243454931631642
0.00101716791346831243454931631642
0.00101423393425305187703975145205
0.00101423393425305187703975145205
0.00101129641049093012550887616607
0.00101129641049093012550887616607
0.0010083553524480113289951854284
0.0010083553524480113289951854284
0.0010054107704027112484192852842
0.0010054107704027112484192852842
0.00100246267464576133555530718515
0.00100246267464576133555530718515
0.00099951107548017276896142501142
0.00099951107548017276896142501142
0.00099655598322120044699516222958
0.00099655598322120044699516222958
0.00099359740819630693803932661635
0.00099359740819630693803932661635
0.00099063536074512638806455952339
0.00099063536074512638806455952339
0.00098766985121942838565463576353
0.00098766985121942838565463576353
0.0009847008899830817846207988633
0.0009847008899830817846207988633
0.00098172848741201848433156464994
0.00098172848741201848433156464994
0.00097875265389419716788457392276
0.00097875265389419716788457392276
0.00097577339982956699824722229848
0.00097577339982956699824722229848
0.00097279073563003127249294221663
0.00097279073563003127249294221663
0.00096980467171941103426015854523
0.00096980467171941103426015854523
0.00096681521853340864456108523673
0.00096681521853340864456108523673
0.00096382238651957131106767604993
0.00096382238651957131106767604993
0.00096082618613725457600218747527
0.00096082618613725457600218747527
0.00095782662785758576275995667618
0.00095782662785758576275995667618
0.00095482372216342738139214149008
0.00095482372216342738139214149008
0.00095181747954934049307631331655
0.00095181747954934049307631331655
0.00094880791052154803370293705766
0.00094880791052154803370293705766
0.00094579502559789809670591516609
0.00094579502559789809670591516609
0.00094277883530782717526551529907
0.00094277883530782717526551529907
0.00093975935019232336401214307125
0.00093975935019232336401214307125
0.00093673658080388952035956294538
0.00093673658080388952035956294538
0.00093371053770650638559631139675
0.00093371053770650638559631139675
0.00093068123147559566586418713495
0.00093068123147559566586418713495
0.00092764867269798307315284336383
0.00092764867269798307315284336383
0.00092461287197186132643964680753
0.00092461287197186132643964680753
0.00092157383990675311310410752643
0.00092157383990675311310410752643
0.00091853158712347401074632239159
0.00091853158712347401074632239159
0.00091548612425409536953901347871
0.00091548612425409536953901347871
0.00091243746194190715524288058319
0.00091243746194190715524288058319
0.0009093856108413807530151245452
0.0009093856108413807530151245452
0.00090633058161813173214113510815
0.00090633058161813173214113510815
0.00090327238494888257181947361421
0.00090327238494888257181947361421
0.00090021103152142534813041696715
0.00090021103152142534813041696715
0.00089714653203458438231846496422
0.00089714653203458438231846496422
0.00089407889719817885051934831581
0.00089407889719817885051934831581
0.00089100813773298535506220943234
0.00089100813773298535506220943234
0.00088793426437070045747776236345
0.00088793426437070045747776236345
0.00088485728785390317334337212303
0.00088485728785390317334337212303
0.00088177721893601742909612702594
0.00088177721893601742909612702594
0.00087869406838127448094511059658
0.00087869406838127448094511059658
0.00087560784696467529601421208703
0.00087560784696467529601421208703
0.00087251856547195289584694666106
0.00087251856547195289584694666106
0.00086942623469953466240488786088
0.00086942623469953466240488786088
0.00086633086545450460669144607503
0.00086633086545450460669144607503
0.00086323246855456560013285736793
0.00086323246855456560013285736793
0.00086013105482800156884837721407
0.00086013105482800156884837721407
0.00085702663511363965094180340183
0.00085702663511363965094180340183
0.00085391922026081231694658163408
0.00085391922026081231694658163408
0.00085080882112931945355687615286
0.00085080882112931945355687615286
0.00084769544858939041077711605526
0.00084769544858939041077711605526
0.00084457911352164601262265584518
0.00084457911352164601262265584518
0.00084145982681706053150431618098
0.00084145982681706053150431618098
0.00083833759937692362642969773242
0.00083833759937692362642969773242
0.00083521244211280224515428755028
0.00083521244211280224515428755028
0.00083208436594650249041550337906
0.00083208436594650249041550337906
0.00082895338181003145038294690665
0.00082895338181003145038294690665
0.00082581950064555899345826204425
0.00082581950064555899345826204425
0.00082268273340537952755811896499
0.00082268273340537952755811896499
0.00081954309105187372401396880036
0.00081954309105187372401396880036
0.00081640058455747020622233759907
0.00081640058455747020622233759907
0.0008132552249046072031795513934
0.0008132552249046072031795513934
0.00081010702308569416803490699256
0.00081010702308569416803490699256
0.0008069559901030733617964254318
0.0008069559901030733617964254318
0.00080380213696898140232344684828
0.00080380213696898140232344684828
0.00080064547470551077874044693075
0.00080064547470551077874044693075
0.0007974860143445713314065759997
0.0007974860143445713314065759997
0.00079432376692785169757554221652
0.00079432376692785169757554221652
0.0007911587435067807228805803951
0.0007911587435067807228805803951
0.00078799095514248883877936739678
0.00078799095514248883877936739678
0.00078482041290576940609386412859
0.00078482041290576940609386412859
0.00078164712787704002478018273643
0.00078164712787704002478018273643
0.00077847111114630381006369568754
0.00077847111114630381006369568754
0.0007752923738131106350747210712
0.0007752923738131106350747210712
0.0007721109269865183401202356125
0.0007721109269865183401202356125
0.00076892678178505390872718359063
0.00076892678178505390872718359063
0.00076573994933667461059306608124
0.00076573994933667461059306608124
0.00076255044077872911157961070075
0.00076255044077872911157961070075
0.00075935826725791855088543731989
0.00075935826725791855088543731989
0.00075616343993025758553375003341
0.00075616343993025758553375003341
0.0007529659699610354023112000231
0.0007529659699610354023112000231
0.0007497658685247766972941778316
0.0007497658685247766972941778316
0.0007465631468052026230989069761
0.0007465631468052026230989069761
0.00074335781599519170399182377
0.00074335781599519170399182377
0.0007401498872967407189968406946
0.0007401498872967407189968406946
0.0007369393719209255531362026626
0.0007369393719209255531362026626
0.0007337262810878620169417570466
0.0007337262810878620169417570466
0.0007305106260266666343735694091
0.0007305106260266666343735694091
0.0007272924179754173992829274629
0.0007272924179754173992829274629
0.0007240716681811145005568859121
0.0007240716681811145005568859121
0.0007208483878996410160816144798
0.0007208483878996410160816144798
0.0007176225883957235756619206116
0.0007176225883957235756619206116
0.0007143942809428929930344270608
0.0007143942809428929930344270608
0.0007111634768234448671119928068
0.0007111634768234448671119928068
0.0007079301873284001525970735387
0.0007079301873284001525970735387
0.0007046944237574657001018252455
0.0007046944237574657001018252455
0.0007014561974189947659128612981
0.0007014561974189947659128612981
0.0006982155196299474915386797837
0.0006982155196299474915386797837
0.0006949724017158513531778837646
0.0006949724017158513531778837646
0.0006917268550107615812464225736
0.0006917268550107615812464225736
0.0006884788908572215501021872391
0.0006884788908572215501021872391
0.0006852285206062231381053976459
0.0006852285206062231381053976459
0.0006819757556171670581533230844
0.0006819757556171670581533230844
0.0006787206072578231588279814311
0.0006787206072578231588279814311
0.0006754630869042906962955653248
0.0006754630869042906962955653248
0.0006722032059409585770964463654
0.0006722032059409585770964463654
0.0006689409757604655719647105675
0.0006689409757604655719647105675
0.0006656764077636605008162800421
0.0006656764077636605008162800421
0.000662409513359562389044777168
0.000662409513359562389044777168
0.0006591403039653205952643883439
0.0006591403039653205952643883439
0.0006558687910061749106390847869
0.0006558687910061749106390847869
0.0006525949859154156299376577691
0.0006525949859154156299376577691
0.0006493189001343435944541251504
0.0006493189001343435944541251504
0.0006460405451122302069331650928
0.0006460405451122302069331650928
0.0006427599323062774186403314146
0.0006427599323062774186403314146
0.0006394770731815776887169031733
0.0006394770731815776887169031733
0.000636191979211073915959318757
0.000636191979211073915959318757
0.0006329046618755193431632420087
0.0006329046618755193431632420087
0.0006296151326634374341724047263
0.0006296151326634374341724047263
0.0006263234030710817237724662545
0.0006263234030710817237724662545
0.0006230294846023956405702268374
0.0006230294846023956405702268374
0.0006197333887689723029986269215
0.0006197333887689723029986269215
0.0006164351270900142885880597004
0.0006164351270900142885880597004
0.0006131347110922933766446188729
0.0006131347110922933766446188729
0.0006098321523101102644759978569
0.0006098321523101102644759978569
0.0006065274622852542573058505591
0.0006065274622852542573058505591
0.0006032206525669629320175172613
0.0006032206525669629320175172613
0.0005999117347118817748681122401
0.0005999117347118817748681122401
0.0005966007202840237933140624071
0.0005966007202840237933140624071
0.0005932876208547291020892785427
0.0005932876208547291020892785427
0.0005899724480026244836772326025
0.0005899724480026244836772326025
0.000586655213313582923318306114
0.000586655213313582923318306114
0.0005833359283806831186938658606
0.0005833359283806831186938658606
0.0005800146048041689644286138777
0.0005800146048041689644286138777
0.0005766912541914090115528492681
0.0005766912541914090115528492681
0.0005733658881568559020663695048
0.0005733658881568559020663695048
0.0005700385183220057787458287208
0.0005700385183220057787458287208
0.0005667091563153576703374600198
0.0005667091563153576703374600198
0.0005633778137723728522771580778
0.0005633778137723728522771580778
0.0005600445023354341830800072674
0.0005600445023354341830800072674
0.0005567092336538054165414292349
0.0005567092336538054165414292349
0.0005533720193835904898922123141
0.0005533720193835904898922123141
0.0005500328711876927880497733902
0.0005500328711876927880497733902
0.0005466918007357743841080908523
0.0005466918007357743841080908523
0.0005433488197042152562088351091
0.0005433488197042152562088351091
0.0005400039397760724809363108294
0.0005400039397760724809363108294
0.0005366571726410394033789126114
0.0005366571726410394033789126114
0.0005333085299954047839998832321
0.0005333085299954047839998832321
0.0005299580235420119224602509926
0.0005299580235420119224602509926
0.0005266056649902177585369100047
0.0005266056649902177585369100047
0.0005232514660558519502788945857
0.0005232514660558519502788945857
0.0005198954384611759295449862831
0.0005198954384611759295449862831
0.000516537593934841935065879485
0.000516537593934841935065879485
0.000513177944211852023174219129
0.000513177944211852023174219129
0.0005098165010335170563459117533
0.0005098165010335170563459117533
0.0005064532761474156696961990919
0.0005064532761474156696961990919
0.0005030882813073532155740716699
0.0005030882813073532155740716699
0.0004997215282733206863986884572
0.0004997215282733206863986884572
0.0004963530288114536158815576737
0.0004963530288114536158815576737
0.0004929827946939909587783233762
0.0004929827946939909587783233762
0.0004896108376992339493140925885
0.0004896108376992339493140925885
0.0004862371696115049384263285496
0.0004862371696115049384263285496
0.0004828618022211062099694272557
0.0004828618022211062099694272557
0.0004794847473242787760251869738
0.0004794847473242787760251869738
0.0004761060167231611514634739266
0.0004761060167231611514634739266
0.0004727256222257481078974820281
0.0004727256222257481078974820281
0.0004693435756458494071780805304
0.0004693435756458494071780805304
0.0004659598888030485145718408938
0.0004659598888030485145718408938
0.0004625745735226612917674332836
0.0004625745735226612917674332836
0.0004591876416356946698551840272
0.0004591876416356946698551840272
0.0004557991049788053024246883528
0.0004557991049788053024246883528
0.0004524089753942581989254780045
0.0004524089753942581989254780045
0.000449017264729885338435851153
0.000449017264729885338435851153
0.0004456239848390442639850826875
0.0004456239848390442639850826875
0.0004422291475805766575743467837
0.0004422291475805766575743467837
0.0004388327648187668960418009655
0.0004388327648187668960418009655
0.0004354348484233005879174020778
0.0004354348484233005879174020778
0.0004320354102692230914131501073
0.0004320354102692230914131501073
0.0004286344622368980136945860858
0.0004286344622368980136945860858
0.0004252320162119656915795059174
0.0004252320162119656915795059174
0.000421828084085301653809993454
0.000421828084085301653809993454
0.000418422677752975065044024154
0.000418422677752975065044024154
0.0004150158091162071517130458939
0.0004150158091162071517130458939
0.0004116074900813296098921067627
0.0004116074900813296098921067627
0.0004081977325597429953292718218
0.0004081977325597429953292718218
0.0004047865484678750957812528344
0.0004047865484678750957812528344
0.0004013739497271392858023679471
0.0004013739497271392858023679471
0.0003979599482638928641341534462
0.0003979599482638928641341534462
0.0003945445560093953738431683635
0.0003945445560093953738431683635
0.0003911277848997669053547663726
0.0003911277848997669053547663726
0.0003877096468759463825308597854
0.0003877096468759463825308597854
0.0003842901538836498319399693969
0.0003842901538836498319399693969
0.0003808693178733286354681435607
0.0003808693178733286354681435607
0.0003774471508001277664196425413
0.0003774471508001277664196425413
0.0003740236646238440092566225526
0.0003740236646238440092566225526
0.0003705988713088841631274209144
0.0003705988713088841631274209144
0.0003671727828242232293334427791
0.0003671727828242232293334427791
0.0003637454111433625828850846676
0.0003637454111433625828850846676
0.0003603167682442881282976048343
0.0003603167682442881282976048343
0.0003568868661094284397783700314
0.0003568868661094284397783700314
0.0003534557167256128859574779581
0.0003534557167256128859574779581
0.0003500233320840297393143806497
0.0003500233320840297393143806497
0.0003465897241801842704538231872
0.0003465897241801842704538231872
0.000343154905013856827385172192
0.000343154905013856827385172192
0.0003397188865890608999600484866
0.0003397188865890608999600484866
0.0003362816809140011696241081084
0.0003362816809140011696241081084
0.0003328433000010315446398470028
0.0003328433000010315446398470028
0.0003294037558666131809384502329
0.0003294037558666131809384502329
0.0003259630605312724887599812772
0.0003259630605312724887599812772
0.0003225212260195591252426279063
0.0003225212260195591252426279063
0.000319078264360003973123307627
0.000319078264360003973123307627
0.0003156341875850771057137099517
0.0003156341875850771057137099517
0.0003121890077311457383178402443
0.0003121890077311457383178402443
0.0003087427368384321662593598226
0.0003087427368384321662593598226
0.0003052953869509716896895229522
0.0003052953869509716896895229522
0.0003018469701165705253493320408
0.0003018469701165705253493320408
0.0002983974983867637054627123278
0.0002983974983867637054627123278
0.0002949469838167729639410982197
0.0002949469838167729639410982197
0.000291495438465464610083884749
0.000291495438465464610083884749
0.0002880428743953073899637985585
0.0002880428743953073899637985585
0.000284589303672330335691463533
0.000284589303672330335691463533
0.0002811347383660806027593700293
0.0002811347383660806027593700293
0.0002776791905495812956722122551
0.0002776791905495812956722122551
0.0002742226722992892820782625772
0.0002742226722992892820782625772
0.0002707651956950529956252527054
0.0002707651956950529956252527054
0.0002673067728200702277743035586
0.0002673067728200702277743035586
0.0002638474157608459088169921244
0.0002638474157608459088169921244
0.0002603871366071498783539046507
0.0002603871366071498783539046507
0.0002569259474519746455082837769
0.0002569259474519746455082837769
0.0002534638603914931391659666275
0.0002534638603914931391659666275
0.0002500008875250164485531266578
0.0002500008875250164485531266578
0.000246537040954951554486842998
0.000246537040954951554486842998
0.0002430723327867590516607845746
0.0002430723327867590516607845746
0.0002396067751289108623599766872
0.0002396067751289108623599766872
0.0002361403800928479420355085282
0.0002361403800928479420355085282
0.0002326731597929379772130916744
0.0002326731597929379772130916744
0.0002292051263464330762597328068
0.0002292051263464330762597328068
0.000225736291873427453591812262
0.000225736291873427453591812262
0.000222266668496815107977221173
0.000222266668496815107977221173
0.0002187962683422474956659103142
0.0002187962683422474956659103142
0.0002153251035380911991796786188
0.0002153251035380911991796786188
0.0002118531862153855927062433637
0.0002118531862153855927062433637
0.0002083805285078005051782072092
0.0002083805285078005051782072092
0.0002049071425515938822789036963
0.0002049071425515938822789036963
0.0002014330404855694488097111212
0.0002014330404855694488097111212
0.0001979582344510343730839927484
0.0001979582344510343730839927484
0.0001944827365917569352896601525
0.0001944827365917569352896601525
0.0001910065590539242020957848952
0.0001910065590539242020957848952
0.0001875297139860997101815604134
0.0001875297139860997101815604134
0.000184052213539181161854325634
0.000184052213539181161854325634
0.0001805740698663581365175038988
0.0001805740698663581365175038988
0.0001770952951230698224746557007
0.0001770952951230698224746557007
0.0001736159014669627744446442665
0.0001736159014669627744446442665
0.0001701359010578487032561897012
0.0001701359010578487032561897012
0.0001666553060576623055402498105
0.0001666553060576623055402498105
0.0001631741286304191429129916661
0.0001631741286304191429129916661
0.000159692380942173582227396726
0.000159692380942173582227396726
0.000156210075160976811080306558
0.000156210075160976811080306558
0.0001527272234568349460406562206
0.0001527272234568349460406562206
0.0001492438380016672552060367086
0.0001492438380016672552060367086
0.0001457599309692645219520723154
0.0001457599309692645219520723154
0.0001422755145352475834486188315
0.0001422755145352475834486188315
0.0001387906008770260861272590725
0.0001387906008770260861272590725
0.0001353052021737575113989551997
0.0001353052021737575113989551997
0.0001318193306063065393547479093
0.0001318193306063065393547479093
0.0001283329983572048370476770819
0.0001283329983572048370476770819
0.0001248462176106113827769730795
0.0001248462176106113827769730795
0.0001213590005522734706886157267
0.0001213590005522734706886157267
0.0001178713593694885839182197071
0.0001178713593694885839182197071
0.0001143833062510673835849902449
0.0001143833062510673835849902449
0.0001108948533872981411007415411
0.0001108948533872981411007415411
0.0001074060129699130509567880705
0.0001074060129699130509567880705
0.0001039167971920570126807883115
0.0001039167971920570126807883115
0.0001004272182482596820347878811
0.0001004272182482596820347878811
0.000096937288334411889493200333
0.000096937288334411889493200333
0.0000934470196477479487697482813
0.0000934470196477479487697482813
0.0000899564243868359908259750913
0.0000899564243868359908259750913
0.000086465514751579353863558894
0.000086465514751579353863558894
0.0000829743029432333854210678862
0.0000829743029432333854210678862
0.0000794828011644440049922650107
0.0000794828011644440049922650107
0.000075991021619317417609011754
0.000075991021619317417609011754
0.0000724989765135350938879908819
0.0000724989765135350938879908819
0.000069006678054535608919266615
0.000069006678054535608919266615
0.000065514138451797005591729552
0.000065514138451797005591729552
0.000062021369917273279323199632
0.000062021369917273279323199632
0.000058528384666072294987958328
0.000058528384666072294987958328
0.000055035194917521024160018957
0.000055035194917521024160018957
0.000051541812896868843209974002
0.000051541812896868843209974002
0.000048048250838073657928454174
0.000048048250838073657928454174
0.00004455452098848831746559289
0.00004455452098848831746559289
0.000041060635617011613661436426
0.000041060635617011613661436426
0.000037566607028838826916371773
0.000037566607028838826916371773
0.00003407244759343965736135497
0.00003407244759343965736135497
0.00003057816980068260484000206
0.00003057816980068260484000206
0.000027083786381290086445128042
0.000027083786381290086445128042
0.00002358931058769555951246337
0.00002358931058769555951246337
0.000020094756920693627965614697
0.000020094756920693627965614697
0.000016600143280717291941511906
0.000016600143280717291941511906
0.00001310549861107074352382947
0.00001310549861107074352382947
9.610898230809135463004074e-6
9.610898230809135463004074e-6
6.11671299411055976070139e-6
6.11671299411055976070139e-6
2.62767271564807294765218e-6
2.62767271564807294765218e-6