0.00194948340203121561316064379644
0.00194947969754029735908928435248
0.00194947969754029735908928435248
0.00194946858408162145792027978193
0.00194946858408162145792027978193
0.00194945006169742443928235541649
0.00194945006169742443928235541649
0.00194942413045810034086860365156
0.00194942413045810034086860365156
0.00194939079046220044090502093664
0.00194939079046220044090502093664
0.00194935004183643288360788301178
0.00194935004183643288360788301178
0.00194930188473566219763138183372
0.00194930188473566219763138183372
0.00194924631934290870750735432404
0.00194924631934290870750735432404
0.00194918334586934783807933975372
0.00194918334586934783807933975372
0.00194911296455430931193360925171
0.00194911296455430931193360925171
0.00194903517566527623983021758868
0.00194903517566527623983021758868
0.0019489499794978841041375340388
0.0019489499794978841041375340388
0.00194885737637591963527411576111
0.00194885737637591963527411576111
0.00194875736665131958116219376584
0.00194875736665131958116219376584
0.00194864995070416936969744813895
0.00194864995070416936969744813895
0.00194853512894270166424015578809
0.00194853512894270166424015578809
0.00194841290180329481213320054364
0.00194841290180329481213320054364
0.00194828326975047118625284199854
0.00194828326975047118625284199854
0.00194814623327689541959854599771
0.00194814623327689541959854599771
0.00194800179290337253292858619152
0.00194800179290337253292858619152
0.00194784994917884595544853254538
0.00194784994917884595544853254538
0.00194769070268039543856014914881
0.00194769070268039543856014914881
0.00194752405401323486267863008916
0.00194752405401323486267863008916
0.00194735000381070993712650854764
0.00194735000381070993712650854764
0.00194716855273429579311298063561
0.00194716855273429579311298063561
0.00194697970147359446980779181643
0.00194697970147359446980779181643
0.00194678345074633229351924005052
0.00194678345074633229351924005052
0.00194657980129835714998625605768
0.00194657980129835714998625605768
0.00194636875390363564979492730865
0.00194636875390363564979492730865
0.00194615030936425018693023853726
0.00194615030936425018693023853726
0.00194592446851039589047420770219
0.00194592446851039589047420770219
0.00194569123220037746946200242286
0.00194569123220037746946200242286
0.00194545060132060595090802796564
0.00194545060132060595090802796564
0.0019452025767855953110143838622
0.0019452025767855953110143838622
0.00194494715953795899957449220083
0.00194494715953795899957449220083
0.00194468435054840635758510654143
0.00194468435054840635758510654143
0.00194441415081573892808031626504
0.00194441415081573892808031626504
0.00194413656136684666020156697674
0.00194413656136684666020156697674
0.0019438515832567040065181233358
0.0019438515832567040065181233358
0.00194355921756836591361280638687
0.00194355921756836591361280638687
0.00194325946541296370594824310985
0.00194325946541296370594824310985
0.00194295232792970086302927149169
0.00194295232792970086302927149169
0.00194263780628584868987754994989
0.00194263780628584868987754994989
0.00194231590167674188083482540258
0.00194231590167674188083482540258
0.00194198661532577397671171968311
0.00194198661532577397671171968311
0.00194164994848439271529929933559
0.00194164994848439271529929933559
0.00194130590243209527526109910104
0.00194130590243209527526109910104
0.00194095447847642341342367460977
0.00194095447847642341342367460977
0.00194059567795295849548416493276
0.00194059567795295849548416493276
0.00194022950222531642015375071209
0.00194022950222531642015375071209
0.00193985595268514243675629858532
0.00193985595268514243675629858532
0.00193947503075210585630188754102
0.00193947503075210585630188754102
0.00193908673787389465605531768959
0.00193908673787389465605531768959
0.0019386910755262099776201067041
0.0019386910755262099776201067041
0.00193828804521276051855888387889
0.00193828804521276051855888387889
0.00193787764846525681757149636661
0.00193787764846525681757149636661
0.00193745988684340543325254668709
0.00193745988684340543325254668709
0.00193703476193490301645048505076
0.00193703476193490301645048505076
0.00193660227535543027625078440532
0.00193660227535543027625078440532
0.00193616242874864583960613039422
0.00193616242874864583960613039422
0.00193571522378618000463696260847
0.00193571522378618000463696260847
0.00193526066216762838762610761748
0.00193526066216762838762610761748
0.00193479874562054546373164827869
0.00193479874562054546373164827869
0.00193432947590043800144257774782
0.00193432947590043800144257774782
0.00193385285479075839080219044056
0.00193385285479075839080219044056
0.00193336888410289786542456593077
0.00193336888410289786542456593077
0.00193287756567617961832990540761
0.00193287756567617961832990540761
0.00193237890137785181162488385429
0.00193237890137785181162488385429
0.00193187289310308048005458455112
0.00193187289310308048005458455112
0.0019313595427749423284529858453
0.0019313595427749423284529858453
0.0019308388523444174231193733666
0.0019308388523444174231193733666
0.00193031082379038177714845400104
0.00193031082379038177714845400104
0.0019297754591195998297423509621
0.0019297754591195998297423509621
0.001929232760366716819533062219
0.001929232760366716819533062219
0.00192868272959425105194436735358
0.00192868272959425105194436735358
0.00192812536889258606062257061832
0.00192812536889258606062257061832
0.00192756068037996266296587055816
0.00192756068037996266296587055816
0.00192698866620247090978254903515
0.00192698866620247090978254903515
0.00192640932853404192910857485685
0.00192640932853404192910857485685
0.00192582266957643966421561945477
0.00192582266957643966421561945477
0.00192522869155925250584088418718
0.00192522869155925250584088418718
0.00192462739673988481867054084857
0.00192462739673988481867054084857
0.00192401878740354836210898885596
0.00192401878740354836210898885596
0.00192340286586325360536653434719
0.00192340286586325360536653434719
0.0019227796344598009368984980675
0.0019227796344598009368984980675
0.00192214909556177176822916043677
0.00192214909556177176822916043677
0.00192151125156551953219435357815
0.00192151125156551953219435357815
0.00192086610489516057563691134958
0.00192086610489516057563691134958
0.00192021365800256494658958954972
0.00192021365800256494658958954972
0.00191955391336734707598046946862
0.00191955391336734707598046946862
0.00191888687349685635389625881923
0.00191888687349685635389625881923
0.00191821254092616760043930481684
0.00191821254092616760043930481684
0.00191753091821807143121453476863
0.00191753091821807143121453476863
0.00191684200796306451748293999271
0.00191684200796306451748293999271
0.0019161458127793397410186192044
0.0019161458127793397410186192044
0.00191544233531277624370679768493
0.00191544233531277624370679768493
0.00191473157823692937192063858295
0.00191473157823692937192063858295
0.00191401354425302051571506259102
0.00191401354425302051571506259102
0.00191328823608992684287619198547
0.00191328823608992684287619198547
0.00191255565650417092786543461765
0.00191255565650417092786543461765
0.00191181580827991027569762289591
0.00191181580827991027569762289591
0.00191106869422892674079302209913
0.00191106869422892674079302209913
0.00191031431719061584084342151291
0.00191031431719061584084342151291
0.00190955268003197596573292087675
0.00190955268003197596573292087675
0.00190878378564759748155442347379
0.00190878378564759748155442347379
0.0019080076369596517297632458816
0.0019080076369596517297632458816
0.00190722423691787992150965293249
0.00190722423691787992150965293249
0.00190643358849958192719252480258
0.00190643358849958192719252480258
0.00190563569470960496127676135945
0.00190563569470960496127676135945
0.00190483055858033216241742694666
0.00190483055858033216241742694666
0.00190401818317167106893403666864
0.00190401818317167106893403666864
0.00190319857157104198967878295952
0.00190319857157104198967878295952
0.00190237172689336627034289877342
0.00190237172689336627034289877342
0.00190153765228105445524575111924
0.00190153765228105445524575111924
0.00190069635090399434465165587939
0.00190069635090399434465165587939
0.0018998478259595389476598018972
0.0018998478259595389476598018972
0.00189899208067249433071306919057
0.00189899208067249433071306919057
0.00189812911829510736177192284813
0.00189812911829510736177192284813
0.00189725894210705335019996068751
0.00189725894210705335019996068751
0.00189638155541542358240808910167
0.00189638155541542358240808910167
0.00189549696155471275330469768677
0.00189549696155471275330469768677
0.00189460516388680629359959923309
0.00189460516388680629359959923309
0.00189370616580096759300989746626
0.00189370616580096759300989746626
0.00189279997071382511941634054956
0.00189279997071382511941634054956
0.00189188658206935943401911379656
0.00189188658206935943401911379656
0.0018909660033388901025424202956
0.0018909660033388901025424202956
0.00189003823802106250253759321317
0.00189003823802106250253759321317
0.00188910328964183452683487841863
0.00188910328964183452683487841863
0.0018881611617544631831944207584
0.0018881611617544631831944207584
0.00188721185793949109020738180112
0.00188721185793949109020738180112
0.00188625538180473286949851117487
0.00188625538180473286949851117487
0.0018852917369852614342818877224
0.0018852917369852614342818877224
0.00188432092714339417432194060862
0.00188432092714339417432194060862
0.00188334295596867903735225422442
0.00188334295596867903735225422442
0.00188235782717788050700505424194
0.00188235782717788050700505424194
0.00188136554451496547730466548554
0.00188136554451496547730466548554
0.00188036611175108902377862539014
0.00188036611175108902377862539014
0.00187935953268458007124052972134
0.00187935953268458007124052972134
0.00187834581114092695829907992946
0.00187834581114092695829907992946
0.00187732495097276289864819399986
0.00187732495097276289864819399986
0.0018762969560598513391934349442
0.0018762969560598513391934349442
0.00187526183030907121507040314905
0.00187526183030907121507040314905
0.0018742195776544021016111306589
0.0018742195776544021016111306589
0.00187317020205690926331490711811
0.00187317020205690926331490711811
0.00187211370750472859988035852948
0.00187211370750472859988035852948
0.00187105009801305148935599120418
0.00187105009801305148935599120418
0.0018699793776241095284668042775
0.0018699793776241095284668042775
0.00186890155040715917017496494575
0.00186890155040715917017496494575
0.00186781662045846625853293113988
0.00186781662045846625853293113988
0.00186672459190129046088779668989
0.00186672459190129046088779668989
0.00186562546888586959749602414938
0.00186562546888586959749602414938
0.00186451925558940386860812033955
0.00186451925558940386860812033955
0.00186340595621603997908319933621
0.00186340595621603997908319933621
0.00186228557499685516059376705914
0.00186228557499685516059376705914
0.00186115811618984109148145083011
0.00186115811618984109148145083011
0.00186002358407988771432478624195
0.00186002358407988771432478624195
0.00185888198297876695128056242464
0.00185888198297876695128056242464
0.00185773331722511631726061530447
0.00185773331722511631726061530447
0.00185657759118442243100634672736
0.00185657759118442243100634672736
0.00185541480924900442412363535514
0.00185541480924900442412363535514
0.00185424497583799724814119304399
0.00185424497583799724814119304399
0.00185306809539733487965580797428
0.00185306809539733487965580797428
0.00185188417239973342362830312042
0.00185188417239973342362830312042
0.00185069321134467411489442572592
0.00185069321134467411489442572592
0.00184949521675838621795527028156
0.00184949521675838621795527028156
0.00184829019319382982511222409142
0.00184829019319382982511222409142
0.00184707814523067855301181085189
0.00184707814523067855301181085189
0.00184585907747530213766619376026
0.00184585907747530213766619376026
0.0018446329945607489280154855111
0.0018446329945607489280154855111
0.00184339990114672827809839812923
0.00184339990114672827809839812923
0.00184215980191959283789815092518
0.00184215980191959283789815092518
0.00184091270159232074293093994254
0.00184091270159232074293093994254
0.00183965860490449770264465709361
0.00183965860490449770264465709361
0.00183839751662229898769593175016
0.00183839751662229898769593175016
0.00183712944153847131617395186718
0.00183712944153847131617395186718
0.00183585438447231463883990576907
0.00183585438447231463883990576907
0.00183457235026966382345126951702
0.00183457235026966382345126951702
0.00183328334380287023824054830298
0.00183328334380287023824054830298
0.00183198736997078323461846357752
0.00183198736997078323461846357752
0.00183068443369873152917196061492
0.00183068443369873152917196061492
0.0018293745399385044850277939472
0.0018293745399385044850277939472
0.0018280576936683332926528305584
0.0018280576936683332926528305584
0.0018267338998928720501625929198
0.0018267338998928720501625929198
0.00182540316364317874320994586399
0.00182540316364317874320994586399
0.00182406548997669612452621293982
0.00182406548997669612452621293982
0.00182272088397723249318738925986
0.00182272088397723249318738925986
0.00182136935075494237367849894501
0.00182136935075494237367849894501
0.00182001089544630709482952608672
0.00182001089544630709482952608672
0.00181864552321411526869672868357
0.00181864552321411526869672868357
0.00181727323924744316946352526545
0.00181727323924744316946352526545
0.00181589404876163501243552389203
0.00181589404876163501243552389203
0.00181450795699828313320464290362
0.00181450795699828313320464290362
0.00181311496922520806705765220768
0.00181311496922520806705765220768
0.00181171509073643852870484300435
0.00181171509073643852870484300435
0.00181030832685219129240491268573
0.00181030832685219129240491268573
0.0018088946829188509725625301868
0.0018088946829188509725625301868
0.00180747416430894970487542531738
0.00180747416430894970487542531738
0.00180604677642114672810822356501
0.00180604677642114672810822356501
0.00180461252468020786657062552493
0.00180461252468020786657062552493
0.00180317141453698491337790748494
0.00180317141453698491337790748494
0.00180172345146839491457209676837
0.00180172345146839491457209676837
0.0018002686409773993541825522157
0.0018002686409773993541825522157
0.00179880698859298324030505666371
0.00179880698859298324030505666371
0.00179733849987013409227890445875
0.00179733849987013409227890445875
0.00179586318038982082904184291614
0.00179586318038982082904184291614
0.00179438103575897255874310220988
0.00179438103575897255874310220988
0.00179289207161045726969512344393
0.00179289207161045726969512344393
0.00179139629360306042274496961707
0.00179139629360306042274496961707
0.00178989370742146344514677884639
0.00178989370742146344514677884639
0.00178838431877622212601699355818
0.00178838431877622212601699355818
0.00178686813340374491345447338831
0.00178686813340374491345447338831
0.00178534515706627111340797325494
0.00178534515706627111340797325494
0.00178381539555184899037384147454
0.00178381539555184899037384147454
0.00178227885467431377000716588445
0.00178227885467431377000716588445
0.00178073554027326554372996871206
0.00178073554027326554372996871206
0.00177918545821404707542042338912
0.00177918545821404707542042338912
0.00177762861438772151026743864945
0.00177762861438772151026743864945
0.0017760650147110499858753270672
0.0017760650147110499858753270672
0.00177449466512646914570364669009
0.00177449466512646914570364669009
0.00177291757160206855492767559548
0.00177291757160206855492767559548
0.0017713337401315680188053500462
0.0017713337401315680188053500462
0.00176974317673429480363686744572
0.00176974317673429480363686744572
0.00176814588745516076040352548726
0.00176814588745516076040352548726
0.00176654187836463935117273875765
0.00176654187836463935117273875765
0.00176493115555874257835654359234
0.00176493115555874257835654359234
0.00176331372515899781691127118164
0.00176331372515899781691127118164
0.00176168959331242454956643779929
0.00176168959331242454956643779929
0.00176005876619151100517126955994
0.00176005876619151100517126955994
0.00175842124999419070024764731242
0.00175842124999419070024764731242
0.00175677705094381888383862513812
0.00175677705094381888383862513812
0.00175512617528914888574204344739
0.00175512617528914888574204344739
0.00175346862930430836821912485052
0.00175346862930430836821912485052
0.00175180441928877548126830782149
0.00175180441928877548126830782149
0.00175013355156735492155493967184
0.00175013355156735492155493967184
0.00174845603249015389508781650608
0.00174845603249015389508781650608
0.00174677186843255798373392363898
0.00174677186843255798373392363898
0.00174508106579520691566309541639
0.00174508106579520691566309541639
0.00174338363100397023981467849423
0.00174338363100397023981467849423
0.00174167957050992290447864739302
0.00174167957050992290447864739302
0.00173996889078932074008398555709
0.00173996889078932074008398555709
0.00173825159834357584628750920627
0.00173825159834357584628750920627
0.00173652769969923188345667497272
0.00173652769969923188345667497272
0.00173479720140793926864027566454
0.00173479720140793926864027566454
0.00173306011004643027612129149052
0.00173306011004643027612129149052
0.00173131643221649404264652671386
0.00173131643221649404264652671386
0.00172956617454495147742802397779
0.00172956617454495147742802397779
0.00172780934368363007701161045887
0.00172780934368363007701161045887
0.00172604594630933864510829155513
0.00172604594630933864510829155513
0.00172427598912384191748456900319
0.00172427598912384191748456900319
0.00172249947885383509200812114086
0.00172249947885383509200812114086
0.00172071642225091826394564348713
0.00172071642225091826394564348713
0.00171892682609157076661000789931
0.00171892682609157076661000789931
0.00171713069717712541745425828544
0.00171713069717712541745425828544
0.00171532804233374266971032019797
0.00171532804233374266971032019797
0.0017135188684123846696706606108
0.0017135188684123846696706606108
0.00171170318228878921971149278393
0.00171170318228878921971149278393
0.00170988099086344364715647934798
0.00170988099086344364715647934798
0.00170805230106155857908024459282
0.00170805230106155857908024459282
0.00170621711983304162315136441838
0.00170621711983304162315136441838
0.00170437545415247095461485950167
0.00170437545415247095461485950167
0.00170252731101906880951457394925
0.00170252731101906880951457394925
0.00170067269745667488425617803822
0.00170067269745667488425617803822
0.00169881162051371964161188960012
0.00169881162051371964161188960012
0.00169694408726319752326836416843
0.00169694408726319752326836416843
0.00169507010480264006901955919229
0.00169507010480264006901955919229
0.00169318968025408894270673241278
0.00169318968025408894270673241278
0.00169130282076406886500808890474
0.00169130282076406886500808890474
0.00168940953350356045318094530307
0.00168940953350356045318094530307
0.00168750982566797296785963335862
0.00168750982566797296785963335862
0.00168560370447711696701271820134
0.00168560370447711696701271820134
0.00168369117717517686716345952858
0.00168369117717517686716345952858
0.00168177225103068341197779638066
0.00168177225103068341197779638066
0.00167984693333648604832448821435
0.00167984693333648604832448821435
0.00167791523140972520991239663552
0.00167791523140972520991239663552
0.00167597715259180450861024340377
0.00167597715259180450861024340377
0.00167403270424836283355453117354
0.00167403270424836283355453117354
0.00167208189376924635815166388534
0.00167208189376924635815166388534
0.00167012472856848045508065376809
0.00167012472856848045508065376809
0.00166816121608424151940315155523
0.00166816121608424151940315155523
0.00166619136377882869988788575475
0.00166619136377882869988788575475
0.00166421517913863553865694564221
0.00166421517913863553865694564221
0.00166223266967412151926169106807
0.00166223266967412151926169106807
0.00166024384291978352329642018179
0.00166024384291978352329642018179
0.00165824870643412719565827377645
0.00165824870643412719565827377645
0.00165624726779963821856220214612
0.00165624726779963821856220214612
0.00165423953462275349442016712307
0.00165423953462275349442016712307
0.00165222551453383223769409832218
0.00165222551453383223769409832218
0.00165020521518712697583246856378
0.00165020521518712697583246856378
0.0016481786442607544594006989723
0.0016481786442607544594006989723
0.00164614580945666648151594935575
0.00164614580945666648151594935575
0.00164410671850062060669719415834
0.00164410671850062060669719415834
0.00164206137914215080924182854427
0.00164206137914215080924182854427
0.00164000979915453802124039301396
0.00164000979915453802124039301396
0.00163795198633478059034134837277
0.00163795198633478059034134837277
0.00163588794850356464737817586594
0.00163588794850356464737817586594
0.00163381769350523438397141986028
0.00163381769350523438397141986028
0.00163174122920776224021863259216
0.00163174122920776224021863259216
0.00162965856350271900258552221062
0.00162965856350271900258552221062
0.00162756970430524381211194662373
0.00162756970430524381211194662373
0.00162547465955401408304673650325
0.00162547465955401408304673650325
0.00162337343721121533202567121631
0.00162337343721121533202567121631
0.00162126604526251091790727143279
0.00162126604526251091790727143279
0.00161915249171701169238141169998
0.00161915249171701169238141169998
0.00161703278460724556146609538329
0.00161703278460724556146609538329
0.00161490693198912695800807303953
0.00161490693198912695800807303953
0.00161277494194192622530332351813
0.00161277494194192622530332351813
0.00161063682256823891195375487302
0.00161063682256823891195375487302
0.00160849258199395497807681951362
0.00160849258199395497807681951362
0.00160634222836822791298507492494
0.00160634222836822791298507492494
0.00160418576986344376445305774425
0.00160418576986344376445305774425
0.0016020232146751900796891749927
0.0016020232146751900796891749927
0.00159985457102222475813065182398
0.00159985457102222475813065182398
0.00159767984714644481617991026744
0.00159767984714644481617991026744
0.00159549905131285506400108810815
0.00159549905131285506400108810815
0.0015933121918095366944957412607
0.0015933121918095366944957412607
0.00159111927694761578457710675499
0.00159111927694761578457710675499
0.00158892031506123170886263676055
0.00158892031506123170886263676055
0.00158671531450750546590484692866
0.00158671531450750546590484692866
0.00158450428366650791708085472875
0.00158450428366650791708085472875
0.00158228723094122793826131539439
0.00158228723094122793826131539439
0.00158006416475754048437979457543
0.00158006416475754048437979457543
0.00157783509356417456702394781265
0.00157783509356417456702394781265
0.00157560002583268114517020751137
0.00157560002583268114517020751137
0.00157335897005740092918400818678
0.00157335897005740092918400818678
0.00157111193475543209820791038681
0.00157111193475543209820791038681
0.00156885892846659793106031286665
0.00156885892846659793106031286665
0.00156659995975341435076777129046
0.00156659995975341435076777129046
0.00156433503720105738285426997009
0.00156433503720105738285426997009
0.00156206416941733052751112091604
0.00156206416941733052751112091604
0.00155978736503263204577149177132
0.00155978736503263204577149177132
0.00155750463269992215981389102304
0.00155750463269992215981389102304
0.00155521598109469016751926523788
0.00155521598109469016751926523788
0.00155292141891492147140668894594
0.00155292141891492147140668894594
0.00155062095488106452207295319998
0.00155062095488106452207295319998
0.0015483145977359976762616837638
0.0015483145977359976762616837638
0.00154600235624499596968794433288
0.00154600235624499596968794433288
0.00154368423919569780474460416073
0.00154368423919569780474460416073
0.00154136025539807155321707295498
0.00154136025539807155321707295498
0.00153903041368438207413332891693
0.00153903041368438207413332891693
0.00153669472290915714687648832502
0.00153669472290915714687648832502
0.00153435319194915381968748710635
0.00153435319194915381968748710635
0.00153200582970332467368576639894
0.00153200582970332467368576639894
0.00152965264509278400253617518001
0.00152965264509278400253617518001
0.00152729364706077390789062362082
0.00152729364706077390789062362082
0.0015249288445726303107333409255
0.0015249288445726303107333409255
0.00152255824661574887875891101848
0.00152255824661574887875891101848
0.00152018186219955086991257856096
0.00152018186219955086991257856096
0.00151779970035544889222263640156
0.00151779970035544889222263640156
0.00151541177013681258005502369622
0.00151541177013681258005502369622
0.00151301808061893418692058156941
0.00151301808061893418692058156941
0.00151061864089899409496573032835
0.00151061864089899409496573032835
0.00150821346009602624127764888591
0.00150821346009602624127764888591
0.00150580254735088346113535319294
0.00150580254735088346113535319294
0.00150338591182620274833838612664
0.00150338591182620274833838612664
0.00150096356270637043274514642689
0.00150096356270637043274514642689
0.00149853550919748727515319891628
0.00149853550919748727515319891628
0.00149610176052733347965422237978
0.00149610176052733347965422237978
0.00149366232594533362359656511673
0.00149366232594533362359656511673
0.00149121721472252150528869130883
0.00149121721472252150528869130883
0.00148876643615150490957711397236
0.00148876643615150490957711397236
0.00148630999954643029143272237969
0.00148630999954643029143272237969
0.00148384791424294737767972344296
0.00148384791424294737767972344296
0.00148138018959817368700172765095
0.00148138018959817368700172765095
0.00147890683499065896835982073618
0.00147890683499065896835982073618
0.00147642785982034955795777232389
0.00147642785982034955795777232389
0.00147394327350855265488984237459
0.00147394327350855265488984237459
0.00147145308549790051560695527767
0.00147145308549790051560695527767
0.00146895730525231456733731998331
0.00146895730525231456733731998331
0.00146645594225696944059788257202
0.00146645594225696944059788257202
0.00146394900601825692093330515572
0.00146394900601825692093330515572
0.00146143650606374982001947197869
0.00146143650606374982001947197869
0.0014589184519421657662688300406
0.0014589184519421657662688300406
0.00145639485322333091507517749625
0.00145639485322333091507517749625
0.0014538657194981435788358184955
0.0014538657194981435788358184955
0.00145133106037853777688930801206
0.00145133106037853777688930801206
0.00144879088549744670550731456941
0.00144879088549744670550731456941
0.00144624520450876612807943260538
0.00144624520450876612807943260538
0.00144369402708731768563007952231
0.00144369402708731768563007952231
0.00144113736292881212780691524686
0.00144113736292881212780691524686
0.00143857522174981246448052437011
0.00143857522174981246448052437011
0.00143600761328769703809540265442
0.00143600761328769703809540265442
0.00143343454730062251691259087732
0.00143343454730062251691259087732
0.00143085603356748680928459963267
0.00143085603356748680928459963267
0.00142827208188789189910356882508
0.00142827208188789189910356882508
0.00142568270208210660256390517371
0.00142568270208210660256390517371
0.00142308790399102924638094008472
0.00142308790399102924638094008472
0.00142048769747615026760744875703
0.00142048769747615026760744875703
0.00141788209241951473519016935227
0.00141788209241951473519016935227
0.00141527109872368479340875848598
0.00141527109872368479340875848598
0.00141265472631170202733991618168
0.00141265472631170202733991618168
0.00141003298512704975048970977193
0.00141003298512704975048970977193
0.00140740588513361521473742202909
0.00140740588513361521473742202909
0.00140477343631565174273454406259
0.00140477343631565174273454406259
0.00140213564867774078290282822766
0.00140213564867774078290282822766
0.00139949253224475388717561045178
0.00139949253224475388717561045178
0.0013968440970618146116269049982
0.0013968440970618146116269049982
0.00139419035319426034013306775006
0.00139419035319426034013306775006
0.00139153131072760403121211661226
0.00139153131072760403121211661226
0.00138886697976749588818608959044
0.00138886697976749588818608959044
0.00138619737043968495281211251663
0.00138619737043968495281211251663
0.00138352249288998062252813924676
0.00138352249288998062252813924676
0.00138084235728421409145961745723
0.00138084235728421409145961745723
0.00137815697380819971533362291304
0.00137815697380819971533362291304
0.00137546635266769630044729426879
0.00137546635266769630044729426879
0.00137277050408836831683768909461
0.00137277050408836831683768909461
0.00137006943831574703580046989054
0.00137006943831574703580046989054
0.00136736316561519159190511636429
0.00136736316561519159190511636429
0.00136465169627184996965464719735
0.00136465169627184996965464719735
0.00136193504059061991493812091193
0.00136193504059061991493812091193
0.00135921320889610977142447127559
0.00135921320889610977142447127559
0.00135648621153259924204651793974
0.00135648621153259924204651793974
0.00135375405886400007572427770217
0.00135375405886400007572427770217
0.00135101676127381667947698591115
0.00135101676127381667947698591115
0.00134827432916510665607352108751
0.00134827432916510665607352108751
0.00134552677296044126737120883213
0.00134552677296044126737120883213
0.00134277410310186582349326350625
0.00134277410310186582349326350625
0.00134001633005085999799540802177
0.00134001633005085999799540802177
0.00133725346428829806917249335583
0.00133725346428829806917249335583
0.00133448551631440908765622010808
0.00133448551631440908765622010808
0.00133171249664873697045534454916
0.00133171249664873697045534454916
0.00132893441583010052159003116308
0.00132893441583010052159003116308
0.00132615128441655337947229266468
0.00132615128441655337947229266468
0.00132336311298534389118473687395
0.00132336311298534389118473687395
0.00132056991213287491381011765116
0.00132056991213287491381011765116
0.00131777169247466354296446433965
0.00131777169247466354296446433965
0.00131496846464530076868684082492
0.00131496846464530076868684082492
0.00131216023929841105883906139937
0.00131216023929841105883906139937
0.00130934702710661187016896611948
0.00130934702710661187016896611948
0.00130652883876147308719113325641
0.00130652883876147308719113325641
0.00130370568497347638903918077001
0.00130370568497347638903918077001
0.0013008775764719745444440824797
0.0013008775764719745444440824797
0.00129804452400515063499319776187
0.00129804452400515063499319776187
0.00129520653833997720682498617235
0.00129520653833997720682498617235
0.00129236363026217535091465037174
0.00129236363026217535091465037174
0.00128951581057617371210622212116
0.00128951581057617371210622212116
0.00128666309010506742704687691451
0.00128666309010506742704687691451
0.00128380547969057699117953301988
0.00128380547969057699117953301988
0.00128094299019300705495006031615
0.00128094299019300705495006031615
0.00127807563249120514938569333027
0.00127807563249120514938569333027
0.00127520341748252034120151130487
0.00127520341748252034120151130487
0.00127232635608276181759211595406
0.00127232635608276181759211595406
0.00126944445922615740086590479605
0.00126944445922615740086590479605
0.00126655773786531199307960458433
0.00126655773786531199307960458433
0.0012636662029711659508309953923
0.0012636662029711659508309953923
0.00126076986553295339036802134016
0.00126076986553295339036802134016
0.00125786873655816042317274878457
0.00125786873655816042317274878457
0.00125496282707248332217889702212
0.00125496282707248332217889702212
0.00125205214811978661878193018389
0.00125205214811978661878193018389
0.00124913671076206113080096202142
0.00124913671076206113080096202142
0.00124621652607938192155198770162
0.00124621652607938192155198770162
0.00124329160516986619019221853919
0.00124329160516986619019221853919
0.00124036195914963109349555679923
0.00124036195914963109349555679923
0.00123742759915275149921950829856
0.00123742759915275149921950829856
0.0012344885363312176712240905207
0.0012344885363312176712240905207
0.00123154478185489288650355333587
0.00123154478185489288650355333587
0.00122859634691147098429198818288
0.00122859634691147098429198818288
0.00122564324270643384740415972268
0.00122564324270643384740415972268
0.00122268548046300881597315151336
0.00122268548046300881597315151336
0.00121972307142212603374667418252
0.00121972307142212603374667418252
0.00121675602684237572710414088358
0.00121675602684237572710414088358
0.00121378435799996541695687051748
0.00121378435799996541695687051748
0.00121080807618867706369403427904
0.00121080807618867706369403427904
0.00120782719271982414533721554707
0.00120782719271982414533721554707
0.00120484171892220866906670697808
0.00120484171892220866906670697808
0.00120185166614207811628292188472
0.00120185166614207811628292188472
0.00119885704574308232136654957965
0.00119885704574308232136654957965
0.00119585786910623028430133634434
0.00119585786910623028430133634434
0.00119285414762984691732362503746
0.00119285414762984691732362503746
0.00118984589272952972576303708928
0.00118984589272952972576303708928
0.00118683311583810542323893073567
0.00118683311583810542323893073567
0.00118381582840558648137751882668
0.00118381582840558648137751882668
0.00118079404189912761421477839924
0.00118079404189912761421477839924
0.00117776776780298219745053243134
0.00117776776780298219745053243134
0.00117473701761845862271933179325
0.00117473701761845862271933179325
0.00117170180286387658704401238122
0.00117170180286387658704401238122
0.00116866213507452331763804875802
0.00116866213507452331763804875802
0.00116561802580260973222307133234
0.00116561802580260973222307133234
0.00116256948661722653502815918477
0.00116256948661722653502815918477
0.00115951652910430024863776509057
0.00115951652910430024863776509057
0.00115645916486654918185537309761
0.00115645916486654918185537309761
0.00115339740552343933375023219137
0.00115339740552343933375023219137
0.0011503312627111402340547521163
0.0011503312627111402340547521163
0.00114726074808248072008038932354
0.00114726074808248072008038932354
0.0011441858733069046503200922777
0.0011441858733069046503200922777
0.00114110665007042655490561597975
0.00114110665007042655490561597975
0.00113802309007558722308825554776
0.00113802309007558722308825554776
0.00113493520504140922791178804114
0.00113493520504140922791178804114
0.00113184300670335238824665041712
0.00113184300670335238824665041712
0.00112874650681326916835461956831
0.00112874650681326916835461956831
0.00112564571713936001515349780789
0.00112564571713936001515349780789
0.00112254064946612863335154394167
0.00112254064946612863335154394167
0.0011194313155943371986216261949
0.0011194313155943371986216261949
0.00111631772734096150898530874374
0.00111631772734096150898530874374
0.00111319989653914607457731843694
0.00111319989653914607457731843694
0.00111007783503815914596107248105
0.00111007783503815914596107248105
0.00110695155470334768116618140213
0.00110695155470334768116618140213
0.00110382106741609225161907448626
0.00110382106741609225161907448626
0.00110068638507376188713812714136
0.00110068638507376188713812714136
0.00109754751958966886016490121082
0.00109754751958966886016490121082
0.00109440448289302340940334020584
0.00109440448289302340940334020584
0.00109125728692888840303899170702
0.00109125728692888840303899170702
0.00108810594365813394171055881499
0.00108810594365813394171055881499
0.00108495046505739190140631150517
0.00108495046505739190140631150517
0.00108179086311901041645811706081
0.00108179086311901041645811706081
0.00107862714985100830280607642168
0.00107862714985100830280607642168
0.00107545933727702942170698029153
0.00107545933727702942170698029153
0.001072287437436296984060025195
0.001072287437436296984060025195
0.00106911146238356779552345536328
0.00106911146238356779552345536328
0.001065931424189086442596021357
0.001065931424189086442596021357
0.00106274733493853941983737070263
0.00106274733493853941983737070263
0.0010595592067330091984017095257
0.0010595592067330091984017095257
0.00105636705168892823605929720843
0.00105636705168892823605929720843
0.00105317088193803292888055848047
0.00105317088193803292888055848047
0.00104997070962731750475781906876
0.00104997070962731750475781906876
0.00104676654691898785893989208469
0.00104676654691898785893989208469
0.00104355840599041533175496271365
0.00104355840599041533175496271365
0.00104034629903409042869743849179
0.00104034629903409042869743849179
0.00103713023825757648305465150817
0.00103713023825757648305465150817
0.00103391023588346326124951725452
0.00103391023588346326124951725452
0.00103068630414932051107547256126
0.00103068630414932051107547256126
0.00102745845530765145300023210354
0.00102745845530765145300023210354
0.00102422670162584621471511933724
0.00102422670162584621471511933724
0.00102099105538613520910694342809
0.00102099105538613520910694342809
0.00101775152888554245582960876933
0.00101775152888554245582960876933
0.00101450813443583884665285804165
0.00101450813443583884665285804165
0.0010112608843634953547657634546
0.0010112608843634953547657634546
0.00100800979100963618821279381832
0.00100800979100963618821279381832
0.00100475486672999188764049743016
0.00100475486672999188764049743016
0.00100149612389485236853305241888
0.00100149612389485236853305241888
0.00099823357488901990811514717134
0.00099823357488901990811514717134
0.00099496723211176207710086377065
0.00099496723211176207710086377065
0.00099169710797676461646744700009
0.00099169710797676461646744700009
0.00098842321491208425943305041366
0.00098842321491208425943305041366
0.00098514556536010149881775924024
0.00098514556536010149881775924024
0.00098186417177747329996739747371
0.00098186417177747329996739747371
0.00097857904663508575941983340528
0.00097857904663508575941983340528
0.00097529020241800670949370407565
0.00097529020241800670949370407565
0.00097199765162543826897968466322
0.00097199765162543826897968466322
0.00096870140677066934011463367872
0.00096870140677066934011463367872
0.00096540148038102805201914900703
0.00096540148038102805201914900703
0.00096209788499783415077927332111
0.00096209788499783415077927332111
0.00095879063317635133635329019189
0.00095879063317635133635329019189
0.00095547973748573954648475432939
0.00095547973748573954648475432939
0.00095216521050900718780310081459
0.00095216521050900718780310081459
0.00094884706484296331429337891777
0.00094884706484296331429337891777
0.00094552531309816975331685614545
0.00094552531309816975331685614545
0.00094219996789889317936443751588
0.00094219996789889317936443751588
0.0009388710418830571357250437295
0.0009388710418830571357250437295
0.00093553854770219400425128987674
0.00093553854770219400425128987674
0.00093220249802139692340500360922
0.00093220249802139692340500360922
0.00092886290551927165476531829233
0.00092886290551927165476531829233
0.00092551978288788839818227255471
0.00092551978288788839818227255471
0.00092217314283273355575904285533
0.00092217314283273355575904285533
0.00091882299807266144484613019789
0.00091882299807266144484613019789
0.00091546936133984596023101593761
0.00091546936133984596023101593761
0.00091211224537973218570699474363
0.00091211224537973218570699474363
0.00090875166295098795520508520274
0.00090875166295098795520508520274
0.00090538762682545536367311027501
0.00090538762682545536367311027501
0.00090202014978810222788623083914
0.00090202014978810222788623083914
0.00089864924463697349737340589389
0.00089864924463697349737340589389
0.00089527492418314261564444261151
0.00089527492418314261564444261151
0.00089189720125066283190248836924
0.00089189720125066283190248836924
0.00088851608867651846342700511373
0.00088851608867651846342700511373
0.00088513159931057610881245394272
0.00088513159931057610881245394272
0.00088174374601553581224810461429
0.00088174374601553581224810461429
0.00087835254166688217902457081973
0.00087835254166688217902457081973
0.00087495799915283544245285747745
0.00087495799915283544245285747745
0.00087156013137430248238189102481
0.00087156013137430248238189102481
0.00086815895124482779550068769923
0.00086815895124482779550068769923
0.00086475447169054441761149811085
0.00086475447169054441761149811085
0.00086134670565012479806044901447
0.00086134670565012479806044901447
0.00085793566607473162651238508888
0.00085793566607473162651238508888
0.00085452136592796861225679472548
0.00085452136592796861225679472548
0.00085110381818583121623188431645
0.00085110381818583121623188431645
0.00084768303583665733595404531272
0.00084768303583665733595404531272
0.00084425903188107794354013739598
0.00084425903188107794354013739598
0.00084083181933196767701018947383
0.00084083181933196767701018947383
0.00083740141121439538505829786452
0.00083740141121439538505829786452
0.00083396782056557462547967798585
0.00083396782056557462547967798585
0.00083053106043481411744200210188
0.00083053106043481411744200210188
0.0008270911438834681477893312105
0.0008270911438834681477893312105
0.0008236480839848869315671239745
0.0008236480839848869315671239745
0.0008202018938243669269569797083
0.0008202018938243669269569797083
0.0008167525864991011048099458293
0.0008167525864991011048099458293
0.000813300175118129172967392874
0.000813300175118129172967392874
0.0008098446728022877555586321502
0.0008098446728022877555586321502
0.000806386092684160527464622367
0.000806386092684160527464622367
0.0008029244479080283041372821316
0.0008029244479080283041372821316
0.0007994597516298190869640950482
0.0007994597516298190869640950482
0.0007959920170170580643678632789
0.0007959920170170580643678632789
0.0007925212572488175688316338461
0.0007925212572488175688316338461
0.000789047485515666990038989658
0.000789047485515666990038989658
0.0007855707150196226443200642301
0.0007855707150196226443200642301
0.0007820909589740976005938053584
0.0007820909589740976005938053584
0.0007786082306038514629971785601
0.0007786082306038514629971785601
0.0007751225431449401103921659573
0.0007751225431449401103921659573
0.0007716339098446653929415804177
0.0007716339098446653929415804177
0.0007681423439615247859448781949
0.0007681423439615247859448781949
0.0007646478587651610011253160301
0.0007646478587651610011253160301
0.0007611504675363115555599606799
0.0007611504675363115555599606799
0.000757650183566758298444220129
0.000757650183566758298444220129
0.0007541470201592768958827263282
0.0007541470201592768958827263282
0.0007506409906275862738985591694
0.0007506409906275862738985591694
0.0007471321082962980198529605706
0.0007471321082962980198529605706
0.0007436203865008657424678459922
0.0007436203865008657424678459922
0.0007401058385875343906435784505
0.0007401058385875343906435784505
0.0007365884779132895312646271251
0.0007365884779132895312646271251
0.0007330683178458065861858889821
0.0007330683178458065861858889821
0.0007295453717634000285926074547
0.0007295453717634000285926074547
0.0007260196530549725389269771332
0.0007260196530549725389269771332
0.0007224911751199641205746776263
0.0007224911751199641205746776263
0.0007189599513683011755047332579
0.0007189599513683011755047332579
0.0007154259952203455400562480657
0.0007154259952203455400562480657
0.0007118893201068434810657176715
0.0007118893201068434810657176715
0.0007083499394688746525287709911
0.0007083499394688746525287709911
0.0007048078667578010129903454614
0.0007048078667578010129903454614
0.0007012631154352157038574494676
0.0007012631154352157038574494676
0.0006977156989728918888288149727
0.0006977156989728918888288149727
0.0006941656308527315546358919752
0.0006941656308527315546358919752
0.0006906129245667142732897843597
0.0006906129245667142732897843597
0.0006870575936168459260288739544
0.0006870575936168459260288739544
0.0006834996515151073891620261795
0.0006834996515151073891620261795
0.0006799391117834031820024165614
0.0006799391117834031820024165614
0.0006763759879535100770871625974
0.0006763759879535100770871625974
0.0006728102935670256728780900002
0.0006728102935670256728780900002
0.0006692420421753169291391062244
0.0006692420421753169291391062244
0.0006656712473394686651857973855
0.0006656712473394686651857973855
0.0006620979226302320212030072351
0.0006620979226302320212030072351
0.000658522081627972882826298753
0.000658522081627972882826298753
0.0006549437379226202691833401674
0.0006549437379226202691833401674
0.0006513629051136146845913978224
0.0006513629051136146845913978224
0.0006477795968098564341072582873
0.0006477795968098564341072582873
0.000644193826629653903126041446
0.000644193826629653903126041446
0.0006406056082006718012255050326
0.0006406056082006718012255050326
0.000637014955159879370452579193
0.000637014955159879370452579193
0.0006334218811534985582490071653
0.0006334218811534985582490071653
0.0006298263998369521552131050895
0.0006298263998369521552131050895
0.0006262285248748118978947902981
0.0006262285248748118978947902981
0.0006226282699407465368211632032
0.0006226282699407465368211632032
0.000619025648717469869950063108
0.000619025648717469869950063108
0.0006154206748966887417491529354
0.0006154206748966887417491529354
0.0006118133621790510080982220017
0.0006118133621790510080982220017
0.0006082037242740934672125295876
0.0006082037242740934672125295876
0.0006045917749001897567851451827
0.0006045917749001897567851451827
0.000600977527784498217546373931
0.000600977527784498217546373931
0.0005973609966629097234384879908
0.0005973609966629097234384879908
0.0005937421952799954786041162845
0.0005937421952799954786041162845
0.0005901211373889547813867764519
0.0005901211373889547813867764519
0.0005864978367515627555421637804
0.0005864978367515627555421637804
0.0005828723071381180488589424873
0.0005828723071381180488589424873
0.0005792445623273904993879149994
0.0005792445623273904993879149994
0.0005756146161065687694785748565
0.0005756146161065687694785748565
0.0005719824822712079478221785834
0.0005719824822712079478221785834
0.0005683481746251771197006013785
0.0005683481746251771197006013785
0.000564711706980606905640370793
0.000564711706980606905640370793
0.0005610730931578369686714017658
0.0005610730931578369686714017658
0.0005574323469853634903900855005
0.0005574323469853634903900855005
0.0005537894822997866160265137575
0.0005537894822997866160265137575
0.0005501445129457578687157492615
0.0005501445129457578687157492615
0.0005464974527759275331731821549
0.0005464974527759275331731821549
0.0005428483156508920089741418215
0.0005428483156508920089741418215
0.0005391971154391411336380630587
0.0005391971154391411336380630587
0.0005355438660170054757176355584
0.0005355438660170054757176355584
0.0005318885812686035980934960681
0.0005318885812686035980934960681
0.0005282312750857892916751535473
0.0005282312750857892916751535473
0.0005245719613680987797089692141
0.0005245719613680987797089692141
0.0005209106540226978928941457239
0.0005209106540226978928941457239
0.0005172473669643292155078129589
0.0005172473669643292155078129589
0.0005135821141152592027404321952
0.0005135821141152592027404321952
0.0005099149094052252694428758907
0.0005099149094052252694428758907
0.0005062457667713828504866772081
0.0005062457667713828504866772081
0.0005025747001582524329390818139
0.0005025747001582524329390818139
0.0004989017235176665602546747154
0.0004989017235176665602546747154
0.0004952268508087168086854971315
0.0004952268508087168086854971315
0.0004915500959977007361117129002
0.0004915500959977007361117129002
0.0004878714730580688034950309897
0.0004878714730580688034950309897
0.0004841909959703712691572406152
0.0004841909959703712691572406152
0.0004805086787222050560863686041
0.0004805086787222050560863686041
0.0004768245353081605924731253929
0.0004768245353081605924731253929
0.0004731385797297686256804667782
0.0004731385797297686256804667782
0.0004694508259954470098492637683
0.0004694508259954470098492637683
0.0004657612881204474673432430782
0.0004657612881204474673432430782
0.000462069980126802324236536568
0.000462069980126802324236536568
0.000458376916043271220047359852
0.000458376916043271220047359852
0.0004546821099052877919215291131
0.0004546821099052877919215291131
0.0004509855757549063334697216062
0.0004509855757549063334697216062
0.0004472873276407484284625902875
0.0004472873276407484284625902875
0.000443587379617949559588057415
0.000443587379617949559588057415
0.0004398857457481056924753368881
0.0004398857457481056924753368881
0.0004361824400992198351904717109
0.0004361824400992198351904717109
0.0004324774767456485734084225903
0.0004324774767456485734084225903
0.0004287708697680485814670077779
0.0004287708697680485814670077779
0.0004250626332533231095082744767
0.0004250626332533231095082744767
0.000421352781294568446913180282
0.000421352781294568446913180282
0.000417641327991020362235781261
0.000417641327991020362235781261
0.00041392828744800051984346368
0.00041392828744800051984346368
0.0004102136737768628734701216383
0.0004102136737768628734701216383
0.0004064975010949400368895758284
0.0004064975010949400368895758284
0.0004027797835254896319169525551
0.0004027797835254896319169525551
0.0003990605351976406139462006427
0.0003990605351976406139462006427
0.0003953397702463395752324210184
0.0003953397702463395752324210184
0.0003916175028122970261282242019
0.0003916175028122970261282242019
0.0003878937470419336544839198337
0.0003878937470419336544839198337
0.0003841685170873265634219856098
0.0003841685170873265634219856098
0.0003804418271061554876969671826
0.0003804418271061554876969671826
0.0003767136912616489888527332355
0.0003767136912616489888527332355
0.0003729841237225306293898595357
0.0003729841237225306293898595357
0.0003692531386629651261568519588
0.0003692531386629651261568519588
0.0003655207502625044831799521977
0.0003655207502625044831799521977
0.0003617869727060341041474135676
0.0003617869727060341041474135676
0.0003580518201837188847654021688
0.0003580518201837188847654021688
0.0003543153068909492852040868258
0.0003543153068909492852040868258
0.0003505774470282873828540481286
0.0003505774470282873828540481286
0.0003468382548014129056148836482
0.0003468382548014129056148836482
0.0003430977444210692459398371224
0.0003430977444210692459398371224
0.0003393559301030094558624617785
0.0003393559301030094558624617785
0.0003356128260679422232337737552
0.0003356128260679422232337737552
0.0003318684465414778294010973298
0.0003318684465414778294010973298
0.0003281228057540740885628914178
0.0003281228057540740885628914178
0.0003243759179409822690373251042
0.0003243759179409822690373251042
0.0003206277973421929966862948311
0.0003206277973421929966862948311
0.0003168784582023821407410121415
0.0003168784582023821407410121415
0.0003131279147708566822803137212
0.0003131279147708566822803137212
0.0003093761813015005656185421139
0.0003093761813015005656185421139
0.0003056232720527205328663173705
0.0003056232720527205328663173705
0.0003018692012873919419348852167
0.0003018692012873919419348852167
0.0002981139832728045682631240207
0.0002981139832728045682631240207
0.000294357632280608390555882202
0.000294357632280608390555882202
0.0002906001625867593608332887046
0.0002906001625867593608332887046
0.0002868415884714651591032535332
0.0002868415884714651591032535332
0.0002830819242191309329838140072
0.0002830819242191309329838140072
0.0002793211841183050226185927449
0.0002793211841183050226185927449
0.0002755593824616246712477785758
0.0002755593824616246712477785758
0.0002717965335457617218191513632
0.0002717965335457617218191513632
0.0002680326516713683000492559435
0.0002680326516713683000492559435
0.0002642677511430224843744951957
0.0002642677511430224843744951957
0.0002605018462691739632663800428
0.0002605018462691739632663800428
0.0002567349513620896804253078973
0.0002567349513620896804253078973
0.0002529670807377994684140741581
0.0002529670807377994684140741581
0.0002491982487160416713470945783
0.0002491982487160416713470945783
0.0002454284696202087573155232281
0.0002454284696202087573155232281
0.0002416577577772929213038940585
0.0002416577577772929213038940585
0.000237886127517831679442775605
0.000237886127517831679442775605
0.0002341135931758534555468564834
0.0002341135931758534555468564834
0.0002303401690888231610120979844
0.0002303401690888231610120979844
0.0002265658695975877692930359253
0.0002265658695975877692930359253
0.0002227907090463218863568088315
0.0002227907090463218863568088315
0.0002190147017824733187199587837
0.0002190147017824733187199587837
0.0002152378621567086409248002813
0.0002152378621567086409248002813
0.0002114602045228587646132192534
0.0002114602045228587646132192534
0.0002076817432378645117183702695
0.0002076817432378645117183702695
0.0002039024926617221947328684306
0.0002039024926617221947328684306
0.0002001224671574292075432149855
0.0002001224671574292075432149855
0.0001963416810909296309663186699
0.0001963416810909296309663186699
0.0001925601488310598579127763718
0.0001925601488310598579127763718
0.0001887778847494942440681308368
0.0001887778847494942440681308368
0.0001849949032206907911722382372
0.0001849949032206907911722382372
0.0001812112186218368714451482816
0.0001812112186218368714451482816
0.0001774268453327950035286865925
0.0001774268453327950035286865925
0.0001736417977360486925806138596
0.0001736417977360486925806138596
0.0001698560902166483499951944617
0.0001698560902166483499951944617
0.0001660697371621573117897597996
0.0001660697371621573117897597996
0.0001622827529625979792004952722
0.0001622827529625979792004952722
0.0001584951520103981107478831146
0.0001584951520103981107478831146
0.0001547069487003373023286306612
0.0001547069487003373023286306612
0.0001509181574294937012545332414
0.0001509181574294937012545332414
0.0001471287925971910122452645211
0.0001471287925971910122452645211
0.0001433388686049458690786405138
0.0001433388686049458690786405138
0.0001395483998564156661173027487
0.0001395483998564156661173027487
0.0001357574007573469709248526943
0.0001357574007573469709248526943
0.000131965885715524674954609739
0.000131965885715524674954609739
0.0001281738691407220870469106253
0.0001281738691407220870469106253
0.0001243813654446522387215048391
0.0001243813654446522387215048391
0.0001205883890409207574178630059
0.0001205883890409207574178630059
0.0001167949543449807831301586706
0.0001167949543449807831301586706
0.0001130010757740905686668977255
0.0001130010757740905686668977255
0.0001092067677472746336332222132
0.0001092067677472746336332222132
0.0001054120446852896662639843863
0.0001054120446852896662639843863
0.0001016169210105968291162157438
0.0001016169210105968291162157438
0.0000978214111473427908815662661
0.0000978214111473427908815662661
0.0000940255295213527799387170287
0.0000940255295213527799387170287
0.0000902292905601403968331519432
0.0000902292905601403968331519432
0.0000864327086929410894300038075
0.0000864327086929410894300038075
0.0000826357983507795025910534065
0.0000826357983507795025910534065
0.0000788385739665860525735584852
0.0000788385739665860525735584852
0.000075041049975386207213776901
0.000075041049975386207213776901
0.000071243240814599082193208354
0.000071243240814599082193208354
0.000067445160924503638412282655
0.000067445160924503638412282655
0.000063646824748967428196424288
0.000063646824748967428196424288
0.000059848246736596539016663473
0.000059848246736596539016663473
0.000056049441342579407040361178
0.000056049441342579407040361178
0.000052250423031708168920819381
0.000052250423031708168920819381
0.000048451206283466516359788424
0.000048451206283466516359788424
0.000044651805600885175150956242
0.000044651805600885175150956242
0.000040852235526574178155665832
0.000040852235526574178155665832
0.000037052510673139493704849816
0.000037052510673139493704849816
0.000033252645784208011125755909
0.000033252645784208011125755909
0.000029452655865410133462415981
0.000029452655865410133462415981
0.000025652556489794390811967493
0.000025652556489794390811967493
0.000021852364588027582083754229
0.000021852364588027582083754229
0.000018052100787831105696064406
0.000018052100787831105696064406
0.00001425179772574227101756372
0.00001425179772574227101756372
0.000010451538470475889215672605
0.000010451538470475889215672605
6.65172747571668491795953e-6
6.65172747571668491795953e-6
2.85750942445302741161993e-6
2.85750942445302741161993e-6