0.0022839639738511391566069454769
0.00228395801671368921517574646859
0.00228395801671368921517574646859
0.00228394014533241473795753172471
0.00228394014533241473795753172471
0.0022839103598005416040742153189
0.0022839103598005416040742153189
0.00228386866027344573838239042367
0.00228386866027344573838239042367
0.00228381504696865230095639353348
0.00228381504696865230095639353348
0.00228374952016583455237051365802
0.00228374952016583455237051365802
0.00228367208020681239478626572938
0.00228367208020681239478626572938
0.00228358272749555058885233862673
0.00228358272749555058885233862673
0.00228348146249815664642651934177
0.00228348146249815664642651934177
0.00228336828574287839913058587964
0.00228336828574287839913058587964
0.0022832431978201012427508525041
0.0022832431978201012427508525041
0.00228310619938234505749874188358
0.00228310619938234505749874188358
0.00228295729114426080414744956758
0.00228295729114426080414744956758
0.00228279647388262679606245701203
0.00228279647388262679606245701203
0.00228262374843634464714534006856
0.00228262374843634464714534006856
0.00228243911570643489571201044787
0.00228243911570643489571201044787
0.00228224257665603230432821815183
0.00228224257665603230432821815183
0.00228203413231038083562683323483
0.00228203413231038083562683323483
0.00228181378375682830413311549261
0.00228181378375682830413311549261
0.00228158153214482070412587077778
0.00228158153214482070412587077778
0.00228133737868589621356408259678
0.00228133737868589621356408259678
0.00228108132465367887411029744435
0.00228108132465367887411029744435
0.0022808133713838719472837319692
0.0022808133713838719472837319692
0.00228053352027425094677775953109
0.00228053352027425094677775953109
0.00228024177278465634697812299438
0.00228024177278465634697812299438
0.00227993813043698596771990969879
0.00227993813043698596771990969879
0.00227962259481518703532301344561
0.00227962259481518703532301344561
0.00227929516756524791994749702716
0.00227929516756524791994749702716
0.00227895585039518954931195730165
0.00227895585039518954931195730165
0.00227860464507505649881968306442
0.00227860464507505649881968306442
0.00227824155343690775813908398219
0.00227824155343690775813908398219
0.00227786657737480717428655662981
0.00227786657737480717428655662981
0.00227747971884481357126164119103
0.00227747971884481357126164119103
0.00227708097986497054628600964601
0.00227708097986497054628600964601
0.00227667036251529594269951326184
0.00227667036251529594269951326184
0.00227624786893777099956820391666
0.00227624786893777099956820391666
0.00227581350133632917806093021755
0.00227581350133632917806093021755
0.00227536726197684466465279550508
0.00227536726197684466465279550508
0.00227490915318712055121545066723
0.00227490915318712055121545066723
0.00227443917735687669205588020192
0.00227443917735687669205588020192
0.00227395733693773723796702516205
0.00227395733693773723796702516205
0.00227346363444321784735527148167
0.00227346363444321784735527148167
0.0022729580724487125745115167071
0.0022729580724487125745115167071
0.00227244065359148043509421233399
0.00227244065359148043509421233399
0.00227191138057063164889446277181
0.00227191138057063164889446277181
0.0022713702561471135599549454123
0.0022713702561471135599549454123
0.00227081728314369623411609935854
0.00227081728314369623411609935854
0.00227025246444495773406471306918
0.00227025246444495773406471306918
0.00226967580299726907196172347738
0.00226967580299726907196172347738
0.00226908730180877883972772104911
0.00226908730180877883972772104911
0.00226848696394939751706633674066
0.00226848696394939751706633674066
0.00226787479255078145730736789211
0.00226787479255078145730736789211
0.002267250790806316551153180744
0.002267250790806316551153180744
0.00226661496197110156841360747822
0.00226661496197110156841360747822
0.00226596730936193117781623545425
0.00226596730936193117781623545425
0.00226530783635727864498066562827
0.00226530783635727864498066562827
0.00226463654639727820864699599697
0.00226463654639727820864699599697
0.00226395344298370713525046429139
0.00226395344298370713525046429139
0.00226325852967996745193586205049
0.00226325852967996745193586205049
0.00226255181011106735810700961928
0.00226255181011106735810700961928
0.00226183328796360231560825853547
0.00226183328796360231560825853547
0.00226110296698573581763666418089
0.00226110296698573581763666418089
0.0022603608509871798364851474726
0.0022603608509871798364851474726
0.00225960694383917495021863974308
0.00225960694383917495021863974308
0.00225884124947447014838687980203
0.00225884124947447014838687980203
0.00225806377188730231687920647418
0.00225806377188730231687920647418
0.00225727451513337540202836366016
0.00225727451513337540202836366016
0.00225647348332983925407200816161
0.00225647348332983925407200816161
0.00225566068065526815008228313923
0.00225566068065526815008228313923
0.00225483611134963899647549212381
0.00225483611134963899647549212381
0.00225399977971430921121557996756
0.00225399977971430921121557996756
0.00225315169011199428582679799714
0.00225315169011199428582679799714
0.00225229184696674502733260090173
0.00225229184696674502733260090173
0.00225142025476392448023949255132
0.00225142025476392448023949255132
0.00225053691805018452868620698236
0.00225053691805018452868620698236
0.00224964184143344217888027920257
0.00224964184143344217888027920257
0.0022487350295828555219457282439
0.0022487350295828555219457282439
0.00224781648722879937730724202518
0.00224781648722879937730724202518
0.00224688621916284061673792006391
0.00224688621916284061673792006391
0.00224594423023771316919929589195
0.00224594423023771316919929589195
0.00224499052536729270660402617376
0.00224499052536729270660402617376
0.00224402510952657101063329798956
0.00224402510952657101063329798956
0.00224304798775163002074266952053
0.00224304798775163002074266952053
0.00224205916513961556349172245045
0.00224205916513961556349172245045
0.00224105864684871076333456676943
0.00224105864684871076333456676943
0.00224004643809810913500990032149
0.00224004643809810913500990032149
0.00223902254416798735767098637042
0.00223902254416798735767098637042
0.00223798697039947773089757265907
0.00223798697039947773089757265907
0.00223693972219464031273343489649
0.00223693972219464031273343489649
0.00223588080501643473989488631776
0.00223588080501643473989488631776
0.0022348102243886917302972529132
0.0022348102243886917302972529132
0.00223372798589608426804797110864
0.00223372798589608426804797110864
0.00223263409518409847105662108817
0.00223263409518409847105662108817
0.00223152855795900414141386457649
0.00223152855795900414141386457649
0.00223041137998782499869291073037
0.00223041137998782499869291073037
0.00222928256709830859632878782063
0.00222928256709830859632878782063
0.00222814212517889592123235160706
0.00222814212517889592123235160706
0.0022269900601786906767976137118
0.0022269900601786906767976137118
0.00222582637810742824946262487195
0.00222582637810742824946262487195
0.00222465108503544435898579869213
0.00222465108503544435898579869213
0.00222346418709364339260121141275
0.00222346418709364339260121141275
0.00222226569047346642321806225186
0.00222226569047346642321806225186
0.00222105560142685891183112705902
0.00222105560142685891183112705902
0.00221983392626623809431068532955
0.00221983392626623809431068532955
0.00221860067136446005274204705917
0.00221860067136446005274204705917
0.00221735584315478647148645146239
0.00221735584315478647148645146239
0.00221609944813085107813675422621
0.00221609944813085107813675422621
0.00221483149284662576954296371357
0.00221483149284662576954296371357
0.00221355198391638642308432936102
0.00221355198391638642308432936102
0.00221226092801467839336632742326
0.00221226092801467839336632742326
0.00221095833187628169452253019503
0.00221095833187628169452253019503
0.00220964420229617586830298487972
0.00220964420229617586830298487972
0.00220831854612950453813236736574
0.00220831854612950453813236736574
0.00220698137029153964932281430682
0.00220698137029153964932281430682
0.00220563268175764539562797407384
0.00220563268175764539562797407384
0.00220427248756324183232645334321
0.00220427248756324183232645334321
0.00220290079480376817602447130325
0.00220290079480376817602447130325
0.00220151761063464579136916768621
0.00220151761063464579136916768621
0.00220012294227124086486564406068
0.00220012294227124086486564406068
0.00219871679698882676599245003961
0.00219871679698882676599245003961
0.00219729918212254609581185726359
0.00219729918212254609581185726359
0.00219587010506737242327289419921
0.00219587010506737242327289419921
0.00219442957327807170940674393999
0.00219442957327807170940674393999
0.00219297759426916341961573530367
0.00219297759426916341961573530367
0.00219151417561488132425878457629
0.00219151417561488132425878457629
0.00219003932494913398773777125176
0.00219003932494913398773777125176
0.00218855304996546494629095604759
0.00218855304996546494629095604759
0.00218705535841701257470117333374
0.00218705535841701257470117333374
0.00218554625811646964212815288476
0.00218554625811646964212815288476
0.00218402575693604255727594754591
0.00218402575693604255727594754591
0.00218249386280741030310806398465
0.00218249386280741030310806398465
0.00218095058372168306132451316958
0.00218095058372168306132451316958
0.00217939592772936052681661557336
0.00217939592772936052681661557336
0.00217782990294028991231701332353
0.00217782990294028991231701332353
0.00217625251752362364346395761893
0.00217625251752362364346395761893
0.0021746637797077767445005546804
0.0021746637797077767445005546804
0.00217306369778038391483126730353
0.00217306369778038391483126730353
0.00217145228008825629665958172195
0.00217145228008825629665958172195
0.00216982953503733793393236096085
0.00216982953503733793393236096085
0.00216819547109266192281801615668
0.00216819547109266192281801615668
0.00216655009677830625394723642919
0.00216655009677830625394723642919
0.00216489342067734934664662580972
0.00216489342067734934664662580972
0.00216322545143182527539720244538
0.00216322545143182527539720244538
0.00216154619774267868875132080495
0.00216154619774267868875132080495
0.00215985566836971942094318189942
0.00215985566836971942094318189942
0.00215815387213157679642969959123
0.00215815387213157679642969959123
0.00215644081790565362760009289186
0.00215644081790565362760009289186
0.00215471651462807990589417472959
0.00215471651462807990589417472959
0.00215298097129366618657090699978
0.00215298097129366618657090699978
0.00215123419695585666737038978028
0.00215123419695585666737038978028
0.0021494762007266819613140493964
0.0021494762007266819613140493964
0.00214770699177671156388938554471
0.00214770699177671156388938554471
0.00214592657933500601486723192522
0.00214592657933500601486723192522
0.00214413497268906875500107777728
0.00214413497268906875500107777728
0.00214233218118479767785958935981
0.00214233218118479767785958935981
0.00214051821422643637704506075062
0.00214051821422643637704506075062
0.00213869308127652508905211235597
0.00213869308127652508905211235597
0.00213685679185585133202254321109
0.00213685679185585133202254321109
0.00213500935554340024065382950705
0.00213500935554340024065382950705
0.00213315078197630459752034679075
0.00213315078197630459752034679075
0.00213128108084979456106797694467
0.00213128108084979456106797694467
0.00212940026191714709054434335358
0.00212940026191714709054434335358
0.00212750833498963506812849859718
0.00212750833498963506812849859718
0.00212560530993647611852546856414
0.00212560530993647611852546856414
0.00212369119668478112629263505398
0.00212369119668478112629263505398
0.00212176600521950245116651571267
0.00212176600521950245116651571267
0.00211982974558338184166007552515
0.00211982974558338184166007552515
0.00211788242787689804720227805696
0.00211788242787689804720227805696
0.00211592406225821412909315718869
0.00211592406225821412909315718869
0.00211395465894312447054926121238
0.00211395465894312447054926121238
0.00211197422820500148611589085126
0.00211197422820500148611589085126
0.00210998278037474203072412101451
0.00210998278037474203072412101451
0.00210798032584071350867216289812
0.00210798032584071350867216289812
0.0021059668750486996828121883852
0.0021059668750486996828121883852
0.00210394243850184618422530257388
0.00210394243850184618422530257388
0.00210190702676060572266891266163
0.00210190702676060572266891266163
0.00209986065044268299808230233259
0.00209986065044268299808230233259
0.00209780332022297931343778022135
0.00209780332022297931343778022135
0.00209573504683353688922632895457
0.00209573504683353688922632895457
0.00209365584106348287986823769211
0.00209365584106348287986823769211
0.00209156571375897309234075599503
0.00209156571375897309234075599503
0.00208946467582313540731636022961
0.00208946467582313540731636022961
0.00208735273821601290310677556675
0.00208735273821601290310677556675
0.00208522991195450668270944694723
0.00208522991195450668270944694723
0.00208309620811231840425470114605
0.00208309620811231840425470114605
0.00208095163781989251515338927671
0.00208095163781989251515338927671
0.00207879621226435819024634471951
0.00207879621226435819024634471951
0.00207662994268947097425853552963
0.00207662994268947097425853552963
0.00207445284039555412886233287222
0.00207445284039555412886233287222
0.00207226491673943968465585793552
0.00207226491673943968465585793552
0.00207006618313440919836390908036
0.00207006618313440919836390908036
0.00206785665105013421557050868786
0.00206785665105013421557050868786
0.00206563633201261643929364525865
0.00206563633201261643929364525865
0.00206340523760412760471432078798
0.00206340523760412760471432078798
0.00206116337946314906037354628435
0.00206116337946314906037354628435
0.00205891076928431105615245950613
0.00205891076928431105615245950613
0.00205664741881833173835226855383
0.00205664741881833173835226855383
0.00205437333987195585219225286611
0.00205437333987195585219225286611
0.00205208854430789315204557941871
0.00205208854430789315204557941871
0.00204979304404475651973421650815
0.00204979304404475651973421650815
0.00204748685105699979120575040867
0.00204748685105699979120575040867
0.0020451699773748552919164314141
0.0020451699773748552919164314141
0.00204284243508427108124629530703
0.00204284243508427108124629530703
0.00204050423632684790627372412921
0.00204050423632684790627372412921
0.00203815539329977586523832625041
0.00203815539329977586523832625041
0.00203579591825577078102253014125
0.00203579591825577078102253014125
0.00203342582350301028498379893973
0.00203342582350301028498379893973
0.00203104512140506961147088385444
0.00203104512140506961147088385444
0.00202865382438085710335904366113
0.00202865382438085710335904366113
0.00202625194490454942894066501612
0.00202625194490454942894066501612
0.00202383949550552651050922402162
0.00202383949550552651050922402162
0.00202141648876830616497603342687
0.00202141648876830616497603342687
0.00201898293733247845686072202707
0.00201898293733247845686072202707
0.00201653885389263976399789322162
0.00201653885389263976399789322162
0.00201408425119832655630390830653
0.00201408425119832655630390830653
0.00201161914205394888794923689461
0.00201161914205394888794923689461
0.00200914353931872360328331187422
0.00200914353931872360328331187422
0.00200665745590660725686031952464
0.00200665745590660725686031952464
0.0020041609047862287479158467954
0.0020041609047862287479158467954
0.00200165389898082166964579732167
0.00200165389898082166964579732167
0.00199913645156815637364047547852
0.00199913645156815637364047547852
0.00199660857568047174982822366731
0.00199660857568047174982822366731
0.00199407028450440672228448206898
0.00199407028450440672228448206898
0.00199152159128093146126362228422
0.00199152159128093146126362228422
0.00198896250930527831181238660173
0.00198896250930527831181238660173
0.00198639305192687243932524308467
0.00198639305192687243932524308467
0.0019838132325492621924034432355
0.0019838132325492621924034432355
0.00198122306463004918338104368161
0.00198122306463004918338104368161
0.00197862256168081808688262611159
0.00197862256168081808688262611159
0.00197601173726706615677892057709
0.00197601173726706615677892057709
0.00197339060500813246190800624949
0.00197339060500813246190800624949
0.00197075917857712684093123077729
0.00197075917857712684093123077729
0.00196811747170085857669445452128
0.00196811747170085857669445452128
0.00196546549815976479046668914192
0.00196546549815976479046668914192
0.00196280327178783855642966127043
0.00196280327178783855642966127043
0.00196013080647255673679329130327
0.00196013080647255673679329130327
0.0019574481161548075379135347119
0.0019574481161548075379135347119
0.00195475521482881778779048864811
0.00195475521482881778779048864811
0.00195205211654207993532612004229
0.00195205211654207993532612004229
0.00194933883539527877172242283031
0.00194933883539527877172242283031
0.00194661538554221787440226139631
0.00194661538554221787440226139631
0.00194388178118974577383660477643
0.00194388178118974577383660477643
0.00194113803659768184366330162458
0.00194113803659768184366330162458
0.00193838416607874191448398938835
0.00193838416607874191448398938835
0.00193562018399846361172717257346
0.00193562018399846361172717257346
0.00193284610477513141796694438133
0.00193284610477513141796694438133
0.00193006194287970146008826337859
0.00193006194287970146008826337859
0.001927267712835726021691132193
0.001927267712835726021691132193
0.00192446342921927778112745851846
0.00192446342921927778112745851846
0.00192164910665887377556580994637
0.00192164910665887377556580994637
0.00191882475983539909148070331362
0.00191882475983539909148070331362
0.00191599040348203028196449636087
0.00191599040348203028196449636087
0.00191314605238415851126137452239
0.00191314605238415851126137452239
0.00191029172137931242692434861183
0.00191029172137931242692434861183
0.00190742742535708075999760002022
0.00190742742535708075999760002022
0.0019045531792590346536279287958
0.0019045531792590346536279287958
0.00190166899807864972051047662203
0.00190166899807864972051047662203
0.00189877489686122782957531124378
0.00189877489686122782957531124378
0.00189587089070381862232287130377
0.00189587089070381862232287130377
0.001892956994755140759217680836
0.001892956994755140759217680836
0.00189003322421550289655115081079
0.00189003322421550289655115081079
0.00188709959433672439418569113178
0.00188709959433672439418569113178
0.00188415612042205575459376034046
0.00188415612042205575459376034046
0.00188120281782609879360688198065
0.00188120281782609879360688198065
0.00187823970195472654329105610849
0.00187823970195472654329105610849
0.00187526678826500288736639179295
0.00187526678826500288736639179295
0.0018722840922651019295901816328
0.0018722840922651019295901816328
0.0018692916295142270955240323095
0.0018692916295142270955240323095
0.0018662894156225299681070559952
0.0018662894156225299681070559952
0.00186327746625102885745851603282
0.00186327746625102885745851603282
0.00186025579711152710533470669523
0.00186025579711152710533470669523
0.00185722442396653112466623100392
0.00185722442396653112466623100392
0.0018541833626291681746032225382
0.0018541833626291681746032225382
0.00185113262896310387149743688648
0.00185113262896310387149743688648
0.00184807223888245943625151587383
0.00184807223888245943625151587383
0.0018450022083517286784671029384
0.0018450022083517286784671029384
0.0018419225533856947178248610154
0.0018419225533856947178248610154
0.00183883329004934644313081501503
0.00183883329004934644313081501503
0.00183573443445779470946480944156
0.00183573443445779470946480944156
0.00183262600277618827386823788894
0.00183262600277618827386823788894
0.00182950801121962947000956505578
0.00182950801121962947000956505578
0.00182638047605308962226752354235
0.00182638047605308962226752354235
0.00182324341359132419967322701766
0.00182324341359132419967322701766
0.00182009684019878771015379836845
0.00182009684019878771015379836845
0.00181694077228954833552146615638
0.00181694077228954833552146615638
0.00181377522632720230765343510887
0.00181377522632720230765343510887
0.00181060021882478802630918644506
0.00181060021882478802630918644506
0.00180741576634469991903321158421
0.00180741576634469991903321158421
0.00180422188549860204359252819305
0.00180422188549860204359252819305
0.00180101859294734143339967059365
0.00180101859294734143339967059365
0.0017978059054008611863731872671
0.0017978059054008611863731872671
0.00179458383961811329768901654468
0.00179458383961811329768901654468
0.00179135241240697123687744756887
0.00179135241240697123687744756887
0.00178811164062414226972170722572
0.00178811164062414226972170722572
0.0017848615411750795254155449901
0.0017848615411750795254155449901
0.00178160213101389380943851647976
0.00178160213101389380943851647976
0.00177833342714326516260899297544
0.00177833342714326516260899297544
0.00177505544661435416677624822588
0.00177505544661435416677624822588
0.00177176820652671299761429551206
0.00177176820652671299761429551206
0.00176847172402819622498146718609
0.00176847172402819622498146718609
0.00176516601631487136131104572177
0.00176516601631487136131104572177
0.00176185110063092915849956970755
0.00176185110063092915849956970755
0.00175852699426859365376075017244
0.00175852699426859365376075017244
0.0017551937145680319649142421542
0.0017551937145680319649142421542
0.0017518512789172638355798234904
0.0017518512789172638355798234904
0.00174849970475207093074883742902
0.00174849970475207093074883742902
0.0017451390095559058832060578105
0.0017451390095559058832060578105
0.00174176921085980109127643525981
0.00174176921085980109127643525981
0.001738390326242277268372480039
0.001738390326242277268372480039
0.00173500237332925174481933194063
0.00173500237332925174481933194063
0.00173160536979394652243585984394
0.00173160536979394652243585984394
0.00172819933335679608235142330216
0.00172819933335679608235142330216
0.00172478428178535494653921577329
0.00172478428178535494653921577329
0.00172136023289420499354839384255
0.00172136023289420499354839384255
0.00171792720454486252891847900471
0.00171792720454486252891847900471
0.00171448521464568511076079827283
0.00171448521464568511076079827283
0.00171103428115177813099300704902
0.00171103428115177813099300704902
0.00170757442206490115271401232702
0.00170757442206490115271401232702
0.0017041056554333740042078863882
0.0017041056554333740042078863882
0.00170062799935198263006663069555
0.00170062799935198263006663069555
0.00169714147196188469992291667844
0.00169714147196188469992291667844
0.00169364609145051497528519452648
0.00169364609145051497528519452648
0.00169014187605149043496882296837
0.00169014187605149043496882296837
0.00168662884404451515961813229391
0.00168662884404451515961813229391
0.00168310701375528497581558957777
0.00168310701375528497581558957777
0.00167957640355539186027548917628
0.00167957640355539186027548917628
0.00167603703186222810462084308556
0.00167603703186222810462084308556
0.00167248891713889024124339466632
0.00167248891713889024124339466632
0.00166893207789408273074792554831
0.00166893207789408273074792554831
0.00166536653268202141148326922222
0.00166536653268202141148326922222
0.00166179230010233671166368589979
0.00166179230010233671166368589979
0.00165820939879997662458549166908
0.00165820939879997662458549166908
0.00165461784746510944744507078411
0.00165461784746510944744507078411
0.00165101766483302628426563310038
0.00165101766483302628426563310038
0.00164740886968404331344130919318
0.00164740886968404331344130919318
0.00164379148084340382040840356804
0.00164379148084340382040840356804
0.00164016551718117999595485158602
0.00164016551718117999595485158602
0.00163653099761217450068014827353
0.00163653099761217450068014827353
0.00163288794109582179611923706138
0.00163288794109582179611923706138
0.00162923636663608924304506369468
0.00162923636663608924304506369468
0.00162557629328137796746571506611
0.00162557629328137796746571506611
0.00162190774012442349483327454601
0.00162190774012442349483327454601
0.00161823072630219615298273450525
0.00161823072630219615298273450525
0.0016145452709958012443205131456
0.0016145452709958012443205131456
0.00161085139343037898778332646146
0.00161085139343037898778332646146
0.00160714911287500423108936714863
0.00160714911287500423108936714863
0.00160343844864258593380494054579
0.00160343844864258593380494054579
0.00159971942008976642175090323473
0.00159971942008976642175090323473
0.0015959920466168204132744427311
0.0015959920466168204132744427311
0.00159225634766755381791292676111
0.00159225634766755381791292676111
0.0015885123427292023079777379366
0.0015885123427292023079777379366
0.0015847600513323296635871942029
0.0015847600513323296635871942029
0.00158099949305072589167883723725
0.00158099949305072589167883723725
0.00157723068750130511953255001142
0.00157723068750130511953255001142
0.00157345365434400326333714099684
0.00157345365434400326333714099684
0.00156966841328167547233420597631
0.00156966841328167547233420597631
0.00156587498405999334907424912731
0.00156587498405999334907424912731
0.00156207338646734194632121295297
0.00156207338646734194632121295297
0.00155826364033471654114273175042
0.00155826364033471654114273175042
0.00155444576553561918672458561722
0.00155444576553561918672458561722
0.00155061978198595504244899149915
0.00155061978198595504244899149915
0.00154678570964392848277752446939
0.00154678570964392848277752446939
0.00154294356850993898548061629607
0.00154294356850993898548061629607
0.00153909337862647679975672939395
0.00153909337862647679975672939395
0.00153523516007801839478545246294
0.00153523516007801839478545246294
0.00153136893299092168925990948331
0.00153136893299092168925990948331
0.00152749471753332106244501626005
0.00152749471753332106244501626005
0.00152361253391502214730925838073
0.00152361253391502214730925838073
0.00151972240238739640627880126569
0.00151972240238739640627880126569
0.00151582434324327549016387694198
0.00151582434324327549016387694198
0.00151191837681684538080852325554
0.00151191837681684538080852325554
0.00150800452348354031801587944528
0.00150800452348354031801587944528
0.00150408280365993651130236733116
0.00150408280365993651130236733116
0.00150015323780364563703520981053
0.00150015323780364563703520981053
0.00149621584641320812150885790718
0.00149621584641320812150885790718
0.00149227065002798621051701426948
0.00149227065002798621051701426948
0.00148831766922805682597805476246
0.00148831766922805682597805476246
0.00148435692463410421017276063729
0.00148435692463410421017276063729
0.00148038843690731235815438168494
0.00148038843690731235815438168494
0.00147641222674925723889215578298
0.00147641222674925723889215578298
0.00147242831490179880571051231977
0.00147242831490179880571051231977
0.00146843672214697279658728612275
0.00146843672214697279658728612275
0.00146443746930688232487536472188
0.00146443746930688232487536472188
0.00146043057724358926101328503934
0.00146043057724358926101328503934
0.00145641606685900540579138590691
0.00145641606685900540579138590691
0.00145239395909478345574121016722
0.00145239395909478345574121016722
0.00144836427493220776121693450915
0.00144836427493220776121693450915
0.00144432703539208487773868661401
0.00144432703539208487773868661401
0.00144028226153463391116868764427
0.00144028226153463391116868764427
0.00143622997445937665729223358276
0.00143622997445937665729223358276
0.00143217019530502753637660142329
0.00143217019530502753637660142329
0.00142810294524938332328203571729
0.00142810294524938332328203571729
0.00142402824550921267370003749012
0.00142402824550921267370003749012
0.00141994611734014544709524104905
0.00141994611734014544709524104905
0.00141585658203656182692822470785
0.00141585658203656182692822470785
0.00141175966093148123873765894429
0.00141175966093148123873765894429
0.0014076553753964510666612499812
0.0014076553753964510666612499812
0.00140354374684143516897598823394
0.00140354374684143516897598823394
0.00139942479671470219323925949142
0.00139942479671470219323925949142
0.00139529854650271369161342208883
0.00139529854650271369161342208883
0.00139116501773001203695749568236
0.00139116501773001203695749568236
0.00138702423195910814027064654461
0.00138702423195910814027064654461
0.00138287621079036897007319055753
0.00138287621079036897007319055753
0.00137872097586190487431186828395
0.00137872097586190487431186828395
0.00137455854884945670537717664152
0.00137455854884945670537717664152
0.00137038895146628274882156878108
0.00137038895146628274882156878108
0.00136621220546304545636835777772
0.00136621220546304545636835777772
0.00136202833262769798380218067368
0.00136202833262769798380218067368
0.00135783735478537053433289726052
0.00135783735478537053433289726052
0.00135363929379825650802581275026
0.00135363929379825650802581275026
0.00134943417156549845789212515474
0.00134943417156549845789212515474
0.00134522201002307385323450676479
0.00134522201002307385323450676479
0.00134100283114368065084373459049
0.00134100283114368065084373459049
0.00133677665693662267464328698567
0.00133677665693662267464328698567
0.0013325435094476948043798229284
0.0013325435094476948043798229284
0.00132830341075906797395845655996
0.00132830341075906797395845655996
0.0013240563829891739800227325918
0.0013240563829891739800227325918
0.00131980244829259010138019806857
0.00131980244829259010138019806857
0.0013155416288599235298754527203
0.0013155416288599235298754527203
0.00131127394691769561331354374306
0.00131127394691769561331354374306
0.0013069994247282259110375513095
0.0013069994247282259110375513095
0.00130271808458951606276518842428
0.00130271808458951606276518842428
0.00129842994883513347129021289881
0.00129842994883513347129021289881
0.00129413503983409479965542021986
0.00129413503983409479965542021986
0.00128983337999074928340495392335
0.00128983337999074928340495392335
0.00128552499174466185852463475162
0.00128552499174466185852463475162
0.00128120989757049610567997136614
0.00128120989757049610567997136614
0.00127688811997789701136247370185
0.00127688811997789701136247370185
0.00127255968151137354655584517984
0.00127255968151137354655584517984
0.00126822460475018106353458193699
0.00126822460475018106353458193699
0.00126388291230820351140845597893
0.00126388291230820351140845597893
0.00125953462683383547102730471242
0.00125953462683383547102730471242
0.00125517977100986400986149165906
0.00125517977100986400986149165906
0.00125081836755335035747434229002
0.00125081836755335035747434229002
0.00124645043921551140220379484635
0.00124645043921551140220379484635
0.00124207600878160100967143871584
0.00124207600878160100967143871584
0.00123769509907079116373804242201
0.00123769509907079116373804242201
0.00123330773293605293052559953726
0.00123330773293605293052559953726
0.00122891393326403724612684385682
0.00122891393326403724612684385682
0.00122451372297495552862410495822
0.00122451372297495552862410495822
0.00122010712502246011504029181708
0.00122010712502246011504029181708
0.00121569416239352452384570545007
0.00121569416239352452384570545007
0.00121127485810832354364529160554
0.00121127485810832354364529160554
0.00120684923522011314867185131574
0.00120684923522011314867185131574
0.00120241731681511024171163065892
0.00120241731681511024171163065892
0.00119797912601237222508961134852
0.00119797912601237222508961134852
0.00119353468596367640034272076705
0.00119353468596367640034272076705
0.00118908401985339919721007378884
0.00118908401985339919721007378884
0.00118462715089839523257024918409
0.00118462715089839523257024918409
0.001180164102347876199956490563
0.001180164102347876199956490563
0.0011756948974832895902816056967
0.0011756948974832895902816056967
0.001171219559618197244405218641
0.001171219559618197244405218641
0.0011667381120981537381769063774
0.0011667381120981537381769063774
0.0011622505783005846005896256821
0.0011622505783005846005896256821
0.0011577569816346643656787066152
0.0011577569816346643656787066152
0.0011532573455411944588025564063
0.0011532573455411944588025564063
0.001148751693492480917942081573
0.001148751693492480917942081573
0.0011442400489922119506566968609
0.0011442400489922119506566968609
0.001139722435575335327335647018
0.001139722435575335327335647018
0.0011351988768079356113842215184
0.0011351988768079356113842215184
0.001130669396287111226985293122
0.001130669396287111226985293122
0.0011261340176408513650774585945
0.0011261340176408513650774585945
0.0011215927645279127281919040105
0.0011215927645279127281919040105
0.0011170456606376961147909578241
0.0011170456606376961147909578241
0.0011124927296901228437521322992
0.0011124927296901228437521322992
0.0011079339954355110196422879593
0.0011079339954355110196422879593
0.0011033694816544516394273864206
0.0011033694816544516394273864206
0.0010987992121576845412641243285
0.0010987992121576845412641243285
0.0010942232107859741960205651064
0.0010942232107859741960205651064
0.0010896415014099853421737058485
0.0010896415014099853421737058485
0.0010850541079301584647327339522
0.0010850541079301584647327339522
0.0010804610542765851188375419622
0.0010804610542765851188375419622
0.0010758623644088830986828796152
0.0010758623644088830986828796152
0.0010712580623160714524193291971
0.0010712580623160714524193291971
0.0010666481720164453436830940775
0.0010666481720164453436830940775
0.0010620327175574507604073906428
0.0010620327175574507604073906428
0.0010574117230155590715690308221
0.0010574117230155590715690308221
0.0010527852124961414325245759796
0.0010527852124961414325245759796
0.0010481532101333430395912331291
0.0010481532101333430395912331291
0.0010435157400899572345284512089
0.0010435157400899572345284512089
0.0010388728265572994595769585398
0.0010388728265572994595769585398
0.0010342244937550810637127625634
0.0010342244937550810637127625634
0.0010295707659312829607744095282
0.0010295707659312829607744095282
0.0010249116673620291401225749492
0.0010249116673620291401225749492
0.0010202472223514600304918254116
0.0010202472223514600304918254116
0.0010155774552316057176951586209
0.0010155774552316057176951586209
0.0010109023903622590168426915114
0.0010109023903622590168426915114
0.0010062220521308483997366257159
0.0010062220521308483997366257159
0.0010015364649523107781053757725
0.0010015364649523107781053757725
0.000996845653268964143340498083
0.000996845653268964143340498083
0.0009921496415503800634008078581
0.0009921496415503800634008078581
0.0009874484542932560375488170762
0.0009874484542932560375488170762
0.000982742116021287709585368838
0.000982742116021287709585368838
0.000978030651285040940249082431
0.000978030651285040940249082431
0.0009733140846618237394479589147
0.0009733140846618237394479589147
0.0009685924407555580589912290982
0.0009685924407555580589912290982
0.0009638657441966514464902544141
0.0009638657441966514464902544141
0.0009591340196418685610980163832
0.0009591340196418685610980163832
0.0009543972917742025517574521281
0.0009543972917742025517574521281
0.0009496555853027462986296117146
0.0009496555853027462986296117146
0.000944908924962563518373327992
0.000944908924962563518373327992
0.0009401573355145597339488010565
0.0009401573355145597339488010565
0.000935400841745353109618207485
0.000935400841745353109618207485
0.0009306394684671451518171490753
0.0009306394684671451518171490753
0.0009258732405175912765714569881
0.0009258732405175912765714569881
0.0009211021827596712441345649138
0.0009211021827596712441345649138
0.0009163263200815594615213591934
0.0009163263200815594615213591934
0.0009115456773964951536151046991
0.0009115456773964951536151046991
0.0009067602796426524035247327421
0.0009067602796426524035247327421
0.0009019701517830100628704613136
0.0009019701517830100628704613136
0.0008971753188052215326763986008
0.0008971753188052215326763986008
0.0008923758057214844155494579365
0.0008923758057214844155494579365
0.0008875716375684100398245861667
0.0008875716375684100398245861667
0.0008827628394068928563569778435
0.0008827628394068928563569778435
0.000877949436321979708642614692
0.000877949436321979708642614692
0.0008731314534227389769491334528
0.0008731314534227389769491334528
0.0008683089158421295971396854931
0.0008683089158421295971396854931
0.0008634818487368699548731085001
0.0008634818487368699548731085001
0.0008586502772873066558643841464
0.0008586502772873066558643841464
0.0008538142266972831728900058529
0.0008538142266972831728900058529
0.0008489737221940083702235276818
0.0008489737221940083702235276818
0.0008441287890279249061872089941
0.0008441287890279249061872089941
0.0008392794524725775145063098075
0.0008392794524725775145063098075
0.000834425737824481165153228817
0.000834425737824481165153228817
0.0008295676704029891053693098088
0.0008295676704029891053693098088
0.0008247052755501607815527727286
0.0008247052755501607815527727286
0.0008198385786306296427018529787
0.0008198385786306296427018529787
0.0008149676050314708261028566511
0.0008149676050314708261028566511
0.0008100923801620687259534603625
0.0008100923801620687259534603625
0.0008052129294539844456122021971
0.0008052129294539844456122021971
0.0008003292783608231341657249963
0.0008003292783608231341657249963
0.0007954414523581012080059449078
0.0007954414523581012080059449078
0.0007905494769431134581099267591
0.0007905494769431134581099267591
0.0007856533776348000437158534899
0.0007856533776348000437158534899
0.0007807531799736133730890796154
0.0007807531799736133730890796154
0.0007758489095213848720728585488
0.0007758489095213848720728585488
0.0007709405918611916411189306421
0.0007709405918611916411189306421
0.0007660282525972230014937530686
0.0007660282525972230014937530686
0.0007611119173546469313567442394
0.0007611119173546469313567442394
0.0007561916117794763924075043896
0.0007561916117794763924075043896
0.0007512673615384355477995603686
0.0007512673615384355477995603686
0.0007463391923188258720187666097
0.0007463391923188258720187666097
0.0007414071298283921534250758354
0.0007414071298283921534250758354
0.0007364711997951883901569723758
0.0007364711997951883901569723758
0.0007315314279674435800984381577
0.0007315314279674435800984381577
0.0007265878401134274056088965844
0.0007265878401134274056088965844
0.0007216404620213158137171528079
0.0007216404620213158137171528079
0.0007166893194990564924809204458
0.0007166893194990564924809204458
0.0007117344383742342442140947836
0.0007117344383742342442140947836
0.0007067758444939362562845011032
0.0007067758444939362562845011032
0.0007018135637246172701854141958
0.0007018135637246172701854141958
0.0006968476219519646495847115641
0.0006968476219519646495847115641
0.0006918780450807633480560885388
0.0006918780450807633480560885388
0.0006869048590347607771973287836
0.0006869048590347607771973287836
0.0006819280897565315758411887437
0.0006819280897565315758411887437
0.0006769477632073422810650198041
0.0006769477632073422810650198041
0.0006719639053670159017058176378
0.0006719639053670159017058176378
0.000666976542233796395087954806
0.000666976542233796395087954806
0.0006619856998242130476714205656
0.0006619856998242130476714205656
0.0006569914041729447603289615002
0.0006569914041729447603289615002
0.0006519936813326842389610885452
0.0006519936813326842389610885452
0.000646992557374002091158490797
0.000646992557374002091158490797
0.0006419880583852108296219748088
0.0006419880583852108296219748088
0.0006369802104722287830506305913
0.0006369802104722287830506305913
0.0006319690397584439152095130213
0.0006319690397584439152095130213
0.0006269545723845775528887206783
0.0006269545723845775528887206783
0.000621936834508548023466354234
0.000621936834508548023466354234
0.0006169158523053342027884444665
0.0006169158523053342027884444665
0.0006118916519668389740795569308
0.0006118916519668389740795569308
0.0006068642597017525985984076054
0.0006068642597017525985984076054
0.0006018337017354159987534628945
0.0006018337017354159987534628945
0.0005968000043096839543941498154
0.0005968000043096839543941498154
0.0005917631936827882129939698486
0.0005917631936827882129939698486
0.0005867232961292005144424947751
0.0005867232961292005144424947751
0.0005816803379394955311639271275
0.0005816803379394955311639271275
0.0005766343454202137242806341307
0.0005766343454202137242806341307
0.0005715853448937241165408150264
0.0005715853448937241165408150264
0.000566533362698086982730240592
0.000566533362698086982730240592
0.0005614784251869164582888140023
0.0005614784251869164582888140023
0.0005564205587292430668535478919
0.0005564205587292430668535478919
0.0005513597897093761674504379878
0.0005513597897093761674504379878
0.0005462961445267663220586439847
0.0005462961445267663220586439847
0.0005412296495958675842713690323
0.0005412296495958675842713690323
0.0005361603313459997097788666207
0.0005361603313459997097788666207
0.0005310882162212102894001049069
0.0005310882162212102894001049069
0.0005260133306801368053907916722
0.0005260133306801368053907916722
0.0005209357011958686117567172277
0.0005209357011958686117567172277
0.0005158553542558088393027179868
0.0005158553542558088393027179868
0.0005107723163615362261490117588
0.0005107723163615362261490117588
0.0005056866140286668744482203093
0.0005056866140286668744482203093
0.0005005982737867159340380904075
0.0005005982737867159340380904075
0.000495507322178959213766768514
0.000495507322178959213766768514
0.0004904137857622947212294959088
0.0004904137857622947212294959088
0.0004853176911071041316577925888
0.0004853176911071041316577925888
0.000480219064797114186704614999
0.000480219064797114186704614999
0.0004751179334292580238716335341
0.0004751179334292580238716335341
0.0004700143236135364373277138955
0.0004700143236135364373277138955
0.0004649082619728790708709397939
0.0004649082619728790708709397939
0.0004597997751430055437901267535
0.0004597997751430055437901267535
0.0004546888897722865103857980418
0.0004546888897722865103857980418
0.0004495756325216046539150817569
0.0004495756325216046539150817569
0.0004444600300642156157300094397
0.0004444600300642156157300094397
0.00043934210908560886038432816
0.00043934210908560886038432816
0.0004342218962833684774902688556
0.0004342218962833684774902688556
0.0004290994183670339211138469236
0.0004290994183670339211138469236
0.0004239747020579606875053264142
0.0004239747020579606875053264142
0.0004188477740891809319705959041
0.0004188477740891809319705959041
0.0004137186612052640256995444606
0.0004137186612052640256995444606
0.0004085873901621770533792793681
0.0004085873901621770533792793681
0.0004034539877271452524334148656
0.0004034539877271452524334148656
0.0003983184806785123947439423811
0.0003983184806785123947439423811
0.0003931808958056011117296720795
0.0003931808958056011117296720795
0.0003880412599085731636752710066
0.0003880412599085731636752710066
0.0003828995997982896542279367199
0.0003828995997982896542279367199
0.0003777559422961711910052354329
0.0003777559422961711910052354329
0.0003726103142340579932881902827
0.0003726103142340579932881902827
0.0003674627424540699478090281402
0.0003674627424540699478090281402
0.0003623132538084666136839144253
0.0003623132538084666136839144253
0.000357161875159507177588516187
0.000357161875159507177588516187
0.0003520086333793103603295187553
0.0003520086333793103603295187553
0.0003468535553497142760296990438
0.0003468535553497142760296990438
0.0003416966679621362452195321307
0.0003416966679621362452195321307
0.0003365379981174325632166270912
0.0003365379981174325632166270912
0.0003313775727257582252780275638
0.0003313775727257582252780275638
0.0003262154187064266101325670015
0.0003262154187064266101325670015
0.0003210515629877691236446730384
0.0003210515629877691236446730384
0.0003158860325069948045316950762
0.0003158860325069948045316950762
0.0003107188542100498942593874251
0.0003107188542100498942593874251
0.0003055500550514773734812355826
0.0003055500550514773734812355826
0.0003003796619942764676749984304
0.0003003796619942764676749984304
0.0002952077020097621249741815776
0.0002952077020097621249741815776
0.0002900342020774244696055622317
0.0002900342020774244696055622317
0.0002848591891847882348417561214
0.0002848591891847882348417561214
0.0002796826903272721799793454984
0.0002796826903272721799793454984
0.0002745047325080484965822828777
0.0002745047325080484965822828777
0.0002693253427379022101172984823
0.0002693253427379022101172984823
0.0002641445480350905841908885944
0.0002641445480350905841908885944
0.0002589623754252025359242890272
0.0002589623754252025359242890272
0.0002537788519410180726348717293
0.0002537788519410180726348717293
0.000248594004622367762007871868
0.000248594004622367762007871868
0.0002434078605159922504416793904
0.0002434078605159922504416793904
0.0002382204466754018473626583549
0.0002382204466754018473626583549
0.0002330317901607361971995603854
0.0002330317901607361971995603854
0.0002278419180386240656020315896
0.0002278419180386240656020315896
0.0002226508573820432726694784407
0.0002226508573820432726694784407
0.0002174586352701808138040360207
0.0002174586352701808138040360207
0.0002122652787882932188164362702
0.0002122652787882932188164362702
0.0002070708150275672127660650554
0.0002070708150275672127660650554
0.0002018752710849807586064316432
0.0002018752710849807586064316432
0.0001966786740631645832522538612
0.0001966786740631645832522538612
0.0001914810510702643168436178425
0.0001914810510702643168436178425
0.0001862824292198034120344774371
0.0001862824292198034120344774371
0.000181082835630547059230447056
0.000181082835630547059230447056
0.0001758822974263673792456799097
0.0001758822974263673792456799097
0.0001706808417361102630382275824
0.0001706808417361102630382275824
0.0001654784956934643478265375384
0.0001654784956934643478265375384
0.0001602752864368327826309968165
0.0001602752864368327826309968165
0.000155071241109208662463599292
0.000155071241109208662463599292
0.000149866386858055325902496022
0.000149866386858055325902496022
0.0001446607508351931555473009083
0.0001446607508351931555473009083
0.0001394543601966951548216973242
0.0001394543601966951548216973242
0.0001342472421027944890778436087
0.0001342472421027944890778436087
0.0001290394237178085149763427949
0.0001290394237178085149763427949
0.0001238309322100858007903284474
0.0001238309322100858007903284474
0.0001186217947519856140691754611
0.0001186217947519856140691754611
0.0001134120385199038937553815546
0.0001134120385199038937553815546
0.0001082016906943667766690613783
0.0001082016906943667766690613783
0.000102990778460223908583473519
0.000102990778460223908583473519
0.000097779329006991791114892848
0.000097779329006991791114892848
0.000092567369529427166069125018
0.000092567369529427166069125018
0.000087354927228460761583337244
0.000087354927228460761583337244
0.00008214202931270915942194763
0.00008214202931270915942194763
0.00007692870300093904998867819
0.00007692870300093904998867819
0.00007171497552614775182723513
0.00007171497552614775182723513
0.000066500874142480176029560377
0.000066500874142480176029560377
0.00006128642613731717125477051
0.00006128642613731717125477051
0.000056071658853214626885723111
0.000056071658853214626885723111
0.000050856599729586330262708137
0.000050856599729586330262708137
0.000045641276386399410367835806
0.000045641276386399410367835806
0.000040425716803892584358828471
0.000040425716803892584358828471
0.000035209949741717287803818091
0.000035209949741717287803818091
0.000029994005823488458913674757
0.000029994005823488458913674757
0.000024777920747794671086124488
0.000024777920747794671086124488
0.000019561746696735766514266676
0.000019561746696735766514266676
0.000014345605075210415820494739
0.000014345605075210415820494739
9.13005841675681901114412e-6
9.13005841675681901114412e-6
3.92217562557106756242354e-6
3.92217562557106756242354e-6