0.00204997770707826965221000826517
0.00204997770707826965221000826517
0.00204996909222737371100834952149
0.00204996909222737371100834952149
0.0020499518625617849813042608549
0.0020499518625617849813042608549
0.00204992601815390961635563692223
0.00204992601815390961635563692223
0.00204989155911235646569855160443
0.00204989155911235646569855160443
0.00204984848558193661872812647911
0.00204984848558193661872812647911
0.00204979679774366279614267243903
0.00204979679774366279614267243903
0.00204973649581474858925366185889
0.00204973649581474858925366185889
0.00204966758004860754716472804323
0.00204966758004860754716472804323
0.00204959005073485211182352800551
0.00204959005073485211182352800551
0.0020495039081992924009509439291
0.0020495039081992924009509439291
0.00204940915280393483885273794314
0.00204940915280393483885273794314
0.00204930578494698063511941410673
0.00204930578494698063511941410673
0.00204919380506282411122068073147
0.00204919380506282411122068073147
0.00204907321362205087500154538188
0.00204907321362205087500154538188
0.00204894401113143584308771407303
0.00204894401113143584308771407303
0.00204880619813394111120860533286
0.00204880619813394111120860533286
0.00204865977520871367244692890913
0.00204865977520871367244692890913
0.00204850474297108298342441797651
0.00204850474297108298342441797651
0.00204834110207255837843394273383
0.00204834110207255837843394273383
0.00204816885320082633152887227401
0.00204816885320082633152887227401
0.00204798799707974756658119055488
0.00204798799707974756658119055488
0.00204779853446935401532051119755
0.00204779853446935401532051119755
0.00204760046616584562336677468553
0.00204760046616584562336677468553
0.00204739379300158700427005033114
0.00204739379300158700427005033114
0.00204717851584510394157150411244
0.00204717851584510394157150411244
0.00204695463560107973890023216173
0.00204695463560107973890023216173
0.00204672215321035141812129830229
0.00204672215321035141812129830229
0.0020464810696499057655509525818
0.0020464810696499057655509525818
0.0020462313859328752262556462349
0.0020462313859328752262556462349
0.00204597310310853364645209692206
0.00204597310310853364645209692206
0.00204570622226229186402629643374
0.00204570622226229186402629643374
0.00204543074451569314718999131555
0.00204543074451569314718999131555
0.00204514667102640848129380505938
0.00204514667102640848129380505938
0.0020448540029882317038168086132
0.0020448540029882317038168086132
0.00204455274163107448755298398806
0.00204455274163107448755298398806
0.00204424288822096117201566367943
0.00204424288822096117201566367943
0.00204392444406002344308166647092
0.00204392444406002344308166647092
0.00204359741048649486089748794773
0.00204359741048649486089748794773
0.00204326178887470523607054171236
0.00204326178887470523607054171236
0.0020429175806350748541690848641
0.0020429175806350748541690848641
0.00204256478721410854855509877296
0.00204256478721410854855509877296
0.00204220341009438962157503354627
0.00204220341009438962157503354627
0.00204183345079457361413396184894
0.00204183345079457361413396184894
0.00204145491086938192367932489353
0.00204145491086938192367932489353
0.00204106779190959527062109046193
0.00204106779190959527062109046193
0.00204067209554204701321577975285
0.00204067209554204701321577975285
0.00204026782342961631094245666663
0.00204026782342961631094245666663
0.00203985497727122113639940983827
0.00203985497727122113639940983827
0.00203943355880181113575089430767
0.00203943355880181113575089430767
0.00203900356979236033775393617143
0.00203900356979236033775393617143
0.00203856501204985971139583988944
0.00203856501204985971139583988944
0.00203811788741730957217367411957
0.00203811788741730957217367411957
0.00203766219777371183704764802265
0.00203766219777371183704764802265
0.00203719794503406212810092591463
0.00203719794503406212810092591463
0.00203672513114934172493906394053
0.00203672513114934172493906394053
0.00203624375810650936586288810334
0.00203624375810650936586288810334
0.00203575382792849289784926849729
0.00203575382792849289784926849729
0.00203525534267418077537487996652
0.00203525534267418077537487996652
0.00203474830443841340811867463391
0.00203474830443841340811867463391
0.00203423271535197435757942681927
0.00203423271535197435757942681927
0.00203370857758158138264534578665
0.00203370857758158138264534578665
0.00203317589332987733415338652657
0.00203317589332987733415338652657
0.00203263466483542089847652338628
0.00203263466483542089847652338628
0.00203208489437267719017788580789
0.00203208489437267719017788580789
0.00203152658425200819377128971751
0.00203152658425200819377128971751
0.00203095973681966305462833222553
0.00203095973681966305462833222553
0.00203038435445776821907285124655
0.00203038435445776821907285124655
0.0020298004395843174237041854242
0.0020298004395843174237041854242
0.00202920799465316153399130334898
0.00202920799465316153399130334898
0.00202860702215399823218050448281
0.00202860702215399823218050448281
0.00202799752461236155456002745086
0.00202799752461236155456002745086
0.00202737950458961127812553442526
0.00202737950458961127812553442526
0.00202675296468292215669107320488
0.00202675296468292215669107320488
0.00202611790752527300649075128776
0.00202611790752527300649075128776
0.00202547433578543564131698873444
0.00202547433578543564131698873444
0.00202482225216796365724184892996
0.00202482225216796365724184892996
0.00202416165941318106696857846621
0.00202416165941318106696857846621
0.0020234925602971707838611192819
0.0020234925602971707838611192819
0.00202281495763176295569998791274
0.00202281495763176295569998791274
0.002022128854264523148213548216
0.002022128854264523148213548216
0.00202143425307874037843433523941
0.00202143425307874037843433523941
0.0020207311569934149979307190012
0.0020207311569934149979307190012
0.00202001956896324642596482783406
0.00202001956896324642596482783406
0.00201929949197862073262828161702
0.00201929949197862073262828161702
0.00201857092906559807200791567482
0.00201857092906559807200791567482
0.00201783388328589996543430635976
0.00201783388328589996543430635976
0.00201708835773689643486653934486
0.00201708835773689643486653934486
0.00201633435555159298646729144669
0.00201633435555159298646729144669
0.00201557187989861744442292635791
0.00201557187989861744442292635791
0.00201480093398220663506393400192
0.00201480093398220663506393400192
0.00201402152104219292134167232164
0.00201402152104219292134167232164
0.00201323364435399058771799917877
0.00201323364435399058771799917877
0.00201243730722858207552501066673
0.00201243730722858207552501066673
0.00201163251301250406885273052658
0.00201163251301250406885273052658
0.00201081926508783343102322349838
0.00201081926508783343102322349838
0.00200999756687217299171023333784
0.00200999756687217299171023333784
0.00200916742181863718476407387719
0.00200916742181863718476407387719
0.00200832883341583753680212890723
0.00200832883341583753680212890723
0.00200748180518786800662594380183
0.00200748180518786800662594380183
0.00200662634069429017552651869442
0.00200662634069429017552651869442
0.00200576244353011828854003964508
0.00200576244353011828854003964508
0.00200489011732580414671691060457
0.00200489011732580414671691060457
0.00200400936574722185046757508517
0.00200400936574722185046757508517
0.00200312019249565239404924228483
0.00200312019249565239404924228483
0.0020022226013077681112582579783
0.0020022226013077681112582579783
0.00200131659595561697239348578437
0.00200131659595561697239348578437
0.0020004021802466067325566894385
0.0020004021802466067325566894385
0.00199947935802348893135653144348
0.00199947935802348893135653144348
0.00199854813316434274408342793404
0.00199854813316434274408342793404
0.00199760850958255868442312377175
0.00199760850958255868442312377175
0.00199666049122682215877747578234
0.00199666049122682215877747578234
0.00199570408208109687226155565487
0.00199570408208109687226155565487
0.00199473928616460808644680733967
0.00199473928616460808644680733967
0.00199376610753182572892061680599
0.00199376610753182572892061680599
0.00199278455027244735473327474888
0.00199278455027244735473327474888
0.00199179461851138095980393526481
0.00199179461851138095980393526481
0.00199079631640872764635779564516
0.00199079631640872764635779564516
0.0019897896481597641404673442622
0.0019897896481597641404673442622
0.00198877461799492516177114504189
0.00198877461799492516177114504189
0.00198775123017978564544424822889
0.00198775123017978564544424822889
0.00198671948901504281649493804843
0.00198671948901504281649493804843
0.00198567939883649811646314845549
0.00198567939883649811646314845549
0.00198463096401503898259649843061
0.00198463096401503898259649843061
0.0019835741889566204795805182316
0.0019835741889566204795805182316
0.00198250907810224678390025763827
0.00198250907810224678390025763827
0.00198143563592795252091108653113
0.00198143563592795252091108653113
0.00198035386694478395469711712159
0.00198035386694478395469711712159
0.00197926377569878003079629579824
0.00197926377569878003079629579824
0.00197816536677095327187183086869
0.00197816536677095327187183086869
0.00197705864477727052641024045649
0.00197705864477727052641024045649
0.00197594361436863357052692245551
0.00197594361436863357052692245551
0.00197482028023085956296076574652
0.00197482028023085956296076574652
0.00197368864708466135333993884136
0.00197368864708466135333993884136
0.00197254871968562764380160873445
0.00197254871968562764380160873445
0.00197140050282420300404895900914
0.00197140050282420300404895900914
0.001970244001325667739929492163
0.001970244001325667739929492163
0.00196907922005011761561921667986
0.00196907922005011761561921667986
0.00196790616389244342949793458539
0.00196790616389244342949793458539
0.00196672483778231044380146007255
0.00196672483778231044380146007255
0.00196553524668413766813721427345
0.00196553524668413766813721427345
0.00196433739559707699695025538005
0.00196433739559707699695025538005
0.00196313128955499220102741707679
0.00196313128955499220102741707679
0.00196191693362643777312784164017
0.00196191693362643777312784164017
0.00196069433291463762782880708125
0.00196069433291463762782880708125
0.00195946349255746365567636035461
0.00195946349255746365567636035461
0.00195822441772741413173088092818
0.00195822441772741413173088092818
0.00195697711363159197859831090145
0.00195697711363159197859831090145
0.00195572158551168288403839936994
0.00195572158551168288403839936994
0.00195445783864393327324191986197
0.00195445783864393327324191986197
0.0019531858783391281358694304139
0.0019531858783391281358694304139
0.00195190570994256870794475620232
0.00195190570994256870794475620232
0.00195061733883405000869698461174
0.00195061733883405000869698461174
0.00194932077042783823244537218237
0.00194932077042783823244537218237
0.00194801601017264799562217205221
0.00194801601017264799562217205221
0.00194670306355161943902899927757
0.00194670306355161943902899927757
0.0019453819360822951854229597847
0.0019453819360822951854229597847
0.00194405263331659715252937666883
0.00194405263331659715252937666883
0.00194271516084080322157855511434
0.00194271516084080322157855511434
0.00194136952427552376146463435689
0.00194136952427552376146463435689
0.0019400157292756780086251818441
0.0019400157292756780086251818441
0.00193865378153047030274079107204
0.00193865378153047030274079107204
0.00193728368676336617835455047886
0.00193728368676336617835455047886
0.00193590545073206831251185626042
0.00193590545073206831251185626042
0.00193451907922849232852164703527
0.00193451907922849232852164703527
0.00193312457807874245594074292285
0.00193312457807874245594074292285
0.00193172195314308704688357580878
0.00193172195314308704688357580878
0.0019303112103159339487602013511
0.0019303112103159339487602013511
0.00192889235552580573354608662851
0.00192889235552580573354608662851
0.00192746539473531478368777024464
0.00192746539473531478368777024464
0.00192603033394113823474909417719
0.00192603033394113823474909417719
0.00192458717917399277490330869616
0.00192458717917399277490330869616
0.0019231359364986093013769532678
0.0019231359364986093013769532678
0.00192167661201370743395201750869
0.00192167661201370743395201750869
0.00192020921185196988563348695418
0.00192020921185196988563348695418
0.0019187337421800166905899786555
0.0019187337421800166905899786555
0.00191725020919837928947577141697
0.00191725020919837928947577141697
0.00191575861914147447224313482691
0.00191575861914147447224313482691
0.00191425897827757817855446012056
0.00191425897827757817855446012056
0.00191275129290879915590429433716
0.00191275129290879915590429433716
0.00191123556937105247556197719549
0.00191123556937105247556197719549
0.00190971181403403290644617760812
0.00190971181403403290644617760812
0.00190818003330118814704322378365
0.00190818003330118814704322378365
0.00190664023360969191548171742441
0.00190664023360969191548171742441
0.00190509242143041689787651861314
0.00190509242143041689787651861314
0.00190353660326790755505578359225
0.00190353660326790755505578359225
0.00190197278566035278778533277253
0.00190197278566035278778533277253
0.00190040097517955846060522096025
0.00190040097517955846060522096025
0.00189882117843091978439397596159
0.00189882117843091978439397596159
0.00189723340205339355777656540791
0.00189723340205339355777656540791
0.00189563765271947026749274484211
0.00189563765271947026749274484211
0.0018940339371351460478430328128
0.0018940339371351460478430328128
0.00189242226203989449933015093725
0.00189242226203989449933015093725
0.00189080263420663836661435861233
0.00189080263420663836661435861233
0.00188917506044172107590170327383
0.00188917506044172107590170327383
0.00188753954758487813188479782552
0.00188753954758487813188479782552
0.00188589610250920837435632707702
0.00188589610250920837435632707702
0.00188424473212114509461607474307
0.00188424473212114509461607474307
0.0018825854433604270117928517618
0.0018825854433604270117928517618
0.00188091824320006910920329538513
0.00188091824320006910920329538513
0.00187924313864633333087009667697
0.00187924313864633333087009667697
0.00187756013673869913832280172288
0.00187756013673869913832280172288
0.00187586924454983392780491900467
0.00187586924454983392780491900467
0.00187417046918556330801165202403
0.00187417046918556330801165202403
0.00187246381778484123848316236674
0.00187246381778484123848316236674
0.00187074929751972002877885398202
0.00187074929751972002877885398202
0.00186902691559532019855875450713
0.00186902691559532019855875450713
0.00186729667924980019869865399304
0.00186729667924980019869865399304
0.00186555859575432599356624538008
0.00186555859575432599356624538008
0.0018638126724130405045860945318
0.0018638126724130405045860945318
0.00186205891656303291522185055595
0.00186205891656303291522185055595
0.00186029733557430783750468952418
0.00186029733557430783750468952418
0.00185852793684975434023756654107
0.00185852793684975434023756654107
0.001856750727825114839005432409
0.001856750727825114839005432409
0.00185496571596895384812215188316
0.00185496571596895384812215188316
0.00185317290878262659464544071016
0.00185317290878262659464544071016
0.00185137231380024749459171829059
0.00185137231380024749459171829059
0.00184956393858865849148335189871
0.00184956393858865849148335189871
0.00184774779074739725736134692828
0.00184774779074739725736134692828
0.00184592387790866525639711561067
0.00184592387790866525639711561067
0.00184409220773729567123753406646
0.00184409220773729567123753406646
0.00184225278793072119221807440315
0.00184225278793072119221807440315
0.00184040562621894166957937485634
0.00184040562621894166957937485634
0.00183855073036449162882318668791
0.00183855073036449162882318668791
0.00183668810816240764934421169929
0.00183668810816240764934421169929
0.00183481776744019560647491878906
0.00183481776744019560647491878906
0.00183293971605779777708100197904
0.00183293971605779777708100197904
0.00183105396190755980884571574944
0.00183105396190755980884571574944
0.00182916051291419755338189635919
0.00182916051291419755338189635919
0.00182725937703476376331105007969
0.00182725937703476376331105007969
0.00182535056225861465344946093665
0.00182535056225861465344946093665
0.00182343407660737632624184163316
0.00182343407660737632624184163316
0.00182150992813491106158362181464
0.00182150992813491106158362181464
0.00181957812492728347117353773123
0.00181957812492728347117353773123
0.00181763867510272651753875665289
0.00181763867510272651753875665289
0.00181569158681160739787533809394
0.00181569158681160739787533809394
0.00181373686823639329284740200557
0.00181373686823639329284740200557
0.00181177452759161698048894159405
0.00181177452759161698048894159405
0.00180980457312384231535278531669
0.00180980457312384231535278531669
0.0018078270131116295730517788943
0.0018078270131116295730517788943
0.00180584185586550066033782385671
0.00180584185586550066033782385671
0.00180384910972790419086497420292
0.00180384910972790419086497420292
0.00180184878307318042678335720848
0.00180184878307318042678335720848
0.00179984088430752608631124824692
0.00179984088430752608631124824692
0.001797825421868959017433192707
0.001797825421868959017433192707
0.00179580240422728273787263068112
0.00179580240422728273787263068112
0.00179377183988405084148804206985
0.00179377183988405084148804206985
0.00179173373737253127124219109101
0.00179173373737253127124219109101
0.00178968810525767045889460989636
0.00178968810525767045889460989636
0.00178763495213605733156802108318
0.00178763495213605733156802108318
0.00178557428663588718533995833825
0.00178557428663588718533995833825
0.00178350611741692542601140326681
0.00178350611741692542601140326681
0.00178143045317047117720481463604
0.00178143045317047117720481463604
0.00177934730261932075594448379906
0.00177934730261932075594448379906
0.0017772566745177310158727069594
0.0017772566745177310158727069594
0.00177515857765138255825582118471
0.00177515857765138255825582118471
0.00177305302083734281093470667997
0.00177305302083734281093470667997
0.00177094001292402897537491278221
0.00177094001292402897537491278221
0.00176881956279117084197211943858
0.00176881956279117084197211943858
0.0017666916793497734737691995748
0.0017666916793497734737691995748
0.00176455637154207975874170074997
0.00176455637154207975874170074997
0.00176241364834153283080911682313
0.00176241364834153283080911682313
0.00176026351875273835972987202548
0.00176026351875273835972987202548
0.0017581059918114267100384908367
0.0017581059918114267100384908367
0.00175594107658441496918397740272
0.00175594107658441496918397740272
0.00175376878216956884502897790248
0.00175376878216956884502897790248
0.00175158911769576443286984827122
0.00175158911769576443286984827122
0.00174940209232284985213829801472
0.00174940209232284985213829801472
0.00174720771524160675294582850064
0.00174720771524160675294582850064
0.00174500599567371169263273108736
0.00174500599567371169263273108736
0.00174279694287169738248395674504
0.00174279694287169738248395674504
0.00174058056611891380477471443614
0.00174058056611891380477471443614
0.00173835687472948920030920045033
0.00173835687472948920030920045033
0.00173612587804829092661640513015
0.00173612587804829092661640513015
0.00173388758545088618696748697595
0.00173388758545088618696748697595
0.00173164200634350263037974697975
0.00173164200634350263037974697975
0.00172938915016298882277277820496
0.00172938915016298882277277820496
0.00172712902637677458944290710092
0.00172712902637677458944290710092
0.00172486164448283122902258381436
0.00172486164448283122902258381436
0.00172258701400963159909191883343
0.00172258701400963159909191883343
0.0017203051445161100736101026705
0.0017203051445161100736101026705
0.00171801604559162237233498395537
0.00171801604559162237233498395537
0.00171571972685590526239961926947
0.00171571972685590526239961926947
0.0017134161979590361322151453003
0.0017134161979590361322151453003
0.00171110546858139243786986043314
0.00171110546858139243786986043314
0.00170878754843361102219493872035
0.00170878754843361102219493872035
0.00170646244725654730666773427593
0.00170646244725654730666773427593
0.00170413017482123435632416853199
0.00170413017482123435632416853199
0.00170179074092884181785222646166
0.00170179074092884181785222646166
0.00169944415541063473103912081872
0.00169944415541063473103912081872
0.00169709042812793221374521566384
0.00169709042812793221374521566384
0.0016947295689720660205783319403
0.0016947295689720660205783319403
0.0016923615878643389754425886252
0.0016923615878643389754425886252
0.00168998649475598327813646301292
0.00168998649475598327813646301292
0.00168760429962811868517528298546
0.00168760429962811868517528298546
0.00168521501249171056501389268419
0.00168521501249171056501389268419
0.00168281864338752782784576082065
0.00168281864338752782784576082065
0.00168041520238610073015532794493
0.00168041520238610073015532794493
0.0016780046995876785542009153289
0.0016780046995876785542009153289
0.00167558714512218716260604371517
0.00167558714512218716260604371517
0.00167316254914918642823753502805
0.00167316254914918642823753502805
0.00167073092185782753954929423983
0.00167073092185782753954929423983
0.00166829227346681018157119192957
0.00166829227346681018157119192957
0.00166584661422433959272299066284
0.00166584661422433959272299066284
0.00166339395440808349763378015467
0.00166339395440808349763378015467
0.00166093430432512891614790725427
0.00166093430432512891614790725427
0.00165846767431193884869890710541
0.00165846767431193884869890710541
0.00165599407473430883823346138899
0.00165599407473430883823346138899
0.00165351351598732340886792834203
0.00165351351598732340886792834203
0.00165102600849531238146050726793
0.00165102600849531238146050726793
0.00164853156271180706628261750408
0.00164853156271180706628261750408
0.00164603018911949633297358829264
0.00164603018911949633297358829264
0.00164352189823018255796327170664
0.00164352189823018255796327170664
0.0016410067005847374495477057137
0.0016410067005847374495477057137
0.00163848460675305775080346861208
0.00163848460675305775080346861208
0.00163595562733402082052687944606
0.00163595562733402082052687944606
0.00163341977295544009238471159741
0.00163341977295544009238471159741
0.0016308770542740204124635985554
0.0016308770542740204124635985554
0.00162832748197531325540582188642
0.00162832748197531325540582188642
0.00162577106677367181931968165459
0.00162577106677367181931968165459
0.00162320781941220599965315898383
0.00162320781941220599965315898383
0.00162063775066273724222008909823
0.00162063775066273724222008909823
0.00161806087132575327556857102831
0.00161806087132575327556857102831
0.0016154771922303627228818472247
0.0016154771922303627228818472247
0.00161288672423424959360239257497
0.00161288672423424959360239257497
0.00161028947822362765497045777205
0.00161028947822362765497045777205
0.00160768546511319468366881663169
0.00160768546511319468366881663169
0.00160507469584608659776597079964
0.00160507469584608659776597079964
0.00160245718139383146915056832449
0.00160245718139383146915056832449
0.00159983293275630341665029479755
0.00159983293275630341665029479755
0.0015972019609616763800289971738
0.0015972019609616763800289971738
0.00159456427706637777505630098742
0.00159456427706637777505630098742
0.00159191989215504202984448145724
0.00159191989215504202984448145724
0.00158926881734046400264784794198
0.00158926881734046400264784794198
0.00158661106376355228132039934834
0.00158661106376355228132039934834
0.00158394664259328236462800541581
0.00158394664259328236462800541581
0.00158127556502664972561186529835
0.00158127556502664972561186529835
0.00157859784228862275720049053211
0.00157859784228862275720049053211
0.00157591348563209560026795431872
0.00157591348563209560026795431872
0.0015732225063378408543366430632
0.0015732225063378408543366430632
0.00157052491571446217112323928162
0.00157052491571446217112323928162
0.00156782072509834673112715733481
0.00156782072509834673112715733481
0.00156510994585361760346114494845
0.00156510994585361760346114494845
0.00156239258937208598912425414447
0.00156239258937208598912425414447
0.00155966866707320334791787503195
0.00155966866707320334791787503195
0.00155693819040401340920601488575
0.00155693819040401340920601488575
0.00155420117083910406672149307546
0.00155420117083910406672149307546
0.0015514576198805591576202096944
0.0015514576198805591576202096944
0.00154870754905791012598613217571
0.00154870754905791012598613217571
0.00154595096992808757099012976841
0.00154595096992808757099012976841
0.00154318789407537267990627047861
0.00154318789407537267990627047861
0.00154041833311134854618967895758
0.00154041833311134854618967895758
0.00153764229867485137282053683716
0.00153764229867485137282053683716
0.00153485980243192156111928917212
0.00153485980243192156111928917212
0.0015320708560757546852386019466
0.0015320708560757546852386019466
0.00152927547132665235253809603505
0.00152927547132665235253809603505
0.00152647365993197295004836257611
0.00152647365993197295004836257611
0.00152366543366608227723124341777
0.00152366543366608227723124341777
0.0015208508043303040652438381221
0.0015208508043303040652438381221
0.00151802978375287038291417597662
0.00151802978375287038291417597662
0.00151520238378887192963696754314
0.00151520238378887192963696754314
0.00151236861632020821539832548427
0.00151236861632020821539832548427
0.00150952849325553762813881873808
0.00150952849325553762813881873808
0.00150668202653022738866469756257
0.00150668202653022738866469756257
0.00150382922810630339331759954068
0.00150382922810630339331759954068
0.00150097010997239994461351832203
0.00150097010997239994461351832203
0.00149810468414370937006228767701
0.00149810468414370937006228767701
0.00149523296266193152937930335071
0.00149523296266193152937930335071
0.00149235495759522321030167422622
0.00149235495759522321030167422622
0.00148947068103814741322146243719
0.00148947068103814741322146243719
0.0014865801451116225248491393062
0.0014865801451116225248491393062
0.00148368336196287138112085032651
0.00148368336196287138112085032651
0.00148078034376537021956354784832
0.00148078034376537021956354784832
0.00147787110271879752133251467433
0.00147787110271879752133251467433
0.0014749556510489827431362654119
0.0014749556510489827431362654119
0.00147203400100785493926427516818
0.00147203400100785493926427516818
0.00146910616487339127393344700767
0.00146910616487339127393344700767
0.00146617215494956542416969051841
0.00146617215494956542416969051841
0.00146323198356629587344144384938
0.00146323198356629587344144384938
0.00146028566307939409626243068782
0.00146028566307939409626243068782
0.00145733320587051263398140183739
0.00145733320587051263398140183739
0.00145437462434709306197706833585
0.00145437462434709306197706833585
0.00145140993094231384847688941128
0.00145140993094231384847688941128
0.00144843913811503810521883401763
0.00144843913811503810521883401763
0.0014454622583497612301756892109
0.0014454622583497612301756892109
0.00144247930415655844256194222574
0.00144247930415655844256194222574
0.00143949028807103221034371578526
0.00143949028807103221034371578526
0.00143649522265425957047268792405
0.00143649522265425957047268792405
0.00143349412049273934206537842276
0.00143349412049273934206537842276
0.00143048699419833923274963384071
0.00143048699419833923274963384071
0.00142747385640824283840059208907
0.00142747385640824283840059208907
0.00142445471978489653648885550872
0.00142445471978489653648885550872
0.00142142959701595627326404850309
0.00142142959701595627326404850309
0.00141839850081423424499738192393
0.00141839850081423424499738192393
0.00141536144391764547350729161647
0.00141536144391764547350729161647
0.00141231843908915427619266279685
0.00141231843908915427619266279685
0.00140926949911672063079859525803
0.00140926949911672063079859525803
0.00140621463681324643514010677817
0.00140621463681324643514010677817
0.00140315386501652166200961353604
0.00140315386501652166200961353604
0.00140008719658917040949446681963
0.00140008719658917040949446681963
0.00139701464441859684693126484497
0.00139701464441859684693126484497
0.00139393622141693105672409707979
0.00139393622141693105672409707979
0.00139085194052097477225431609033
0.00139085194052097477225431609033
0.00138776181469214701210986859633
0.00138776181469214701210986859633
0.00138466585691642961086265312792
0.00138466585691642961086265312792
0.00138156408020431264662280642678
0.00138156408020431264662280642678
0.00137845649759073976559925452052
0.00137845649759073976559925452052
0.0013753431221350534038962972221
0.0013753431221350534038962972221
0.00137222396692093990677642666366
0.00137222396692093990677642666366
0.00136909904505637454562001136378
0.00136909904505637454562001136378
0.00136596836967356643281290724835
0.00136596836967356643281290724835
0.00136283195392890333479348599481
0.00136283195392890333479348599481
0.00135968981100289638349099904653
0.00135968981100289638349099904653
0.00135654195410012468638762264676
0.00135654195410012468638762264676
0.00135338839644917983543695526726
0.00135338839644917983543695526726
0.00135022915130261031507216385512
0.00135022915130261031507216385512
0.00134706423193686580953739938854
0.00134706423193686580953739938854
0.00134389365165224140977652531926
0.00134389365165224140977652531926
0.00134071742377282172011362458138
0.00134071742377282172011362458138
0.00133753556164642486496017196413
0.00133753556164642486496017196413
0.00133434807864454639578417877624
0.00133434807864454639578417877624
0.00133115498816230309857703587119
0.00133115498816230309857703587119
0.00132795630361837670205419925366
0.00132795630361837670205419925366
0.00132475203845495748682627964574
0.00132475203845495748682627964574
0.00132154220613768779577751355653
0.00132154220613768779577751355653
0.00131832682015560544588900856688
0.00131832682015560544588900856688
0.00131510589402108704174456971265
0.00131510589402108704174456971265
0.00131187944126979119095732702119
0.00131187944126979119095732702119
0.00130864747546060162175579642693
0.00130864747546060162175579642693
0.00130541001017557020296841745958
0.00130541001017557020296841745958
0.00130216705901985986664602126209
0.00130216705901985986664602126209
0.00129891863562168743356209165273
0.00129891863562168743356209165273
0.00129566475363226634183109009492
0.00129566475363226634183109009492
0.001292405426725749278885522578
0.001292405426725749278885522578
0.00128914066859917071705283254051
0.00128914066859917071705283254051
0.00128587049297238935297360908272
0.00128587049297238935297360908272
0.00128259491358803045110300381537
0.00128259491358803045110300381537
0.00127931394421142809153765277586
0.00127931394421142809153765277586
0.00127602759863056732241080190866
0.00127602759863056732241080190866
0.00127273589065602621709873565269
0.00127273589065602621709873565269
0.00126943883412091783648200820299
0.00126943883412091783648200820299
0.0012661364428808320965053760149
0.0012661364428808320965053760149
0.00126282873081377754128072809572
0.00126282873081377754128072809572
0.00125951571182012302197770757812
0.00125951571182012302197770757812
0.00125619739982253928174711399146
0.00125619739982253928174711399146
0.00125287380876594044692257053876
0.00125287380876594044692257053876
0.00124954495261742542474633454717
0.00124954495261742542474633454717
0.00124621084536621920786552208672
0.00124621084536621920786552208672
0.00124287150102361408584540954441
0.00124287150102361408584540954441
0.0012395269336229107639468656962
0.0012395269336229107639468656962
0.00123617715721935938941535753706
0.00123617715721935938941535753706
0.00123282218589010048552936180705
0.00123282218589010048552936180705
0.0012294620337341057936564017878
0.0012294620337341057936564017878
0.00122609671487211902356531553717
0.00122609671487211902356531553717
0.00122272624344659651224374727874
0.00122272624344659651224374727874
0.00121935063362164779147023816525
0.00121935063362164779147023816525
0.00121596989958297606439067608986
0.00121596989958297606439067608986
0.00121258405553781859134924662446
0.00121258405553781859134924662446
0.00120919311571488698522440851835
0.00120919311571488698522440851835
0.00120579709436430741652079749221
0.00120579709436430741652079749221
0.00120239600575756072846834130972
0.00120239600575756072846834130972
0.00119898986418742246238024730045
0.00119898986418742246238024730045
0.00119557868396790279352190064195
0.00119557868396790279352190064195
0.00119216247943418637774308778402
0.00119216247943418637774308778402
0.00118874126494257210912633441243
0.00118874126494257210912633441243
0.00118531505487041278890452130212
0.00118531505487041278890452130212
0.00118188386361605470590131429842
0.00118188386361605470590131429842
0.00117844770559877712874831648807
0.00117844770559877712874831648807
0.00117500659525873171013322137901
0.00117500659525873171013322137901
0.00117156054705688180333361559549
0.00117156054705688180333361559549
0.00116810957547494169129144821405
0.00116810957547494169129144821405
0.00116465369501531572848355141235
0.00116465369501531572848355141235
0.00116119292020103739584396357716
0.00116119292020103739584396357716
0.00115772726557570826899417141707
0.00115772726557570826899417141707
0.00115425674570343690003775194881
0.00115425674570343690003775194881
0.00115078137516877761317625847226
0.00115078137516877761317625847226
0.00114730116857666921440355681563
0.00114730116857666921440355681563
0.00114381614055237361553617921881
0.00114381614055237361553617921881
0.00114032630574141437283762322693
0.00114032630574141437283762322693
0.00113683167880951514049488188659
0.00113683167880951514049488188659
0.00113333227444253803920584937309
0.00113333227444253803920584937309
0.00112982810734642194013660292539
0.00112982810734642194013660292539
0.00112631919224712066450791762701
0.00112631919224712066450791762701
0.00112280554389054109907072514182
0.00112280554389054109907072514182
0.0011192871770424812277305809946
0.0011192871770424812277305809946
0.00111576410648856807958155737376
0.00111576410648856807958155737376
0.00111223634703419559361032972777
0.00111223634703419559361032972777
0.00110870391350446240033157562533
0.00110870391350446240033157562533
0.0011051668207441095206161534512
0.0011051668207441095206161534512
0.00110162508361745798197387651298
0.00110162508361745798197387651298
0.00109807871700834635255304503788
0.00109807871700834635255304503788
0.00109452773582006819311924434119
0.00109452773582006819311924434119
0.00109097215497530942727626214813
0.00109097215497530942727626214813
0.00108741198941608563019232164682
0.00108741198941608563019232164682
0.00108384725410367923609516934062
0.00108384725410367923609516934062
0.00108027796401857666479989815191
0.00108027796401857666479989815191
0.00107670413416040536753372650489
0.00107670413416040536753372650489
0.00107312577954787079232229328081
0.00107312577954787079232229328081
0.00106954291521869326920236659408
0.00106954291521869326920236659408
0.00106595555622954481552620127974
0.00106595555622954481552620127974
0.00106236371765598586162311581198
0.00106236371765598586162311581198
0.00105876741459240189708419408624
0.00105876741459240189708419408624
0.00105516666215194003793635109501
0.00105516666215194003793635109501
0.0010515614754664455149723340058
0.0010515614754664455149723340058
0.00104795186968639808350356151023
0.00104795186968639808350356151023
0.00104433785998084835480303455173
0.00104433785998084835480303455173
0.0010407194615373540495058806571
0.0010407194615373540495058806571
0.0010370966895619161732354220909
0.0010370966895619161732354220909
0.00103346955927891511472298492106
0.00103346955927891511472298492106
0.0010298380859310466666899918276
0.0010298380859310466666899918276
0.00102620228477925796976120610274
0.00102620228477925796976120610274
0.00102256217110268337967831777801
0.00102256217110268337967831777801
0.00101891776019858025808338517244
0.00101891776019858025808338517244
0.00101526906738226468714196638225
0.00101526906738226468714196638225
0.00101161610798704710827609532705
0.00101161610798704710827609532705
0.00100795889736416788527757592835
0.00100795889736416788527757592835
0.00100429745088273279207238582208
0.00100429745088273279207238582208
0.00100063178392964842540729769625
0.00100063178392964842540729769625
0.0009969619119095575427301418975
0.0009969619119095575427301418975
0.0009932878502447743255354483636
0.0009932878502447743255354483636
0.00098960961437521956844751921303
0.00098960961437521956844751921303
0.0009859272197583557943132954551
0.0009859272197583557943132954551
0.00098224068186912229557769227484
0.00098224068186912229557769227484
0.00097855001619987010221438719352
0.00097855001619987010221438719352
0.000974855238260296876485354108
0.000974855238260296876485354108
0.00097115636357738173480274376874
0.00097115636357738173480274376874
0.00096745340769531999696701766536
0.00096745340769531999696701766536
0.00096374638617545786305554755029
0.00096374638617545786305554755029
0.00096003531459622701823619694303
0.00096003531459622701823619694303
0.00095632020855307916578070391886
0.00095632020855307916578070391886
0.00095260108365842048855298629661
0.00095260108365842048855298629661
0.00094887795554154603924779099698
0.00094887795554154603924779099698
0.00094515083984857405965540884733
0.00094515083984857405965540884733
0.00094141975224238022922847445768
0.00094141975224238022922847445768
0.00093768470840253184322716798625
0.00093768470840253184322716798625
0.00093394572402522192071943164918
0.00093394572402522192071943164918
0.00093020281482320324271310870813
0.00093020281482320324271310870813
0.00092645599652572232069720638911
0.00092645599652572232069720638911
0.000922705284878453295869776746
0.000922705284878453295869776746
0.0009189506956434317693302008818
0.0009189506956434317693302008818
0.0009151922445989885635139521781
0.0009151922445989885635139521781
0.0009114299475396834151482032583
0.0009114299475396834151482032583
0.0009076638202762386000069293215
0.0009076638202762386000069293215
0.000903893878635472489744447232
0.000903893878635472489744447232
0.0009001201384602330410866153297
0.0009001201384602330410866153297
0.0008963426156093312176592033445
0.0008963426156093312176592033445
0.000892561325957474344733225045
0.000892561325957474344733225045
0.0008887762853951993971673083346
0.0008887762853951993971673083346
0.0008849875098288062208274584211
0.0008849875098288062208274584211
0.0008811950151802906877648494297
0.0008811950151802906877648494297
0.0008773988173872777854325584032
0.0008773988173872777854325584032
0.0008735989324029546402224330393
0.0008735989324029546402224330393
0.0008697953761960034756035607458
0.0008697953761960034756035607458
0.0008659881647505345051440816579
0.0008659881647505345051440816579
0.0008621773140660187606983621519
0.0008621773140660187606983621519
0.0008583628401572208560418181042
0.0008583628401572208560418181042
0.0008545447590541316862359486942
0.0008545447590541316862359486942
0.0008507230868019010630064119152
0.0008507230868019010630064119152
0.0008468978394607702864172421601
0.0008468978394607702864172421601
0.0008430690331060046531245782709
0.0008430690331060046531245782709
0.0008392366838278259014935372894
0.0008392366838278259014935372894
0.0008354008077313445938621348269
0.0008354008077313445938621348269
0.0008315614209364924362364174681
0.0008315614209364924362364174681
0.0008277185395779545357012359555
0.0008277185395779545357012359555
0.0008238721798051015958313500525
0.0008238721798051015958313500525
0.0008200223577819220503878169647
0.0008200223577819220503878169647
0.0008161690896869541355848750032
0.0008161690896869541355848750032
0.0008123123917132179012127928097
0.0008123123917132179012127928097
0.0008084522800681471609024119204
0.0008084522800681471609024119204
0.0008045887709735213818173667366
0.0008045887709735213818173667366
0.0008007218806653975140602210841
0.0008007218806653975140602210841
0.0007968516253940417600790144903
0.0007968516253940417600790144903
0.0007929780214238612843609640853
0.0007929780214238612843609640853
0.000789101085033335863700319637
0.000789101085033335863700319637
0.0007852208325149494783276196741
0.0007852208325149494783276196741
0.0007813372801751218441878459214
0.0007813372801751218441878459214
0.0007774504443341398866552213834
0.0007774504443341398866552213834
0.000773560341326089155972644355
0.000773560341326089155972644355
0.0007696669874987851847039964286
0.0007696669874987851847039964286
0.0007657703992137047874878071889
0.0007657703992137047874878071889
0.0007618705928459173033810017589
0.0007618705928459173033810017589
0.0007579675847840157810816996786
0.0007579675847840157810816996786
0.0007540613914300481073202747618
0.0007540613914300481073202747618
0.0007501520291994480787081255955
0.0007501520291994480787081255955
0.0007462395145209664173338452203
0.0007462395145209664173338452203
0.0007423238638366017303967162656
0.0007423238638366017303967162656
0.0007384050936015314141676944082
0.0007384050936015314141676944082
0.0007344832202840425025682784922
0.0007344832202840425025682784922
0.000730558260365462460657899985
0.000730558260365462460657899985
0.0007266302303400899233206976648
0.0007266302303400899233206976648
0.0007226991467151253794427755375
0.0007226991467151253794427755375
0.0007187650260106018018712729725
0.0007187650260106018018712729725
0.0007148278847593152234468059444
0.0007148278847593152234468059444
0.0007108877395067552594010670611
0.0007108877395067552594010670611
0.000706944606811035576411599772
0.000706944606811035576411599772
0.0007029985032428243086059887865
0.0007029985032428243086059887865
0.0006990494453852744208079342982
0.0006990494453852744208079342982
0.0006950974498339540193179021213
0.0006950974498339540193179021213
0.0006911425331967766105212653117
0.0006911425331967766105212653117
0.0006871847120939313076170752767
0.0006871847120939313076170752767
0.0006832240031578129857608217893
0.0006832240031578129857608217893
0.0006792604230329523859147617316
0.0006792604230329523859147617316
0.0006752939883759461676996158096
0.0006752939883759461676996158096
0.0006713247158553869115416509301
0.0006713247158553869115416509301
0.0006673526221517930704093834214
0.0006673526221517930704093834214
0.0006633777239575388714343548431
0.0006633777239575388714343548431
0.0006594000379767841677106477791
0.0006594000379767841677106477791
0.0006554195809254042405680237706
0.0006554195809254042405680237706
0.0006514363695309195526137794507
0.0006514363695309195526137794507
0.0006474504205324254518386300091
0.0006474504205324254518386300091
0.0006434617506805218270821413852
0.0006434617506805218270821413852
0.0006394703767372427151534440877
0.0006394703767372427151534440877
0.0006354763154759858599031723042
0.0006354763154759858599031723042
0.0006314795836814422235427820402
0.0006314795836814422235427820402
0.0006274801981495254505076114512
0.0006274801981495254505076114512
0.0006234781756873012841602553531
0.0006234781756873012841602553531
0.0006194735331129169366310341654
0.0006194735331129169366310341654
0.0006154662872555304120925453149
0.0006154662872555304120925453149
0.0006114564549552397837654924636
0.0006114564549552397837654924636
0.0006074440530630124249531948921
0.0006074440530630124249531948921
0.0006034290984406141944023860377
0.0006034290984406141944023860377
0.0005994116079605385762881166333
0.0005994116079605385762881166333
0.0005953915985059357751207842118
0.0005953915985059357751207842118
0.0005913690869705417658735170098
0.0005913690869705417658735170098
0.0005873440902586072996283466472
0.0005873440902586072996283466472
0.0005833166252848268650398104644
0.0005833166252848268650398104644
0.000579286708974267605914831212
0.000579286708974267605914831212
0.0005752543582622981952079290222
0.0005752543582622981952079290222
0.0005712195900945176657310284145
0.0005712195900945176657310284145
0.0005671824214266841978773316386
0.0005671824214266841978773316386
0.0005631428692246438646589391382
0.0005631428692246438646589391382
0.0005591009504642593343581084982
0.0005591009504642593343581084982
0.0005550566821313385310922551507
0.0005550566821313385310922551507
0.0005510100812215632535930115801
0.0005510100812215632535930115801
0.0005469611647404177524998770513
0.0005469611647404177524998770513
0.0005429099497031172664692072703
0.0005429099497031172664692072703
0.0005388564531345365173995131802
0.0005388564531345365173995131802
0.0005348006920691381650742606499
0.0005348006920691381650742606499
0.0005307426835509012215235885017
0.0005307426835509012215235885017
0.0005266824446332494254065915672
0.0005266824446332494254065915672
0.0005226199923789795767160487274
0.0005226199923789795767160487274
0.0005185553438601898321077136792
0.0005185553438601898321077136792
0.0005144885161582079611565290644
0.0005144885161582079611565290644
0.0005104195263635195638423732017
0.0005104195263635195638423732017
0.0005063483915756962495682036874
0.0005063483915756962495682036874
0.0005022751289033237780137243374
0.0005022751289033237780137243374
0.0004981997554639301621279721893
0.0004981997554639301621279721893
0.0004941222883839137335645005087
0.0004941222883839137335645005087
0.0004900427447984711708631230136
0.0004900427447984711708631230136
0.000485961141851525490682485002
0.000485961141851525490682485002
0.0004818774966956540023880400581
0.0004818774966956540023880400581
0.0004777918264920162263003379625
0.0004777918264920162263003379625
0.0004737041484102817759088719723
0.0004737041484102817759088719723
0.0004696144796285582043570935711
0.0004696144796285582043570935711
0.0004655228373333188155045821406
0.0004655228373333188155045821406
0.0004614292387193304398727580332
0.0004614292387193304398727580332
0.0004573337009895811757809527671
0.0004573337009895811757809527671
0.0004532362413552080959801023452
0.0004532362413552080959801023452
0.000449136877035424920091812218
0.000449136877035424920091812218
0.0004450356252574496531610587187
0.0004450356252574496531610587187
0.0004409325032564321906313459355
0.0004409325032564321906313459355
0.0004368275282753818900517334546
0.0004368275282753818900517334546
0.0004327207175650951098257943069
0.0004327207175650951098257943069
0.0004286120883840827153132595224
0.0004286120883840827153132595224
0.0004245016579984975525958624219
0.0004245016579984975525958624219
0.0004203894436820618902197194831
0.0004203894436820618902197194831
0.0004162754627159948292274835945
0.0004162754627159948292274835945
0.0004121597323889396817944891628
0.0004121597323889396817944891628
0.0004080422699968913187841875031
0.0004080422699968913187841875031
0.0004039230928431234865393573416
0.0004039230928431234865393573416
0.0003998022182381160932268828383
0.0003998022182381160932268828383
0.0003956796634994824650553359792
0.0003956796634994824650553359792
0.0003915554459518965726861993454
0.0003915554459518965726861993454
0.0003874295829270202281613395458
0.0003874295829270202281613395458
0.0003833020917634302526713143112
0.0003833020917634302526713143112
0.0003791729898065456154912940805
0.0003791729898065456154912940805
0.000375042294408554544413832472
0.000375042294408554544413832472
0.0003709100229283416080104644459
0.0003709100229283416080104644459
0.0003667761927314147700571866258
0.0003667761927314147700571866258
0.0003626408211898324164623276745
0.0003626408211898324164623276745
0.000358503925682130355039201448
0.000358503925682130355039201448
0.0003543655235932487884703138609
0.0003543655235932487884703138609
0.0003502256323144592608148376766
0.0003502256323144592608148376766
0.0003460842692432915779166608825
0.0003460842692432915779166608825
0.0003419414517834607020766503901
0.0003419414517834607020766503901
0.0003377971973447936213599656901
0.0003377971973447936213599656901
0.0003336515233431561939174374786
0.0003336515233431561939174374786
0.0003295044472003799677093466838
0.0003295044472003799677093466838
0.0003253559863441889760305781036
0.0003253559863441889760305781036
0.0003212061582081265092482889491
0.0003212061582081265092482889491
0.0003170549802314818631771712252
0.0003170549802314818631771712252
0.0003129024698592170645333865122
0.0003129024698592170645333865122
0.0003087486445418935739266523079
0.0003087486445418935739266523079
0.0003045935217355989668711621461
0.0003045935217355989668711621461
0.0003004371189018735933205024773
0.0003004371189018735933205024773
0.0002962794535076372162600515109
0.0002962794535076372162600515109
0.0002921205430251156299231791459
0.0002921205430251156299231791459
0.0002879604049317672582357115424
0.0002879604049317672582357115424
0.0002837990567102097341375330197
0.0002837990567102097341375330197
0.0002796365158481464604820145528
0.0002796365158481464604820145528
0.0002754727998382931532745541509
0.0002754727998382931532745541509
0.0002713079261783043680825413409
0.0002713079261783043680825413409
0.0002671419123707000105325092007
0.0002671419123707000105325092007
0.000262974775922791831908525497
0.000262974775922791831908525497
0.0002588065343466099109819279015
0.0002588065343466099109819279015
0.0002546372051588291233398918938
0.0002546372051588291233398918938
0.0002504668058806955996433867976
0.0002504668058806955996433867976
0.0002462953540379531744391572551
0.0002462953540379531744391572551
0.0002421228671607698273820162393
0.0002421228671607698273820162393
0.0002379493627836641190010294392
0.0002379493627836641190010294392
0.0002337748584454316234761033807
0.0002337748584454316234761033807
0.0002295993716890713612924690647
0.0002295993716890713612924690647
0.0002254229200617122351250414347
0.0002254229200617122351250414347
0.0002212455211145394728919741042
0.0002212455211145394728919741042
0.0002170671924027210826312078216
0.0002170671924027210826312078216
0.0002128879514853343247260576773
0.0002128879514853343247260576773
0.0002087078159252922080746812039
0.0002087078159252922080746812039
0.0002045268032892700181129434588
0.0002045268032892700181129434588
0.0002003449311476318862237671124
0.0002003449311476318862237671124
0.0001961622170743574120794253989
0.0001961622170743574120794253989
0.0001919786786469683529707654406
0.0001919786786469683529707654406
0.0001877943334464553973143566732
0.0001877943334464553973143566732
0.000183609199057205043471435294
0.000183609199057205043471435294
0.0001794232930669266099924710166
0.0001794232930669266099924710166
0.0001752366330665794097230392574
0.0001752366330665794097230392574
0.0001710492366503001282747430178
0.0001710492366503001282747430178
0.000166861121415330457718834776
0.000166861121415330457718834776
0.0001626723049619450497249862909
0.0001626723049619450497249862909
0.0001584828048933798697242446525
0.0001584828048933798697242446525
0.0001542926388157610563602749954
0.0001542926388157610563602749954
0.0001501018243380344203419052215
0.0001501018243380344203419052215
0.0001459103790718957563630844455
0.0001459103790718957563630844455
0.0001417183206317221945593114749
0.0001417183206317221945593114749
0.0001375256666345048890151907349
0.0001375256666345048890151907349
0.0001333324346997834372224853607
0.0001333324346997834372224853607
0.000129138642449582556298153955
0.000129138642449582556298153955
0.000124944307508351723982048952
0.000124944307508351723982048952
0.0001207494475029087466121552707
0.0001207494475029087466121552707
0.0001165540800623885745737485308
0.0001165540800623885745737485308
0.0001123582228181991964464500704
0.0001123582228181991964464500704
0.0001081618934039871797858644902
0.0001081618934039871797858644902
0.0001039651094556165027754076391
0.0001039651094556165027754076391
0.0000997678886111659150070340495
0.0000997678886111659150070340495
0.0000955702485109524613364198955
0.0000955702485109524613364198955
0.0000913722067975924607185208127
0.0000913722067975924607185208127
0.000087173781116116913691671652
0.000087173781116116913691671652
0.000082974989114167302938739248
0.000082974989114167302938739248
0.000078775848442312269096298874
0.000078775848442312269096298874
0.000074576376754549610961553221
0.000074576376754549610961553221
0.000070376591709098599280661697
0.000070376591709098599280661697
0.000066176510969658031075538703
0.000066176510969658031075538703
0.000061976152207431533886246981
0.000061976152207431533886246981
0.000057775533104454939693270696
0.000057775533104454939693270696
0.000053574671359208707273288403
0.000053574671359208707273288403
0.000049373584696396420145704457
0.000049373584696396420145704457
0.000045172290884659072853991892
0.000045172290884659072853991892
0.000040970807770194956556002283
0.000040970807770194956556002283
0.00003676915334422494591240027
0.00003676915334422494591240027
0.000032567345887813892321959253
0.000032567345887813892321959253
0.000028365404309571427579134713
0.000028365404309571427579134713
0.000024163349019407712010435773
0.000024163349019407712010435773
0.000019961204515367793422969793
0.000019961204515367793422969793
0.000015759008574405538692895156
0.000015759008574405538692895156
0.000011556854739267381609436619
0.000011556854739267381609436619
7.35519192639829563780724e-6
7.35519192639829563780724e-6
3.1597105935088741779894e-6
3.1597105935088741779894e-6