0
-0.001636671604295850947912946922
0.001636671604295850947912946922
-0.00327333882444615977217627494671
0.00327333882444615977217627494671
-0.00490999727631712814189883946067
0.00490999727631712814189883946067
-0.00654664257579844528024839471886
0.00654664257579844528024839471886
-0.00818327033881503166283600329736
0.00818327033881503166283600329736
-0.00981987618133878262172663351416
0.00981987618133878262172663351416
-0.0114564557194003118236184007172
0.0114564557194003118236184007172
-0.0130930045691006945907332454025
0.0130930045691006945907332454025
-0.0147295183466232110329622624527
0.0147295183466232110329622624527
-0.0163659926682450889598094013806
0.0163659926682450889598094013806
-0.0180024231503492465406778473101
0.0180024231503492465406778473101
-0.0196388054094360346820440665473
0.0196388054094360346820440665473
-0.0212751350621349790900652589593
0.0212751350621349790900652589593
-0.0229114077252165219871668020132
0.0229114077252165219871668020132
-0.024547619015603763451157198204
0.024547619015603763451157198204
-0.0261837645503842023454190487388
0.0261837645503842023454190487388
-0.027819839946821476808725671726
0.027819839946821476808725671726
-0.0294558408223671042732341627454
0.0294558408223671042732341627454
-0.031091762794672220979206959551
0.031091762794672220979206959551
-0.0327276014815993209550153207652
0.0327276014815993209550153207652
-0.034363352501233994430979560774
0.034363352501233994430979560774
-0.0359990114718966656556023996083
0.0359990114718966656556023996083
-0.0376345740121543300827533874082
0.0376345740121543300827533874082
-0.0392700357408322908983640480921
0.0392700357408322908983640480921
-0.0409053922770258948551951561086
0.0409053922770258948551951561086
-0.0425406392401122673842394136078
0.0425406392401122673842394136078
-0.0441757722497620469513247330471
0.0441757722497620469513247330471
-0.0458107869259511186274853521218
0.0458107869259511186274853521218
-0.0474456788889723468416701139881
0.0474456788889723468416701139881
-0.0490804437594473072843594360174
0.0490804437594473072843594360174
-0.0507150771583380179306647647773
0.0507150771583380179306647647773
-0.0523495747069586691514866735729
0.0523495747069586691514866735729
-0.0539839320269873528813102016971
0.0539839320269873528813102016971
-0.0556181447404777908112185615192
0.0556181447404777908112185615192
-0.0572522084698710615757089506848
0.0572522084698710615757089506848
-0.0588861188380073269018969019995
0.0588861188380073269018969019995
-0.0605198714681375566896983830128
0.0605198714681375566896983830128
-0.062153461983935252991581720905
0.062153461983935252991581720905
-0.0637868860095081728604843759977
0.0637868860095081728604843759977
-0.0654201391694100500344926190508
0.0654201391694100500344926190508
-0.0670532170886523154268852834663
0.0670532170886523154268852834663
-0.0686861153927158163901459635878
0.0686861153927158163901459635878
-0.0703188297075625347225513144477
0.0703188297075625347225513144477
-0.071951355659647303385946476572
0.071951355659647303385946476572
-0.0735836888759295219033221017906
0.0735836888759295219033221017906
-0.0752158249838848704048109924093
0.0752158249838848704048109924093
-0.0768477596115170222907259865743
0.0768477596115170222907259865743
-0.0784794883873693554802644271863
0.0784794883873693554802644271863
-0.0801110069405366622145083402877
0.0801110069405366622145083402877
-0.0817423109006768573823533214514
0.0817423109006768573823533214514
-0.083373395898022685338003085324
0.083373395898022685338003085324
-0.0850042575633934251786706741118
0.0850042575633934251786706741118
-0.0866348915282065944511314454373
0.0866348915282065944511314454373
-0.0882652934244896512557771686219
0.0882652934244896512557771686219
-0.0898954588848916947168248510577
0.0898954588848916947168248510577
-0.0915253835426951637873382929063
0.0915253835426951637873382929063
-0.0931550630318275343577248288919
0.0931550630318275343577248288919
-0.0947844929868730146363742604315
0.0947844929868730146363742604315
-0.0964136690430842387711116097489
0.0964136690430842387711116097489
-0.0980425868363939586801400399461
0.0980425868363939586801400399461
-0.0996712420034267340611550812356
0.0996712420034267340611550812356
-0.101299630181510620547316183662
0.101299630181510620547316183662
-0.102927747008688855978766580647
0.102927747008688855978766580647
-0.104555588123731544758397495572
0.104555588123731544758397495572
-0.106183149166147340260557855319
0.106183149166147340260557855319
-0.107810425776195125261415890284
0.107810425776195125261415890284
-0.109437413594895690359684299758
0.109437413594895690359684299758
-0.111064108264043410356426044763
0.111064108264043410356426044763
-0.112690505426217918562663297453
0.112690505426217918562663297453
-0.114316600724795779003517626973
0.114316600724795779003517626973
-0.115942389803962156487615136198
0.115942389803962156487615136198
-0.117567868308722484510495982123
0.117567868308722484510495982123
-0.119193031884914130960773514669
0.119193031884914130960773514669
-0.12081787617921806159779415448
0.12081787617921806159779415448
-0.122442396839170501269555099724
0.122442396839170501269555099724
-0.124066589513174592839643005103
0.124066589513174592839643005103
-0.125690449850512053791962913078
0.125690449850512053791962913078
-0.127313973501354830482032937848
0.127313973501354830482032937848
-0.128937156116776750003626506727
0.128937156116776750003626506727
-0.130559993348765169639550351326
0.130559993348765169639550351326
-0.132182480850232623865352912338
0.132182480850232623865352912338
-0.133804614275028468874764376637
0.133804614275028468874764376637
-0.135426389277950524595676203973
0.135426389277950524595676203973
-0.137047801514756714165474722585
0.137047801514756714165474722585
-0.138668846642176700834550178717
0.138668846642176700834550178717
-0.140289520317923522266809514111
0.140289520317923522266809514111
-0.141909818200705222206028118222
0.141909818200705222206028118222
-0.143529735950236479476882858001
0.143529735950236479476882858001
-0.145149269227250234289515827677
0.145149269227250234289515827677
-0.146768413693509311816485483969
0.146768413693509311816485483969
-0.148387165011818043010969138648
0.148387165011818043010969138648
-0.150005518846033882635088170171
0.150005518846033882635088170171
-0.151623470861079024467234789364
0.151623470861079024467234789364
-0.153241016722952013657286750732
0.153241016722952013657286750732
-0.154858152098739356198604040905
0.154858152098739356198604040905
-0.156474872656627125485709298998
0.156474872656627125485709298998
-0.158091174065912565926561530228
0.158091174065912565926561530228
-0.159707051997015693578340563974
0.159707051997015693578340563974
-0.161322502121490893775667680605
0.161322502121490893775667680605
-0.162937520112038515720195887694
0.162937520112038515720195887694
-0.164552101642516464000511465867
0.164552101642516464000511465867
-0.166166242387951787011296627251
0.166166242387951787011296627251
-0.167779938024552262240711435439
0.167779938024552262240711435439
-0.169393184229717978394961524987
0.169393184229717978394961524987
-0.171005976682052914329026630657
0.171005976682052914329026630657
-0.172618311061376514752533491955
0.172618311061376514752533491955
-0.174230183048735262679765336926
0.174230183048735262679765336926
-0.175841588326414248592808870614
0.175841588326414248592808870614
-0.177452522577948736286848498136
0.177452522577948736286848498136
-0.179062981488135725366626399793
0.179062981488135725366626399793
-0.180672960743045510363096046192
0.180672960743045510363096046192
-0.182282456030033236439305794798
0.182282456030033236439305794798
-0.183891463037750451654558345768
0.183891463037750451654558345768
-0.185499977456156655755901054227
0.185499977456156655755901054227
-0.187107994976530845466011398417
0.187107994976530845466011398417
-0.188715511291483056236551288181
0.188715511291483056236551288181
-0.190322522094965900436073366228
0.190322522094965900436073366228
-0.19192902308228610194157200536
0.19192902308228610194157200536
-0.193535009950116027102781338365
0.193535009950116027102781338365
-0.195140478396505212048332373624
0.195140478396505212048332373624
-0.196745424120891886302891048495
0.196745424120891886302891048495
-0.198349842824114492684408954316
0.198349842824114492684408954316
-0.199953730208423203450628431309
0.199953730208423203450628431309
-0.201557081977491432663993778771
0.201557081977491432663993778771
-0.203159893836427344744130455691
0.203159893836427344744130455691
-0.204762161491785359177064359262
0.204762161491785359177064359262
-0.206363880651577651350363563693
0.206363880651577651350363563693
-0.207965047025285649483395279188
0.207965047025285649483395279188
-0.20956565632387152762190125099
0.20956565632387152762190125099
-0.21116570425978969466610536083
0.21116570425978969466610536083
-0.212765186546998279401577818139
0.212765186546998279401577818139
-0.214364098900970611502091035732
0.214364098900970611502091035732
-0.215962437038706698473713074522
0.215962437038706698473713074522
-0.217560196678744698509395413974
0.217560196678744698509395413974
-0.2191573735411723892233227596
0.2191573735411723892233227596
-0.220753963347638632234303635592
0.220753963347638632234303635592
-0.222349961821364833567491629932
0.222349961821364833567491629932
-0.223945364687156399843738360657
0.223945364687156399843738360657
-0.225540167671414190225890515672
0.225540167671414190225890515672
-0.22713436650214596409135468432
0.22713436650214596409135468432
-0.228727956908977824400265146976
0.228727956908977824400265146976
-0.230320934623165656728601319082
0.230320934623165656728601319082
-0.231913295377606563935613158335
0.231913295377606563935613158335
-0.23350503490685029643492453809
0.23350503490685029643492453809
-0.235096148947110678038696366464
0.235096148947110678038696366464
-0.236686633236277027344243089039
0.236686633236277027344243089039
-0.238276483513925574632508153482
0.238276483513925574632508153482
-0.239865695521330874247816036774
0.239865695521330874247816036774
-0.241454265001477212428330539996
0.241454265001477212428330539996
-0.243042187699070010556661241832
0.243042187699070010556661241832
-0.244629459360547223800072269957
0.244629459360547223800072269957
-0.246216075734090735109759899332
0.246216075734090735109759899332
-0.247802032569637744548677918082
0.247802032569637744548677918082
-0.249387325618892153917402215019
0.249387325618892153917402215019
-0.250971950635335946647538638011
0.250971950635335946647538638011
-0.2525559033742405629321908492
0.2525559033742405629321908492
-0.254139179592678270063017661537
0.254139179592678270063017661537
-0.255721775049533527943422181205
0.255721775049533527943422181205
-0.257303685505514349747428002162
0.257303685505514349747428002162
-0.258884906723163657693810702276
0.258884906723163657693810702276
-0.260465434466870633905065975255
0.260465434466870633905065975255
-0.262045264502882066320808898828
0.262045264502882066320808898828
-0.263624392599313689635212087279
0.263624392599313689635212087279
-0.265202814526161521228103805542
0.265202814526161521228103805542
-0.266780526055313192059360532524
0.266780526055313192059360532524
-0.268357522960559272496241953115
0.268357522960559272496241953115
-0.269933801017604593043329931472
0.269933801017604593043329931472
-0.271509356004079559944746672517
0.271509356004079559944746672517
-0.273084183699551465628341014197
0.273084183699551465628341014197
-0.27465827988553579396154560987
0.27465827988553579396154560987
-0.276231640345507520288621658116
0.276231640345507520288621658116
-0.277804260864912406219021816361
0.277804260864912406219021816361
-0.279376137231178289136615994845
0.279376137231178289136615994845
-0.280947265233726366399538868701
0.280947265233726366399538868701
-0.282517640663982474200432168076
0.282517640663982474200432168076
-0.284087259315388361056869109441
0.284087259315388361056869109441
-0.285656116983412955901762715331
0.285656116983412955901762715331
-0.287224209465563630743574234756
0.287224209465563630743574234756
-0.288791532561397457866152422382
0.288791532561397457866152422382
-0.29035808207253246153804906125
0.29035808207253246153804906125
-0.291923853802658864201170821243
0.291923853802658864201170821243
-0.293488843557550327108642333688
0.293488843557550327108642333688
-0.295053047145075185381770231364
0.295053047145075185381770231364
-0.296616460375207677456012852699
0.296616460375207677456012852699
-0.298179079060039168885875339116
0.298179079060039168885875339116
-0.299740899013789370478664965188
0.299740899013789370478664965188
-0.30130191605281755072705673252
0.30130191605281755072705673252
-0.302862125995633742510434530058
0.302862125995633742510434530058
-0.304421524662909944034988515686
0.304421524662909944034988515686
-0.305980107877491313982564806647
0.305980107877491313982564806647
-0.30753787146440736083827907926
0.30753787146440736083827907926
-0.309094811250883126366921271779
0.309094811250883126366921271779
-0.310650923066350363208194257798
0.310650923066350363208194257798
-0.312206202742458706560845111516
0.312206202742458706560845111516
-0.313760646113086839925763420174
0.313760646113086839925763420174
-0.315314249014353654878137013262
0.315314249014353654878137013262
-0.316867007284629404838771472374
0.316867007284629404838771472374
-0.318418916764546852814695860052
0.318418916764546852814695860052
-0.319969973297012413079193260368
0.319969973297012413079193260368
-0.321520172727217286761410958473
0.321520172727217286761410958473
-0.323069510902648591315721400678
0.323069510902648591315721400678
-0.324617983673100483841021470973
0.324617983673100483841021470973
-0.326165586890685278220174093983
0.326165586890685278220174093983
-0.327712316409844556049812728351
0.327712316409844556049812728351
-0.329258168087360271330745948267
0.329258168087360271330745948267
-0.330803137782365848889216024299
0.330803137782365848889216024299
-0.332347221356357276499282207836
0.332347221356357276499282207836
-0.333890414673204190676616296211
0.333890414673204190676616296211
-0.335432713599160956114015007947
0.335432713599160956114015007947
-0.336974114002877738728950729462
0.336974114002877738728950729462
-0.338514611755411572293499305991
0.338514611755411572293499305991
-0.340054202730237418617000740329
0.340054202730237418617000740329
-0.341592882803259221251825933276
0.341592882803259221251825933276
-0.343130647852820952692639949297
0.343130647852820952692639949297
-0.344667493759717655039569719835
0.344667493759717655039569719835
-0.346203416407206474095701604961
0.346203416407206474095701604961
-0.347738411681017686869351821447
0.347738411681017686869351821447
-0.349272475469365722451570411967
0.349272475469365722451570411967
-0.350805603662960176239357175881
0.350805603662960176239357175881
-0.352337792155016817475085806839
0.352337792155016817475085806839
-0.353869036841268590072650386326
0.353869036841268590072650386326
-0.355399333619976606700866365062
0.355399333619976606700866365062
-0.356928678391941136094676225963
0.356928678391941136094676225963
-0.358457067060512583564728163007
0.358457067060512583564728163007
-0.35998449553160246467591432985
0.35998449553160246467591432985
-0.361510959713694372065473510291
0.361510959713694372065473510291
-0.363036455517854935371281439754
0.363036455517854935371281439754
-0.364560978857744774240970462611
0.364560978857744774240970462611
-0.366084525649629444392538744572
0.366084525649629444392538744572
-0.367607091812390376697127872278
0.367607091812390376697127872278
-0.36912867326753580925466636375
0.36912867326753580925466636375
-0.370649265939211712433095383315
0.370649265939211712433095383315
-0.372168865754212706841911803041
0.372168865754212706841911803041
-0.373687468641992974210782679573
0.373687468641992974210782679573
-0.375205070534677161144004220348
0.375205070534677161144004220348
-0.376721667367071275721597396689
0.376721667367071275721597396689
-0.378237255076673576917851522908
0.378237255076673576917851522908
-0.379751829603685456808146360441
0.379751829603685456808146360441
-0.381265386891022315534902624053
0.381265386891022315534902624053
-0.382777922884324429003530163235
0.382777922884324429003530163235
-0.384289433531967809279262566036
0.384289433531967809279262566036
-0.385799914785075057655786484694
0.385799914785075057655786484694
-0.387309362597526210366593612455
0.387309362597526210366593612455
-0.38881777292596957691000294887
0.38881777292596957691000294887
-0.390325141729832570958820776605
0.390325141729832570958820776605
-0.391831464971332533825625636293
0.391831464971332533825625636293
-0.393336738615487550454685527178
0.393336738615487550454685527178
-0.394840958630127257911534580167
0.394840958630127257911534580167
-0.39634412098590364634125654642
0.39634412098590364634125654642
-0.397846221656301852366542618623
0.397846221656301852366542618623
-0.399347256617650944896611353666
0.399347256617650944896611353666
-0.400847221849134703318098794402
0.400847221849134703318098794402
-0.402346113332802388039047294598
0.402346113332802388039047294598
-0.403843927053579503357142034857
0.403843927053579503357142034857
-0.405340658999278552623364778348
0.405340658999278552623364778348
-0.406836305160609785672255053372
0.406836305160609785672255053372
-0.408330861531191938489989665231
0.408330861531191938489989665231
-0.409824324107562965091512232381
0.409824324107562965091512232381
-0.411316688889190761577965311419
0.411316688889190761577965311419
-0.412807951878483882345698622074
0.412807951878483882345698622074
-0.414298109080802248418147906898
0.414298109080802248418147906898
-0.415787156504467847871900060786
0.415787156504467847871900060786
-0.417275090160775428328281342723
0.417275090160775428328281342723
-0.418761906064003181481826736221
0.418761906064003181481826736221
-0.420247600231423419637009855673
0.420247600231423419637009855673
-0.421732168683313244224634203281
0.421732168683313244224634203281
-0.423215607442965206269308065287
0.423215607442965206269308065287
-0.424697912536697958779446896814
0.424697912536697958779446896814
-0.426179079993866901031268681731
0.426179079993866901031268681731
-0.427659105846874814718269467469
0.427659105846874814718269467469
-0.429137986131182491937688064643
0.429137986131182491937688064643
-0.43061571688531935498549076753
0.43061571688531935498549076753
-0.432092294150894067931428893962
0.432092294150894067931428893962
-0.433567713972605139945743961865
0.433567713972605139945743961865
-0.435041972398251520349117414506
0.435041972398251520349117414506
-0.43651506547874318535748397742
0.43651506547874318535748397742
-0.43798698926811171649334997693
0.43798698926811171649334997693
-0.439457739823520870635280273058
0.439457739823520870635280273058
-0.44092731320527714167723985845
0.44092731320527714167723985845
-0.442395705476840313769498649564
0.442395705476840313769498649564
-0.443862912704834006112830546813
0.443862912704834006112830546813
-0.44532893095905620927776046652
0.44532893095905620927776046652
-0.446793756312489813020635749338
0.446793756312489813020635749338
-0.448257384841313125568321127236
0.448257384841313125568321127236
-0.449719812624910384343339284095
0.449719812624910384343339284095
-0.451181035745882258101301973411
0.451181035745882258101301973411
-0.452641050290056340452499660467
0.452641050290056340452499660467
-0.454099852346497634739540735545
0.454099852346497634739540735545
-0.455557438007519030242954499274
0.455557438007519030242954499274
-0.457013803368691769686695350951
0.457013803368691769686695350951
-0.4584689445288559080155089156
0.4584689445288559080155089156
-0.459922857590130762416144225546
0.459922857590130762416144225546
-0.46137553865792535355441952737
0.46137553865792535355441952737
-0.462826983840948838000172815171
0.462826983840948838000172815171
-0.464277189251220931812151796012
0.464277189251220931812151796012
-0.465726151004082325254921673298
0.465726151004082325254921673298
-0.467173865218205088619892888424
0.467173865218205088619892888424
-0.468620328015603069122594790429
0.468620328015603069122594790429
-0.470065535521642278848345107374
0.470065535521642278848345107374
-0.47150948386505127371848907182
0.47150948386505127371848907182
-0.472952169177931523449406105931
0.472952169177931523449406105931
-0.474393587595767772476506099359
0.474393587595767772476506099359
-0.475833735257438391815461515135
0.475833735257438391815461515135
-0.477272608305225721832945835148
0.477272608305225721832945835148
-0.47871020288482640589917320749
0.47871020288482640589917320749
-0.480146515145361714894558582818
0.480146515145361714894558582818
-0.481581541239387862542842125897
0.481581541239387862542842125897
-0.483015277322906311543046261642
0.483015277322906311543046261642
-0.484447719555374070472658362051
0.484447719555374070472658362051
-0.485878864099713981434456801553
0.485878864099713981434456801553
-0.487308707122324998419422903227
0.487308707122324998419422903227
-0.48873724479309245635820616715
0.48873724479309245635820616715
-0.490164473285398330833635114639
0.490164473285398330833635114639
-0.491590388776131488426791098416
0.491590388776131488426791098416
-0.493014987445697927669187518514
0.493014987445697927669187518514
-0.494438265478031010573622047163
0.494438265478031010573622047163
-0.495860219060601684716294702744
0.495860219060601684716294702744
-0.497280844384428695842809923201
0.497280844384428695842809923201
-0.498700137644088790970706172922
0.498700137644088790970706172922
-0.500118095037726911961182074023
0.500118095037726911961182074023
-0.501534712767066379532713583075
0.501534712767066379532713583075
-0.502949987037419067689282337616
0.502949987037419067689282337616
-0.504363914057695568535960973088
0.504363914057695568535960973088
-0.505776490040415347454626960222
0.505776490040415347454626960222
-0.507187711201716888612602335171
0.507187711201716888612602335171
-0.508597573761367830777042589815
0.508597573761367830777042589815
-0.510006073942775093407923957664
0.510006073942775093407923957664
-0.511413207972994993002504371408
0.511413207972994993002504371408
-0.512818972082743349664159481552
0.512818972082743349664159481552
-0.514223362506405583868521311452
0.514223362506405583868521311452
-0.515626375482046803399873382554
0.515626375482046803399873382554
-0.517028007251421880430782474516
0.517028007251421880430782474516
-0.518428254059985518717973588149
0.518428254059985518717973588149
-0.519827112156902310887481154723
0.519827112156902310887481154723
-0.521224577795056785782136082978
0.521224577795056785782136082978
-0.522620647231063445844474855165
0.522620647231063445844474855165
-0.524015316725276794508183575518
0.524015316725276794508183575518
-0.525408582541801353571216638655
0.525408582541801353571216638655
-0.526800440948501670523756521455
0.526800440948501670523756521455
-0.528190888217012315804208109874
0.528190888217012315804208109874
-0.529579920622747869956447951913
0.529579920622747869956447951913
-0.530967534444912900661575879403
0.530967534444912900661575879403
-0.532353725966511929617443564403
0.532353725966511929617443564403
-0.533738491474359389239261770746
0.533738491474359389239261770746
-0.535121827259089569154615327466
0.535121827259089569154615327466
-0.536503729615166552466242188551
0.536503729615166552466242188551
-0.537884194840894141755960352499
0.537884194840894141755960352499
-0.539263219238425774803153895502
0.539263219238425774803153895502
-0.540640799113774429991256923658
0.540640799113774429991256923658
-0.542016930776822521375701872315
0.542016930776822521375701872315
-0.543391610541331783386826274459
0.543391610541331783386826274459
-0.544764834724953145141259884851
0.544764834724953145141259884851
-0.546136599649236594335341882315
0.546136599649236594335341882315
-0.547506901639641030694145779204
0.547506901639641030694145779204
-0.54887573702554410894971764436
0.54887573702554410894971764436
-0.550243102140252071322161293988
0.550243102140252071322161293988
-0.551608993321009569477232223511
0.551608993321009569477232223511
-0.55297340690900947593413024274
0.55297340690900947593413024274
-0.554336339249402684897209036358
0.554336339249402684897209036358
-0.555697786691307902485349201872
0.555697786691307902485349201872
-0.557057745587821426332769717601
0.557057745587821426332769717601
-0.558416212296026914535081263939
0.558416212296026914535081263939
-0.559773183177005143914413362032
0.559773183177005143914413362032
-0.561128654595843757577475904908
0.561128654595843757577475904908
-0.562482622921647001740444337121
0.562482622921647001740444337121
-0.563835084527545451794586489847
0.563835084527545451794586489847
-0.565186035790705727586577899174
0.565186035790705727586577899174
-0.566535473092340197887481325901
0.566535473092340197887481325901
-0.567883392817716674024395155416
0.567883392817716674024395155416
-0.56922979135616809264880438617
0.56922979135616809264880438617
-0.570574665101102187615697014709
0.570574665101102187615697014709
-0.571918010450011150947537794199
0.571918010450011150947537794199
-0.57325982380448128285722058169
0.57325982380448128285722058169
-0.574600101570202630804149797089
0.574600101570202630804149797089
-0.575938840156978617557630893657
0.575938840156978617557630893657
-0.577276035978735658241779185993
0.577276035978735658241779185993
-0.578611685453532766336185896567
0.578611685453532766336185896567
-0.579945785003571148606609866077
0.579945785003571148606609866077
-0.581278331055203788939993025974
0.581278331055203788939993025974
-0.582609320038945021058127453452
0.582609320038945021058127453452
-0.583938748389480090084331619917
0.583938748389480090084331619917
-0.585266612545674702937523303325
0.585266612545674702937523303325
-0.586592908950584567528106562823
0.586592908950584567528106562823
-0.587917634051464920730120170617
0.587917634051464920730120170617
-0.589240784299780045104124961019
0.589240784299780045104124961019
-0.590562356151212774345337689931
0.590562356151212774345337689931
-0.591882346065673987431549199712
0.591882346065673987431549199712
-0.593200750507312091445394954152
0.593200750507312091445394954152
-0.594517565944522493045576346308
0.594517565944522493045576346308
-0.595832788849957058561661587914
0.595832788849957058561661587914
-0.597146415700533562687125463085
0.597146415700533562687125463085
-0.598458442977445125745317770864
0.598458442977445125745317770864
-0.599768867166169639503080890818
0.599768867166169639503080890818
-0.601077684756479181506767583257
0.601077684756479181506767583257
-0.602384892242449417915440880648
0.602384892242449417915440880648
-0.60369048612246899480606873934
0.60369048612246899480606873934
-0.604994462899248917925557000754
0.604994462899248917925557000754
-0.606296819079831920864495158581
0.606296819079831920864495158581
-0.607597551175601821627520443255
0.607597551175601821627520443255
-0.608896655702292867575236816889
0.608896655702292867575236816889
-0.610194129179999068712656620938
0.610194129179999068712656620938
-0.611489968133183519299163834978
0.611489968133183519299163834978
-0.612784169090687707755029188068
0.612784169090687707755029188068
-0.614076728585740814839538714159
0.614076728585740814839538714159
-0.615367643155969000075828759785
0.615367643155969000075828759785
-0.616656909343404676397551935769
0.616656909343404676397551935769
-0.617944523694495772992530054819
0.617944523694495772992530054819
-0.619230482760114986318581713567
0.619230482760114986318581713567
-0.620514783095569019266743860752
0.620514783095569019266743860752
-0.621797421260607808447138442769
0.621797421260607808447138442769
-0.623078393819433739572767033649
0.623078393819433739572767033649
-0.624357697340710850916548238542
0.624357697340710850916548238542
-0.625635328397574024816944607942
0.625635328397574024816944607942
-0.6269112835676381672075578141
0.6269112835676381672075578141
-0.62818555943300737514610292119
0.62818555943300737514610292119
-0.629458152580284092318204726837
0.629458152580284092318204726837
-0.630729059600578252491491364396
0.630729059600578252491491364396
-0.631998277089516410895492632858
0.631998277089516410895492632858
-0.633265801647250863502882864366
0.633265801647250863502882864366
-0.634531629878468754187640547942
0.634531629878468754187640547942
-0.635795758392401169735729402072
0.635795758392401169735729402072
-0.637058183802832222683938128207
0.637058183802832222683938128207
-0.638318902728108121962548681896
0.638318902728108121962548681896
-0.639577911791146231317535568099
0.639577911791146231317535568099
-0.640835207619444115488031402152
0.640835207619444115488031402152
-0.64209078684508857411482677778
0.64209078684508857411482677778
-0.64334464610476466335570534837
0.64334464610476466335570534837
-0.644596782039764705183447957375
0.644596782039764705183447957375
-0.645847191295997284342372648108
0.645847191295997284342372648108
-0.647095870523996232939310442207
0.647095870523996232939310442207
-0.648342816378929602644949899637
0.648342816378929602644949899637
-0.649588025520608624481516661164
0.649588025520608624481516661164
-0.650831494613496656172787426654
0.650831494613496656172787426654
-0.652073220326718117032471139287
0.652073220326718117032471139287
-0.65331319933406741036702352669
0.65331319933406741036702352669
-0.654551428314017833368994595038
0.654551428314017833368994595038
-0.655787903949730474477042181232
0.655787903949730474477042181232
-0.657022622929063098178778241244
0.657022622929063098178778241244
-0.658255581944579017232648189559
0.658255581944579017232648189559
-0.659486777693555952285077305238
0.659486777693555952285077305238
-0.66071620687799487885915198435
0.66071620687799487885915198435
-0.661943866204628861691137446357
0.661943866204628861691137446357
-0.663169752384931876391167393347
0.663169752384931876391167393347
-0.664393862135127618404475075656
0.664393862135127618404475075656
-0.665616192176198299249569235457
0.665616192176198299249569235457
-0.666836739233893430009792481069
0.666836739233893430009792481069
-0.668055500038738592054733789041
0.668055500038738592054733789041
-0.669272471326044194968001038422
0.669272471326044194968001038422
-0.670487649835914221657893751896
0.670487649835914221657893751896
-0.671701032313254960627550551568
0.671701032313254960627550551568
-0.672912615507783725381180233057
0.672912615507783725381180233057
-0.674122396174037560943019820066
0.674122396174037560943019820066
-0.675330371071381937465697482691
0.675330371071381937465697482691
-0.67653653696401943090471278629
0.67653653696401943090471278629
-0.677740890620998390735781383669
0.677740890620998390735781383669
-0.67894342881622159469182597157
0.67894342881622159469182597157
-0.680144148328454890496430102866
0.680144148328454890496430102866
-0.681343045941335824570606278398
0.681343045941335824570606278398
-0.682540118443382257689764636905
0.682540118443382257689764636905
-0.683735362628000967567803517958
0.683735362628000967567803517958
-0.684928775293496238345278191064
0.684928775293496238345278191064
-0.686120353243078436958639124112
0.686120353243078436958639124112
-0.687310093284872576367566305937
0.687310093284872576367566305937
-0.688497992231926865617461340968
0.688497992231926865617461340968
-0.689684046902221246714194298524
0.689684046902221246714194298524
-0.690868254118675918288237625278
0.690868254118675918288237625278
-0.692050610709159846025354816629
0.692050610709159846025354816629
-0.693231113506499259841046991107
0.693231113506499259841046991107
-0.694409759348486137775996021368
0.694409759348486137775996021368
-0.695586545077886676589778445741
0.695586545077886676589778445741
-0.696761467542449749030160015603
0.696761467542449749030160015603
-0.697934523594915347755316425909
0.697934523594915347755316425909
-0.69910571009302301588636152895
0.69910571009302301588636152895
-0.700275023899520264167600144771
0.700275023899520264167600144771
-0.701442461882170974711958455519
0.701442461882170974711958455519
-0.702608020913763791309080905184
0.702608020913763791309080905184
-0.703771697872120496273618520778
0.703771697872120496273618520778
-0.704933489640104373811269625706
0.704933489640104373811269625706
-0.706093393105628559880170030913
0.706093393105628559880170030913
-0.707251405161664378525265964272
0.707251405161664378525265964272
-0.708407522706249664663339233438
0.708407522706249664663339233438
-0.709561742642497073296390411953
0.709561742642497073296390411953
-0.710714061878602375131122192723
0.710714061878602375131122192723
-0.711864477327852738582301466895
0.711864477327852738582301466895
-0.713012985908634998137815159606
0.713012985908634998137815159606
-0.714159584544443909063271386983
0.714159584544443909063271386983
-0.715304270163890388424034090924
0.715304270163890388424034090924
-0.716447039700709742402615959691
0.716447039700709742402615959691
-0.717587890093769879889391152865
0.717587890093769879889391152865
-0.718726818287079512324626118837
0.718726818287079512324626118837
-0.719863821229796339769863621547
0.719863821229796339769863621547
-0.720998895876235223186731980565
0.720998895876235223186731980565
-0.7221320391858763429012884747
0.7221320391858763429012884747
-0.723263248123373343232042864119
0.723263248123373343232042864119
-0.724392519658561463259844049197
0.724392519658561463259844049197
-0.725519850766465653717850006121
0.725519850766465653717850006121
-0.726645238427308679979838319282
0.726645238427308679979838319282
-0.727768679626519211125151868863
0.727768679626519211125151868863
-0.728890171354739895058611528464
0.728890171354739895058611528464
-0.730009710607835419663765082107
0.730009710607835419663765082107
-0.731127294386900559967878982442
0.731127294386900559967878982442
-0.732242919698268211297117042218
0.732242919698268211297117042218
-0.733356583553517408400387679156
0.733356583553517408400387679156
-0.734468282969481330520378920004
0.734468282969481330520378920004
-0.735578014968255292390338012787
0.735578014968255292390338012787
-0.736685776577204721135190196899
0.736685776577204721135190196899
-0.737791564828973119055628938687
0.737791564828973119055628938687
-0.738895376761490012273847755406
0.738895376761490012273847755406
-0.739997209417978885219621622781
0.739997209417978885219621622781
-0.741097059846965100935483890818
0.741097059846965100935483890818
-0.742194925102283807179782618833
0.742194925102283807179782618833
-0.743290802243087828306438283843
0.743290802243087828306438283843
-0.744384688333855542900262916346
0.744384688333855542900262916346
-0.745476580444398747146738874044
0.745476580444398747146738874044
-0.746566475649870503915193677108
0.746566475649870503915193677108
-0.747654371030772977534345598062
0.747654371030772977534345598062
-0.748740263672965254239233025127
0.748740263672965254239233025127
-0.749824150667671148268578999924
0.749824150667671148268578999924
-0.750906029111486993591680768495
0.750906029111486993591680768495
-0.751985896106389421243952678793
0.751985896106389421243952678793
-0.753063748759743122250289307799
0.753063748759743122250289307799
-0.754139584184308596115454307288
0.754139584184308596115454307288
-0.755213399498249884860739118821
0.755213399498249884860739118821
-0.756285191825142292586174425682
0.756285191825142292586174425682
-0.757354958293980090537615982127
0.757354958293980090537615982127
-0.758422696039184207658065288355
0.758422696039184207658065288355
-0.759488402200609906602624462924
0.759488402200609906602624462924
-0.760552073923554445196523602853
0.760552073923554445196523602853
-0.761613708358764723315697915225
0.761613708358764723315697915225
-0.762673302662444915169430952676
0.762673302662444915169430952676
-0.763730853996264086964619388578
0.763730853996264086964619388578
-0.764786359527363799931253925916
0.764786359527363799931253925916
-0.765839816428365698688750146723
0.765839816428365698688750146723
-0.766891221877379084932802376332
0.766891221877379084932802376332
-0.767940573058008476422472958569
0.767940573058008476422472958569
-0.768987867159361151247268714228
0.768987867159361151247268714228
-0.770033101376054677353995785576
0.770033101376054677353995785576
-0.771076272908224427313223554249
0.771076272908224427313223554249
-0.772117378961531078305227858481
0.772117378961531078305227858481
-0.773156416747168097305323328135
0.773156416747168097305323328135
-0.774193383481869211448534302351
0.774193383481869211448534302351
-0.775228276387915863553593494671
0.775228276387915863553593494671
-0.776261092693144652786297324154
0.776261092693144652786297324154
-0.777291829630954760442286638139
0.777291829630954760442286638139
-0.778320484440315360829361412869
0.778320484440315360829361412869
-0.779347054365773017229477931983
0.779347054365773017229477931983
-0.78037153665745906292061690991
0.78037153665745906292061690991
-0.781393928571096967238751047244
0.781393928571096967238751047244
-0.782414227368009686660180578231
0.782414227368009686660180578231
-0.783432430315127000884545496349
0.783432430315127000884545496349
-0.784448534684992833898863322645
0.784448534684992833898863322645
-0.785462537755772560002981512696
0.785462537755772560002981512696
-0.786474436811260294776873881936
0.786474436811260294776873881936
-0.787484229140886170970250765257
0.787484229140886170970250765257
-0.788491912039723599294993015371
0.788491912039723599294993015371
-0.789497482808496514100960385158
0.789497482808496514100960385158
-0.790500938753586603915765332067
0.790500938753586603915765332067
-0.791502277187040526829143827497
0.791502277187040526829143827497
-0.792501495426577110702595350781
0.792501495426577110702595350781
-0.793498590795594538185004895913
0.793498590795594538185004895913
-0.794493560623177516515000519313
0.794493560623177516515000519313
-0.795486402244104432090840708637
0.795486402244104432090840708637
-0.796477112998854489788666655798
0.796477112998854489788666655798
-0.797465690233614837009995371876
0.797465690233614837009995371876
-0.798452131300287672439370487319
0.798452131300287672439370487319
-0.799436433556497339493128537667
0.799436433556497339493128537667
-0.80041859436559740444027954291
0.80041859436559740444027954291
-0.801398611096677719176541747319
0.801398611096677719176541747319
-0.802376481124571468632611496158
0.802376481124571468632611496158
-0.803352201829862202797790385869
0.803352201829862202797790385869
-0.804325770598890853340133035147
0.804325770598890853340133035147
-0.805297184823762734804320085542
0.805297184823762734804320085542
-0.806266441902354530368502351827
0.806266441902354530368502351827
-0.807233539238321262141403404207
0.807233539238321262141403404207
-0.808198474241103245981009276386
0.808198474241103245981009276386
-0.809161244325933030816215455495
0.809161244325933030816215455495
-0.810121846913842322452842821744
0.810121846913842322452842821744
-0.811080279431668891845475767346
0.811080279431668891845475767346
-0.812036539312063467816617335587
0.812036539312063467816617335587
-0.812990623993496614204697881866
0.812990623993496614204697881866
-0.813942530920265591422515468866
0.813942530920265591422515468866
-0.814892257542501202407727967787
0.814892257542501202407727967787
-0.815839801316174622947058646483
0.815839801316174622947058646483
-0.816785159703104216355918883476
0.816785159703104216355918883476
-0.817728330170962332495193553865
0.817728330170962332495193553865
-0.818669310193282091106976589174
0.818669310193282091106976589174
-0.81960809724946414945108621794
0.81960809724946414945108621794
-0.820544688824783454224231447307
0.820544688824783454224231447307
-0.821479082410395977743743447882
0.821479082410395977743743447882
-0.822411275503345438377827654599
0.822411275503345438377827654599
-0.823341265606570005204334595093
0.823341265606570005204334595093
-0.824269050228908986880089704154
0.824269050228908986880089704154
-0.825194626885109504702864677891
0.825194626885109504702864677891
-0.826117993095833149848115264429
0.826117993095833149848115264429
-0.82703914638766262476265277891
0.82703914638766262476265277891
-0.82795808429310836869745906937
0.82795808429310836869745906937
-0.828874804350615167361897146492
0.828874804350615167361897146492
-0.829789304104568746681612224183
0.829789304104568746681612224183
-0.830701581105302350642460499359
0.830701581105302350642460499359
-0.831611632909103303202845627986
0.831611632909103303202845627986
-0.832519457078219554256885530372
0.832519457078219554256885530372
-0.833425051180866209630874881689
0.833425051180866209630874881689
-0.834328412791232045095551413647
0.834328412791232045095551413647
-0.835229539489486004376716970107
0.835229539489486004376716970107
-0.836128428861783681146807122938
0.836128428861783681146807122938
-0.837025078500273784980046064648
0.837025078500273784980046064648
-0.837919486003104591253866450982
0.837919486003104591253866450982
-0.838811648974430374979316869825
0.838811648974430374979316869825
-0.839701565024417828543222662078
0.839701565024417828543222662078
-0.840589231769252463344908915748
0.840589231769252463344908915748
-0.841474646831144995310337596091
0.841474646831144995310337596091
-0.842357807838337714266553962148
0.842357807838337714266553962148
-0.843238712425110837159380653399
0.843238712425110837159380653399
-0.844117358231788845097341109291
0.844117358231788845097341109291
-0.844993742904746804204837309042
0.844993742904746804204837309042
-0.845867864096416670267650189239
0.845867864096416670267650189239
-0.84673971946529357715387451221
0.84673971946529357715387451221
-0.847609306675942108993443418864
0.847609306675942108993443418864
-0.848476623399002556099441405525
0.848476623399002556099441405525
-0.849341667311197154614448015105
0.849341667311197154614448015105
-0.85020443609533630986519812871
0.85020443609533630986519812871
-0.851064927440324803408888384267
0.851064927440324803408888384267
-0.851923139041167983754502933901
0.851923139041167983754502933901
-0.852779068598977940742575481498
0.852779068598977940742575481498
-0.853632713820979663566848316013
0.853632713820979663566848316013
-0.854484072420517182421332874487
0.854484072420517182421332874487
-0.855333142117059693756320231361
0.855333142117059693756320231361
-0.856179920636207669126933817336
0.856179920636207669126933817336
-0.857024405709698947617860621689
0.857024405709698947617860621689
-0.857866595075414811827941126386
0.857866595075414811827941126386
-0.858706486477386047398342258545
0.858706486477386047398342258545
-0.859544077665798986068081729561
0.859544077665798986068081729561
-0.860379366397001532240716254496
0.860379366397001532240716254496
-0.861212350433509173046050313935
0.861212350433509173046050313935
-0.862043027544010971880766332388
0.862043027544010971880766332388
-0.862871395503375545411921402332
0.862871395503375545411921402332
-0.86369745209265702402729998097
0.86369745209265702402729998097
-0.864521195099100995716656327681
0.864521195099100995716656327681
-0.865342622316150433367924833813
0.865342622316150433367924833813
-0.86616173154345160546252082277
0.86616173154345160546252082277
-0.866978520586859970153898867201
0.866978520586859970153898867201
-0.867792987258446052713580181363
0.867792987258446052713580181363
-0.868605129376501306328905200273
0.868605129376501306328905200273
-0.86941494476554395623681205301
0.86941494476554395623681205301
-0.870222431256324827177986275313
0.870222431256324827177986275313
-0.87102758668583315415577178633
0.87102758668583315415577178633
-0.871830408897302376484277875924
0.871830408897302376484277875924
-0.87263089574021591511016171219
0.87263089574021591511016171219
-0.873429045070312933192610683621
0.873429045070312933192610683621
-0.874224854749594079926093736656
0.874224854749594079926093736656
-0.87501832264632721759049575695
0.87501832264632721759049575695
-0.87580944663505313181329397151
0.87580944663505313181329397151
-0.876598224596591225028480318784
0.876598224596591225028480318784
-0.877384654418045193116978744689
0.877384654418045193116978744689
-0.878168733992808685213351434291
0.878168733992808685213351434291
-0.878950461220570946663633081373
0.878950461220570946663633081373
-0.879729834007322445119177431205
0.879729834007322445119177431205
-0.880506850265360479751445505441
0.880506850265360479751445505441
-0.881281507913294773572710132034
0.881281507913294773572710132034
-0.882053804876053048847696657281
0.882053804876053048847696657281
-0.882823739084886585581225011466
0.882823739084886585581225011466
-0.883591308477375763066963633931
0.883591308477375763066963633931
-0.884356510997435584482451137649
0.884356510997435584482451137649
-0.885119344595321184515587007409
0.885119344595321184515587007409
-0.885879807227633320007838079364
0.885879807227633320007838079364
-0.886637896857323843599453042897
0.886637896857323843599453042897
-0.887393611453701160362022738347
0.887393611453701160362022738347
-0.888146948992435667403769595993
0.888146948992435667403769595993
-0.888897907455565176432995172744
0.888897907455565176432995172744
-0.889646484831500319265160393039
0.889646484831500319265160393039
-0.890392679115029936259118789423
0.890392679115029936259118789423
-0.891136488307326447668068766075
0.891136488307326447668068766075
-0.891877910415951207890836674959
0.891877910415951207890836674959
-0.892616943454859842609148299305
0.892616943454859842609148299305
-0.893353585444407568796592182498
0.893353585444407568796592182498
-0.894087834411354497585024122207
0.894087834411354497585024122207
-0.894819688388870919974208069448
0.894819688388870919974208069448
-0.895549145416542575370534630266
0.895549145416542575370534630266
-0.896276203540375902940704363566
0.896276203540375902940704363566
-0.897000860812803275766309102374
0.897000860812803275766309102374
-0.897723115292688217785290597133
0.897723115292688217785290597133
-0.898442965045330603506301888667
0.898442965045330603506301888667
-0.899160408142471840482042964764
0.899160408142471840482042964764
-0.89987544266230003452768843811
0.89987544266230003452768843811
-0.900588066689455137670571204164
0.900588066689455137670571204164
-0.901298278315034078817332295582
0.901298278315034078817332295582
-0.902006075636595877124793444703
0.902006075636595877124793444703
-0.902711456758166738060855197378
0.902711456758166738060855197378
-0.903414419790245132141769789872
0.903414419790245132141769789872
-0.904114962849806856332184405614
0.904114962849806856332184405614
-0.904813084060310078094396870027
0.904813084060310078094396870027
-0.905508781551700362073312319534
0.905508781551700362073312319534
-0.906202053460415679403635894802
0.906202053460415679403635894802
-0.90689289792939139962588305844
0.90689289792939139962588305844
-0.907581313108065265197835723391
0.907581313108065265197835723391
-0.908267297152382348588119000169
0.908267297152382348588119000169
-0.908950848224799991938620028698
0.908950848224799991938620028698
-0.909631964494292729282517053677
0.909631964494292729282517053677
-0.910310644136357191304733631062
0.910310644136357191304733631062
-0.910986885333016992631679617238
0.910986885333016992631679617238
-0.911660686272827601637187391627
0.911660686272827601637187391627
-0.912332045150881192751598597783
0.912332045150881192751598597783
-0.913000960168811481261003557251
0.913000960168811481261003557251
-0.913667429534798540583682414548
0.913667429534798540583682414548
-0.914331451463573602010844010421
0.914331451463573602010844010421
-0.914993024176423836898805453909
0.914993024176423836898805453909
-0.915652145901197121299802371575
0.915652145901197121299802371575
-0.916308814872306783018666854458
0.916308814872306783018666854458
-0.916963029330736331082657199683
0.916963029330736331082657199683
-0.917614787524044167611770654137
0.917614787524044167611770654137
-0.918264087706368282076917512073
0.918264087706368282076917512073
-0.918910928138430927933382096778
0.918910928138430927933382096778
-0.919555307087543281617043368408
0.919555307087543281617043368408
-0.920197222827610083890875145715
0.920197222827610083890875145715
-0.920836673639134263529293208384
0.920836673639134263529293208384
-0.921473657809221543327963859095
0.921473657809221543327963859095
-0.922108173631585028426735870018
0.922108173631585028426735870018
-0.922740219406549776933405117097
0.922740219406549776933405117097
-0.92336979344105735283606861714
0.92336979344105735283606861714
-0.923996894048670361191872127176
0.923996894048670361191872127176
-0.924621519549576965580002942742
0.924621519549576965580002942742
-0.925243668270595387806827041504
0.925243668270595387806827041504
-0.925863338545178389851117260859
0.925863338545178389851117260859
-0.926480528713417738037366772712
0.926480528713417738037366772712
-0.927095237122048649425229725397
0.927095237122048649425229725397
-0.927707462124454220403178561551
0.927707462124454220403178561551
-0.928317202080669837474515191581
0.928317202080669837474515191581
-0.928924455357387570223920904989
0.928924455357387570223920904989
-0.929529220327960546452777636178
0.929529220327960546452777636178
-0.930131495372407309471540967309
0.930131495372407309471540967309
-0.930731278877416157537493048177
0.930731278877416157537493048177
-0.931328569236349465426251441768
0.931328569236349465426251441768
-0.931923364849247988125457764164
0.931923364849247988125457764164
-0.932515664122835146639117878418
0.932515664122835146639117878418
-0.933105465470521295891113324057
0.933105465470521295891113324057
-0.933692767312407974716451616666
0.933692767312407974716451616666
-0.93427756807529213792887103553
0.93427756807529213792887103553
-0.934859866192670370453463531466
0.934859866192670370453463531466
-0.9354396601047430835130274315
0.9354396601047430835130274315
-0.936016948258418692856909692031
0.936016948258418692856909692031
-0.93659172910731777902114555719
0.93659172910731777902114555719
-0.937164001111777229608751614401
0.937164001111777229608751614401
-0.93773376273885436357907640427
0.93773376273885436357907640427
-0.93830101246233103753516093705
0.93830101246233103753516093705
-0.938865748762717733998109692627
0.938865748762717733998109692627
-0.939427970127257631657520935373
0.939427970127257631657520935373
-0.939987675049930657587073459052
0.939987675049930657587073459052
-0.940544862031457521414415190152
0.940544862031457521414415190152
-0.94109952957930373143454742046
0.94109952957930373143454742046
-0.941651676207683592655946811245
0.941651676207683592655946811245
-0.942201300437564186768715711953
0.942201300437564186768715711953
-0.942748400796669334024099765717
0.942748400796669334024099765717
-0.943292975819483537014760232191
0.943292975819483537014760232191
-0.943835024047255906345236944959
0.943835024047255906345236944959
-0.944374544028004068182086336144
0.944374544028004068182086336144
-0.944911534316518053673227504496
0.944911534316518053673227504496
-0.945445993474364170226077875278
0.945445993474364170226077875278
-0.94597792006988885463410860038
0.94597792006988885463410860038
-0.946507312678222508041498475303
0.946507312678222508041498475303
-0.94703416988128331273561380579
0.94703416988128331273561380579
-0.947558490267781030757090340803
0.947558490267781030757090340803
-0.948080272433220784317342100202
0.948080272433220784317342100202
-0.948599514979906818013370664707
0.948599514979906818013370664707
-0.949116216516946242829797262439
0.949116216516946242829797262439
-0.949630375660252761918088780392
0.949630375660252761918088780392
-0.950141991032550378142997650557
0.950141991032550378142997650557
-0.950651061263377083386284408849
0.950651061263377083386284408849
-0.951157584989088529597840600545
0.951157584989088529597840600545
-0.951661560852861681584378608392
0.951661560852861681584378608392
-0.952162987504698451525903908811
0.952162987504698451525903908811
-0.95266186360142931521023421766
0.95266186360142931521023421766
-0.953158187806716909975878969666
0.953158187806716909975878969666
-0.953651958791059614353641584783
0.953651958791059614353641584783
-0.95414317523179510939735601039
0.95414317523179510939735601039
-0.954631835813103921694218090127
0.954631835813103921694218090127
-0.955117939226012948045221398428
0.955117939226012948045221398428
-0.9556014841683989618062562941
0.9556014841683989618062562941
-0.956082469344992100880480086757
0.956082469344992100880480086757
-0.956560893467379337352615376306
0.956560893467379337352615376306
-0.95703675525400792875588281799
0.95703675525400792875588281799
-0.957510053430188850962323783648
0.957510053430188850962323783648
-0.957980786728100212687317633709
0.957980786728100212687317633709
-0.958448953886790651599147584058
0.958448953886790651599147584058
-0.958914553652182712024518447046
0.958914553652182712024518447046
-0.959377584777076204240978846718
0.959377584777076204240978846718
-0.959838046021151545347249854523
0.959838046021151545347249854523
-0.960295936150973081702511363519
0.960295936150973081702511363519
-0.960751253939992392925746916113
0.960751253939992392925746916113
-0.961203998168551577446297122904
0.961203998168551577446297122904
-0.961654167623886519596821257904
0.961654167623886519596821257904
-0.962101761100130138239916088565
0.962101761100130138239916088565
-0.962546777398315616919690497347
0.962546777398315616919690497347
-0.962989215326379615529643975245
0.962989215326379615529643975245
-0.963429073699165463488246616574
0.963429073699165463488246616574
-0.963866351338426334413667818512
0.963866351338426334413667818512
-0.964301047072828402289150488358
0.964301047072828402289150488358
-0.964733159737953979110577186309
0.964733159737953979110577186309
-0.965162688176304634007824281666
0.965162688176304634007824281666
-0.96558963123730429383154987604
0.96558963123730429383154987604
-0.966013987777302325197110948122
0.966013987777302325197110948122
-0.966435756659576597977354901297
0.966435756659576597977354901297
-0.966854936754336530236080447626
0.966854936754336530236080447626
-0.967271526938726114594012539871
0.967271526938726114594012539871
-0.967685526096826926019185867195
0.967685526096826926019185867195
-0.968096933119661111033681260313
0.968096933119661111033681260313
-0.968505746905194358328709208193
0.968505746905194358328709208193
-0.968911966358338850780084571218
0.968911966358338850780084571218
-0.969315590390956198856186485246
0.969315590390956198856186485246
-0.969716617921860355410547387436
0.969716617921860355410547387436
-0.97011504787682051185126505846
0.97011504787682051185126505846
-0.970510879188563975679481566941
0.970510879188563975679481566941
-0.970904110796779029389223021227
0.970904110796779029389223021227
-0.971294741648117770720944081127
0.971294741648117770720944081127
-0.971682770696198934261171258602
0.971682770696198934261171258602
-0.972068196901610694380689142013
0.972068196901610694380689142013
-0.972451019231913449503763814012
0.972451019231913449503763814012
-0.97283123666164258770094789906
0.97283123666164258770094789906
-0.973208848172311233598061873575
0.973208848172311233598061873575
-0.973583852752412976593996500601
0.973583852752412976593996500601
-0.973956249397424580380031512424
0.973956249397424580380031512424
-0.974326037109808673753415959667
0.974326037109808673753415959667
-0.974693214899016422718005975063
0.974693214899016422718005975063
-0.975057781781490183864806065393
0.975057781781490183864806065393
-0.97541973678066613902531044721
0.97541973678066613902531044721
-0.975779078926976911190591382239
0.975779078926976911190591382239
-0.976135807257854161689131948176
0.976135807257854161689131948176
-0.976489920817731168616451201679
0.976489920817731168616451201679
-0.976841418658045386509620254226
0.976841418658045386509620254226
-0.977190299837240987259818390333
0.977190299837240987259818390333
-0.977536563420771382256129013283
0.977536563420771382256129013283
-0.977880208481101725753825908508
0.977880208481101725753825908508
-0.978221234097711399460451071471
0.978221234097711399460451071471
-0.978559639357096478333036158282
0.978559639357096478333036158282
-0.97889542335277217757987048626
0.97889542335277217757987048626
-0.979228585185275280860269441798
0.979228585185275280860269441798
-0.979559123962166549675848147736
0.979559123962166549675848147736
-0.979887038798033113946856306323
0.979887038798033113946856306323
-0.980212328814490843767181271109
0.980212328814490843767181271109
-0.980534993140186702331677616856
0.980534993140186702331677616856
-0.980855030910801080029532776314
0.980855030910801080029532776314
-0.981172441269050109697429702492
0.981172441269050109697429702492
-0.981487223364687963026319001679
0.981487223364687963026319001679
-0.981799376354509128115664573337
0.981799376354509128115664573337
-0.982108899402350668169078496314
0.982108899402350668169078496314
-0.982415791679094461325312725724
0.982415791679094461325312725724
-0.982720052362669421618627121451
0.982720052362669421618627121451
-0.983021680638053701062605428608
0.983021680638053701062605428608
-0.983320675697276872851543084945
0.983320675697276872851543084945
-0.983617036739422095673583153874
0.983617036739422095673583153874
-0.983910762970628259129829289652
0.983910762970628259129829289652
-0.984201853604092110253717450529
0.984201853604092110253717450529
-0.98449030786007036112498110503
0.98449030786007036112498110503
-0.984776124965881777572597947204
0.984776124965881777572597947204
-0.98505930415590924896115967206
0.98505930415590924896115967206
-0.985339844671601839055160188719
0.985339844671601839055160188719
-0.985617745761476817955751795312
0.985617745761476817955751795312
-0.985893006681121675104573339045
0.985893006681121675104573339045
-0.986165626693196113349309273725
0.986165626693196113349309273725
-0.986435605067434024065693846397
0.986435605067434024065693846397
-0.986702941080645443330730440547
0.986702941080645443330730440547
-0.98696763401671848914195242714
0.98696763401671848914195242714
-0.987229683166621279677608784629
0.987229683166621279677608784629
-0.987489087828403832592715310109
0.987489087828403832592715310109
-0.987745847307199945345970529556
0.987745847307199945345970529556
-0.987999960915229056552594508302
0.987999960915229056552594508302
-0.988251427971798088358208757104
0.988251427971798088358208757104
-0.988500247803303269828936430015
0.988500247803303269828936430015
-0.988746419743231941352964137272
0.988746419743231941352964137272
-0.988989943132164340048870085202
0.988989943132164340048870085202
-0.989230817317775366176088059224
0.989230817317775366176088059224
-0.989469041654836330542943160202
0.989469041654836330542943160202
-0.989704615505216682907763387244
0.989704615505216682907763387244
-0.989937538237885721368641357827
0.989937538237885721368641357827
-0.990167809228914282737492927093
0.990167809228914282737492927093
-0.990395427861476413894134507217
0.990395427861476413894134507217
-0.990620393525851024116178832307
0.990620393525851024116178832307
-0.990842705619423518380630151205
0.990842705619423518380630151205
-0.991062363546687411633144803409
0.991062363546687411633144803409
-0.991279366719245924021012352575
0.991279366719245924021012352575
-0.991493714555813557086006504841
0.991493714555813557086006504841
-0.991705406482217650913354603234
0.991705406482217650913354603234
-0.991914441931399922233180347251
0.991914441931399922233180347251
-0.992120820343417983470887444308
0.992120820343417983470887444308
-0.992324541165446842743073207323
0.992324541165446842743073207323
-0.992525603851780384795691890279
0.992525603851780384795691890279
-0.992724007863832832881329220945
0.992724007863832832881329220945
-0.992919752670140191572603802499
0.992919752670140191572603802499
-0.993112837746361670508879747877
0.993112837746361670508879747877
-0.993303262575281089073660346639
0.993303262575281089073660346639
-0.993491026646808262000237400852
0.993491026646808262000237400852
-0.993676129457980365903398227443
0.993676129457980365903398227443
-0.993858570512963286735245890528
0.993858570512963286735245890528
-0.994038349323052948163472345388
0.994038349323052948163472345388
-0.994215465406676620870743992353
0.994215465406676620870743992353
-0.994389918289394212774220760593
0.994389918289394212774220760593
-0.994561707503899540164640533563
0.994561707503899540164640533563
-0.994730832590021579764869154084
0.994730832590021579764869154084
-0.994897293094725701708352768661
0.994897293094725701708352768661
-0.99506108857211488343852631101
0.99506108857211488343852631101
-0.995222218583430904530944421692
0.995222218583430904530944421692
-0.995380682697055522440727067251
0.995380682697055522440727067251
-0.995536480488511629178873344614
0.995536480488511629178873344614
-0.995689611540464388922119865231
0.995689611540464388922119865231
-0.995840075442722356562336875515
0.995840075442722356562336875515
-0.995987871792238577203005162405
0.995987871792238577203005162405
-0.996133000193111666612147936125
0.996133000193111666612147936125
-0.996275460256586872643263440136
0.996275460256586872643263440136
-0.996415251601057117638389015323
0.996415251601057117638389015323
-0.996552373852064021830516164965
0.996552373852064021830516164965
-0.996686826642298907766281263754
0.996686826642298907766281263754
-0.99681860961160378577431829946
0.99681860961160378577431829946
-0.996947722406972320510054415223
0.996947722406972320510054415223
-0.997074164682550778614277633432
0.997074164682550778614277633432
-0.99719793609963895753078929107
0.99719793609963895753078929107
-0.997319036326691095538227632497
0.997319036326691095538227632497
-0.997437465039316763063168642171
0.997437465039316763063168642171
-0.997553221920281735356459568786
0.997553221920281735356459568786
-0.997666306659508846633173381338
0.997666306659508846633173381338
-0.997776718954078825799566693592
0.997776718954078825799566693592
-0.997884458508231113919256193416
0.997884458508231113919256193416
-0.997989525033364663607175953506
0.997989525033364663607175953506
-0.998091918248038720585956098926
0.998091918248038720585956098926
-0.99819163787797358769812042691
0.99819163787797358769812042691
-0.99828868365605137174288690904
0.99828868365605137174288690904
-0.998383055322316713603702237401
0.998383055322316713603702237401
-0.998474752623977502259201901318
0.998474752623977502259201901318
-0.998563775315405573436005894494
0.998563775315405573436005894494
-0.998650123158137393880392963822
0.998650123158137393880392963822
-0.998733795920874732516643620203
0.998733795920874732516643620203
-0.998814793379485320149762089442
0.998814793379485320149762089442
-0.998893115317003499897902016331
0.998893115317003499897902016331
-0.998968761523630871260568847882
0.998968761523630871260568847882
-0.999041731796736931723260405419
0.999041731796736931723260405419
-0.999112025940859721186576772027
0.999112025940859721186576772027
-0.999179643767706476465577214221
0.999179643767706476465577214221
-0.999244585096154305902204683482
0.999244585096154305902204683482
-0.999306849752250898183311168159
0.999306849752250898183311168159
-0.999366437569215285404993109639
0.999366437569215285404993109639
-0.999423348387438689297257760939
0.999423348387438689297257760939
-0.999477582054485492984847392891
0.999477582054485492984847392891
-0.999529138425094401461193102553
0.999529138425094401461193102553
-0.999578017361179886745395637029
0.999578017361179886745395637029
-0.99962421873183406654095047359
0.99962421873183406654095047359
-0.999667742413329252479850699698
0.999667742413329252479850699698
-0.999708588289121552063827295696
0.999708588289121552063827295696
-0.99974675624985616717789804986
0.99974675624985616717789804986
-0.999782246193375499920199661539
0.999782246193375499920199661539
-0.999815058024732055394635069597
0.999815058024732055394635069597
-0.999845191656209855781724236386
0.999845191656209855781724236386
-0.999872647007361638995999498697
0.999872647007361638995999498697
-0.999897424005076903919598693341
0.999897424005076903919598693341
-0.999919522583714137620344746967
0.999919522583714137620344746967
-0.99993894268537718320772473892
0.99993894268537718320772473892
-0.999955684260547617858062767129
0.999955684260547617858062767129
-0.999969747269710526651474748734
0.999969747269710526651474748734
-0.999981131688243092604826071071
0.999981131688243092604826071071
-0.999989837524810010843432862885
0.999989837524810010843432862885
-0.999995864920071930248113741914
0.999995864920071930248113741914
-0.99999921519662431326970342316
0.99999921519662431326970342316