0
-0.01100358821988987
0.01100358821988987
-0.02200584409241364
0.02200584409241364
-0.03300543543152982
0.03300543543152982
-0.0440010303738266
0.0440010303738266
-0.05499129753978784
0.05499129753978784
-0.06597490619500048
0.06597490619500048
-0.07695052641128387
0.07695052641128387
-0.08791682922772143
0.08791682922772143
-0.09887248681157521
0.09887248681157521
-0.1098161726190639
0.1098161726190639
-0.1207465615559845
0.1207465615559845
-0.1316623301381592
0.1316623301381592
-0.1425621566516861
0.1425621566516861
-0.1534447213129768
0.1534447213129768
-0.1643087064285597
0.1643087064285597
-0.17515279655463
0.17515279655463
-0.1859756786563278
0.1859756786563278
-0.1967760422667241
0.1967760422667241
-0.2075525796454963
0.2075525796454963
-0.2183039859372732
0.2183039859372732
-0.2290289593296306
0.2290289593296306
-0.2397262012107189
0.2397262012107189
-0.2503944163265029
0.2503944163265029
-0.2610323129375949
0.2610323129375949
-0.2716386029756622
0.2716386029756622
-0.2822120021993908
0.2822120021993908
-0.2927512303499846
0.2927512303499846
-0.3032550113061835
0.3032550113061835
-0.3137220732387795
0.3137220732387795
-0.3241511487646137
0.3241511487646137
-0.3345409751000351
0.3345409751000351
-0.3448902942138022
0.3448902942138022
-0.3551978529794085
0.3551978529794085
-0.365462403326816
0.365462403326816
-0.3756827023935741
0.3756827023935741
-0.3858575126753097
0.3858575126753097
-0.395985602175568
0.395985602175568
-0.4060657445549861
0.4060657445549861
-0.4160967192797816
0.4160967192797816
-0.4260773117695391
0.4260773117695391
-0.4360063135442747
0.4360063135442747
-0.4458825223707627
0.4458825223707627
-0.4557047424081052
0.4557047424081052
-0.4654717843525286
0.4654717843525286
-0.4751824655813878
0.4751824655813878
-0.4848356102963614
0.4848356102963614
-0.4944300496658215
0.4944300496658215
-0.5039646219663589
0.5039646219663589
-0.513438172723448
0.513438172723448
-0.5228495548512344
0.5228495548512344
-0.532197628791427
0.532197628791427
-0.5414812626512797
0.5414812626512797
-0.5506993323406437
0.5506993323406437
-0.5598507217080763
0.5598507217080763
-0.5689343226759875
0.5689343226759875
-0.5779490353748094
0.5779490353748094
-0.5868937682761719
0.5868937682761719
-0.5957674383250679
0.5957674383250679
-0.6045689710709932
0.6045689710709932
-0.6132973007980437
0.6132973007980437
-0.6219513706539559
0.6219513706539559
-0.6305301327780739
0.6305301327780739
-0.6390325484282266
0.6390325484282266
-0.6474575881065028
0.6474575881065028
-0.6558042316839053
0.6558042316839053
-0.664071468523871
0.664071468523871
-0.6722582976046424
0.6722582976046424
-0.6803637276404739
0.6803637276404739
-0.6883867772016596
0.6883867772016596
-0.6963264748333681
0.6963264748333681
-0.7041818591732686
0.7041818591732686
-0.7119519790679363
0.7119519790679363
-0.7196358936880202
0.7196358936880202
-0.7272326726421619
0.7272326726421619
-0.7347413960896501
0.7347413960896501
-0.7421611548517975
0.7421611548517975
-0.7494910505220275
0.7494910505220275
-0.7567301955746549
0.7567301955746549
-0.7638777134723514
0.7638777134723514
-0.7709327387722782
0.7709327387722782
-0.7778944172308776
0.7778944172308776
-0.7847619059073061
0.7847619059073061
-0.7915343732655015
0.7915343732655015
-0.7982109992748668
0.7982109992748668
-0.8047909755095624
0.8047909755095624
-0.8112735052463928
0.8112735052463928
-0.8176578035612763
0.8176578035612763
-0.8239430974242854
0.8239430974242854
-0.8301286257932486
0.8301286257932486
-0.8362136397058987
0.8362136397058987
-0.8421974023705601
0.8421974023705601
-0.8480791892553618
0.8480791892553618
-0.8538582881759654
0.8538582881759654
-0.859533999381799
0.859533999381799
-0.8651056356407854
0.8651056356407854
-0.8705725223225535
0.8705725223225535
-0.8759339974801257
0.8759339974801257
-0.8811894119300676
0.8811894119300676
-0.8863381293310939
0.8863381293310939
-0.8913795262611183
0.8913795262611183
-0.8963129922927397
0.8963129922927397
-0.9011379300671547
0.9011379300671547
-0.9058537553664879
0.9058537553664879
-0.910459897184531
0.910459897184531
-0.9149557977958826
0.9149557977958826
-0.9193409128234793
0.9193409128234793
-0.9236147113045114
0.9236147113045114
-0.9277766757547139
0.9277766757547139
-0.9318263022310261
0.9318263022310261
-0.9357631003926111
0.9357631003926111
-0.9395865935602296
0.9395865935602296
-0.9432963187739581
0.9432963187739581
-0.9468918268492486
0.9468918268492486
-0.9503726824313181
0.9503726824313181
-0.9537384640478667
0.9537384640478667
-0.9569887641601135
0.9569887641601135
-0.9601231892121478
0.9601231892121478
-0.9631413596785874
0.9631413596785874
-0.966042910110541
0.966042910110541
-0.9688274891798675
0.9688274891798675
-0.9714947597217295
0.9714947597217295
-0.9740443987754364
0.9740443987754364
-0.9764760976235739
0.9764760976235739
-0.9787895618294188
0.9787895618294188
-0.9809845112726375
0.9809845112726375
-0.9830606801832729
0.9830606801832729
-0.9850178171740234
0.9850178171740234
-0.9868556852708302
0.9868556852708302
-0.9885740619417958
0.9885740619417958
-0.990172739124483
0.990172739124483
-0.9916515232516785
0.9916515232516785
-0.993010235275788
0.993010235275788
-0.9942487106921876
0.9942487106921876
-0.99536679956221
0.99536679956221
-0.99636436653727
0.99636436653727
-0.9972412908877417
0.9972412908877417
-0.9979974665461617
0.9979974665461617
-0.9986328021935695
0.9986328021935695
-0.9991472214915663
0.9991472214915663
-0.9995406639231502
0.9995406639231502
-0.9998130892621538
0.9998130892621538
-0.9999645250391376
0.9999645250391376