0.008571789565460426
0.008571789565460426
0.008571159739396573
0.008571159739396573
0.008569900133546353
0.008569900133546353
0.008568010840461338
0.008568010840461338
0.008565491998960385
0.008565491998960385
0.008562343794119434
0.008562343794119434
0.008558566457257916
0.008558566457257916
0.008554160265921748
0.008554160265921748
0.008549125543862945
0.008549125543862945
0.008543462661015832
0.008543462661015832
0.00853717203346986
0.00853717203346986
0.008530254123439034
0.008530254123439034
0.008522709439227951
0.008522709439227951
0.008514538535194454
0.008514538535194454
0.008505742011708894
0.008505742011708894
0.008496320515110024
0.008496320515110024
0.008486274737657502
0.008486274737657502
0.008475605417481029
0.008475605417481029
0.008464313338526116
0.008464313338526116
0.008452399330496475
0.008452399330496475
0.008439864268793064
0.008439864268793064
0.00842670907444976
0.00842670907444976
0.008412934714065685
0.008412934714065685
0.008398542199734186
0.008398542199734186
0.008383532588968467
0.008383532588968467
0.008367906984623889
0.008367906984623889
0.008351666534816934
0.008351666534816934
0.008334812432840847
0.008334812432840847
0.008317345917077955
0.008317345917077955
0.008299268270908677
0.008299268270908677
0.008280580822617221
0.008280580822617221
0.008261284945293994
0.008261284945293994
0.008241382056734705
0.008241382056734705
0.008220873619336192
0.008220873619336192
0.008199761139988973
0.008199761139988973
0.00817804616996652
0.00817804616996652
0.008155730304811281
0.008155730304811281
0.008132815184217443
0.008132815184217443
0.008109302491910452
0.008109302491910452
0.008085193955523299
0.008085193955523299
0.008060491346469582
0.008060491346469582
0.008035196479813344
0.008035196479813344
0.008009311214135713
0.008009311214135713
0.007982837451398335
0.007982837451398335
0.007955777136803628
0.007955777136803628
0.007928132258651854
0.007928132258651854
0.007899904848195025
0.007899904848195025
0.007871096979487654
0.007871096979487654
0.007841710769234359
0.007841710769234359
0.007811748376634338
0.007811748376634338
0.007781212003222713
0.007781212003222713
0.007750103892708777
0.007750103892708777
0.007718426330811124
0.007718426330811124
0.007686181645089709
0.007686181645089709
0.007653372204774826
0.007653372204774826
0.007620000420593021
0.007620000420593021
0.007586068744589964
0.007586068744589964
0.00755157966995028
0.00755157966995028
0.007516535730814358
0.007516535730814358
0.007480939502092151
0.007480939502092151
0.007444793599273979
0.007444793599273979
0.007408100678238354
0.007408100678238354
0.007370863435056834
0.007370863435056834
0.007333084605795923
0.007333084605795923
0.007294766966316039
0.007294766966316039
0.007255913332067546
0.007255913332067546
0.007216526557883892
0.007216526557883892
0.007176609537771841
0.007176609537771841
0.007136165204698829
0.007136165204698829
0.007095196530377465
0.007095196530377465
0.007053706525047178
0.007053706525047178
0.007011698237253032
0.007011698237253032
0.006969174753621732
0.006969174753621732
0.006926139198634828
0.006926139198634828
0.006882594734399138
0.006882594734399138
0.006838544560414411
0.006838544560414411
0.006793991913338232
0.006793991913338232
0.006748940066748211
0.006748940066748211
0.006703392330901443
0.006703392330901443
0.006657352052491291
0.006657352052491291
0.006610822614401475
0.006610822614401475
0.006563807435457512
0.006563807435457512
0.006516309970175512
0.006516309970175512
0.006468333708508352
0.006468333708508352
0.006419882175589247
0.006419882175589247
0.006370958931472734
0.006370958931472734
0.006321567570873089
0.006321567570873089
0.006271711722900205
0.006271711722900205
0.006221395050792934
0.006221395050792934
0.006170621251649924
0.006170621251649924
0.00611939405615797
0.00611939405615797
0.006067717228317897
0.006067717228317897
0.006015594565167992
0.006015594565167992
0.00596302989650501
0.00596302989650501
0.005910027084602776
0.005910027084602776
0.005856590023928397
0.005856590023928397
0.00580272264085611
0.00580272264085611
0.005748428893378785
0.005748428893378785
0.005693712770817105
0.005693712770817105
0.005638578293526445
0.005638578293526445
0.005583029512601471
0.005583029512601471
0.005527070509578475
0.005527070509578475
0.005470705396135486
0.005470705396135486
0.005413938313790147
0.005413938313790147
0.00535677343359542
0.00535677343359542
0.005299214955833106
0.005299214955833106
0.005241267109705226
0.005241267109705226
0.00518293415302327
0.00518293415302327
0.00512422037189535
0.00512422037189535
0.005065130080411272
0.005065130080411272
0.005005667620325551
0.005005667620325551
0.004945837360738393
0.004945837360738393
0.004885643697774669
0.004885643697774669
0.004825091054260903
0.004825091054260903
0.004764183879400301
0.004764183879400301
0.004702926648445834
0.004702926648445834
0.004641323862371415
0.004641323862371415
0.004579380047541183
0.004579380047541183
0.004517099755376923
0.004517099755376923
0.004454487562023641
0.004454487562023641
0.004391548068013326
0.004391548068013326
0.004328285897926923
0.004328285897926923
0.004264705700054528
0.004264705700054528
0.004200812146053858
0.004200812146053858
0.004136609930606986
0.004136609930606986
0.004072103771075401
0.004072103771075401
0.004007298407153387
0.004007298407153387
0.003942198600519774
0.003942198600519774
0.003876809134488065
0.003876809134488065
0.003811134813654981
0.003811134813654981
0.003745180463547432
0.003745180463547432
0.003678950930267965
0.003678950930267965
0.003612451080138687
0.003612451080138687
0.003545685799343713
0.003545685799343713
0.003478659993570151
0.003478659993570151
0.003411378587647653
0.003411378587647653
0.003343846525186568
0.003343846525186568
0.003276068768214706
0.003276068768214706
0.003208050296812761
0.003208050296812761
0.003139796108748403
0.003139796108748403
0.003071311219109075
0.003071311219109075
0.00300260065993352
0.00300260065993352
0.002933669479842068
0.002933669479842068
0.002864522743665706
0.002864522743665706
0.002795165532073967
0.002795165532073967
0.002725602941201658
0.002725602941201658
0.002655840082274465
0.002655840082274465
0.002585882081233458
0.002585882081233458
0.002515734078358529
0.002515734078358529
0.002445401227890796
0.002445401227890796
0.002374888697654004
0.002374888697654004
0.00230420166867496
0.00230420166867496
0.002233345334803037
0.002233345334803037
0.002162324902328784
0.002162324902328784
0.002091145589601699
0.002091145589601699
0.002019812626647198
0.002019812626647198
0.00194833125478286
0.00194833125478286
0.001876706726234005
0.001876706726234005
0.001804944303748702
0.001804944303748702
0.001733049260212336
0.001733049260212336
0.001661026878261882
0.001661026878261882
0.001588882449900117
0.001588882449900117
0.001516621276110098
0.001516621276110098
0.001444248666470395
0.001444248666470395
0.001371769938771789
0.001371769938771789
0.001299190418636629
0.001299190418636629
0.001226515439142677
0.001226515439142677
0.001153750340454558
0.001153750340454558
0.001080900469468115
0.001080900469468115
0.001007971179477033
0.001007971179477033
0.0009349678298789651
0.0009349678298789651
0.000861895785954072
0.000861895785954072
0.0007887604187819123
0.0007887604187819123
0.0007155671054360663
0.0007155671054360663
0.0006423212297701883
0.0006423212297701883
0.0005690281845562823
0.0005690281845562823
0.0004956933769951007
0.0004956933769951007
0.000422322243598961
0.000422322243598961
0.0003489202950267195
0.0003489202950267195
0.0002754932763853419
0.0002754932763853419
0.000202047909698074
0.000202047909698074
0.0001285971320102395
0.0001285971320102395
0.00005524552721639771
0.00005524552721639771