0.02252023279392796
0.02251452227133015
0.02251452227133015
0.02249739359960523
0.02249739359960523
0.02246885546549009
0.02246885546549009
0.0224289223419845
0.0224289223419845
0.02237761448101121
0.02237761448101121
0.02231495790314526
0.02231495790314526
0.02224098438441778
0.02224098438441778
0.02215573144020087
0.02215573144020087
0.02205924230618188
0.02205924230618188
0.02195156591643658
0.02195156591643658
0.02183275687861245
0.02183275687861245
0.02170287544623467
0.02170287544623467
0.02156198748814878
0.02156198748814878
0.02141016445511558
0.02141016445511558
0.02124748334357515
0.02124748334357515
0.02107402665659851
0.02107402665659851
0.02088988236204645
0.02088988236204645
0.02069514384795708
0.02069514384795708
0.02048990987518448
0.02048990987518448
0.02027428452731253
0.02027428452731253
0.02004837715786941
0.02004837715786941
0.01981230233486947
0.01981230233486947
0.01956617978271053
0.01956617978271053
0.01931013432145623
0.01931013432145623
0.01904429580353413
0.01904429580353413
0.01876879904788162
0.01876879904788162
0.01848378377157321
0.01848378377157321
0.0181893945189637
0.0181893945189637
0.0178857805883832
0.0178857805883832
0.01757309595642136
0.01757309595642136
0.01725149919983893
0.01725149919983893
0.01692115341514651
0.01692115341514651
0.01658222613589118
0.01658222613589118
0.01623488924769292
0.01623488924769292
0.01587931890107408
0.01587931890107408
0.01551569542212597
0.01551569542212597
0.01514420322105809
0.01514420322105809
0.01476503069867622
0.01476503069867622
0.01437837015083703
0.01437837015083703
0.01398441767092771
0.01398441767092771
0.01358337305042012
0.01358337305042012
0.01317543967755018
0.01317543967755018
0.01276082443417396
0.01276082443417396
0.01233973759085326
0.01233973759085326
0.01191239270022414
0.01191239270022414
0.01147900648870327
0.01147900648870327
0.01103979874658789
0.01103979874658789
0.01059499221660648
0.01059499221660648
0.01014481248097865
0.01014481248097865
0.009689487847044866
0.009689487847044866
0.009229249231528669
0.009229249231528669
0.008764330043498088
0.008764330043498088
0.008294966066098201
0.008294966066098201
0.007821395337136067
0.007821395337136067
0.00734385802861509
0.00734385802861509
0.006862596325344538
0.006862596325344538
0.006377854302804662
0.006377854302804662
0.005889877804556692
0.005889877804556692
0.005398914319715449
0.005398914319715449
0.004905212861509662
0.004905212861509662
0.004409023849158727
0.004409023849158727
0.003910598998381146
0.003910598998381146
0.003410191234541209
0.003410191234541209
0.002908054669915453
0.002908054669915453
0.002404444787195303
0.002404444787195303
0.001899619419553428
0.001899619419553428
0.001393843748725755
0.001393843748725755
0.0008874263337490362
0.0008874263337490362
0.0003813086703452981
0.0003813086703452981