0
-0.00170785050846749688552281024112
0.00170785050846749688552281024112
-0.00341569603555228565831620085742
0.00341569603555228565831620085742
-0.00512353159988618768206667246521
0.00512353159988618768206667246521
-0.00683135222013008323091363298555
0.00683135222013008323091363298555
-0.00853915291498844083872864196179
0.00853915291498844083872864196179
-0.0102469287032238465212583497802
0.0102469287032238465212583497802
-0.0119546746036715328287529402685
0.0119546746036715328287529402685
-0.0136623856352539076867023795787
0.0136623856352539076867023795787
-0.0153700568169950829823033922998
0.0153700568169950829823033922998
-0.0170776831680354028542808273863
0.0170776831680354028542808273863
-0.0187852597076459716436879417308
0.0187852597076459716436879417308
-0.0204927814552431814633111180522
0.0204927814552431814633111180522
-0.0222002434304032393433056462074
0.0222002434304032393433056462074
-0.0239076406528766939106904330646
0.0239076406528766939106904330646
-0.0256149681426029615603308656982
0.0256149681426029615603308656982
-0.0273222209197248520750405358662
0.0273222209197248520750405358662
-0.0290293940046030936524341405216
0.0290293940046030936524341405216
-0.0307364824178308572961656034665
0.0307364824178308572961656034665
-0.0324434811802482805291873171931
0.0324434811802482805291873171931
-0.0341503853129569903866683814561
0.0341503853129569903866683814561
-0.0358571898373346256462118161745
0.0358571898373346256462118161745
-0.0375638897750493582530129508799
0.0375638897750493582530129508799
-0.039270480148074413897603541083
0.039270480148074413897603541083
-0.0409769559787025917038286336332
0.0409769559787025917038286336332
-0.0426833122895607829847057983795
0.0426833122895607829847057983795
-0.0443895441036244890238190621996
0.0443895441036244890238190621996
-0.0460956464442323378399027237422
0.0460956464442323378399027237422
-0.0478016143351005998922731930128
0.0478016143351005998922731930128
-0.0495074428003377026847700892234
0.0495074428003377026847700892234
-0.0512131268644587442258710431024
0.0512131268644587442258710431024
-0.0529186615524000053026479861272
0.0529186615524000053026479861272
-0.0546240418895334605262361688714
0.0546240418895334605262361688714
-0.0563292629016812881064907338612
0.0563292629016812881064907338612
-0.0580343196151303783135093749806
0.0580343196151303783135093749806
-0.0597392070566468405837034455582
0.0597392070566468405837034455582
-0.0614439202534905092281038307895
0.0614439202534905092281038307895
-0.0631484542334294477005919770867
0.0631484542334294477005919770867
-0.0648528040247544513837506712961
0.0648528040247544513837506712961
-0.0665569646562935488500334864636
0.0665569646562935488500334864636
-0.0682609311574265015559562579517
0.0682609311574265015559562579517
-0.0699646985580993019270185242038
0.0699646985580993019270185242038
-0.0716682618888386697910675602977
0.0716682618888386697910675602977
-0.0733716161807665471178224496232
0.0733716161807665471178224496232
-0.0750747564656145910222805795305
0.0750747564656145910222805795305
-0.0767776777757386649897340106331
0.0767776777757386649897340106331
-0.0784803751441333282801283565731
0.0784803751441333282801283565731
-0.0801828436044463234695021214738
0.0801828436044463234695021214738
-0.0818850781909930620862498759837
0.0818850781909930620862498759837
-0.0835870739387711082999582097496
0.0835870739387711082999582097496
-0.0852888258834746606205690783268
0.0852888258834746606205690783268
-0.086990329061509031565630965922
0.086990329061509031565630965922
-0.088691578510005125253404211958
0.088691578510005125253404211958
-0.0903925692668339128795928992232
0.0903925692668339128795928992232
-0.092093296370620906035481874316
0.092093296370620906035481874316
-0.0937937548607606278252637671862
0.0937937548607606278252637671862
-0.0954939397774310817403472958009
0.0954939397774310817403472958009
-0.0971938461616082182484446843014
0.0971938461616082182484446843014
-0.0988934690550803990552426884471
0.0988934690550803990552426884471
-0.100592803500462858996468510647
0.100592803500462858996468510647
-0.10229184454121216551816879844
0.10229184454121216551816879844
-0.103990587221640675703026954884
0.103990587221640675703026954884
-0.105689026586930990800551146896
0.105689026586930990800551146896
-0.107387157683150408218972678233
0.107387157683150408218972678233
-0.109084975557265370936701797316
0.109084975557265370936701797316
-0.110782475257155914291195536665
0.110782475257155914291195536665
-0.112479651831630110103099830137
0.112479651831630110103099830137
-0.114176500330438508093535926531
0.114176500330438508093535926531
-0.115873015804288574552409013337
0.115873015804288574552409013337
-0.117569193304859128215624982527
0.117569193304859128215624982527
-0.119265027884814773309109411203
0.119265027884814773309109411203
-0.12096051459782032971753109367
0.12096051459782032971753109367
-0.122655648498555260235640848036
0.122655648498555260235640848036
-0.124350424642728094860144829731
0.124350424642728094860144829731
-0.126044838087090852080040216396
0.126044838087090852080040216396
-0.127738883889453457123349883315
0.127738883889453457123349883315
-0.12943255710869815711820156603
0.12943255710869815711820156603
-0.131125852804793933126206006866
0.131125852804793933126206006866
-0.132818766038810909006097704848
0.132818766038810909006097704848
-0.134511291872934757065611133818
0.134511291872934757065611133818
-0.136203425370481100459574661518
0.136203425370481100459574661518
-0.13789516159590991229221389288
0.13789516159590991229221389288
-0.139586495614839911381665773776
0.139586495614839911381665773776
-0.141277422494062954644714527012
0.141277422494062954644714527012
-0.142967937301558426059770350314
0.142967937301558426059770350314
-0.144658035106507622166121786521
0.144658035106507622166121786521
-0.146347710979308134057502778987
0.146347710979308134057502778987
-0.148036959991588225828025650492
0.148036959991588225828025650492
-0.149725777216221209428541591476
0.149725777216221209428541591476
-0.151414157727339815891500713365
0.151414157727339815891500713365
-0.153102096600350562882394314931
0.153102096600350562882394314931
-0.154789588911948118535872724108
0.154789588911948118535872724108
-0.156476629740129661534642914356
0.156476629740129661534642914356
-0.158163214164209237389261053587
0.158163214164209237389261053587
-0.15984933726483211087694622471
0.15984933726483211087694622471
-0.161534994123989114597552760042
0.161534994123989114597552760042
-0.16322017982503099360484995717
0.16322017982503099360484995717
-0.164904889452682746071269391157
0.164904889452682746071269391157
-0.166589118093057959944291607456
0.166589118093057959944291607456
-0.168272860833673145552655671256
0.168272860833673145552655671256
-0.169956112763462064120586862387
0.169956112763462064120586862387
-0.171638868972790052148249740213
0.171638868972790052148249740213
-0.173321124553468341616645860153
0.173321124553468341616645860153
-0.175002874598768375975187602553
0.175002874598768375975187602553
-0.176684114203436121870191875521
0.176684114203436121870191875521
-0.17836483846370637657254987605
0.17836483846370637657254987605
-0.180045042477317071062841638184
0.180045042477317071062841638184
-0.181724721343523568732176763191
0.181724721343523568732176763191
-0.183403870163112959657055514514
0.183403870163112959657055514514
-0.185082484038418350406557369825
0.185082484038418350406557369825
-0.186760558073333149340177153569
0.186760558073333149340177153569
-0.188438087373325347354642026098
0.188438087373325347354642026098
-0.190115067045451794038055879687
0.190115067045451794038055879687
-0.191791492198372469189731087441
0.191791492198372469189731087441
-0.193467357942364749664081068249
0.193467357942364749664081068249
-0.195142659389337671496960769513
0.195142659389337671496960769513
-0.196817391652846187272855929349
0.196817391652846187272855929349
-0.198491549848105418691335861194
0.198491549848105418691335861194
-0.200165129092004904291198506384
0.200165129092004904291198506384
-0.20183812450312284229075062405
0.20183812450312284229075062405
-0.203510531201740328502680232741
0.203510531201740328502680232741
-0.205182344309855589281992784397
0.205182344309855589281992784397
-0.206853558951198209465497038625
0.206853558951198209465497038625
-0.208524170251243355261341213656
0.208524170251243355261341213656
-0.21019417333722599204711471985
0.21019417333722599204711471985
-0.211863563338155097035045632052
0.211863563338155097035045632052
-0.213532335384827866762839028567
0.213532335384827866762839028567
-0.215200484609843919368716416834
0.215200484609843919368716416834
-0.216868006147619491609231679112
0.216868006147619491609231679112
-0.218534895134401630578454305512
0.218534895134401630578454305512
-0.220201146708282380087126136527
0.220201146708282380087126136527
-0.221866756009212961660413412789
0.221866756009212961660413412789
-0.223531718179017950112891625977
0.223531718179017950112891625977
-0.225196028361409443659416481749
0.225196028361409443659416481749
-0.226859681702001228520550222989
0.226859681702001228520550222989
-0.228522673348322937981228619758
0.228522673348322937981228619758
-0.230184998449834205861370110843
0.230184998449834205861370110843
-0.231846652157938814357144880801
0.231846652157938814357144880801
-0.233507629625998836211638075828
0.233507629625998836211638075828
-0.235167926009348771173657901516
0.235167926009348771173657901516
-0.236827536465309676703456005697
0.236827536465309676703456005697
-0.238486456153203292884144329868
0.238486456153203292884144329868
-0.240144680234366161497609513311
0.240144680234366161497609513311
-0.24180220387216373922374295472
0.24180220387216373922374295472
-0.24345902223200450492182177702
0.24345902223200450492182177702
-0.24511513048135406095289320197
0.24511513048135406095289320197
-0.246770523789749228502032222095
0.246770523789749228502032222095
-0.248425197328812136859359958379
0.248425197328812136859359958379
-0.250079146272264306618727712978
0.250079146272264306618727712978
-0.251732365795940726752989466903
0.251732365795940726752989466903
-0.253384851077803925524803433094
0.253384851077803925524803433094
-0.255036597297958035191921255601
0.255036597297958035191921255601
-0.256687599638662850465941545509
0.256687599638662850465941545509
-0.258337853284347880683522663894
0.258337853284347880683522663894
-0.259987353421626395649068001296
0.259987353421626395649068001296
-0.261636095239309465107915461991
0.261636095239309465107915461991
-0.263284073928419991809081439565
0.263284073928419991809081439565
-0.264931284682206738116628268043
0.264931284682206738116628268043
-0.266577722696158346128742949883
0.266577722696158346128742949883
-0.268223383168017351263633898574
0.268223383168017351263633898574
-0.269868261297794189271371489283
0.269868261297794189271371489283
-0.271512352287781196630817385894
0.271512352287781196630817385894
-0.273155651342566604290806906873
0.273155651342566604290806906873
-0.274798153669048524714768105591
0.274798153669048524714768105591
-0.276439854476448932187980772946
0.276439854476448932187980772946
-0.278080748976327636346698221388
0.278080748976327636346698221388
-0.279720832382596248888374479612
0.279720832382596248888374479612
-0.281360099911532143422259416222
0.281360099911532143422259416222
-0.282998546781792408419644318558
0.282998546781792408419644318558
-0.284636168214427793223060579506
0.284636168214427793223060579506
-0.286272959432896647073754390437
0.286272959432896647073754390437
-0.28790891566307885111678070242
0.28790891566307885111678070242
-0.28954403213328974334308020042
0.28954403213328974334308020042
-0.291178304074294036427923636279
0.291178304074294036427923636279
-0.292811726719319728425128585847
0.292811726719319728425128585847
-0.294444295304072006276474533594
0.294444295304072006276474533594
-0.296076005066747142095763144342
0.296076005066747142095763144342
-0.297706851248046382186991656358
0.297706851248046382186991656358
-0.299336829091189828756128522862
0.299336829091189828756128522862
-0.300965933841930314276001739978
0.300965933841930314276001739978
-0.302594160748567268463831728236
0.302594160748567268463831728236
-0.30422150506196057783096218184
0.30422150506196057783096218184
-0.30584796203554443776436396502
0.30584796203554443776436396502
-0.307473526925341197099508917729
0.307473526925341197099508917729
-0.309098194989975195144232333864
0.309098194989975195144232333864
-0.31072196149068659111322489373
0.31072196149068659111322489373
-0.312344821691345185932816968867
0.312344821691345185932816968867
-0.313966770858464236375740471316
0.313966770858464236375740471316
-0.315587804261214261485575791008
0.315587804261214261485575791008
-0.317207917171436841250613854044
0.317207917171436841250613854044
-0.318827104863658407486885941204
0.318827104863658407486885941204
-0.32044536261510402689013662999
0.32044536261510402689013662999
-0.322062685705711176216538064763
0.322062685705711176216538064763
-0.323679069418143509551966718095
0.323679069418143509551966718095
-0.325294509037804617629686882176
0.325294509037804617629686882176
-0.326908999852851779156308321971
0.326908999852851779156308321971
-0.328522537154209704105908831742
0.328522537154209704105908831742
-0.330135116235584268942235863444
0.330135116235584268942235863444
-0.33174673239347624372892493932
0.33174673239347624372892493932
-0.333357380927195011087696221709
0.333357380927195011087696221709
-0.334967057138872276964514390528
0.334967057138872276964514390528
-0.336575756333475773163720873049
0.336575756333475773163720873049
-0.33818347381882295161017148143
0.33818347381882295161017148143
-0.339790204905594670299436640819
0.339790204905594670299436640819
-0.341395944907348870896145634764
0.341395944907348870896145634764
-0.343000689140534247940580654969
0.343000689140534247940580654969
-0.344604432924503909623650919135
0.344604432924503909623650919135
-0.346207171581529030090401713579
0.346207171581529030090401713579
-0.347808900436812493232237926553
0.347808900436812493232237926553
-0.349409614818502527928066463487
0.349409614818502527928066463487
-0.351009310057706334694586876822
0.351009310057706334694586876822
-0.352607981488503703705984600504
0.352607981488503703705984600504
-0.354205624447960624143306352553
0.354205624447960624143306352553
-0.355802234276142884833822558324
0.355802234276142884833822558324
-0.357397806316129666140707052063
0.357397806316129666140707052063
-0.358992335914027123063389835026
0.358992335914027123063389835026
-0.360585818418981959508964304775
0.360585818418981959508964304775
-0.362178249183194993695056122129
0.362178249183194993695056122129
-0.363769623561934714644586749604
0.363769623561934714644586749604
-0.365359936913550829732890677954
0.365359936913550829732890677954
-0.366949184599487803247671455517
0.366949184599487803247671455517
-0.36853736198429838592230784842
0.36853736198429838592230784842
-0.370124464435657135403047788239
0.370124464435657135403047788239
-0.371710487324373927610654207337
0.371710487324373927610654207337
-0.373295426024407458957093420768
0.373295426024407458957093420768
-0.374879275912878739377883387235
0.374879275912878739377883387235
-0.376462032370084576140745970069
0.376462032370084576140745970069
-0.378043690779511048391234222474
0.378043690779511048391234222474
-0.379624246527846972396032739244
0.379624246527846972396032739244
-0.381203695004997357444656249791
0.381203695004997357444656249791
-0.382782031604096852370298874483
0.382782031604096852370298874483
-0.384359251721523182650613827946
0.384359251721523182650613827946
-0.385935350756910578049230829011
0.385935350756910578049230829011
-0.387510324113163190758846067361
0.387510324113163190758846067361
-0.389084167196468504006747281514
0.389084167196468504006747281514
-0.390656875416310731083664321527
0.390656875416310731083664321527
-0.392228444185484204756863502632
0.392228444185484204756863502632
-0.393798868920106757028432102819
0.393798868920106757028432102819
-0.395368145039633089199727518104
0.395368145039633089199727518104
-0.396936267966868132202993863779
0.396936267966868132202993863779
-0.398503233127980397161177198215
0.398503233127980397161177198215
-0.400069035952515316136999047778
0.400069035952515316136999047778
-0.401633671873408573032376526919
0.401633671873408573032376526919
-0.403197136326999424599306076562
0.403197136326999424599306076562
-0.404759424753044011523356686334
0.404759424753044011523356686334
-0.406320532594728659540947421986
0.406320532594728659540947421986
-0.407880455298683170551613148323
0.407880455298683170551613148323
-0.40943918831499410368649152019
0.40943918831499410368649152019
-0.410996727097218046294293609271
0.410996727097218046294293609271
-0.412553067102394874806049942707
0.412553067102394874806049942707
-0.414108203791061005439953250681
0.414108203791061005439953250681
-0.415662132627262634707648854085
0.415662132627262634707648854085
-0.417214849078568969683353370028
0.417214849078568969683353370028
-0.41876634861608544799721227234
0.41876634861608544799721227234
-0.420316626714466947514336816041
0.420316626714466947514336816041
-0.421865678851930985660990919147
0.421865678851930985660990919147
-0.423413500510270908359428791907
0.423413500510270908359428791907
-0.424960087174869068532914412572
0.424960087174869068532914412572
-0.426505434334709994142484370062
0.426505434334709994142484370062
-0.428049537482393545717046127217
0.428049537482393545717046127217
-0.429592392114148063338434403705
0.429592392114148063338434403705
-0.431133993729843503043079134969
0.431133993729843503043079134969
-0.432674337833004562601969332754
0.432674337833004562601969332754
-0.434213419930823796640628153659
0.434213419930823796640628153659
-0.435751235534174721060845574775
0.435751235534174721060845574775
-0.437287780157624906725946279587
0.437287780157624906725946279587
-0.438823049319449062371401672985
0.438823049319449062371401672985
-0.440357038541642106702626371285
0.440357038541642106702626371285
-0.441889743349932229641831051462
0.441889743349932229641831051462
-0.44342115927379394268583519338
0.44342115927379394268583519338
-0.444951281846461118336775009467
0.444951281846461118336775009467
-0.446480106604940018567673727972
0.446480106604940018567673727972
-0.448007629090022312284873378571
0.448007629090022312284873378571
-0.449533844846298081749359322565
0.449533844846298081749359322565
-0.451058749422168817919040974106
0.451058749422168817919040974106
-0.452582338369860404674084473781
0.452582338369860404674084473781
-0.454104607245436091887425501263
0.454104607245436091887425501263
-0.455625551608809457302622949681
0.455625551608809457302622949681
-0.457145167023757357181246830542
0.457145167023757357181246830542
-0.458663449057932865682026534641
0.458663449057932865682026534641
-0.460180393282878202934018441016
0.460180393282878202934018441016
-0.46169599527403765176608484287
0.46169599527403765176608484287
-0.463210250610770463055009246083
0.463210250610770463055009246083
-0.464723154876363749654606292627
0.464723154876363749654606292627
-0.466234703658045368868217867659
0.466234703658045368868217867659
-0.467744892546996793427020365162
0.467744892546996793427020365162
-0.469253717138365970936601612811
0.469253717138365970936601612811
-0.470761173031280171754299591914
0.470761173031280171754299591914
-0.472267255828858825259828832974
0.472267255828858825259828832974
-0.47377196113822634448175422133
0.47377196113822634448175422133
-0.475275284570524939042405910497
0.475275284570524939042405910497
-0.476777221740927416383863113071
0.476777221740927416383863113071
-0.478277768268649971237668720337
0.478277768268649971237668720337
-0.479776919776964963300970991865
0.479776919776964963300970991865
-0.481274671893213683081822955367
0.481274671893213683081822955367
-0.482771020248819105876404664754
0.482771020248819105876404664754
-0.484265960479298633840968080619
0.484265960479298633840968080619
-0.485759488224276826121339062154
0.485759488224276826121339062154
-0.487251599127498117002845792707
0.487251599127498117002845792707
-0.488742288836839522043577902654
0.488742288836839522043577902654
-0.490231553004323332153915602976
0.490231553004323332153915602976
-0.491719387286129795585303300698
0.491719387286129795585303300698
-0.493205787342609787791277433131
0.493205787342609787791277433131
-0.494690748838297469123793631539
0.494690748838297469123793631539
-0.496174267441922930327933806296
0.496174267441922930327933806296
-0.497656338826424825798109334762
0.497656338826424825798109334762
-0.499136958668962994558912229819
0.499136958668962994558912229819
-0.500616122650931068933801971218
0.500616122650931068933801971218
-0.502093826457969070864851593459
0.502093826457969070864851593459
-0.50357006577997599584681264278
0.50357006577997599584681264278
-0.505044836311122384438794741814
0.505044836311122384438794741814
-0.506518133749862881316891733575
0.506518133749862881316891733575
-0.507989953798948781831122716399
0.507989953798948781831122716399
-0.509460292165440566030092728379
0.509460292165440566030092728379
-0.510929144560720420116814393388
0.510929144560720420116814393388
-0.512396506700504745299168501055
0.512396506700504745299168501055
-0.513862374304856653998518259786
0.513862374304856653998518259786
-0.51532674309819845338002883512
0.51532674309819845338002883512
-0.516789608809324116168280765192
0.516789608809324116168280765192
-0.518250967171411738711802930768
0.518250967171411738711802930768
-0.519710813922035986260187949102
0.519710813922035986260187949102
-0.521169144803180525417490158628
0.521169144803180525417490158628
-0.52262595556125044373564376519
0.52262595556125044373564376519
-0.524081241947084656411676229865
0.524081241947084656411676229865
-0.525534999715968300052529593593
0.525534999715968300052529593593
-0.526987224627645113471340154383
0.526987224627645113471340154383
-0.528437912446329805479064738986
0.528437912446329805479064738986
-0.529887058940720409635379742288
0.529887058940720409635379742288
-0.531334659884010625922817144317
0.531334659884010625922817144317
-0.532780711053902149308139856465
0.532780711053902149308139856465
-0.534225208232616985154996995241
0.534225208232616985154996995241
-0.535668147206909751451938033504
0.535668147206909751451938033504
-0.537109523768079967819903235468
0.537109523768079967819903235468
-0.538549333711984331263346342829
0.538549333711984331263346342829
-0.539987572839048978629184144942
0.539987572839048978629184144942
-0.541424236954281735737806336012
0.541424236954281735737806336012
-0.542859321867284353150417936586
0.542859321867284353150417936586
-0.544292823392264728537025535195
0.544292823392264728537025535195
-0.545724737348049115609417688662
0.545724737348049115609417688662
-0.547155059558094319583529006185
0.547155059558094319583529006185
-0.54858378585049987913561673284
0.54858378585049987913561673284
-0.550010912058020234816718042366
0.550010912058020234816718042366
-0.551436434018076883889895747008
0.551436434018076883889895747008
-0.552860347572770521554819733583
0.552860347572770521554819733583
-0.554282648568893168524271139758
0.554282648568893168524271139758
-0.555703332857940284917196092646
0.555703332857940284917196092646
-0.55712239629612287043297574309
0.55712239629612287043297574309
-0.558539834744379550771619343352
0.558539834744379550771619343352
-0.559955644068388650264627233229
0.559955644068388650264627233229
-0.561369820138580250681310819678
0.561369820138580250681310819678
-0.562782358830148236175396957895
0.562782358830148236175396957895
-0.564193256023062324336784567173
0.564193256023062324336784567173
-0.565602507602080083313361842741
0.565602507602080083313361842741
-0.567010109456758934967833055021
0.567010109456758934967833055021
-0.56841605748146814403454466021
0.56841605748146814403454466021
-0.569820347575400793241341280667
0.569820347575400793241341280667
-0.571222975642585744361523050169
0.571222975642585744361523050169
-0.572623937591899585161016857555
0.572623937591899585161016857555
-0.574023229337078562205915162504
0.574023229337078562205915162504
-0.57542084679673049949557729902
0.57542084679673049949557729902
-0.576816785894346702886529525602
0.576816785894346702886529525602
-0.578211042558313850272441525825
0.578211042558313850272441525825
-0.579603612721925867485498609097
0.579603612721925867485498609097
-0.58099449232339578988453050859
0.58099449232339578988453050859
-0.582383677305867609595299421539
0.582383677305867609595299421539
-0.583771163617428108368391786274
0.583771163617428108368391786274
-0.58515694721111867602020024028
0.58515694721111867602020024028
-0.586541024044947114422524254182
0.586541024044947114422524254182
-0.58792339008189942700636008771
0.58792339008189942700636008771
-0.589304041289951593745492965248
0.589304041289951593745492965248
-0.590682973642081331585546720474
0.590682973642081331585546720474
-0.592060183116279840284188611616
0.592060183116279840284188611616
-0.593435665695563533628229560954
0.593435665695563533628229560954
-0.594809417367985755993402724227
0.594809417367985755993402724227
-0.596181434126648484212646047427
0.596181434126648484212646047427
-0.597551711969714014718757319966
0.597551711969714014718757319966
-0.598920246900416635927333184258
0.598920246900416635927333184258
-0.600287034927074285825946612256
0.600287034927074285825946612256
-0.601652072063100194735560509253
0.601652072063100194735560509253
-0.603015354327014513210218354245
0.603015354327014513210218354245
-0.604376877742455925041096134142
0.604376877742455925041096134142
-0.605736638338193245331043276088
0.605736638338193245331043276088
-0.607094632148137003605783827844
0.607094632148137003605783827844
-0.608450855211351011927992780635
0.608450855211351011927992780635
-0.609805303572063917980506171787
0.609805303572063917980506171787
-0.61115797327968074308496744586
0.61115797327968074308496744586
-0.612508860388794405122256492612
0.612508860388794405122256492612
-0.613857960959197226321091817986
0.613857960959197226321091817986
-0.615205271055892425881240440096
0.615205271055892425881240440096
-0.616550786749105597397814335984
0.616550786749105597397814335984
-0.617894504114296171053176596403
0.617894504114296171053176596403
-0.619236419232168860543024875071
0.619236419232168860543024875071
-0.620576528188685094703264245489
0.620576528188685094703264245489
-0.621914827075074433804326202496
0.621914827075074433804326202496
-0.623251311987845970479635267039
0.623251311987845970479635267039
-0.624585979028799715254969471087
0.624585979028799715254969471087
-0.62591882430503796664550591502
0.62591882430503796664550591502
-0.627249843928976665787387602152
0.627249843928976665787387602152
-0.628579034018356735570692864056
0.628579034018356735570692864056
-0.62990639069625540424073389596
0.62990639069625540424073389596
-0.631231910091097513434656223627
0.631231910091097513434656223627
-0.632555588336666810620356321485
0.632555588336666810620356321485
-0.633877421572117225904780096481
0.633877421572117225904780096481
-0.635197405941984133178710542753
0.635197405941984133178710542753
-0.636515537596195595565198558916
0.636515537596195595565198558916
-0.63783181269008359513883670214
0.63783181269008359513883670214
-0.639146227384395246883121531367
0.639146227384395246883121531367
-0.640458777845303996853196165587
0.640458777845303996853196165587
-0.641769460244420804511310752221
0.641769460244420804511310752221
-0.643078270758805309202384704901
0.643078270758805309202384704901
-0.644385205570976980737100829439
0.644385205570976980737100829439
-0.645690260868926254050007811206
0.645690260868926254050007811206
-0.646993432846125647900153986438
0.646993432846125647900153986438
-0.648294717701540867581821864054
0.648294717701540867581821864054
-0.649594111639641891612979503173
0.649594111639641891612979503173
-0.65089161087041404236911158463
0.65089161087041404236911158463
-0.652187211609369040630139842176
0.652187211609369040630139842176
-0.653480910077556044008189440641
0.653480910077556044008189440641
-0.65477270250157266922400490398
0.65477270250157266922400490398
-0.656062585113575998199866305671
0.656062585113575998199866305671
-0.657350554151293567936903637228
0.657350554151293567936903637228
-0.658636605858034344144754567564
0.658636605858034344144754567564
-0.659920736482699678591558196379
0.659920736482699678591558196379
-0.66120294227979425014232488854
0.66120294227979425014232488854
-0.662483219509436989453769853464
0.662483219509436989453769853464
-0.663761564437371987293745803595
0.663761564437371987293745803595
-0.665037973334979386453457789135
0.665037973334979386453457789135
-0.666312442479286257220691162013
0.666312442479286257220691162013
-0.667584968152977456382331570598
0.667584968152977456382331570598
-0.668855546644406469724503927697
0.668855546644406469724503927697
-0.670124174247606237998705427789
0.670124174247606237998705427789
-0.671390847262299966322355915095
0.671390847262299966322355915095
-0.672655561993911916982237221863
0.672655561993911916982237221863
-0.673918314753578185609341505945
0.673918314753578185609341505945
-0.675179101858157460693697118291
0.675179101858157460693697118291
-0.676437919630241766407789124214
0.676437919630241766407789124214
-0.677694764398167188707240286999
0.677694764398167188707240286999
-0.678949632496024584677467098617
0.678949632496024584677467098617
-0.680202520263670275095074309667
0.680202520263670275095074309667
-0.681453424046736720172800369218
0.681453424046736720172800369218
-0.682702340196643178456875234636
0.682702340196643178456875234636
-0.683949265070606348845701151867
0.683949265070606348845701151867
-0.685194195031650995698816237525
0.685194195031650995698816237525
-0.686437126448620557005150015746
0.686437126448620557005150015746
-0.687678055696187735579629474594
0.687678055696187735579629474594
-0.688916979154865073257243709033
0.688916979154865073257243709033
-0.690153893211015508053724809673
0.690153893211015508053724809673
-0.691388794256862914262052338779
0.691388794256862914262052338779
-0.692621678690502625454038507027
0.692621678690502625454038507027
-0.693852542915911940356301026205
0.693852542915911940356301026205
-0.695081383342960611569980564303
0.695081383342960611569980564303
-0.696308196387421317103609770011
0.696308196387421317103609770011
-0.697532978470980114688590963523
0.697532978470980114688590963523
-0.69875572602124687884678980943
0.69875572602124687884678980943
-0.699976435471765720679802595389
0.699976435471765720679802595389
-0.701195103262025390349505136875
0.701195103262025390349505136875
-0.702411725837469662219541813667
0.702411725837469662219541813667
-0.703626299649507702627463817492
0.703626299649507702627463817492
-0.704838821155524420257276352419
0.704838821155524420257276352419
-0.706049286818890799082205279953
0.706049286818890799082205279953
-0.707257693108974213847544539183
0.707257693108974213847544539183
-0.708464036501148728063496598681
0.708464036501148728063496598681
-0.709668313476805374477969210893
0.709668313476805374477969210893
-0.710870520523362417999342841494
0.710870520523362417999342841494
-0.712070654134275601039274335289
0.712070654134275601039274335289
-0.713268710809048371245653656733
0.713268710809048371245653656733
-0.714464687053242091595881906758
0.714464687053242091595881906758
-0.715658579378486232820690268214
0.715658579378486232820690268214
-0.716850384302488548128771069755
0.716850384302488548128771069755
-0.718040098349045230202543782198
0.718040098349045230202543782198
-0.719227718048051050435430472146
0.719227718048051050435430472146
-0.720413239935509480381067034853
0.720413239935509480381067034853
-0.721596660553542795384928411766
0.721596660553542795384928411766
-0.722777976450402160368897967686
0.722777976450402160368897967686
-0.723957184180477697739363258045
0.723957184180477697739363258045
-0.725134280304308537389472558058
0.725134280304308537389472558058
-0.726309261388592848766238752502
0.726309261388592848766238752502
-0.727482124006197854973229497324
0.727482124006197854973229497324
-0.728652864736169828879634962086
0.728652864736169828879634962086
-0.729821480163744071206556945257
0.729821480163744071206556945257
-0.730987966880354870561415722428
0.730987966880354870561415722428
-0.732152321483645445391423640421
0.732152321483645445391423640421
-0.73331454057747786782712720797
0.73331454057747786782712720797
-0.734474620771942969387072255872
0.734474620771942969387072255872
-0.735632558683370228514699646204
0.735632558683370228514699646204
-0.736788350934337639918632001133
0.736788350934337639918632001133
-0.73794199415368156568756499691
0.73794199415368156568756499691
-0.739093484976506568151029927702
0.739093484976506568151029927702
-0.740242820044195224457347486697
0.740242820044195224457347486697
-0.741389996004417922840146038463
0.741389996004417922840146038463
-0.742535009511142640544871066489
0.742535009511142640544871066489
-0.743677857224644703386765973191
0.743677857224644703386765973191
-0.744818535811516526911857986157
0.744818535811516526911857986157
-0.745957041944677339132536583975
0.745957041944677339132536583975
-0.747093372303382884809365597375
0.747093372303382884809365597375
-0.748227523573235111250823966583
0.748227523573235111250823966583
-0.749359492446191835602724043424
0.749359492446191835602724043424
-0.750489275620576393599110316875
0.750489275620576393599110316875
-0.751616869801087269746495513029
0.751616869801087269746495513029
-0.752742271698807708913345174915
0.752742271698807708913345174915
-0.753865478031215309296776063938
0.753865478031215309296776063938
-0.754986485522191596738488042835
0.754986485522191596738488042835
-0.756105290902031580362003499774
0.756105290902031580362003499774
-0.757221890907453289503342854421
0.757221890907453289503342854421
-0.758336282281607291907319249261
0.758336282281607291907319249261
-0.759448461774086193161690173095
0.759448461774086193161690173095
-0.760558426140934117341458488225
0.760558426140934117341458488225
-0.761666172144656168835670138232
0.761666172144656168835670138232
-0.762771696554227875329110699339
0.762771696554227875329110699339
-0.763874996145104611911357904896
0.763874996145104611911357904896
-0.764976067699231006285702319437
0.764976067699231006285702319437
-0.766074908005050325050503465807
0.766074908005050325050503465807
-0.767171513857513841025603915977
0.767171513857513841025603915977
-0.768265882058090181596479143083
0.768265882058090181596479143083
-0.769358009414774658048856298858
0.769358009414774658048856298858
-0.770447892742098575866590526807
0.770447892742098575866590526807
-0.771535528861138525965642946997
0.771535528861138525965642946997
-0.772620914599525656837060053072
0.772620914599525656837060053072
-0.773704046791454927571909945891
0.773704046791454927571909945891
-0.774784922277694341741186590867
0.774784922277694341741186590867
-0.775863537905594162103749127454
0.775863537905594162103749127454
-0.776939890529096106115419179184
0.776939890529096106115419179184
-0.778013977008742522212415110998
0.778013977008742522212415110998
-0.779085794211685546842358257177
0.779085794211685546842358257177
-0.780155339011696242216142297824
0.780155339011696242216142297824
-0.781222608289173714754013194384
0.781222608289173714754013194384
-0.78228759893115421419926340496
0.78228759893115421419926340496
-0.783350307831320213373000488062
0.783350307831320213373000488062
-0.784410731890009468543506668657
0.784410731890009468543506668657
-0.785468868014224060383762482933
0.785468868014224060383762482933
-0.786524713117639415490764237758
0.786524713117639415490764237758
-0.787578264120613308440321717332
0.787578264120613308440321717332
-0.788629517950194844351079342789
0.788629517950194844351079342789
-0.789678471540133421931560840347
0.789678471540133421931560840347
-0.790725121830887676984094399867
0.790725121830887676984094399867
-0.791769465769634406339532308198
0.791769465769634406339532308198
-0.792811500310277472196736120285
0.792811500310277472196736120285
-0.793851222413456686840855585545
0.793851222413456686840855585545
-0.794888629046556677714486777279
0.794888629046556677714486777279
-0.795923717183715732815852178773
0.795923717183715732815852178773
-0.796956483805834626398202861001
0.796956483805834626398202861001
-0.797986925900585424944700343391
0.797986925900585424944700343391
-0.799015040462420273393093260722
0.799015040462420273393093260722
-0.800040824492580161584561565783
0.800040824492580161584561565783
-0.801064274999103670911158678668
0.801064274999103670911158678668
-0.80208538899683570113633974949
0.80208538899683570113633974949
-0.803104163507436177363122031534
0.803104163507436177363122031534
-0.804120595559388737124481266435
0.804120595559388737124481266435
-0.805134682188009397570645961509
0.805134682188009397570645961509
-0.806146420435455202728009491925
0.806146420435455202728009491925
-0.807155807350732850804438086587
0.807155807350732850804438086587
-0.808162839989707301515810956442
0.808162839989707301515810956442
-0.809167515415110363408687097111
0.809167515415110363408687097111
-0.810169830696549261154051644161
0.810169830696549261154051644161
-0.811169782910515182787153078848
0.811169782910515182787153078848
-0.812167369140391806868501074502
0.812167369140391806868501074502
-0.813162586476463809541153338824
0.813162586476463809541153338824
-0.814155432015925351459478445002
0.814155432015925351459478445002
-0.815145902862888544564640354563
0.815145902862888544564640354563
-0.816133996128391898682109117048
0.816133996128391898682109117048
-0.817119708930408747916561085907
0.817119708930408747916561085907
-0.818103038393855656819590916028
0.818103038393855656819590916028
-0.819083981650600806305716606183
0.819083981650600806305716606183
-0.820062535839472359292217918901
0.820062535839472359292217918901
-0.821038698106266806038407650993
0.821038698106266806038407650993
-0.822012465603757289159994439707
0.822012465603757289159994439707
-0.822983835491701908294255072376
0.822983835491701908294255072376
-0.823952804936852004391793620989
0.823952804936852004391793620989
-0.824919371112960423610724147472
0.824919371112960423610724147472
-0.825883531200789760789173220207
0.825883531200789760789173220207
-0.82684528238812058247205804739
0.82684528238812058247205804739
-0.827804621869759629468155668062
0.827804621869759629468155668062
-0.8287615468475479989135383468
0.8287615468475479989135383468
-0.829716054530369305817510093
0.829716054530369305817510093
-0.830668142134157824067239070267
0.830668142134157824067239070267
-0.831617806881906606867340575399
0.831617806881906606867340575399
-0.83256504600367558659072524972
0.83256504600367558659072524972
-0.833509856736599654017087237863
0.833509856736599654017087237863
-0.834452236324896716935467130346
0.834452236324896716935467130346
-0.835392182019875738087384716261
0.835392182019875738087384716261
-0.83632969107994475242709683098
0.83632969107994475242709683098
-0.837264760770618863675595910658
0.837264760770618863675595910658
-0.838197388364528220145025260487
0.838197388364528220145025260487
-0.839127571141425969810247506815
0.839127571141425969810247506815
-0.84005530638819619460436323426
0.84005530638819619460436323426
-0.840980591398861823915037407651
0.840980591398861823915037407651
-0.841903423474592527258551844844
0.841903423474592527258551844844
-0.842823799923712586108562739972
0.842823799923712586108562739972
-0.843741718061708744856603037384
0.843741718061708744856603037384
-0.844657175211238040881430324155
0.844657175211238040881430324155
-0.845570168702135613704381843502
0.845570168702135613704381843502
-0.8464806958714224932079592325
0.8464806958714224932079592325
-0.847388754063313366894926654979
0.847388754063313366894926654979
-0.848294340629224326165267134218
0.848294340629224326165267134218
-0.849197452927780591588403089937
0.849197452927780591588403089937
-0.850098088324824217148148349766
0.850098088324824217148148349766
-0.850996244193421773437920236864
0.850996244193421773437920236864
-0.85189191791387200978380173237
0.85189191791387200978380173237
-0.852785106873713495273105173717
0.852785106873713495273105173717
-0.85367580846773223866615047743
0.85367580846773223866615047743
-0.854564020097969287169032467561
0.854564020097969287169032467561
-0.85544973917372830404521354835
0.85544973917372830404521354835
-0.856332963111583125043839681706
0.856332963111583125043839681706
-0.857213689335385293622739416641
0.857213689335385293622739416641
-0.85809191527627157494412756858
0.85809191527627157494412756858
-0.858967638372671448621097061378
0.858967638372671448621097061378
-0.859840856070314580193044423708
0.859840856070314580193044423708
-0.860711565822238271308236474082
0.860711565822238271308236474082
-0.861579765088794888591787834889
0.861579765088794888591787834889
-0.86244545133765927117738108539
0.86244545133765927117738108539
-0.863308622043836116881123596337
0.863308622043836116881123596337
-0.86416927468966734699599738464
0.86416927468966734699599738464
-0.86502740676483944968542068511
0.86502740676483944968542068511
-0.865883015766390801954502357549
0.865883015766390801954502357549
-0.86673609919871897017763273123
0.86673609919871897017763273123
-0.867586654573587989161117034783
0.867586654573587989161117034783
-0.868434679410135619719620167697
0.868434679410135619719620167697
-0.869280171234880584745254239684
0.869280171234880584745254239684
-0.870123127581729783748203035985
0.870123127581729783748203035985
-0.870963545991985485847840360088
0.870963545991985485847840360088
-0.871801424014352501193362060062
0.871801424014352501193362060062
-0.872636759204945330793014460704
0.872636759204945330793014460704
-0.873469549127295294731064900667
0.873469549127295294731064900667
-0.874299791352357638751723111522
0.874299791352357638751723111522
-0.875127483458518619189285274192
0.875127483458518619189285274192
-0.875952623031602566223835747102
0.875952623031602566223835747102
-0.876775207664878925441904679576
0.876775207664878925441904679576
-0.877595234959069277681543003329
0.877595234959069277681543003329
-0.878412702522354337141339634094
0.878412702522354337141339634094
-0.879227607970380927732969114348
0.879227607970380927732969114348
-0.880039948926268937656921386589
0.880039948926268937656921386589
-0.88084972302061825218112890444
0.88084972302061825218112890444
-0.88165692789151566460226986585
0.88165692789151566460226986585
-0.882461561184541765369589988664
0.882461561184541765369589988664
-0.883263620552777809351148943607
0.883263620552777809351148943607
-0.884063103656812561222461313147
0.884063103656812561222461313147
-0.884860008164749118957565756531
0.884860008164749118957565756531
-0.885654331752211715402619931362
0.885654331752211715402619931362
-0.886446072102352497912182650225
0.886446072102352497912182650225
-0.887235226905858286028408736888
0.887235226905858286028408736888
-0.888021793860957307183446090283
0.888021793860957307183446090283
-0.88880577067342591040538856568
0.88880577067342591040538856568
-0.889587155056595258008202440961
0.889587155056595258008202440961
-0.890365944731357995246108451542
0.890365944731357995246108451542
-0.89114213742617489791296565006
0.89114213742617489791296565006
-0.891915730877081497867267676259
0.891915730877081497867267676259
-0.892686722827694686463426408403
0.892686722827694686463426408403
-0.893455111029219295870082409806
0.893455111029219295870082409806
-0.894220893240454658256246082509
0.894220893240454658256246082509
-0.894984067227801142826137994626
0.894984067227801142826137994626
-0.8957446307652666706836614581
0.8957446307652666706836614581
-0.896502581634473207507505099544
0.896502581634473207507505099544
-0.897257917624663234017937888164
0.897257917624663234017937888164
-0.89801063653270619421642386134
0.89801063653270619421642386134
-0.898760736163104921379248620086
0.898760736163104921379248620086
-0.899508214328002041786414553135
0.899508214328002041786414553135
-0.90025306884718635616712668959
0.90025306884718635616712668959
-0.900995297548099198843256075773
0.900995297548099198843256075773
-0.901734898265840774552232621937
0.901734898265840774552232621937
-0.902471868843176472930884468576
0.902471868843176472930884468576
-0.903206207130543160641806080173
0.903206207130543160641806080173
-0.903937910986055451123902485977
0.903937910986055451123902485977
-0.904666978275511951948822352744
0.904666978275511951948822352744
-0.905393406872401489765057893102
0.905393406872401489765057893102
-0.906117194657909312811554985027
0.906117194657909312811554985027
-0.906838339520923270982742302804
0.906838339520923270982742302804
-0.907556839358039973426953737459
0.907556839358039973426953737459
-0.908272692073570923660283914918
0.908272692073570923660283914918
-0.908985895579548632177982202774
0.908985895579548632177982202774
-0.909696447795732706545556231438
0.909696447795732706545556231438
-0.910404346649615918951821642333
0.910404346649615918951821642333
-0.911109590076430251206200514565
0.911109590076430251206200514565
-0.911812176019152917162636711851
0.911812176019152917162636711851
-0.912512102428512362552562233396
0.912512102428512362552562233396
-0.913209367262994242209414545474
0.913209367262994242209414545474
-0.91390396848884737466727081471
0.91390396848884737466727081471
-0.914595904080089674116230959118
0.914595904080089674116230959118
-0.915285172018514059697247478749
0.915285172018514059697247478749
-0.915971770293694342119166124083
0.915971770293694342119166124083
-0.916655696902991087580807606899
0.916655696902991087580807606899
-0.917336949851557458980986755077
0.917336949851557458980986755077
-0.918015527152345034399431759463
0.918015527152345034399431759463
-0.918691426826109602831632457291
0.918691426826109602831632457291
-0.919364646901416937160712942639
0.919364646901416937160712942639
-0.920035185414648544349490189674
0.920035185414648544349490189674
-0.920703040410007392835946818927
0.920703040410007392835946818927
-0.921368209939523617115412630285
0.921368209939523617115412630285
-0.922030692063060199492816068624
0.922030692063060199492816068624
-0.922690484848318628988433378817
0.922690484848318628988433378817
-0.923347586370844537380629846118
0.923347586370844537380629846118
-0.924001994714033312369154205307
0.924001994714033312369154205307
-0.924653707969135687842614037502
0.924653707969135687842614037502
-0.925302724235263311233826756781
0.925302724235263311233826756781
-0.925949041619394287946807619722
0.925949041619394287946807619722
-0.926592658236378702839223069306
0.926592658236378702839223069306
-0.927233572208944118744204650295
0.927233572208944118744204650295
-0.927871781667701052015485705842
0.927871781667701052015485705842
-0.928507284751148425079890084704
0.928507284751148425079890084704
-0.929140079605678995981269154639
0.929140079605678995981269154639
-0.929770164385584764900050530326
0.929770164385584764900050530326
-0.930397537253062357632629083188
0.930397537253062357632629083188
-0.93102219637821838601489800564
0.93102219637821838601489800564
-0.931644139939074785274284953379
0.931644139939074785274284953379
-0.932263366121574128294725586113
0.932263366121574128294725586113
-0.932879873119584916779074169489
0.932879873119584916779074169489
-0.933493659134906849293518288674
0.933493659134906849293518288674
-0.934104722377276066178632156905
0.934104722377276066178632156905
-0.934713061064370371311770480157
0.934713061064370371311770480157
-0.935318673421814430705572361691
0.935318673421814430705572361691
-0.935921557683184947927412297479
0.935921557683184947927412297479
-0.9365217120900158163247029251
0.9365217120900158163247029251
-0.937119134891803248041021844571
0.937119134891803248041021844571
-0.937713824346010879808102529443
0.937713824346010879808102529443
-0.938305778718074855498797090215
0.938305778718074855498797090215
-0.938894996281408885426186439521
0.938894996281408885426186439521
-0.93948147531740928237408123939
0.93948147531740928237408123939
-0.940065214115459974344224885039
0.940065214115459974344224885039
-0.940646210972937494005577696915
0.940646210972937494005577696915
-0.941224464195215944831129452888
0.941224464195215944831129452888
-0.9417999720956719439077553954
0.9417999720956719439077553954
-0.942372732995689541404698893864
0.942372732995689541404698893864
-0.94294274522466511668633203045
0.94294274522466511668633203045
-0.943510007120012251054913507441
0.943510007120012251054913507441
-0.944074517027166577109131446401
0.944074517027166577109131446401
-0.944636273299590604704286863289
0.944636273299590604704286863289
-0.945195274298778523500041859224
0.945195274298778523500041859224
-0.945751518394260982081724863619
0.945751518394260982081724863619
-0.946305003963609843641253604777
0.946305003963609843641253604777
-0.946855729392442918203804862499
0.946855729392442918203804862499
-0.947403693074428671386428477724
0.947403693074428671386428477724
-0.947948893411290909674871555439
0.947948893411290909674871555439
-0.948491328812813442204947298969
0.948491328812813442204947298969
-0.949030997696844719034851456089
0.949030997696844719034851456089
-0.949567898489302445894897939989
0.949567898489302445894897939989
-0.950102029624178175401213810896
0.950102029624178175401213810896
-0.95063338954354187472000246686
0.95063338954354187472000246686
-0.95116197669754646966905259474
0.95116197669754646966905259474
-0.951687789544432365243239174624
0.951687789544432365243239174624
-0.952210826550531942550831612606
0.952210826550531942550831612606
-0.952731086190274032147492897899
0.952731086190274032147492897899
-0.953248566946188363754922540529
0.953248566946188363754922540529
-0.953763267308909992351164945194
0.953763267308909992351164945194
-0.95427518577718370061967381514
0.95427518577718370061967381514
-0.954784320857868377744292156962
0.954784320857868377744292156962
-0.955290671065941374537376473007
0.955290671065941374537376473007
-0.955794234924502834888362782295
0.955794234924502834888362782295
-0.956295010964780003520141203628
0.956295010964780003520141203628
-0.956792997726131510040674965528
0.956792997726131510040674965528
-0.957288193756051629277368876917
0.957288193756051629277368876917
-0.957780597610174517881761499742
0.957780597610174517881761499742
-0.958270207852278427192184510106
0.958270207852278427192184510106
-0.958757023054289892342102017713
0.958757023054289892342102017713
-0.959241041796287897601911934541
0.959241041796287897601911934541
-0.959722262666508017942060842547
0.959722262666508017942060842547
-0.960200684261346536805393206768
0.960200684261346536805393206768
-0.960676305185364540076725214476
0.960676305185364540076725214476
-0.96114912405129198623770299291
0.96114912405129198623770299291
-0.961619139480031752695074467576
0.961619139480031752695074467576
-0.962086350100663658270573670209
0.962086350100663658270573670209
-0.962550754550448461840685890115
0.962550754550448461840685890115
-0.963012351474831837114631684881
0.963012351474831837114631684881
-0.963471139527448323538977426337
0.963471139527448323538977426337
-0.963927117370125253317349755202
0.963927117370125253317349755202
-0.964380283672886654533801053222
0.964380283672886654533801053222
-0.964830637113957130368442814719
0.964830637113957130368442814719
-0.965278176379765714394033610654
0.965278176379765714394033610654
-0.965722900164949701942278187482
0.965722900164949701942278187482
-0.966164807172358457528664130589
0.966164807172358457528664130589
-0.966603896113057198324732448012
0.966603896113057198324732448012
-0.967040165706330753666748394755
0.967040165706330753666748394755
-0.967473614679687300589808861562
0.967473614679687300589808861562
-0.967904241768862075376492694783
0.967904241768862075376492694783
-0.968332045717821061109230396297
0.968332045717821061109230396297
-0.968757025278764651215639774785
0.968757025278764651215639774785
-0.9691791792121312889961442823
0.9691791792121312889961442823
-0.969598506286601083123260973638
0.969598506286601083123260973638
-0.970015005279099399102015270954
0.970015005279099399102015270954
-0.970428674974800426681010003049
0.970428674974800426681010003049
-0.970839514167130723203746518352
0.970839514167130723203746518352
-0.971247521657772732889866043727
0.971247521657772732889866043727
-0.971652696256668282036049878525
0.971652696256668282036049878525
-0.972055036782022050126387475789
0.972055036782022050126387475789
-0.972454542060305016842091971231
0.972454542060305016842091971231
-0.972851210926257884960513276534
0.972851210926257884960513276534
-0.97324504222289447913346945812
0.97324504222289447913346945812
-0.973636034801505120534987776952
0.973636034801505120534987776952
-0.974024187521659977368617470852
0.974024187521659977368617470852
-0.974409499251212391224547119807
0.974409499251212391224547119807
-0.974791968866302179276830248643
0.974791968866302179276830248643
-0.975171595251358912311093692408
0.975171595251358912311093692408
-0.975548377299105168573174179821
0.975548377299105168573174179821
-0.975922313910559763429199581987
0.975922313910559763429199581987
-0.976293403995040954827702329651
0.976293403995040954827702329651
-0.976661646470169624554423625812
0.976661646470169624554423625812
-0.977027040261872435270538274659
0.977027040261872435270538274659
-0.977389584304384963325101216255
0.977389584304384963325101216255
-0.977749277540254807332588203191
0.977749277540254807332588203191
-0.978106118920344672506474484905
0.978106118920344672506474484905
-0.978460107403835430739866882489
0.978460107403835430739866882489
-0.978811241958229156424276246923
0.978811241958229156424276246923
-0.979159521559352137997689002706
0.979159521559352137997689002706
-0.979504945191357865213168293484
0.979504945191357865213168293484
-0.979847511846729992119287173604
0.979847511846729992119287173604
-0.980187220526285275743768337775
0.980187220526285275743768337775
-0.980524070239176490471777058935
0.980524070239176490471777058935
-0.980858060002895318110386321975
0.980858060002895318110386321975
-0.981189188843275213630805609008
0.981189188843275213630805609008
-0.98151745579449424658003742254
0.98151745579449424658003742254
-0.981842859899077918153698439624
0.981842859899077918153698439624
-0.982165400207901953921815187787
0.982165400207901953921815187787
-0.982485075780195072199477338812
0.982485075780195072199477338812
-0.982801885683541728054305147724
0.982801885683541728054305147724
-0.983115828993884832942761242202
0.983115828993884832942761242202
-0.983426904795528449967410914888
0.983426904795528449967410914888
-0.983735112181140464747309313263
0.983735112181140464747309313263
-0.98404045025175523189376848737
0.98404045025175523189376848737
-0.984342918116776197083832176405
0.984342918116776197083832176405
-0.984642514893978494723861526779
0.984642514893978494723861526779
-0.984939239709511521195710676272
0.984939239709511521195710676272
-0.985233091697901483678047356083
0.985233091697901483678047356083
-0.985524070002053924535450404843
0.985524070002053924535450404843
-0.985812173773256221267993412142
0.985812173773256221267993412142
-0.986097402171180062014101676853
0.986097402171180062014101676853
-0.986379754363883896599548348583
0.986379754363883896599548348583
-0.98665922952781536312553509865
0.98665922952781536312553509865
-0.986935826847813690088883030457
0.986935826847813690088883030457
-0.987209545517112074027440889487
0.987209545517112074027440889487
-0.987480384737340032683900085575
0.987480384737340032683900085575
-0.987748343718525733681289724599
0.987748343718525733681289724599
-0.988013421679098298703509910847
0.988013421679098298703509910847
-0.98827561784589008317434819236
0.98827561784589008317434819236
-0.988534931454138931428512369475
0.988534931454138931428512369475
-0.988791361747490407368303188086
0.988791361747490407368303188086
-0.989044907978000000599642939917
0.989044907978000000599642939917
-0.989295569406135308041270973536
0.989295569406135308041270973536
-0.989543345300778191001014903062
0.989543345300778191001014903062
-0.989788234939226907713147253783
0.989788234939226907713147253783
-0.990030237607198221330941826356
0.990030237607198221330941826356
-0.990269352598829483368652677052
0.990269352598829483368652677052
-0.990505579216680692587251856057
0.990505579216680692587251856057
-0.99073891677173652931838055876
0.99073891677173652931838055876
-0.990969364583408365221092863893
0.990969364583408365221092863893
-0.991196921979536248466102609447
0.991196921979536248466102609447
-0.991421588296390864342383178988
0.991421588296390864342383178988
-0.991643362878675471281118180601
0.991643362878675471281118180601
-0.991862245079527812292159526875
0.991862245079527812292159526875
-0.992078234260522001808319812669
0.992078234260522001808319812669
-0.992291329791670387933009940709
0.992291329791670387933009940709
-0.992501531051425390086932769195
0.992501531051425390086932769195
-0.992708837426681312049761616376
0.992708837426681312049761616376
-0.99291324831277613039297164714
0.99291324831277613039297164714
-0.993114763113493258300255887298
0.993114763113493258300255887298
-0.993313381241063284772249870179
0.993313381241063284772249870179
-0.993509102116165689212614450823
0.993509102116165689212614450823
-0.993701925167930531392890728918
0.993701925167930531392890728918
-0.993891849833940116793950952183
0.993891849833940116793950952183
-0.994078875560230637322332637531
0.994078875560230637322332637531
-0.994263001801293787400269382473
0.994263001801293787400269382473
-0.994444228020078355428832225568
0.994444228020078355428832225568
-0.994622553687991790624283479542
0.994622553687991790624283479542
-0.994797978284901745228536969393
0.994797978284901745228536969393
-0.994970501299137592095534174123
0.994970501299137592095534174123
-0.995140122227491917656408617104
0.995140122227491917656408617104
-0.99530684057522199026754975583
0.99530684057522199026754975583
-0.99547065585605120394712761269
0.99547065585605120394712761269
-0.995631567592170497507343231596
0.995631567592170497507343231596
-0.995789575314239749091680138392
0.995789575314239749091680138392
-0.99594467856138914612881274724
0.99594467856138914612881274724
-0.996096876881220530717658583316
0.996096876881220530717658583316
-0.996246169829808720461440743293
0.996246169829808720461440743293
-0.996392556971702804772677616318
0.996392556971702804772677616318
-0.99653603787992741667589138573
0.99653603787992741667589138573
-0.996676612135983980140716851295
0.996676612135983980140716851295
-0.996814279329851932985238946372
0.996814279329851932985238946372
-0.996949039059989925398096187632
0.996949039059989925398096187632
-0.997080890933336994138546076485
0.997080890933336994138546076485
-0.997209834565313712486792557033
0.997209834565313712486792557033
-0.997335869579823316033060938986
0.997335869579823316033060938986
-0.997458995609252804413992884701
0.997458995609252804413992884701
-0.99757921229447401912998814798
0.99757921229447401912998814798
-0.997696519284844697608530897873
0.997696519284844697608530897873
-0.997810916238209503718132304474
0.997810916238209503718132304474
-0.997922402820901034987710456557
0.997922402820901034987710456557
-0.998030978707740806850223901745
0.998030978707740806850223901745
-0.998136643582040214311477401958
0.998136643582040214311477401958
-0.998239397135601471551033397268
0.998239397135601471551033397268
-0.998339239068718530099986880539
0.998339239068718530099986880539
-0.998436169090177976420823942935
0.998436169090177976420823942935
-0.998530186917259909952663575666
0.998530186917259909952663575666
-0.998621292275738803001785065894
0.998621292275738803001785065894
-0.998709484899884344281932355636
0.998709484899884344281932355636
-0.998794764532462268483407582835
0.998794764532462268483407582835
-0.998877130924735175034784426447
0.998877130924735175034784426447
-0.998956583836463340304067381469
0.998956583836463340304067381469
-0.999033123035905528996806690056
0.999033123035905528996806690056
-0.999106748299819812640429521468
0.999106748299819812640429521468
-0.999177459413464406089684657938
0.999177459413464406089684657938
-0.999245256170598537397731229863
0.999245256170598537397731229863
-0.999310138373483372874217929021
0.999310138373483372874217929021
-0.999372105832883028813612097048
0.999372105832883028813612097048
-0.9994311583680657160352320496
0.9994311583680657160352320496
-0.999487295806805086026227239014
0.999487295806805086026227239014
-0.999540517985381883186051121536
0.999540517985381883186051121536
-0.999590824748586065216564534056
0.999590824748586065216564534056
-0.999638215949719648722208816336
0.999638215949719648722208816336
-0.999682691450600698268320048002
0.999682691450600698268320048002
-0.999724251121569158905790500877
0.999724251121569158905790500877
-0.999762894841495741619331161199
0.999762894841495741619331161199
-0.999798622497796028168599956767
0.999798622497796028168599956767
-0.999831433986453839734335846987
0.999831433986453839734335846987
-0.999861329212061789067845598932
0.999861329212061789067845598932
-0.999888308087895416715736204323
0.999888308087895416715736204323
-0.999912370536057209297560091477
0.999912370536057209297560091477
-0.999933516487777564539448336304
0.999933516487777564539448336304
-0.999951745884103401769438159802
0.999951745884103401769438159802
-0.999967058677668448969514930836
0.999967058677668448969514930836
-0.999979454838016313683662528301
0.999979454838016313683662528301
-0.999988934371630746617133064144
0.999988934371630746617133064144
-0.999995497429416472198279666473
0.999995497429416472198279666473
-0.999999145449947753924989204294
0.999999145449947753924989204294