0
-0.0020016504595834006117506501261
0.0020016504595834006117506501261
-0.00400329289933609062440515862425
0.00400329289933609062440515862425
-0.00600491929945949176462825140543
0.00600491929945949176462825140543
-0.00800652164021929028186472444814
0.00800652164021929028186472444814
-0.0100080919019775688878758321238
0.0100080919019775688878758321238
-0.0120096220652249383100527437589
0.0120096220652249383100527437589
-0.0140111041106126683297684983189
0.0140111041106126683297684983189
-0.0160125300189848181770319503462
0.0160125300189848181770319503462
-0.0180138917714103661527097793342
0.0180138917714103661527097793342
-0.0200151813492153383495857295486
0.0200151813492153383495857295486
-0.0220163907340149363435298579158
0.0220163907340149363435298579158
-0.0240175119077456637260546939651
0.0240175119077456637260546939651
-0.0260185368526974513495398579196
0.0260185368526974513495398579196
-0.0280194575515457811564118408658
0.0280194575515457811564118408658
-0.0300202659873838084635713244708
0.0300202659873838084635713244708
-0.0320209541437544825733666069312
0.0320209541437544825733666069312
-0.0340215140046826655824184067196
0.0340215140046826655824184067196
-0.0360219375547072492596085361921
0.0360219375547072492596085361921
-0.0380222167789132698645526732328
0.0380222167789132698645526732328
-0.0400223436629640207778857107799
0.0400223436629640207778857107799
-0.0420223101931331628146969312936
0.0420223101931331628146969312936
-0.0440221083563368320924615359375
0.0440221083563368320924615359375
-0.0460217301401657453248248564208
0.0460217301401657453248248564208
-0.0480211675329173024126058910532
0.0480211675329173024126058910532
-0.0500204125236276862033976355458
0.0500204125236276862033976355458
-0.052019457102103959291153023421
0.052019457102103959291153023421
-0.054018293258956157727157150512
0.054018293258956157727157150512
-0.0560169129856293815137988329002
0.0560169129856293815137988329002
-0.0580153082744358817525674377051
0.0580153082744358817525674377051
-0.0600134711185871443177143313509
0.0600134711185871443177143313509
-0.0620113935122259699270322102391
0.0620113935122259699270322102391
-0.0640090674504585504812200140939
0.0640090674504585504812200140939
-0.0660064849293865415433160725689
0.0660064849293865415433160725689
-0.0680036379461391308296976009367
0.0680036379461391308296976009367
-0.0700005184989051025841606407822
0.0700005184989051025841606407822
-0.071997118586964897706611036502
0.071997118586964897706611036502
-0.0739934302107226695079140480307
0.0739934302107226695079140480307
-0.0759894453717383349624677244829
0.0759894453717383349624677244829
-0.0779851560727596213300832022633
0.0779851560727596213300832022633
-0.0799805543177541080187736445712
0.0799805543177541080187736445712
-0.0819756321119412635600726070471
0.0819756321119412635600726070471
-0.0839703814618244775685221964881
0.0839703814618244775685221964881
-0.0859647943752230875569914860339
0.0859647943752230875569914860339
-0.087958862861304400479506260899
0.087958862861304400479506260899
-0.089952578930615708873292293527
0.089952578930615708873292293527
-0.0919459345951163014717559858856
0.0919459345951163014717559858856
-0.0939389218682094681601483694085
0.0939389218682094681601483694085
-0.0959315327647744991456811197495
0.0959315327647744991456811197495
-0.0979237593011986782138864239416
0.0979237593011986782138864239416
-0.0999155934954092699430362316615
0.0999155934954092699430362316615
-0.101907027366905500748460629996
0.101907027366905500748460629996
-0.103898052936790533628629802282
0.103898052936790533628629802282
-0.105888662227803436484889266176
0.105888662227803436484889266176
-0.107878847264351143886763833948
0.107878847264351143886763833948
-0.109868600072540412154771999057
0.109868600072540412154771999057
-0.111857912680209767632719227174
0.111857912680209767632719227174
-0.11384677711696144802146591692
0.11384677711696144802146591692
-0.115835185414193336646193595551
0.115835185414193336646193595551
-0.117823129605130889529221227512
0.117823129605130889529221227512
-0.119810601724859055140452339147
0.119810601724859055140452339147
-0.121797593810354186697563000719
0.121797593810354186697563000719
-0.123784097900515946888070557164
0.123784097900515946888070557164
-0.125770106036199204885453361567
0.125770106036199204885453361567
-0.127755610260245925531522640075
0.127755610260245925531522640075
-0.129740602617517050557279003711
0.129740602617517050557279003711
-0.131725075154924371714518021268
0.131725075154924371714518021268
-0.133709019921462395690481677883
0.133709019921462395690481677883
-0.135692428968240200677885466037
0.135692428968240200677885466037
-0.137675294348513284472684289391
0.137675294348513284472684289391
-0.13965760811771540397197430485
0.13965760811771540397197430485
-0.14163936233349040594446228462
0.14163936233349040594446228462
-0.143620549055724048945969047344
0.143620549055724048945969047344
-0.145601160346575816252468985866
0.145601160346575816252468985866
-0.147581188270510719683203708343
0.147581188270510719683203708343
-0.149560624894331094186444309361
0.149560624894331094186444309361
-0.151539462287208383060513798145
0.151539462287208383060513798145
-0.153517692520714913682718731836
0.153517692520714913682718731836
-0.155495307668855663618877132866
0.155495307668855663618877132866
-0.157472299808100016986168310679
0.157472299808100016986168310679
-0.159448661017413510942069259167
0.159448661017413510942069259167
-0.161424383378289572172181862093
0.161424383378289572172181862093
-0.163399458974781243249795209311
0.163399458974781243249795209311
-0.165373879893532898740067906602
0.165373879893532898740067906602
-0.167347638223811950921756351217
0.167347638223811950921756351217
-0.169320726057540544999456543679
0.169320726057540544999456543679
-0.171293135489327243679369113785
0.171293135489327243679369113785
-0.173264858616498700981639854939
0.173264858616498700981639854939
-0.175235887539131325162371185823
0.175235887539131325162371185823
-0.177206214360082930618443591648
0.177206214360082930618443591648
-0.179175831185024378648330238842
0.179175831185024378648330238842
-0.181144730122471206942132606697
0.181144730122471206942132606697
-0.183112903283815247674110137092
0.183112903283815247674110137092
-0.18508034278335623407102256876
0.18508034278335623407102256876
-0.187047040738333395329649795512
0.187047040738333395329649795512
-0.18901298926895703975690076806
0.18901298926895703975690076806
-0.190978180498440126005970146624
0.190978180498440126005970146624
-0.192942606553029822282049105952
0.192942606553029822282049105952
-0.194906259562039053391144895674
0.194906259562039053391144895674
-0.196869131657878035505612466858
0.196869131657878035505612466858
-0.198831214976085798520050689913
0.198831214976085798520050689913
-0.200792501655361695871265409586
0.200792501655361695871265409586
-0.202752983837596901696051809363
0.202752983837596901696051809363
-0.204712653667905895200599289985
0.204712653667905895200599289985
-0.206671503294657932115373304844
0.206671503294657932115373304844
-0.208629524869508503109380338427
0.208629524869508503109380338427
-0.210586710547430779037774462672
0.210586710547430779037774462672
-0.212543052486747042896816659727
0.212543052486747042896816659727
-0.214498542849160108360251358041
0.214498542849160108360251358041
-0.216453173799784724771218391745
0.216453173799784724771218391745
-0.218406937507178968463872860646
0.218406937507178968463872860646
-0.22035982614337562028894013967
0.22035982614337562028894013967
-0.222311831883913529217488562034
0.222311831883913529217488562034
-0.224262946907868961897258079559
0.224262946907868961897258079559
-0.226213163397886938035939486159
0.226213163397886938035939486159
-0.22816247354021255148585557639
0.22816247354021255148585557639
-0.23011086952472227690455289987
0.23011086952472227690455289987
-0.232058343544955261865870564027
0.232058343544955261865870564027
-0.234004887798144604296110831899
0.234004887798144604296110831899
-0.235950494485248615109995058311
0.235950494485248615109995058311
-0.237895155810982065921147806372
0.237895155810982065921147806372
-0.239838863983847421701911786834
0.239838863983847421701911786834
-0.241781611216166058267356564934
0.241781611216166058267356564934
-0.243723389724109464458404782916
0.243723389724109464458404782916
-0.245664191727730428899060951045
0.245664191727730428899060951045
-0.247604009450994211202789665495
0.247604009450994211202789665495
-0.249542835121809697503152417635
0.249542835121809697503152417635
-0.251480660972060540183874965842
0.251480660972060540183874965842
-0.253417479237636281683580547651
0.253417479237636281683580547651
-0.255353282158463462250488016632
0.255353282158463462250488016632
-0.257288061978536711522438294623
0.257288061978536711522438294623
-0.259221810945949823807677335518
0.259221810945949823807677335518
-0.261154521312926816941889101499
0.261154521312926816941889101499
-0.263086185335852974597037856157
0.263086185335852974597037856157
-0.265016795275305871917645381073
0.265016795275305871917645381073
-0.266946343396086384360195522882
0.266946343396086384360195522882
-0.268874821967249679611425776327
0.268874821967249679611425776327
-0.270802223262136192461333405121
0.270802223262136192461333405121
-0.272728539558402582506791896202
0.272728539558402582506791896202
-0.274653763138052674561742334025
0.274653763138052674561742334025
-0.276577886287468381649993569494
0.276577886287468381649993569494
-0.278500901297440610456734842838
0.278500901297440610456734842838
-0.280422800463200149114934800814
0.280422800463200149114934800814
-0.282343576084448537202871625809
0.282343576084448537202871625809
-0.284263220465388917829110267468
0.284263220465388917829110267468
-0.286181725914756871681314536055
0.286181725914756871681314536055
-0.288099084745851232915354080644
0.288099084745851232915354080644
-0.290015289276564886761239034041
0.290015289276564886761239034041
-0.291930331829415548722488359881
0.291930331829415548722488359881
-0.293844204731576525245611685254
0.293844204731576525245611685254
-0.295756900314907455736458644221
0.295756900314907455736458644221
-0.297668410915985035800264493392
0.297668410915985035800264493392
-0.299578728876133721582295990049
0.299578728876133721582295990049
-0.301487846541456415086077245782
0.301487846541456415086077245782
-0.303395756262865130346251484041
0.303395756262865130346251484041
-0.30530245039611164033321133796
0.30530245039611164033321133796
-0.307207921301818104466707525096
0.307207921301818104466707525096
-0.309112161345507676615723427961
0.309112161345507676615723427961
-0.311015162897635093461981293142
0.311015162897635093461981293142
-0.312916918333617243104524437024
0.312916918333617243104524437024
-0.314817420033863713782899012453
0.314817420033863713782899012453
-0.316716660383807322596538547626
0.316716660383807322596538547626
-0.318614631773934624098034615949
0.318614631773934624098034615949
-0.320511326599816398638057633005
0.320511326599816398638057633005
-0.322406737262138120339772904056
0.322406737262138120339772904056
-0.324300856166730404580678662102
0.324300856166730404580678662102
-0.326193675724599434859874942304
0.326193675724599434859874942304
-0.328085188351957368928854733076
0.328085188351957368928854733076
-0.329975386470252724063991927101
0.329975386470252724063991927101
-0.331864262506200741358984166628
0.331864262506200741358984166628
-0.333751808891813728915592736197
0.333751808891813728915592736197
-0.335638018064431383811106202246
0.335638018064431383811106202246
-0.33752288246675109272103953241
0.33752288246675109272103953241
-0.339406394546858211075665947449
0.339406394546858211075665947449
-0.341288546758256320629064765281
0.341288546758256320629064765281
-0.343169331559897465319454989203
0.343169331559897465319454989203
-0.345048741416212365299671370714
0.345048741416212365299671370714
-0.346926768797140609016727141059
0.346926768797140609016727141059
-0.34880340617816082321949555433
0.34880340617816082321949555433
-0.350678646040320820773630818373
0.350678646040320820773630818373
-0.352552480870267726162937907453
0.352552480870267726162937907453
-0.354424903160278078556490152307
0.354424903160278078556490152307
-0.356295905408287912320883388484
0.356295905408287912320883388484
-0.358165480117922814857105812412
0.358165480117922814857105812412
-0.360033619798527961641593546004
0.360033619798527961641593546004
-0.361900316965198128351133244538
0.361900316965198128351133244538
-0.363765564138807679951364898625
0.363765564138807679951364898625
-0.365629353846040536628730278906
0.365629353846040536628730278906
-0.367491678619420116445805251386
0.367491678619420116445805251386
-0.369352530997339254600047451614
0.369352530997339254600047451614
-0.37121190352409009916608454688
0.37121190352409009916608454688
-0.373069788749893983201762536866
0.373069788749893983201762536866
-0.374926179230931273098268244348
0.374926179230931273098268244348
-0.376781067529371193054735328253
0.376781067529371193054735328253
-0.378634446213401625557838811259
0.378634446213401625557838811259
-0.380486307857258887746979252705
0.380486307857258887746979252705
-0.382336645041257483545754314644
0.382336645041257483545754314644
-0.384185450351819831440512563855
0.384185450351819831440512563855
-0.386032716381505967786881925238
0.386032716381505967786881925238
-0.387878435729043225525263251896
0.387878435729043225525263251896
-0.389722600999355888186378003813
0.389722600999355888186378003813
-0.391565204803594819068058030183
0.391565204803594819068058030183
-0.393406239759167065464564929523
0.393406239759167065464564929523
-0.395245698489765437829826416496
0.395245698489765437829826416496
-0.397083573625398063756077554352
0.397083573625398063756077554352
-0.398919857802417916649495616707
0.398919857802417916649495616707
-0.40075454366355231898451872166
0.40075454366355231898451872166
-0.402587623857932420018640234493
0.402587623857932420018640234493
-0.404419091041122647849573262111
0.404419091041122647849573262111
-0.406248937875150135696782362459
0.406248937875150135696782362459
-0.40807715702853412228948286503
0.40807715702853412228948286503
-0.409903741176315326243311943838
0.409903741176315326243311943838
-0.411728683000085294307979801481
0.411728683000085294307979801481
-0.413551975188015723368314011626
0.413551975188015723368314011626
-0.415373610434887756081215227207
0.415373610434887756081215227207
-0.417193581442121250031148092165
0.417193581442121250031148092165
-0.419011880917804020286897295471
0.419011880917804020286897295471
-0.420828501576721055242425276879
0.420828501576721055242425276879
-0.42264343614038370562477513404
0.42264343614038370562477513404
-0.424456677337058846552069789739
0.424456677337058846552069789739
-0.426268217901798012524766455753
0.426268217901798012524766455753
-0.428078050576466505233433875715
0.428078050576466505233433875715
-0.429886168109772474066428742889
0.429886168109772474066428742889
-0.431692563257295969200957069622
0.431692563257295969200957069622
-0.433497228781517967161116132893
0.433497228781517967161116132893
-0.43530015745184936872662293441
0.43530015745184936872662293441
-0.437101342044659969076045893699
0.437101342044659969076045893699
-0.438900775343307400048467738131
0.438900775343307400048467738131
-0.440698450138166044407619264346
0.440698450138166044407619264346
-0.442494359226655921992635820724
0.442494359226655921992635820724
-0.444288495413271547639700999844
0.444288495413271547639700999844
-0.446080851509610760758955132863
0.446080851509610760758955132863
-0.447871420334403526451159744088
0.447871420334403526451159744088
-0.449660194713540708048723153
0.449660194713540708048723153
-0.451447167480102810965806902465
0.451447167480102810965806902465
-0.453232331474388697742347645131
0.453232331474388697742347645131
-0.455015679543944274166944534735
0.455015679543944274166944534735
-0.456797204543591146363678044714
0.456797204543591146363678044714
-0.458576899335455248728042472716
0.458576899335455248728042472716
-0.460354756788995442597291185757
0.460354756788995442597291185757
-0.462130769781032085540610916601
0.462130769781032085540610916601
-0.463904931195775571154659136735
0.463904931195775571154659136735
-0.465677233924854839250116704842
0.465677233924854839250116704842
-0.467447670867345856315026621249
0.467447670867345856315026621249
-0.469216234929800066140808808178
0.469216234929800066140808808178
-0.470982919026272810496960382062
0.470982919026272810496960382062
-0.472747716078351719740570887446
0.472747716078351719740570887446
-0.474510619015185073246902421392
0.474510619015185073246902421392
-0.476271620773510129547405492526
0.476271620773510129547405492526
-0.478030714297681426061662829324
0.478030714297681426061662829324
-0.479787892539699048309875177452
0.479787892539699048309875177452
-0.48154314845923686849262540555
0.48154314845923686849262540555
-0.483296475023670753324779972144
0.483296475023670753324779972144
-0.485047865208106741010509993061
0.485047865208106741010509993061
-0.486797311995409187246537788157
0.486797311995409187246537788157
-0.488544808376228880140838877987
0.488544808376228880140838877987
-0.490290347349031123934153944627
0.490290347349031123934153944627
-0.492033921920123791411790265848
0.492033921920123791411790265848
-0.493775525103685344893317577556
0.493775525103685344893317577556
-0.495515149921792825687889215553
0.495515149921792825687889215553
-0.497252789404449811903045733544
0.497252789404449811903045733544
-0.498988436589614344494984989566
0.498988436589614344494984989566
-0.500722084523226821448409937024
0.500722084523226821448409937024
-0.502453726259237859974193048837
0.502453726259237859974193048837
-0.504183354859636126613224443333
0.504183354859636126613224443333
-0.505910963394476135134939367853
0.505910963394476135134939367853
-0.507636544941906012119149730197
0.507636544941906012119149730197
-0.509360092588195230109933848396
0.509360092588195230109933848396
-0.511081599427762308230468515356
0.511081599427762308230468515356
-0.51280105856320248014781784624
0.51280105856320248014781784624
-0.514518463105315329276824192387
0.514518463105315329276824192387
-0.51623380617313239111237766567
0.51623380617313239111237766567
-0.517947080893944722579472520949
0.517947080893944722579472520949
-0.519658280403330438290590791094
0.519658280403330438290590791094
-0.521367397845182213600086158467
0.521367397845182213600086158467
-0.523074426371734754345374078161
0.523074426371734754345374078161
-0.524779359143592233164867641275
0.524779359143592233164867641275
-0.526482189329755692282732580384
0.526482189329755692282732580384
-0.528182910107650412650669173727
0.528182910107650412650669173727
-0.529881514663153249337063598864
0.529881514663153249337063598864
-0.531577996190619933053986520151
0.531577996190619933053986520151
-0.533272347892912337712652366792
0.533272347892912337712652366792
-0.53496456298142571389808886889
0.53496456298142571389808886889
-0.536654634676115888153902967336
0.536654634676115888153902967336
-0.53834255620552642796816619894
0.53834255620552642796816619894
-0.540028320806815772351580080406
0.540028320806815772351580080406
-0.541711921725784327899219873052
0.541711921725784327899219873052
-0.543393352216901530227293403968
0.543393352216901530227293403968
-0.545072605543332870676490348081
0.545072605543332870676490348081
-0.5467496749769668881736365388
0.5467496749769668881736365388
-0.548424553798442126143507471951
0.548424553798442126143507471951
-0.550097235297174054362795198064
0.550097235297174054362795198064
-0.55176771277138195564836326116
0.55176771277138195564836326116
-0.553435979528115777272065237438
0.553435979528115777272065237438
-0.555102028883282946994543754145
0.555102028883282946994543754145
-0.556765854161675153610568626807
0.556765854161675153610568626807
-0.558427448696995091898614941384
0.558427448696995091898614941384
-0.56008680583188317186752452624
0.56008680583188317186752452624
-0.561743918917944192193237306397
0.561743918917944192193237306397
-0.563398781315773977738722508969
0.563398781315773977738722508969
-0.565051386394985981050383593226
0.565051386394985981050383593226
-0.566701727534237847724355110942
0.566701727534237847724355110942
-0.568349798121257945536254461876
0.568349798121257945536254461876
-0.569995591552871857228096694921
0.569995591552871857228096694921
-0.571639101235028836846226116991
0.571639101235028836846226116991
-0.57328032058282822952426450853
0.57328032058282822952426450853
-0.574919243020545854605222206075
0.574919243020545854605222206075
-0.576555861981660351997065197913
0.576555861981660351997065197913
-0.578190170908879491656178688088
0.578190170908879491656178688088
-0.579822163254166446093315316056
0.579822163254166446093315316056
-0.581451832478766025796764373788
0.581451832478766025796764373788
-0.58307917205323087746762693829
0.58307917205323087746762693829
-0.584704175457447644962230834853
0.584704175457447644962230834853
-0.586326836180663092836868764292
0.586326836180663092836868764292
-0.587947147721510192390192765262
0.587947147721510192390192765262
-0.589565103588034170098748439994
0.589565103588034170098748439994
-0.591180697297718518341283047773
0.591180697297718518341283047773
-0.59279392237751096830761266462
0.59279392237751096830761266462
-0.594404772363849424987985119315
0.594404772363849424987985119315
-0.596013240802687864139027344557
0.596013240802687864139027344557
-0.59761932124952219112251812698
0.59761932124952219112251812698
-0.599223007269416061513380000455
0.599223007269416061513380000455
-0.600824292437026663373437202884
0.600824292437026663373437202884
-0.602423170336630461087640206991
0.602423170336630461087640206991
-0.604019634562148900659611339777
0.604019634562148900659611339777
-0.605613678717174076363520422733
0.605613678717174076363520422733
-0.607205296414994358649454195013
0.607205296414994358649454195013
-0.608794481278619983199598523813
0.608794481278619983199598523813
-0.610381226940808601032708059785
0.610381226940808601032708059785
-0.611965527044090789554494059515
0.611965527044090789554494059515
-0.613547375240795524451717571608
0.613547375240795524451717571608
-0.615126765193075612327932066834
0.615126765193075612327932066834
-0.616703690572933083978976885671
0.616703690572933083978976885671
-0.618278145062244548206480577723
0.618278145062244548206480577723
-0.619850122352786506067791316233
0.619850122352786506067791316233
-0.621419616146260625460910086706
0.621419616146260625460910086706
-0.622986620154318975943161270773
0.622986620154318975943161270773
-0.624551128098589223682494574309
0.624551128098589223682494574309
-0.626113133710699786440471981774
0.626113133710699786440471981774
-0.627672630732304948486153556158
0.627672630732304948486153556158
-0.629229612915109935340256445132
0.629229612915109935340256445132
-0.630784074020895948249122398413
0.630784074020895948249122398413
-0.63233600782154515828819044824
0.63233600782154515828819044824
-0.633885408099065659994833153681
0.633885408099065659994833153681
-0.635432268645616384430576959473
0.635432268645616384430576959473
-0.636976583263531971572889770732
0.636976583263531971572889770732
-0.63851834576534760193688179537
0.63851834576534760193688179537
-0.640057549973823787327429055857
0.640057549973823787327429055857
-0.641594189721971120622392720409
0.641594189721971120622392720409
-0.643128258853074984487771550025
0.643128258853074984487771550025
-0.644659751220720218925789301537
0.644659751220720218925789301537
-0.646188660688815747557083867125
0.646188660688815747557083867125
-0.647714981131619162538330267104
0.647714981131619162538330267104
-0.649238706433761268016795344428
0.649238706433761268016795344428
-0.650759830490270582023488135654
0.650759830490270582023488135654
-0.652278347206597796706736413426
0.652278347206597796706736413426
-0.653794250498640196808186809147
0.653794250498640196808186809147
-0.655307534292766036283393230814
0.655307534292766036283393230814
-0.656818192525838872969325989236
0.656818192525838872969325989236
-0.658326219145241861201302135489
0.658326219145241861201302135489
-0.659831608108902002282005992635
0.659831608108902002282005992635
-0.661334353385314352705437734986
0.661334353385314352705437734986
-0.662834448953566190038797127655
0.662834448953566190038797127655
-0.664331888803361136365479187237
0.664331888803361136365479187237
-0.665826666935043239192528560523
0.665826666935043239192528560523
-0.667318777359621009726069841403
0.667318777359621009726069841403
-0.668808214098791418418401856003
0.668808214098791418418401856003
-0.67029497118496384769061514183
0.67029497118496384769061514183
-0.671779042661284001734763427618
0.671779042661284001734763427618
-0.673260422581657773299791886066
0.673260422581657773299791886066
-0.674739105010775067365597280878
0.674739105010775067365597280878
-0.676215084024133581609767861966
0.676215084024133581609767861966
-0.677688353708062543571723977485
0.677688353708062543571723977485
-0.679158908159746404419153867992
0.679158908159746404419153867992
-0.680626741487248489221812985634
0.680626741487248489221812985634
-0.682091847809534603637929439277
0.682091847809534603637929439277
-0.683554221256496596918632804152
0.683554221256496596918632804152
-0.685013855968975881135998551172
0.685013855968975881135998551172
-0.686470746098786906540475745976
0.686470746098786906540475745976
-0.687924885808740592953641440125
0.687924885808740592953641440125
-0.689376269272667717102401326187
0.689376269272667717102401326187
-0.690824890675442255800932753812
0.690824890675442255800932753812
-0.692270744213004684886843104766
0.692270744213004684886843104766
-0.693713824092385233818193800453
0.693713824092385233818193800453
-0.695154124531727095838217865026
0.695154124531727095838217865026
-0.696591639760309593614736990094
0.696591639760309593614736990094
-0.6980263640185713002614624425
0.6980263640185713002614624425
-0.699458291558133115648542923999
0.699458291558133115648542923999
-0.700887416641821297909901630183
0.700887416641821297909901630183
-0.702313733543690450055084264963
0.702313733543690450055084264963
-0.703737236549046461593519645583
0.703737236549046461593519645583
-0.705157919954469405079274780846
0.705157919954469405079274780846
-0.706575778067836387484566921167
0.706575778067836387484566921167
-0.707990805208344356310476062623
0.707990805208344356310476062623
-0.70940299570653286034348273748
0.70940299570653286034348273748
-0.710812343904306764966637640174
0.710812343904306764966637640174
-0.712218844154958921934351719522
0.712218844154958921934351719522
-0.713622490823192793519977814445
0.713622490823192793519977814445
-0.715023278285145030945537720858
0.715023278285145030945537720858
-0.71642120092840800700313175099
0.71642120092840800700313175099
-0.717816253152052302777751382393
0.717816253152052302777751382393
-0.719208429366649148381399491684
0.719208429366649148381399491684
-0.720597723994292817608606926741
0.720597723994292817608606926741
-0.721984131468622976423618790086
0.721984131468622976423618790086
-0.723367646234846985189708784606
0.723367646234846985189708784606
-0.724748262749762154551265310014
0.724748262749762154551265310014
-0.72612597548177795487947869367
0.72612597548177795487947869367
-0.72750077891093817919264499191
0.72750077891093817919264499191
-0.728872667528943059462288207049
0.728872667528943059462288207049
-0.73024163583917133621648953005
0.73024163583917133621648953005
-0.731607678356702281351999338701
0.731607678356702281351999338701
-0.732970789608337674066895155266
0.732970789608337674066895155266
-0.734330964132623729825736595233
0.734330964132623729825736595233
-0.735688196479872982269356519242
0.735688196479872982269356519242
-0.737042481212186117981616132703
0.737042481212186117981616132703
-0.73839381290347376402564066139
0.73839381290347376402564066139
-0.739742186139478228162241465498
0.739742186139478228162241465498
-0.74108759551779519166342003869
0.74108759551779519166342003869
-0.742430035647895354634039271612
0.742430035647895354634039271612
-0.743769501151146033754937640622
0.743769501151146033754937640622
-0.745105986660832712360952611145
0.745105986660832712360952611145
-0.74643948682218054276751052049
0.74643948682218054276751052049
-0.747769996292375800759631526294
0.747769996292375800759631526294
-0.749097509740587292157389873311
0.749097509740587292157389873311
-0.750422021847987711372061742158
0.750422021847987711372061742158
-0.751743527307774951867385298233
0.751743527307774951867385298233
-0.75306202082519336844055025643
0.75306202082519336844055025643
-0.754377497117554991237727316825
0.754377497117554991237727316825
-0.755689950914260691419141207371
0.755689950914260691419141207371
-0.756999376956821298388884791001
0.756999376956821298388884791001
-0.758305769998878668504865755783
0.758305769998878668504865755783
-0.759609124806226705184471806855
0.759609124806226705184471806855
-0.760909436156832330321735017338
0.760909436156832330321735017338
-0.762206698840856406931971071163
0.762206698840856406931971071163
-0.763500907660674612940064543282
0.763500907660674612940064543282
-0.764792057430898266028767111052
0.764792057430898266028767111052
-0.766080142978395099463571673988
0.766080142978395099463571673988
-0.767365159142309988810921776849
0.767365159142309988810921776849
-0.76864710077408562946671248225
0.76864710077408562946671248225
-0.769925962737483164912235922933
0.769925962737483164912235922933
-0.77120173990860276561492217978
0.77120173990860276561492217978
-0.772474427175904158491423878673
0.772474427175904158491423878673
-0.773744019440227106850790976701
0.773744019440227106850790976701
-0.775010511614811840735680615199
0.775010511614811840735680615199
-0.776273898625319437579745652803
0.776273898625319437579745652803
-0.777534175409852153099544555416
0.777534175409852153099544555416
-0.778791336918973702339514710838
0.778791336918973702339514710838
-0.780045378115729490788750953033
0.780045378115729490788750953033
-0.781296293975666795488531123837
0.781296293975666795488531123837
-0.782544079486854896049730867461
0.782544079486854896049730867461
-0.783788729649905155499470544712
0.783788729649905155499470544712
-0.785030239477991050876538168527
0.785030239477991050876538168527
-0.786268603996868153495333599523
0.786268603996868153495333599523
-0.787503818244894058798280898834
0.787503818244894058798280898834
-0.7887358772730482657168577149
0.7887358772730482657168577149
-0.789964776144952005461592880148
0.789964776144952005461592880148
-0.791190509936888019661586011922
0.791190509936888019661586011922
-0.792413073737820287774305848767
0.792413073737820287774305848767
-0.793632462649413703686627307347
0.793632462649413703686627307347
-0.794848671786053701428270816267
0.794848671786053701428270816267
-0.796061696274865829919011369772
0.796061696274865829919011369772
-0.797271531255735276671228946173
0.797271531255735276671228946173
-0.798478171881326340369576451914
0.798478171881326340369576451914
-0.799681613317101852249746181656
0.799681613317101852249746181656
-0.800881850741342546198520926849
0.800881850741342546198520926849
-0.802078879345166377497501319095
0.802078879345166377497501319095
-0.803272694332547790133106759425
0.803272694332547790133106759425
-0.8044632909203369325956533595
0.8044632909203369325956533595
-0.805650664338278822090518705013
0.805650664338278822090518705013
-0.80683480982903245708460994422
0.80683480982903245708460994422
-0.80801572264818987811155870489
0.80801572264818987811155870489
-0.80919339806429517675927365013
0.80919339806429517675927365013
-0.810367831358863452763689096632
0.810367831358863452763689096632
-0.811539017826399719132756037252
0.811539017826399719132756037252
-0.812706952774417755224930132367
0.812706952774417755224930132367
-0.813871631523458907706619760627
0.813871631523458907706619760627
-0.815033049407110839313266048402
0.815033049407110839313266048402
-0.81619120177202622533893592784
0.81619120177202622533893592784
-0.817346083977941397779518704958
0.817346083977941397779518704958
-0.818497691397694937054826350881
0.818497691397694937054826350881
-0.819646019417246211235107760318
0.819646019417246211235107760318
-0.820791063435693862697697550776
0.820791063435693862697697550776
-0.821932818865294242139730603093
0.821932818865294242139730603093
-0.823071281131479789873064467634
0.823071281131479789873064467634
-0.824206445672877364327762980286
0.824206445672877364327762980286
-0.825338307941326517690705947164
0.825338307941326517690705947164
-0.826466863401897718606101565998
0.826466863401897718606101565998
-0.827592107532910521864890354624
0.827592107532910521864890354624
-0.828714035825951685010241751925
0.828714035825951685010241751925
-0.829832643785893231786557243256
0.829832643785893231786557243256
-0.830947926930910462359606839838
0.830947926930910462359606839838
-0.83205988079249991023563900907
0.83205988079249991023563900907
-0.833168500915497245807517709286
0.833168500915497245807517709286
-0.834273782858095126456154027329
0.834273782858095126456154027329
-0.835375722191860993135714049577
0.835375722191860993135714049577
-0.836474314501754813371299015857
0.836474314501754813371299015857
-0.837569555386146770598008510197
0.837569555386146770598008510197
-0.838661440456834899770512431708
0.838661440456834899770512431708
-0.839749965339062669172472762203
0.839749965339062669172472762203
-0.840835125671536508355371703582
0.840835125671536508355371703582
-0.84191691710644328213651859669
0.84191691710644328213651859669
-0.842995335309467710586224153429
0.842995335309467710586224153429
-0.844070375959809734934346934448
0.844070375959809734934346934448
-0.845142034750201829326633685018
0.845142034750201829326633685018
-0.846210307386926258361492100652
0.846210307386926258361492100652
-0.847275189589832280338051831016
0.847275189589832280338051831016
-0.848336677092353296146587044619
0.848336677092353296146587044619
-0.849394765641523943732591666916
0.849394765641523943732591666916
-0.850449450997997138066016469943
0.850449450997997138066016469943
-0.851500728936061056547395531442
0.851500728936061056547395531442
-0.8525485952436560697828081949
0.8525485952436560697828081949
-0.853593045722391617659841548027
0.853593045722391617659841548027
-0.854634076187563030656937595114
0.854634076187563030656937595114
-0.855671682468168296318728727563
0.855671682468168296318728727563
-0.856705860406924770830184795765
0.856705860406924770830184795765
-0.857736605860285835622615053563
0.857736605860285835622615053563
-0.858763914698457498944788482874
0.858763914698457498944788482874
-0.859787782805414942332656509802
0.859787782805414942332656509802
-0.86080820607891901191138289384
0.86080820607891901191138289384
-0.861825180430532654463606607665
0.861825180430532654463606607665
-0.862838701785637298198084825703
0.862838701785637298198084825703
-0.863848766083449178153084704165
0.863848766083449178153084704165
-0.864855369277035606169114462761
0.864855369277035606169114462761
-0.865858507333331185365806367923
0.865858507333331185365806367923
-0.866858176233153969057986568161
0.866858176233153969057986568161
-0.867854371971221564046189343298
0.867854371971221564046189343298
-0.868847090556167178217096199904
0.868847090556167178217096199904
-0.869836328010555612389603374283
0.869836328010555612389603374283
-0.870822080370899196342444691134
0.870822080370899196342444691134
-0.871804343687673668959520369437
0.871804343687673668959520369437
-0.872783114025334002429306266443
0.872783114025334002429306266443
-0.873758387462330170434942204902
0.873758387462330170434942204902
-0.874730160091122860271822437021
0.874730160091122860271822437021
-0.87569842801819912882973596008
0.87569842801819912882973596008
-0.876663187364088002376829312437
0.876663187364088002376829312437
-0.877624434263376020082889643713
0.877624434263376020082889643713
-0.878582164864722721219671268569
0.878582164864722721219671268569
-0.879536375330876075976214578566
0.879536375330876075976214578566
-0.880487061838687859827332100435
0.880487061838687859827332100435
-0.881434220579128971393662650611
0.881434220579128971393662650611
-0.882377847757304693731920944267
0.882377847757304693731920944267
-0.883317939592469898994196671446
0.883317939592469898994196671446
-0.884254492318044196395383952263
0.884254492318044196395383952263
-0.885187502181627023428049226661
0.885187502181627023428049226661
-0.886116965445012680264273020937
0.886116965445012680264273020937
-0.887042878384205307284228662334
0.887042878384205307284228662334
-0.887965237289433805671488883427
0.887965237289433805671488883427
-0.888884038465166701015279369022
0.888884038465166701015279369022
-0.889799278230126949860126648818
0.889799278230126949860126648818
-0.890710952917306689143576328306
0.890710952917306689143576328306
-0.891619058873981928462886477374
0.891619058873981928462886477374
-0.89252359246172718511183005992
0.89252359246172718511183005992
-0.893424550056430061828969587528
0.893424550056430061828969587528
-0.894321928048305767198996715077
0.894321928048305767198996715077
-0.895215722841911578648959265032
0.895215722841911578648959265032
-0.896105930856161247981428169248
0.896105930856161247981428169248
-0.896992548524339349386887051475
0.896992548524339349386887051475
-0.897875572294115569877857639473
0.897875572294115569877857639473
-0.898754998627558942087504891756
0.898754998627558942087504891756
-0.89963082400115201937569664967
0.89963082400115201937569664967
-0.900503044905804993185723779766
0.900503044905804993185723779766
-0.901371657846869752595118153335
0.901371657846869752595118153335
-0.902236659344153886004237418683
0.902236659344153886004237418683
-0.903098045931934624906517356233
0.903098045931934624906517356233
-0.903955814158972729684524665978
0.903955814158972729684524665978
-0.904809960588526317376175320219
0.904809960588526317376175320219
-0.905660481798364631355716121026
0.905660481798364631355716121026
-0.906507374380781752874299830471
0.906507374380781752874299830471
-0.907350634942610254405217191553
0.907350634942610254405217191553
-0.908190260105234794739082327852
0.908190260105234794739082327852
-0.909026246504605655774501399479
0.909026246504605655774501399479
-0.909858590791252220949988000846
0.909858590791252220949988000846
-0.910687289630296395263122611243
0.910687289630296395263122611243
-0.911512339701465966823187451289
0.911512339701465966823187451289
-0.912333737699107909883742356061
0.912333737699107909883742356061
-0.913151480332201629301841748173
0.913151480332201629301841748173
-0.913965564324372146370827480382
0.913965564324372146370827480382
-0.914775986413903225973867216475
0.914775986413903225973867216475
-0.915582743353750445005643130325
0.915582743353750445005643130325
-0.916385831911554202009831025214
0.916385831911554202009831025214
-0.91718524886965266798024550777
0.91718524886965266798024550777
-0.917980991025094678273762592372
0.917980991025094678273762592372
-0.918773055189652565583367061594
0.918773055189652565583367061594
-0.919561438189834933919908065328
0.919561438189834933919908065328
-0.920346136866899373551382804683
0.920346136866899373551382804683
-0.921127148076865116848804715736
0.921127148076865116848804715736
-0.921904468690525634987949341676
0.921904468690525634987949341676
-0.922678095593461175456508059088
0.922678095593461175456508059088
-0.923448025686051240316417003902
0.923448025686051240316417003902
-0.924214255883487005171365924242
0.924214255883487005171365924242
-0.924976783115783678789729269875
0.924976783115783678789729269875
-0.925735604327792803333399610434
0.925735604327792803333399610434
-0.926490716479214495143241456056
0.926490716479214495143241456056
-0.927242116544609626032121733698
0.927242116544609626032121733698
-0.927989801513411945036711549143
0.927989801513411945036711549143
-0.928733768389940140579492437796
0.928733768389940140579492437796
-0.929474014193409842992639075793
0.929474014193409842992639075793
-0.930210535957945567355689385836
0.930210535957945567355689385836
-0.930943330732592596599152128575
0.930943330732592596599152128575
-0.931672395581328804826441419469
0.931672395581328804826441419469
-0.93239772758307642080676715181
0.93239772758307642080676715181
-0.933119323831713731591850038286
0.933119323831713731591850038286
-0.933837181436086726209569904996
0.933837181436086726209569904996
-0.934551297520020679387895982458
0.934551297520020679387895982458
-0.935261669222331675262688236946
0.935261669222331675262688236946
-0.935968293696838071023199271466
0.935968293696838071023199271466
-0.936671168112371900449346998167
0.936671168112371900449346998167
-0.937370289652790217295069141848
0.937370289652790217295069141848
-0.93806565551698637847231167679
0.93806565551698637847231167679
-0.938757262918901266990444525465
0.938757262918901266990444525465
-0.939445109087534454606139256877
0.939445109087534454606139256877
-0.940129191266955304138985113565
0.940129191266955304138985113565
-0.94080950671631401140836146877
0.94080950671631401140836146877
-0.941486052709852586747326768078
0.941486052709852586747326768078
-0.942158826536915776049526142242
0.942158826536915776049526142242
-0.942827825501961921305362188944
0.942827825501961921305362188944
-0.943493046924573760583915910199
0.943493046924573760583915910199
-0.944154488139469167417347458226
0.944154488139469167417347458226
-0.94481214649651182954474918491
0.94481214649651182954474918491
-0.945466019360721866972666507923
0.945466019360721866972666507923
-0.94611610411228638930974529922
0.94611610411228638930974529922
-0.946762398146569992333207868274
0.946762398146569992333207868274
-0.947404898874125193745103152408
0.947404898874125193745103152408
-0.948043603720702808076520439082
0.948043603720702808076520439082
-0.948678510127262260698199829369
0.948678510127262260698199829369
-0.949309615549981840896216707473
0.949309615549981840896216707473
-0.949936917460268893971661707206
0.949936917460268893971661707206
-0.950560413344769952323482062424
0.950560413344769952323482062424
-0.951180100705380805473894793684
0.951180100705380805473894793684
-0.95179597705925650899602691749
0.95179597705925650899602691749
-0.952408039938821332303682766669
0.952408039938821332303682766669
-0.953016286891778645263383580366
0.953016286891778645263383580366
-0.953620715481120743589069759182
0.953620715481120743589069759182
-0.954221323285138612980101584851
0.954221323285138612980101584851
-0.954818107897431631963439774027
0.954818107897431631963439774027
-0.955411066926917213401132971979
0.955411066926917213401132971979
-0.956000197997840384624485193901
0.956000197997840384624485193901
-0.956585498749783306156522288959
0.956585498749783306156522288959
-0.95716696683767472898462273488
0.95716696683767472898462273488
-0.957744599931799390345424468781
0.957744599931799390345424468781
-0.958318395717807347984366022934
0.958318395717807347984366022934
-0.958888351896723252852466962357
0.958888351896723252852466962357
-0.959454466184955560203199514606
0.959454466184955560203199514606
-0.960016736314305679052550341138
0.960016736314305679052550341138
-0.960575160031977059965618624417
0.960575160031977059965618624417
-0.961129735100584221133344036037
0.961129735100584221133344036037
-0.961680459298161712703205708997
0.961680459298161712703205708997
-0.96222733041817301932798106266
0.96222733041817301932798106266
-0.962770346269519400896901222614
0.962770346269519400896901222614
-0.963309504676548671413787840712
0.963309504676548671413787840712
-0.963844803479063915987004354045
0.963844803479063915987004354045
-0.96437624053233214589630312703
0.96437624053233214589630312703
-0.964903813707092891701898499583
0.964903813707092891701898499583
-0.965427520889566734361344518417
0.965427520889566734361344518417
-0.96594735998146377432004505992
0.96594735998146377432004505992
-0.966463328899992038541473164109
0.966463328899992038541473164109
-0.966975425577865825443425692599
0.966975425577865825443425692599
-0.967483647963313987706888902312
0.967483647963313987706888902312
-0.967987994020088152924340194138
0.967987994020088152924340194138
-0.968488461727470882054561155945
0.968488461727470882054561155945
-0.968985049080283765651287076217
0.968985049080283765651287076217
-0.969477754088895457833268363238
0.969477754088895457833268363238
-0.969966574779229647963569770308
0.969966574779229647963569770308
-0.970451509192772970006184006084
0.970451509192772970006184006084
-0.970932555386582849528287207359
0.970932555386582849528287207359
-0.971409711433295288316714877009
0.971409711433295288316714877009
-0.971882975421132586577488250619
0.971882975421132586577488250619
-0.972352345453911002687472660893
0.972352345453911002687472660893
-0.972817819651048350467501329461
0.972817819651048350467501329461
-0.973279396147571533946550142878
0.973279396147571533946550142878
-0.973737073094124019586801376036
0.973737073094124019586801376036
-0.97419084865697324593968702638
0.97419084865697324593968702638
-0.974640721018017970703255431978
0.974640721018017970703255431978
-0.975086688374795555151458183502
0.975086688374795555151458183502
-0.975528748940489185906208024241
0.975528748940489185906208024241
-0.975966900943935034023312485478
0.975966900943935034023312485478
-0.976401142629629351363642451551
0.976401142629629351363642451551
-0.976831472257735504221149717118
0.976831472257735504221149717118
-0.977257888104090944179602919338
0.977257888104090944179602919338
-0.977680388460214116170167034074
0.977680388460214116170167034074
-0.978098971633311303702207956296
0.978098971633311303702207956296
-0.978513635946283411239960583531
0.978513635946283411239960583531
-0.978924379737732683697956335536
0.978924379737732683697956335536
-0.979331201361969363028364227375
0.979331201361969363028364227375
-0.979734099189018281873658527227
0.979734099189018281873658527227
-0.98013307160462539425828574246
0.98013307160462539425828574246
-0.980528117010264243293264264183
0.980528117010264243293264264183
-0.980919233823142365867911547516
0.980919233823142365867911547516
-0.981306420476207634303156308913
0.981306420476207634303156308913
-0.981689675418154534941156992178
0.981689675418154534941156992178
-0.982068997113430383646212814216
0.982068997113430383646212814216
-0.982444384042241478192220189299
0.982444384042241478192220189299
-0.982815834700559187512195403744
0.982815834700559187512195403744
-0.983183347600125977785654249536
0.983183347600125977785654249536
-0.983546921268461375339911127393
0.983546921268461375339911127393
-0.983906554248867866341634126153
0.983906554248867866341634126153
-0.984262245100436733255269036561
0.984262245100436733255269036561
-0.984613992398053828045224459854
0.984613992398053828045224459854
-0.984961794732405282098992462671
0.984961794732405282098992462671
-0.98530565070998315284866499509
0.98530565070998315284866499509
-0.985645558953091007068595968331
0.985645558953091007068595968331
-0.985981518099849440827252986882
0.985981518099849440827252986882
-0.986313526804201536071601823967
0.986313526804201536071601823967
-0.986641583735918253822671482556
0.986641583735918253822671482556
-0.986965687580603763961258858635
0.986965687580603763961258858635
-0.987285837039700711583050497139
0.987285837039700711583050497139
-0.987602030830495419902765716252
0.987602030830495419902765716252
-0.987914267686123029687261642626
0.987914267686123029687261642626
-0.988222546355572575197887802639
0.988222546355572575197887802639
-0.988526865603691996622737423085
0.988526865603691996622737423085
-0.988827224211193088979816332781
0.988827224211193088979816332781
-0.989123620974656387472540447125
0.989123620974656387472540447125
-0.989416054706535989279381736082
0.989416054706535989279381736082
-0.98970452423516431175991321467
0.98970452423516431175991321467
-0.989989028404756787059959239937
0.989989028404756787059959239937
-0.990269566075416493099042222703
0.990269566075416493099042222703
-0.990546136123138720923835437138
0.990546136123138720923835437138
-0.990818737439815478411889441305
0.990818737439815478411889441305
-0.991087368933239930310503208285
0.991087368933239930310503208285
-0.99135202952711077459626810702
0.99135202952711077459626810702
-0.99161271816103655514153249786
0.99161271816103655514153249786
-0.991869433790539910674827785442
0.991869433790539910674827785442
-0.992122175387061760023176259709
0.992122175387061760023176259709
-0.992370941937965423625182451194
0.992370941937965423625182451194
-0.992615732446540681304911610055
0.992615732446540681304911610055
-0.99285654593200776629780363203
0.99285654593200776629780363203
-0.993093381429521295521285240334
0.993093381429521295521285240334
-0.993326237990174136084360076017
0.993326237990174136084360076017
-0.993555114681001208032315082694
0.993555114681001208032315082694
-0.993780010584983223324830307165
0.993780010584983223324830307165
-0.994000924801050361048276721933
0.994000924801050361048276721933
-0.994217856444085878865904884202
0.994217856444085878865904884202
-0.994430804644929660713054670479
0.994430804644929660713054670479
-0.994639768550381700748562160916
0.994639768550381700748562160916
-0.994844747323205523578339240948
0.994844747323205523578339240948
-0.99504574014213154077282281127
0.99504574014213154077282281127
-0.995242746201860343706843607542
0.995242746201860343706843607542
-0.995435764713065932758712754846
0.995435764713065932758712754846
-0.99562479490239888291529877111
0.99562479490239888291529877111
-0.995809836012489445841988045008
0.995809836012489445841988045008
-0.99599088730195058849122067231
0.99599088730195058849122067231
-0.996167948045380968341451427664
0.996167948045380968341451427664
-0.996341017533367845380776100439
0.996341017533367845380776100439
-0.996510095072489930977213747083
0.996510095072489930977213747083
-0.996675179985320173812208562773
0.996675179985320173812208562773
-0.996836271610428483097220647241
0.996836271610428483097220647241
-0.996993369302384389347820729836
0.996993369302384389347820729836
-0.997146472431759643058804345611
0.997146472431759643058804345611
-0.997295580385130751711905825404
0.997295580385130751711905825404
-0.997440692565081455660630205905
0.997440692565081455660630205905
-0.99758180839020514358250654476
0.99758180839020514358250654476
-0.997718927295107208378546478023
0.997718927295107208378546478023
-0.997852048730407344647742522455
0.997852048730407344647742522455
-0.997981172162741789191636749131
0.997981172162741789191636749131
-0.998106297074765506439050527738
0.998106297074765506439050527738
-0.998227422965154321264461788905
0.998227422965154321264461788905
-0.998344549348607002462866282407
0.998344549348607002462866282407
-0.998457675755847301222185177341
0.998457675755847301222185177341
-0.998566801733625950422099040744
0.998566801733625950422099040744
-0.998671926844722632663500878768
0.998671926844722632663500878768
-0.998773050667947927861204359825
0.998773050667947927861204359825
-0.99887017279814525541634854602
0.99887017279814525541634854602
-0.998963292846192832042403413566
0.998963292846192832042403413566
-0.999052410439005675215734503751
0.999052410439005675215734503751
-0.999137525219537695493956531356
0.999137525219537695493956531356
-0.999218636846783941080732468337
0.999218636846783941080732468337
-0.999295744995783089128781002632
0.999295744995783089128781002632
-0.999368849357620327322444997386
0.999368849357620327322444997386
-0.999437949639430848328994357516
0.999437949639430848328994357516
-0.999503045564404310232894307119
0.999503045564404310232894307119
-0.999564136871790837477769595077
0.999564136871790837477769595077
-0.99962122331690952388154036134
0.99962122331690952388154036134
-0.999674304671161099096454545279
0.999674304671161099096454545279
-0.999723380722047734488090400877
0.999723380722047734488090400877
-0.99976845127320554404897527983
0.99976845127320554404897527983
-0.999809516144460659260217393052
0.999809516144460659260217393052
-0.999846575171931406590051445842
0.999846575171931406590051445842
-0.999879628208226448444681708519
0.999879628208226448444681708519
-0.999908675122858484239297768151
0.999908675122858484239297768151
-0.999933715803190411500845065944
0.999933715803190411500845065944
-0.999954750156867304726837683991
0.999954750156867304726837683991
-0.999971778119128655341370882061
0.999971778119128655341370882061
-0.999984799680323157092224284048
0.999984799680323157092224284048
-0.999993815033550172256338449855
0.999993815033550172256338449855
-0.999998826145086338449842821657
0.999998826145086338449842821657