0.005104129353386542
0.005104062866749809
0.005104062866749809
0.005103863408571725
0.005103863408571725
0.005103530984048594
0.005103530984048594
0.005103065601840773
0.005103065601840773
0.005102467274072443
0.005102467274072443
0.005101736016331299
0.005101736016331299
0.005100871847668136
0.005100871847668136
0.005099874790596363
0.005099874790596363
0.005098744871091405
0.005098744871091405
0.005097482118590036
0.005097482118590036
0.005096086565989607
0.005096086565989607
0.005094558249647189
0.005094558249647189
0.005092897209378627
0.005092897209378627
0.005091103488457506
0.005091103488457506
0.005089177133614015
0.005089177133614015
0.005087118195033739
0.005087118195033739
0.005084926726356345
0.005084926726356345
0.005082602784674188
0.005082602784674188
0.005080146430530822
0.005080146430530822
0.005077557727919424
0.005077557727919424
0.005074836744281126
0.005074836744281126
0.005071983550503258
0.005071983550503258
0.0050689982209175
0.0050689982209175
0.005065880833297949
0.005065880833297949
0.005062631468859091
0.005062631468859091
0.005059250212253683
0.005059250212253683
0.005055737151570549
0.005055737151570549
0.005052092378332289
0.005052092378332289
0.005048315987492889
0.005048315987492889
0.005044408077435249
0.005044408077435249
0.005040368749968622
0.005040368749968622
0.005036198110325958
0.005036198110325958
0.005031896267161167
0.005031896267161167
0.005027463332546285
0.005027463332546285
0.005022899421968555
0.005022899421968555
0.005018204654327417
0.005018204654327417
0.005013379151931415
0.005013379151931415
0.005008423040495006
0.005008423040495006
0.005003336449135285
0.005003336449135285
0.004998119510368625
0.004998119510368625
0.004992772360107221
0.004992772360107221
0.00498729513765555
0.00498729513765555
0.004981687985706744
0.004981687985706744
0.00497595105033887
0.00497595105033887
0.004970084481011125
0.004970084481011125
0.004964088430559943
0.004964088430559943
0.004957963055195012
0.004957963055195012
0.004951708514495206
0.004951708514495206
0.004945324971404426
0.004945324971404426
0.004938812592227357
0.004938812592227357
0.004932171546625134
0.004932171546625134
0.00492540200761092
0.00492540200761092
0.004918504151545405
0.004918504151545405
0.004911478158132204
0.004911478158132204
0.004904324210413179
0.004904324210413179
0.004897042494763671
0.004897042494763671
0.004889633200887642
0.004889633200887642
0.004882096521812738
0.004882096521812738
0.004874432653885252
0.004874432653885252
0.004866641796765015
0.004866641796765015
0.004858724153420195
0.004858724153420195
0.004850679930122003
0.004850679930122003
0.004842509336439327
0.004842509336439327
0.004834212585233266
0.004834212585233266
0.004825789892651589
0.004825789892651589
0.004817241478123099
0.004817241478123099
0.004808567564351923
0.004808567564351923
0.004799768377311704
0.004799768377311704
0.004790844146239718
0.004790844146239718
0.004781795103630897
0.004781795103630897
0.004772621485231781
0.004772621485231781
0.004763323530034364
0.004763323530034364
0.004753901480269879
0.004753901480269879
0.004744355581402482
0.004744355581402482
0.004734686082122856
0.004734686082122856
0.004724893234341735
0.004724893234341735
0.00471497729318334
0.00471497729318334
0.004704938516978734
0.004704938516978734
0.004694777167259089
0.004694777167259089
0.004684493508748873
0.004684493508748873
0.004674087809358958
0.004674087809358958
0.004663560340179634
0.004663560340179634
0.004652911375473549
0.004652911375473549
0.004642141192668568
0.004642141192668568
0.004631250072350536
0.004631250072350536
0.004620238298255979
0.004620238298255979
0.004609106157264705
0.004609106157264705
0.004597853939392331
0.004597853939392331
0.00458648193778273
0.00458648193778273
0.004574990448700391
0.004574990448700391
0.004563379771522705
0.004563379771522705
0.00455165020873216
0.00455165020873216
0.004539802065908465
0.004539802065908465
0.004527835651720587
0.004527835651720587
0.00451575127791871
0.00451575127791871
0.004503549259326114
0.004503549259326114
0.004491229913830973
0.004491229913830973
0.00447879356237807
0.00447879356237807
0.004466240528960442
0.004466240528960442
0.004453571140610933
0.004453571140610933
0.00444078572739368
0.00444078572739368
0.004427884622395508
0.004427884622395508
0.004414868161717258
0.004414868161717258
0.004401736684465027
0.004401736684465027
0.004388490532741335
0.004388490532741335
0.004375130051636214
0.004375130051636214
0.004361655589218213
0.004361655589218213
0.004348067496525337
0.004348067496525337
0.004334366127555895
0.004334366127555895
0.004320551839259282
0.004320551839259282
0.004306624991526679
0.004306624991526679
0.004292585947181673
0.004292585947181673
0.004278435071970812
0.004278435071970812
0.004264172734554071
0.004264172734554071
0.004249799306495249
0.004249799306495249
0.004235315162252288
0.004235315162252288
0.004220720679167522
0.004220720679167522
0.00420601623745784
0.00420601623745784
0.004191202220204786
0.004191202220204786
0.004176279013344575
0.004176279013344575
0.004161247005658042
0.004161247005658042
0.00414610658876051
0.00414610658876051
0.00413085815709159
0.00413085815709159
0.004115502107904905
0.004115502107904905
0.004100038841257738
0.004100038841257738
0.004084468760000615
0.004084468760000615
0.004068792269766804
0.004068792269766804
0.004053009778961749
0.004053009778961749
0.004037121698752435
0.004037121698752435
0.004021128443056669
0.004021128443056669
0.004005030428532302
0.004005030428532302
0.003988828074566371
0.003988828074566371
0.003972521803264174
0.003972521803264174
0.003956112039438276
0.003956112039438276
0.003939599210597435
0.003939599210597435
0.003922983746935474
0.003922983746935474
0.003906266081320063
0.003906266081320063
0.003889446649281452
0.003889446649281452
0.003872525889001116
0.003872525889001116
0.003855504241300345
0.003855504241300345
0.003838382149628758
0.003838382149628758
0.00382116006005275
0.00382116006005275
0.00380383842124387
0.00380383842124387
0.003786417684467135
0.003786417684467135
0.00376889830356927
0.00376889830356927
0.003751280734966888
0.003751280734966888
0.003733565437634596
0.003733565437634596
0.003715752873093042
0.003715752873093042
0.003697843505396884
0.003697843505396884
0.003679837801122711
0.003679837801122711
0.003661736229356878
0.003661736229356878
0.00364353926168329
0.00364353926168329
0.003625247372171116
0.003625247372171116
0.003606861037362437
0.003606861037362437
0.003588380736259834
0.003588380736259834
0.003569806950313904
0.003569806950313904
0.003551140163410724
0.003551140163410724
0.003532380861859237
0.003532380861859237
0.00351352953437859
0.00351352953437859
0.003494586672085397
0.003494586672085397
0.003475552768480945
0.003475552768480945
0.003456428319438339
0.003456428319438339
0.003437213823189582
0.003437213823189582
0.003417909780312598
0.003417909780312598
0.003398516693718184
0.003398516693718184
0.003379035068636917
0.003379035068636917
0.003359465412605985
0.003359465412605985
0.003339808235455966
0.003339808235455966
0.003320064049297549
0.003320064049297549
0.003300233368508189
0.003300233368508189
0.003280316709718707
0.003280316709718707
0.003260314591799833
0.003260314591799833
0.003240227535848684
0.003240227535848684
0.003220056065175193
0.003220056065175193
0.003199800705288473
0.003199800705288473
0.003179461983883126
0.003179461983883126
0.003159040430825498
0.003159040430825498
0.003138536578139872
0.003138536578139872
0.003117950959994609
0.003117950959994609
0.003097284112688233
0.003097284112688233
0.003076536574635456
0.003076536574635456
0.003055708886353156
0.003055708886353156
0.003034801590446288
0.003034801590446288
0.003013815231593758
0.003013815231593758
0.002992750356534224
0.002992750356534224
0.002971607514051857
0.002971607514051857
0.002950387254962042
0.002950387254962042
0.002929090132097032
0.002929090132097032
0.002907716700291538
0.002907716700291538
0.002886267516368282
0.002886267516368282
0.002864743139123488
0.002864743139123488
0.002843144129312321
0.002843144129312321
0.002821471049634285
0.002821471049634285
0.002799724464718554
0.002799724464718554
0.002777904941109273
0.002777904941109273
0.002756013047250789
0.002756013047250789
0.002734049353472848
0.002734049353472848
0.002712014431975735
0.002712014431975735
0.002689908856815364
0.002689908856815364
0.002667733203888328
0.002667733203888328
0.002645488050916891
0.002645488050916891
0.002623173977433939
0.002623173977433939
0.002600791564767882
0.002600791564767882
0.002578341396027512
0.002578341396027512
0.002555824056086804
0.002555824056086804
0.002533240131569687
0.002533240131569687
0.002510590210834758
0.002510590210834758
0.002487874883959953
0.002487874883959953
0.002465094742727175
0.002465094742727175
0.002442250380606878
0.002442250380606878
0.002419342392742604
0.002419342392742604
0.00239637137593548
0.00239637137593548
0.002373337928628669
0.002373337928628669
0.00235024265089178
0.00235024265089178
0.002327086144405234
0.002327086144405234
0.00230386901244459
0.00230386901244459
0.002280591859864828
0.002280591859864828
0.00225725529308459
0.00225725529308459
0.002233859920070385
0.002233859920070385
0.002210406350320747
0.002210406350320747
0.002186895194850356
0.002186895194850356
0.002163327066174123
0.002163327066174123
0.00213970257829123
0.00213970257829123
0.002116022346669136
0.002116022346669136
0.00209228698822754
0.00209228698822754
0.002068497121322312
0.002068497121322312
0.002044653365729382
0.002044653365729382
0.002020756342628593
0.002020756342628593
0.001996806674587521
0.001996806674587521
0.001972804985545253
0.001972804985545253
0.001948751900796131
0.001948751900796131
0.001924648046973465
0.001924648046973465
0.001900494052033209
0.001900494052033209
0.001876290545237596
0.001876290545237596
0.001852038157138749
0.001852038157138749
0.001827737519562252
0.001827737519562252
0.001803389265590693
0.001803389265590693
0.001778994029547165
0.001778994029547165
0.001754552446978745
0.001754552446978745
0.001730065154639938
0.001730065154639938
0.001705532790476084
0.001705532790476084
0.001680955993606741
0.001680955993606741
0.001656335404309035
0.001656335404309035
0.001631671664000981
0.001631671664000981
0.001606965415224767
0.001606965415224767
0.001582217301630024
0.001582217301630024
0.001557427967957048
0.001557427967957048
0.001532598060020014
0.001532598060020014
0.001507728224690141
0.001507728224690141
0.00148281910987885
0.00148281910987885
0.001457871364520877
0.001457871364520877
0.001432885638557374
0.001432885638557374
0.001407862582918974
0.001407862582918974
0.001382802849508833
0.001382802849508833
0.001357707091185654
0.001357707091185654
0.00133257596174667
0.00133257596174667
0.001307410115910621
0.001307410115910621
0.001282210209300697
0.001282210209300697
0.001256976898427456
0.001256976898427456
0.001231710840671729
0.001231710840671729
0.001206412694267491
0.001206412694267491
0.001181083118284719
0.001181083118284719
0.001155722772612228
0.001155722772612228
0.001130332317940477
0.001130332317940477
0.00110491241574437
0.00110491241574437
0.001079463728266026
0.001079463728266026
0.001053986918497536
0.001053986918497536
0.001028482650163697
0.001028482650163697
0.001002951587704737
0.001002951587704737
0.0009773943962590168
0.0009773943962590168
0.000951811741645719
0.000951811741645719
0.0009262042903475249
0.0009262042903475249
0.0009005727094932775
0.0009005727094932775
0.0008749176668406343
0.0008749176668406343
0.000849239830758713
0.000849239830758713
0.0008235398702107311
0.0008235398702107311
0.0007978184547366449
0.0007978184547366449
0.000772076254435791
0.000772076254435791
0.0007463139399495387
0.0007463139399495387
0.0007205321824439602
0.0007205321824439602
0.0006947316535925311
0.0006947316535925311
0.0006689130255588776
0.0006689130255588776
0.0006430769709795942
0.0006430769709795942
0.0006172241629471624
0.0006172241629471624
0.0005913552749930215
0.0005913552749930215
0.0005654709810708593
0.0005654709810708593
0.0005395719555402294
0.0005395719555402294
0.0005136588731506571
0.0005136588731506571
0.0004877324090264839
0.0004877324090264839
0.0004617932386528518
0.0004617932386528518
0.0004358420378634784
0.0004358420378634784
0.0004098794828313105
0.0004098794828313105
0.0003839062500639258
0.0003839062500639258
0.0003579230164069996
0.0003579230164069996
0.0003319304590619293
0.0003319304590619293
0.0003059292556292795
0.0003059292556292795
0.0002799200842014172
0.0002799200842014172
0.0002539036235537455
0.0002539036235537455
0.0002278805535457507
0.0002278805535457507
0.0002018515560016016
0.0002018515560016016
0.0001758173167864677
0.0001758173167864677
0.0001497785312060192
0.0001497785312060192
0.0001237359200258736
0.0001237359200258736
0.00009769028643107856
0.00009769028643107856
0.00007164277939934674
0.00007164277939934674
0.00004559675105353966
0.00004559675105353966
0.00001958804762383338
0.00001958804762383338