0.00162314262400553934590843976233
0.00162314048584659802067341920932
0.00162314048584659802067341920932
0.00162313407137540722050174204979
0.00162313407137540722050174204979
0.0016231233806088664571524449801
0.0016231233806088664571524449801
0.00162310841357514153408690558743
0.00162310841357514153408690558743
0.00162308917031366447226345384061
0.00162308917031366447226345384061
0.00162306565087513340625010187854
0.00162306565087513340625010187854
0.00162303785532151245065566579697
0.00162303785532151245065566579697
0.00162300578372603153687963133283
0.00162300578372603153687963133283
0.00162296943617318622018119354374
0.00162296943617318622018119354374
0.00162292881275873745706797877691
0.00162292881275873745706797877691
0.00162288391358971135300503541714
0.00162288391358971135300503541714
0.00162283473878439888044475809787
0.00162283473878439888044475809787
0.00162278128847235556717848825111
0.00162278128847235556717848825111
0.00162272356279440115501061206254
0.00162272356279440115501061206254
0.00162266156190261922875605508619
0.00162266156190261922875605508619
0.00162259528596035681556215095867
0.00162259528596035681556215095867
0.00162252473514222395455593983631
0.00162252473514222395455593983631
0.00162244990963409323681803035864
0.00162244990963409323681803035864
0.00162237080963309931568423711935
0.00162237080963309931568423711935
0.00162228743534763838737628379989
0.00162228743534763838737628379989
0.00162219978699736764196294029157
0.00162219978699736764196294029157
0.00162210786481320468465304029944
0.00162210786481320468465304029944
0.00162201166903732692742190408451
0.00162201166903732692742190408451
0.00162191119992317095097276916
0.00162191119992317095097276916
0.00162180645773543183703490991304
0.00162180645773543183703490991304
0.00162169744275006247100020527312
0.00162169744275006247100020527312
0.00162158415525427281489999169548
0.00162158415525427281489999169548
0.00162146659554652915072411686833
0.00162146659554652915072411686833
0.00162134476393655329408418768912
0.00162134476393655329408418768912
0.00162121866074532177822308418619
0.00162121866074532177822308418619
0.00162108828630506500837288918725
0.00162108828630506500837288918725
0.00162095364095926638646346165643
0.00162095364095926638646346165643
0.001620814725062661406183959735
0.001620814725062661406183959735
0.00162067153898123671839969762937
0.00162067153898123671839969762937
0.00162052408309222916692679859103
0.00162052408309222916692679859103
0.00162037235778412479466718432844
0.00162037235778412479466718432844
0.00162021636345665782010651927937
0.00162021636345665782010651927937
0.0016200561005208095841778062534
0.0016200561005208095841778062534
0.00161989156939880746749340802911
0.00161989156939880746749340802911
0.00161972277052412377794834755707
0.00161972277052412377794834755707
0.00161954970434147460869781747989
0.00161954970434147460869781747989
0.00161937237130681866651190773197
0.00161937237130681866651190773197
0.00161919077188735607051063802579
0.00161919077188735607051063802579
0.00161900490656152712128246006727
0.00161900490656152712128246006727
0.00161881477581901104038947237029
0.00161881477581901104038947237029
0.00161862038016072468026266855923
0.00161862038016072468026266855923
0.00161842172009882120449061805871
0.00161842172009882120449061805871
0.00161821879615668873850505607079
0.00161821879615668873850505607079
0.00161801160886894899066693773205
0.00161801160886894899066693773205
0.00161780015878145584375658932568
0.00161780015878145584375658932568
0.00161758444645129391687166739654
0.00161758444645129391687166739654
0.00161736447244677709773671458103
0.00161736447244677709773671458103
0.00161714023734744704542817891636
0.00161714023734744704542817891636
0.00161691174174407166351884133745
0.00161691174174407166351884133745
0.00161667898623864354364567400224
0.00161667898623864354364567400224
0.00161644197144437837950523000838
0.00161644197144437837950523000838
0.00161620069798571335128074297573
0.00161620069798571335128074297573
0.00161595516649830548050519286943
0.00161595516649830548050519286943
0.0016157053776290299553646723274
0.0016157053776290299553646723274
0.00161545133203597842644646563398
0.00161545133203597842644646563398
0.00161519303038845727293633034741
0.00161519303038845727293633034741
0.00161493047336698583926954944318
0.00161493047336698583926954944318
0.00161466366166329464224039967759
0.00161466366166329464224039967759
0.00161439259598032354857475970579
0.00161439259598032354857475970579
0.00161411727703221992297065930614
0.00161411727703221992297065930614
0.00161383770554433674661164886757
0.00161383770554433674661164886757
0.00161355388225323070615794608904
0.00161355388225323070615794608904
0.00161326580790666025322039461858
0.00161326580790666025322039461858
0.00161297348326358363432234712573
0.00161297348326358363432234712573
0.00161267690909415689135466305308
0.00161267690909415689135466305308
0.00161237608617973183252908903138
0.00161237608617973183252908903138
0.0016120710153128539738353676673
0.0016120710153128539738353676673
0.00161176169729726045100749812373
0.00161176169729726045100749812373
0.00161144813294787790200464960848
0.00161144813294787790200464960848
0.00161113032309082032001230656963
0.00161113032309082032001230656963
0.00161080826856338687696930206234
0.00161080826856338687696930206234
0.00161048197021405971762647340466
0.00161048197021405971762647340466
0.00161015142890250172414275187678
0.00161015142890250172414275187678
0.00160981664549955425122457583993
0.00160981664549955425122457583993
0.0016094776208872348318145942577
0.0016094776208872348318145942577
0.0016091343559587348533357051929
0.0016091343559587348533357051929
0.00160878685161841720449655142785
0.00160878685161841720449655142785
0.00160843510878181389266467291458
0.00160843510878181389266467291458
0.00160807912837562363181359330346
0.00160807912837562363181359330346
0.00160771891133770940105019532467
0.00160771891133770940105019532467
0.00160735445861709597372881730558
0.00160735445861709597372881730558
0.00160698577117396741715858059937
0.00160698577117396741715858059937
0.00160661284997966456291053517475
0.00160661284997966456291053517475
0.00160623569601668244773128807448
0.00160623569601668244773128807448
0.00160585431027866772506985688979
0.00160585431027866772506985688979
0.00160546869377041604722456782054
0.00160546869377041604722456782054
0.00160507884750786941811689529467
0.00160507884750786941811689529467
0.00160468477251811351669921750673
0.00160468477251811351669921750673
0.00160428646983937499100353960289
0.00160428646983937499100353960289
0.00160388394052101872283831358885
0.00160388394052101872283831358885
0.00160347718562354506314056136735
0.00160347718562354506314056136735
0.00160306620621858703799058462333
0.00160306620621858703799058462333
0.00160265100338890752529662256683
0.00160265100338890752529662256683
0.00160223157822839640215689581643
0.00160223157822839640215689581643
0.00160180793184206766290655195914
0.00160180793184206766290655195914
0.00160138006534605650785710555609
0.00160138006534605650785710555609
0.00160094797986761640273604257643
0.00160094797986761640273604257643
0.00160051167654511610883433643517
0.00160051167654511610883433643517
0.00160007115652803668386969998325
0.00160007115652803668386969998325
0.00159962642097696845357347495031
0.00159962642097696845357347495031
0.00159917747106360795400913747178
0.00159917747106360795400913747178
0.00159872430797075484463047544223
0.00159872430797075484463047544223
0.00159826693289230879208757052583
0.00159826693289230879208757052583
0.00159780534703326632478879472257
0.00159780534703326632478879472257
0.00159733955160971765822710843454
0.00159733955160971765822710843454
0.00159686954784884349107902400103
0.00159686954784884349107902400103
0.00159639533698891177208467567298
0.00159639533698891177208467567298
0.00159591692027927443771751397739
0.00159591692027927443771751397739
0.00159543429898036412065221937964
0.00159543429898036412065221937964
0.00159494747436369082903950708645
0.00159494747436369082903950708645
0.00159445644771183859659657174393
0.00159445644771183859659657174393
0.00159396122031846210352199767452
0.00159396122031846210352199767452
0.00159346179348828326824403716163
0.00159346179348828326824403716163
0.00159295816853708781001123613347
0.00159295816853708781001123613347
0.00159245034679172178233446341573
0.00159245034679172178233446341573
0.0015919383295900880772894765176
0.0015919383295900880772894765176
0.00159142211828114290068923368611
0.00159142211828114290068923368611
0.00159090171422489221813523871012
0.00159090171422489221813523871012
0.00159037711879238817195728167723
0.00159037711879238817195728167723
0.00158984833336572546905101558385
0.00158984833336572546905101558385
0.00158931535933803773962288537122
0.00158931535933803773962288537122
0.00158877819811349386685200260733
0.00158877819811349386685200260733
0.00158823685110729428747863565653
0.00158823685110729428747863565653
0.0015876913197456672633290617754
0.0015876913197456672633290617754
0.00158714160546586512378660414394
0.00158714160546586512378660414394
0.00158658770971616047921875338631
0.00158658770971616047921875338631
0.00158602963395584240537034965419
0.00158602963395584240537034965419
0.00158546737965521259873287783815
0.00158546737965521259873287783815
0.00158490094829558150290000493893
0.00158490094829558150290000493893
0.00158433034136926440591956506952
0.00158433034136926440591956506952
0.00158375556037957750865227397172
0.00158375556037957750865227397172
0.0015831766068408339641475313162
0.0015831766068408339641475313162
0.0015825934822783398880467454131
0.0015825934822783398880467454131
0.00158200618822839034002469129113
0.00158200618822839034002469129113
0.00158141472623826527627948940572
0.00158141472623826527627948940572
0.00158081909786622547308186851227
0.00158081909786622547308186851227
0.00158021930468150842139445248701
0.00158021930468150842139445248701
0.00157961534826432419257188709713
0.00157961534826432419257188709713
0.00157900723020585127515269891162
0.00157900723020585127515269891162
0.00157839495210823238275385470617
0.00157839495210823238275385470617
0.00157777851558457023307906584745
0.00157777851558457023307906584745
0.00157715792225892329805195824631
0.00157715792225892329805195824631
0.00157653317376630152508530454298
0.00157653317376630152508530454298
0.00157590427175266202949759123248
0.00157590427175266202949759123248
0.00157527121787490475808826945309
0.00157527121787490475808826945309
0.00157463401380086812388311414623
0.00157463401380086812388311414623
0.00157399266120932461206119225062
0.00157399266120932461206119225062
0.0015733471617899763570750165187
0.0015733471617899763570750165187
0.00157269751724345069097553743717
0.00157269751724345069097553743717
0.00157204372928129566295370159721
0.00157204372928129566295370159721
0.00157138579962597553011038069236
0.00157138579962597553011038069236
0.00157072373001086621946655112376
0.00157072373001086621946655112376
0.00157005752218025076122567996237
0.00157005752218025076122567996237
0.00156938717788931469330034875667
0.00156938717788931469330034875667
0.00156871269890414143711522238131
0.00156871269890414143711522238131
0.00156803408700170764469854579722
0.00156803408700170764469854579722
0.00156735134396987851707442723675
0.00156735134396987851707442723675
0.00156666447160740309396824193812
0.00156666447160740309396824193812
0.00156597347172390951483756613155
0.00156597347172390951483756613155
0.00156527834613990025124112652517
0.00156527834613990025124112652517
0.00156457909668674731055832605127
0.00156457909668674731055832605127
0.00156387572520668741107198211298
0.00156387572520668741107198211298
0.00156316823355281712842698901782
0.00156316823355281712842698901782
0.00156245662358908801347769169726
0.00156245662358908801347769169726
0.00156174089719030168153683319034
0.00156174089719030168153683319034
0.0015610210562421048730390137149
0.0015610210562421048730390137149
0.00156029710264098448563167446072
0.00156029710264098448563167446072
0.00155956903829426257770669451587
0.00155956903829426257770669451587
0.00155883686512009134338576457987
0.00155883686512009134338576457987
0.00155810058504744805897277632474
0.00155810058504744805897277632474
0.00155736020001613000088654143813
0.00155736020001613000088654143813
0.00155661571197674933508722951992
0.00155661571197674933508722951992
0.00155586712289072797800998910657
0.00155586712289072797800998910657
0.00155511443473029242901929116408
0.00155511443473029242901929116408
0.00155435764947846857439760942183
0.00155435764947846857439760942183
0.00155359676912907646288212691508
0.00155359676912907646288212691508
0.00155283179568672505276323306292
0.00155283179568672505276323306292
0.00155206273116680693055865053187
0.00155206273116680693055865053187
0.00155128957759549300127710602175
0.00155128957759549300127710602175
0.00155051233700972715028553396041
0.00155051233700972715028553396041
0.00154973101145722087679387690702
0.00154973101145722087679387690702
0.00154894560299644789897162123971
0.00154894560299644789897162123971
0.001548156113696638730710281442
0.001548156113696638730710281442
0.001547362545637775230046121004
0.001547362545637775230046121004
0.00154656490091058511925747261792
0.00154656490091058511925747261792
0.00154576318161653647665109497325
0.00154576318161653647665109497325
0.0015449573898678322000520780451
0.0015449573898678322000520780451
0.00154414752778740444201188331823
0.00154414752778740444201188331823
0.00154333359750890901674917990113
0.00154333359750890901674917990113
0.00154251560117671977883821195648
0.00154251560117671977883821195648
0.00154169354094592297365950730839
0.00154169354094592297365950730839
0.00154086741898231155962781148133
0.00154086741898231155962781148133
0.00154003723746237950221220578124
0.00154003723746237950221220578124
0.00153920299857331603976344234535
0.00153920299857331603976344234535
0.00153836470451299992116360336375
0.00153836470451299992116360336375
0.00153752235748999361531326591227
0.00153752235748999361531326591227
0.00153667595972353749247142803319
0.00153667595972353749247142803319
0.00153582551344354397746352585641
0.00153582551344354397746352585641
0.00153497102089059167477294567009
0.00153497102089059167477294567009
0.00153411248431591946553150892524
0.00153411248431591946553150892524
0.00153324990598142057642448219327
0.00153324990598142057642448219327
0.00153238328815963662052573808943
0.00153238328815963662052573808943
0.0015315126331337516100787671278
0.0015315126331337516100787671278
0.00153063794319758594123931438428
0.00153063794319758594123931438428
0.00152975922065559035079548871416
0.00152975922065559035079548871416
0.00152887646782283984488126609852
0.00152887646782283984488126609852
0.00152798968702502759969938247968
0.00152798968702502759969938247968
0.00152709888059845883426968518984
0.00152709888059845883426968518984
0.0015262040508900446552190857785
0.0015262040508900446552190857785
0.00152530520025729587362933070316
0.00152530520025729587362933070316
0.0015244023310683167939588799641
0.0015244023310683167939588799641
0.00152349544570179897505525733742
0.00152349544570179897505525733742
0.00152258454654701496327430939049
0.00152258454654701496327430939049
0.00152166963600381199772288395123
0.00152166963600381199772288395123
0.00152075071648260568764151214565
0.00152075071648260568764151214565
0.0015198277904043736619437515181
0.0015198277904043736619437515181
0.00151890086020064919092892110435
0.00151890086020064919092892110435
0.00151796992831351478018503263942
0.00151796992831351478018503263942
0.00151703499719559573669879534953
0.00151703499719559573669879534953
0.00151609606931005370718964500052
0.00151609606931005370718964500052
0.0015151531471305801886848210536
0.0015151531471305801886848210536
0.00151420623314139001135258891255
0.00151420623314139001135258891255
0.00151325532983721479361077733511
0.00151325532983721479361077733511
0.00151230043972329636952787412453
0.00151230043972329636952787412453
0.00151134156531538018853399621496
0.00151134156531538018853399621496
0.00151037870913970868745912321651
0.00151037870913970868745912321651
0.00150941187373301463491605639235
0.00150941187373301463491605639235
0.00150844106164251444804563790033
0.00150844106164251444804563790033
0.00150746627542590148164183794597
0.00150746627542590148164183794597
0.00150648751765133928967439026124
0.00150648751765133928967439026124
0.00150550479089745485922672904498
0.00150550479089745485922672904498
0.00150451809775333181686705317496
0.00150451809775333181686705317496
0.00150352744081850360747041612917
0.00150352744081850360747041612917
0.0015025328227029466455098126343
0.0015025328227029466455098126343
0.00150153424602707343883430559217
0.00150153424602707343883430559217
0.00150053171342172568495230932031
0.00150053171342172568495230932031
0.00149952522752816733983821758066
0.00149952522752816733983821758066
0.0014985147909980776592806372601
0.0014985147909980776592806372601
0.00149750040649354421279056090799
0.00149750040649354421279056090799
0.00149648207668705587008788362967
0.00149648207668705587008788362967
0.00149545980426149576018474207922
0.00149545980426149576018474207922
0.00149443359191013420308422549134
0.00149443359191013420308422549134
0.00149340344233662161411308083942
0.00149340344233662161411308083942
0.001492369358254981380907106305
0.001492369358254981380907106305
0.00149133134238960271306799929299
0.00149133134238960271306799929299
0.0014902893974752334645104972265
0.0014902893974752334645104972265
0.00148924352625697292851872130494
0.00148924352625697292851872130494
0.00148819373149026460553070530943
0.00148819373149026460553070530943
0.00148714001594088894367016338941
0.00148714001594088894367016338941
0.00148608238238495605204462256425
0.00148608238238495605204462256425
0.00148502083360889838682911742336
0.00148502083360889838682911742336
0.00148395537240946341015471620705
0.00148395537240946341015471620705
0.00148288600159370622182121909854
0.00148288600159370622182121909854
0.00148181272397898216385344115487
0.00148181272397898216385344115487
0.00148073554239293939792056385047
0.00148073554239293939792056385047
0.0014796544596735114556381107017
0.0014796544596735114556381107017
0.00147856947866890976177217388425
0.00147856947866890976177217388425
0.0014774806022376161303655901464
0.0014774806022376161303655901464
0.00147638783324837523380583566101
0.00147638783324837523380583566101
0.00147529117458018704485448074652
0.00147529117458018704485448074652
0.00147419062912229925165811662251
0.00147419062912229925165811662251
0.00147308619977419964576073754819
0.00147308619977419964576073754819
0.00147197788944560848313763282216
0.00147197788944560848313763282216
0.00147086570105647081827091419944
0.00147086570105647081827091419944
0.00146974963753694881128687530562
0.00146974963753694881128687530562
0.00146862970182741400817545059936
0.00146862970182741400817545059936
0.00146750589687843959411211235204
0.00146750589687843959411211235204
0.00146637822565079261990261497743
0.00146637822565079261990261497743
0.00146524669111542620157106685458
0.00146524669111542620157106685458
0.00146411129625347169311188054353
0.00146411129625347169311188054353
0.00146297204405623083242622299566
0.00146297204405623083242622299566
0.00146182893752516786046365800832
0.00146182893752516786046365800832
0.00146068197967190161358974376683
0.00146068197967190161358974376683
0.00145953117351819758920041885556
0.00145953117351819758920041885556
0.00145837652209595998460408060364
0.00145837652209595998460408060364
0.00145721802844722370919233005958
0.00145721802844722370919233005958
0.00145605569562414636992042826235
0.00145605569562414636992042826235
0.00145488952668900023011857879478
0.00145488952668900023011857879478
0.00145371952471416414165522186725
0.00145371952471416414165522186725
0.00145254569278211545047359538635
0.00145254569278211545047359538635
0.0014513680339854218755228886138
0.0014513680339854218755228886138
0.00145018655142673336110538411504
0.00145018655142673336110538411504
0.00144900124821877390266105373536
0.00144900124821877390266105373536
0.00144781212748433334601114432234
0.00144781212748433334601114432234
0.00144661919235625916008235883873
0.00144661919235625916008235883873
0.001445422445977448183133308377
0.001445422445977448183133308377
0.00144422189150083834250498039821
0.00144422189150083834250498039821
0.00144301753208940034791703827058
0.00144301753208940034791703827058
0.00144180937091612935833183687963
0.00144180937091612935833183687963
0.00144059741116403662240810871958
0.00144059741116403662240810871958
0.0014393816560261410925663444565
0.0014393816560261410925663444565
0.00143816210870546101268796147589
0.00143816210870546101268796147589
0.00143693877241500547947042339153
0.00143693877241500547947042339153
0.00143571165037776597746054289859
0.00143571165037776597746054289859
0.00143448074582670788778826970066
0.00143448074582670788778826970066
0.00143324606200476197062333452947
0.00143324606200476197062333452947
0.00143200760216481582137718950511
0.00143200760216481582137718950511
0.00143076536956970530067275425524
0.00143076536956970530067275425524
0.00142951936749220593810454632287
0.00142951936749220593810454632287
0.00142826959921502430981184344386
0.00142826959921502430981184344386
0.00142701606803078938988759426727
0.00142701606803078938988759426727
0.00142575877724204387564586302386
0.00142575877724204387564586302386
0.00142449773016123548677066252009
0.00142449773016123548677066252009
0.0014232329301107082383690986468
0.0014232329301107082383690986468
0.00142196438042269368795181834335
0.00142196438042269368795181834335
0.00142069208443930215636382164879
0.00142069208443930215636382164879
0.0014194160455125139226887671018
0.0014194160455125139226887671018
0.00141813626700417039314996832051
0.00141813626700417039314996832051
0.00141685275228596524403134810109
0.00141685275228596524403134810109
0.00141556550473943553864168482117
0.00141556550473943553864168482117
0.00141427452775595281834555431921
0.00141427452775595281834555431921
0.00141297982473671416768443874469
0.00141297982473671416768443874469
0.00141168139909273325361154213589
0.00141168139909273325361154213589
0.0014103792542448313388639206817
0.0014103792542448313388639206817
0.00140907339362362826949560376162
0.00140907339362362826949560376162
0.00140776382066953343659544993337
0.00140776382066953343659544993337
0.00140645053883273671221355004999
0.00140645053883273671221355004999
0.00140513355157319935952005763866
0.00140513355157319935952005763866
0.00140381286236064491722039456006
0.00140381286236064491722039456006
0.00140248847467455005825084779131
0.00140248847467455005825084779131
0.00140116039200413542277864093614
0.00140116039200413542277864093614
0.00139982861784835642553063176309
0.00139982861784835642553063176309
0.00139849315571589403747485470616
0.00139849315571589403747485470616
0.00139715400912514554187919483216
0.00139715400912514554187919483216
0.00139581118160421526477154728473
0.00139581118160421526477154728473
0.00139446467669090527982588365669
0.00139446467669090527982588365669
0.00139311449793270608769871411956
0.00139311449793270608769871411956
0.00139176064888678726984050145213
0.00139176064888678726984050145213
0.00139040313311998811680665035758
0.00139040313311998811680665035758
0.00138904195420880823109276264247
0.00138904195420880823109276264247
0.00138767711573939810451891594837
0.00138767711573939810451891594837
0.00138630862130754967018779078054
0.00138630862130754967018779078054
0.00138493647451868682904153756499
0.00138493647451868682904153756499
0.00138356067898785595104234238757
0.00138356067898785595104234238757
0.00138218123833971635100171692487
0.00138218123833971635100171692487
0.00138079815620853073908360486677
0.00138079815620853073908360486677
0.0013794114362381556460064638549
0.0013794114362381556460064638549
0.00137802108208203182296954861902
0.00137802108208203182296954861902
0.00137662709740317461632868758459
0.00137662709740317461632868758459
0.00137522948587416431704691174995
0.00137522948587416431704691174995
0.00137382825117713648494536108898
0.00137382825117713648494536108898
0.00137242339700377224777996012664
0.00137242339700377224777996012664
0.00137101492705528857516942065817
0.00137101492705528857516942065817
0.00136960284504242852740019583933
0.00136960284504242852740019583933
0.00136818715468545147913407606433
0.00136818715468545147913407606433
0.00136676785971412331804418316883
0.00136676785971412331804418316883
0.00136534496386770661840518554937
0.00136534496386770661840518554937
0.00136391847089495078966362277566
0.00136391847089495078966362277566
0.00136248838455408220001429418936
0.00136248838455408220001429418936
0.00136105470861279427500873183215
0.00136105470861279427500873183215
0.0013596174468482375712218438255
0.0013596174468482375712218438255
0.00135817660304700982500288003688
0.00135817660304700982500288003688
0.00135673218100514597633693750901
0.00135673218100514597633693750901
0.00135528418452810816784328870294
0.00135528418452810816784328870294
0.00135383261743077571893688110969
0.00135383261743077571893688110969
0.0013523774835374350751794222202
0.0013523774835374350751794222202
0.00135091878668176973284652920868
0.00135091878668176973284652920868
0.00134945653070685013873748798001
0.00134945653070685013873748798001
0.00134799071946512356525423145724
0.00134799071946512356525423145724
0.00134652135681840396077621214122
0.00134652135681840396077621214122
0.00134504844663786177535790905897
0.00134504844663786177535790905897
0.00134357199280401376177577423285
0.00134357199280401376177577423285
0.00134209199920671275195148874624
0.00134209199920671275195148874624
0.00134060846974513740877846335503
0.00134060846974513740877846335503
0.00133912140832778195337858339673
0.00133912140832778195337858339673
0.00133763081887244586781626247993
0.00133763081887244586781626247993
0.00133613670530622357329693409729
0.00133613670530622357329693409729
0.00133463907156549408387717489322
0.00133463907156549408387717489322
0.00133313792159591063571371783479
0.00133313792159591063571371783479
0.00133163325935239029187867797888
0.00133163325935239029187867797888
0.00133012508879910352276837790223
0.00133012508879910352276837790223
0.0013286134139094637621332241614
0.0013286134139094637621332241614
0.00132709823866611693875615037863
0.00132709823866611693875615037863
0.00132557956706093098380720670545
0.00132557956706093098380720670545
0.00132405740309498531390193949939
0.00132405740309498531390193949939
0.00132253175077856028989126905972
0.00132253175077856028989126905972
0.00132100261413112665141063720579
0.00132100261413112665141063720579
0.00131946999718133492721626034581
0.00131946999718133492721626034581
0.00131793390396700482133638747525
0.00131793390396700482133638747525
0.00131639433853511457506552626139
0.00131639433853511457506552626139
0.00131485130494179030482966401459
0.00131485130494179030482966401459
0.00131330480725229531595057391691
0.00131330480725229531595057391691
0.00131175484954101939233736037477
0.00131175484954101939233736037477
0.0013102014358914680621334607842
0.0013102014358914680621334607842
0.00130864457039625183934738434486
0.00130864457039625183934738434486
0.00130708425715707544149553183204
0.00130708425715707544149553183204
0.00130552050028472698328550343408
0.00130552050028472698328550343408
0.00130395330389906714636836488646
0.00130395330389906714636836488646
0.00130238267212901832518840518208
0.00130238267212901832518840518208
0.00130080860911255374895898211062
0.00130080860911255374895898211062
0.0012992311189966865797931147782
0.0012992311189966865797931147782
0.00129765020593745898701754508055
0.00129765020593745898701754508055
0.00129606587409993119769905285015
0.00129606587409993119769905285015
0.00129447812765817052341187206864
0.00129447812765817052341187206864
0.00129288697079524036327511813082
0.00129288697079524036327511813082
0.00129129240770318918328919866531
0.00129129240770318918328919866531
0.00128969444258303947200024285966
0.00128969444258303947200024285966
0.00128809307964477667252164660342
0.00128809307964477667252164660342
0.00128648832310733809094189305225
0.00128648832310733809094189305225
0.0012848801771986017811478704286
0.0012848801771986017811478704286
0.00128326864615537540609297100997
0.00128326864615537540609297100997
0.00128165373422338507553931731429
0.00128165373422338507553931731429
0.0012800354456572641603035234728
0.0012800354456572641603035234728
0.00127841378472054208303546168467
0.00127841378472054208303546168467
0.00127678875568563308555956547337
0.00127678875568563308555956547337
0.00127516036283382497280826321292
0.00127516036283382497280826321292
0.0012735286104552678333771970626
0.0012735286104552678333771970626
0.00127189350284896273673194404035
0.00127189350284896273673194404035
0.00127025504432275040709601747921
0.00127025504432275040709601747921
0.00126861323919329987404998854619
0.00126861323919329987404998854619
0.00126696809178609709987162885989
0.00126696809178609709987162885989
0.00126531960643543358364703652088
0.00126531960643543358364703652088
0.00126366778748439494218276906804
0.00126366778748439494218276906804
0.00126201263928484946774906799361
0.00126201263928484946774906799361
0.00126035416619743666268432049089
0.00126035416619743666268432049089
0.00125869237259155575089096506893
0.00125869237259155575089096506893
0.00125702726284535416625310855102
0.00125702726284535416625310855102
0.00125535884134571601800618277491
0.00125535884134571601800618277491
0.0012536871124882505330890300352
0.0012536871124882505330890300352
0.00125201208067728047550886694988
0.00125201208067728047550886694988
0.00125033375032583054274963699502
0.00125033375032583054274963699502
0.00124865212585561573925432243243
0.00124865212585561573925432243243
0.00124696721169702972701184675655
0.00124696721169702972701184675655
0.00124527901228913315327925910614
0.00124527901228913315327925910614
0.00124358753207964195546995232613
0.00124358753207964195546995232613
0.00124189277552491564323872652286
0.00124189277552491564323872652286
0.00124019474708994555779457003302
0.00124019474708994555779457003302
0.00123849345124834310847208972234
0.00123849345124834310847208972234
0.00123678889248232798659258244415
0.00123678889248232798659258244415
0.00123508107528271635664579932045
0.00123508107528271635664579932045
0.00123337000414890902482351425905
0.00123337000414890902482351425905
0.00123165568358887958493606778882
0.00123165568358887958493606778882
0.00122993811811916254174311688189
0.00122993811811916254174311688189
0.00122821731226484141172988093588
0.00122821731226484141172988093588
0.00122649327055953680136023351141
0.00122649327055953680136023351141
0.00122476599754539446283804875902
0.00122476599754539446283804875902
0.00122303549777307332740827072658
0.00122303549777307332740827072658
0.00122130177580173351622923291184
0.00122130177580173351622923291184
0.00121956483619902432884781451525
0.00121956483619902432884781451525
0.0012178246835410722093090788557
0.0012178246835410722093090788557
0.00121608132241246868993209833576
0.00121608132241246868993209833576
0.00121433475740625831278372918355
0.00121433475740625831278372918355
0.00121258499312392652888215795523
0.00121258499312392652888215795523
0.00121083203417538757516210045473
0.00121083203417538757516210045473
0.00120907588517897232923359231686
0.00120907588517897232923359231686
0.00120731655076141614196636900428
0.00120731655076141614196636900428
0.00120555403555784664793189138956
0.00120555403555784664793189138956
0.0012037883442117715537351314296
0.0012037883442117715537351314296
0.0012020194813750664042682906912
0.0012020194813750664042682906912
0.00120024745170796232691868265306
0.00120024745170796232691868265306
0.00119847225987903375376306779157
0.00119847225987903375376306779157
0.00119669391056518612178078845421
0.00119669391056518612178078845421
0.00119491240845164355111810843603
0.00119491240845164355111810843603
0.00119312775823193650143622000076
0.00119312775823193650143622000076
0.00119133996460788940637543882868
0.00119133996460788940637543882868
0.00118954903228960828616816502825
0.00118954903228960828616816502825
0.00118775496599546833843324591781
0.00118775496599546833843324591781
0.00118595777045210150718443376638
0.00118595777045210150718443376638
0.00118415745039438403008568908
0.00118415745039438403008568908
0.00118235401056542396398613733039
0.00118235401056542396398613733039
0.00118054745571654868876754424721
0.00118054745571654868876754424721
0.00117873779060729238953723193262
0.00117873779060729238953723193262
0.00117692502000538351719941510812
0.00117692502000538351719941510812
0.00117510914868673222743799376726
0.00117510914868673222743799376726
0.0011732901814354177981438953853
0.0011732901814354177981438953853
0.00117146812304367602532011662623
0.00117146812304367602532011662623
0.00116964297831188659749767119048
0.00116964297831188659749767119048
0.0011678147520485604486957070614
0.0011678147520485604486957070614
0.00116598344907032708995911293594
0.00116598344907032708995911293594
0.00116414907420192191950699006479
0.00116414907420192191950699006479
0.00116231163227617351152542207852
0.00116231163227617351152542207852
0.00116047112813399088363803164021
0.00116047112813399088363803164021
0.00115862756662435074308786894015
0.00115862756662435074308786894015
0.00115678095260428471166423313509
0.00115678095260428471166423313509
0.00115493129093886652940808383342
0.00115493129093886652940808383342
0.0011530785865011992371297556367
0.0011530785865011992371297556367
0.00115122284417240233777274456966
0.00115122284417240233777274456966
0.00114936406884159893665739096212
0.00114936406884159893665739096212
0.00114750226540590286063833898967
0.00114750226540590286063833898967
0.00114563743877040575620970863318
0.00114563743877040575620970863318
0.00114376959384816416659197128164
0.00114376959384816416659197128164
0.00114189873556018658783457557734
0.00114189873556018658783457557734
0.00114002486883542050396842538738
0.00114002486883542050396842538738
0.00113814799861073940124236698079
0.00113814799861073940124236698079
0.00113626812983092976147789759522
0.00113626812983092976147789759522
0.0011343852674486780345763625927
0.0011343852674486780345763625927
0.00113249941642455759021296332814
0.00113249941642455759021296332814
0.00113061058172701564875195268895
0.00113061058172701564875195268895
0.00112871876833236019141745000757
0.00112871876833236019141745000757
0.00112682398122474684975436170178
0.00112682398122474684975436170178
0.00112492622539616577441394856002
0.00112492622539616577441394856002
0.00112302550584642848329863505958
0.00112302550584642848329863505958
0.00112112182758315468910071048611
0.00112112182758315468910071048611
0.00111921519562175910626962591116
0.00111921519562175910626962591116
0.00111730561498543823744264528197
0.00111730561498543823744264528197
0.00111539309070515713937366298328
0.00111539309070515713937366298328
0.00111347762781963616839505424512
0.00111347762781963616839505424512
0.00111155923137533770544747869241
0.00111155923137533770544747869241
0.00110963790642645286071261116259
0.00110963790642645286071261116259
0.00110771365803488815788382765525
0.00110771365803488815788382765525
0.00110578649127025219810992792369
0.00110578649127025219810992792369
0.00110385641120984230364702977126
0.00110385641120984230364702977126
0.00110192342293863114125382357654
0.00110192342293863114125382357654
0.00109998753154925332536542893885
0.00109998753154925332536542893885
0.00109804874214199200108114861131
0.00109804874214199200108114861131
0.0010961070598247654070014680704
0.0010961070598247654070014680704
0.00109416248971311341794970216017
0.00109416248971311341794970216017
0.00109221503693018406761374324521
0.00109221503693018406761374324521
0.00109026470660672005114341820849
0.00109026470660672005114341820849
0.00108831150388104520773901443939
0.00108831150388104520773901443939
0.00108635543389905098326658767198
0.00108635543389905098326658767198
0.00108439650181418287293571715542
0.00108439650181418287293571715542
0.00108243471278742684407542616512
0.00108243471278742684407542616512
0.00108047007198729573904403829709
0.00108047007198729573904403829709
0.00107850258458981565830879232655
0.00107850258458981565830879232655
0.00107653225577851232373109065664
0.00107653225577851232373109065664
0.00107455909074439742209330853328
0.00107455909074439742209330853328
0.00107258309468595492890314325745
0.00107258309468595492890314325745
0.00107060427280912741251153458713
0.00107060427280912741251153458713
0.0010686226303273023185802393866
0.0010686226303273023185802393866
0.00106663817246129823493519535179
0.00106663817246129823493519535179
0.00106465090443935113684186031559
0.00106465090443935113684186031559
0.00106266083149710061273876521727
0.00106266083149710061273876521727
0.001060667958877576070465570305
0.001060667958877576070465570305
0.00105867229183118292402196552927
0.00105867229183118292402196552927
0.00105667383561568876089380737856
0.00105667383561568876089380737856
0.00105467259549620948998293560588
0.00105467259549620948998293560588
0.00105266857674519547017716439645
0.00105266857674519547017716439645
0.00105066178464241761959699353195
0.00105066178464241761959699353195
0.00104865222447495350555563601575
0.00104865222447495350555563601575
0.0010466399015371734152690094363
0.0010466399015371734152690094363
0.00104462482113072640735238906166
0.00104462482113072640735238906166
0.00104260698856452634414047127792
0.00104260698856452634414047127792
0.00104058640915473790486764650624
0.00104058640915473790486764650624
0.00103856308822476257974533115943
0.00103856308822476257974533115943
0.00103653703110522464497325852713
0.00103653703110522464497325852713
0.00103450824313395711872167871006
0.00103450824313395711872167871006
0.00103247672965598769812146785794
0.00103247672965598769812146785794
0.00103044249602352467729919700173
0.00103044249602352467729919700173
0.00102840554759594284649426071037
0.00102840554759594284649426071037
0.00102636588973976937229521564265
0.00102636588973976937229521564265
0.00102432352782866965903252880854
0.00102432352782866965903252880854
0.00102227846724343319136498499949
0.00102227846724343319136498499949
0.00102023071337195935809705239413
0.00102023071337195935809705239413
0.00101818027160924325726455479499
0.00101818027160924325726455479499
0.0010161271473573614825260483019
0.0010161271473573614825260483019
0.00101407134602545789089734948016
0.00101407134602545789089734948016
0.00101201287302972935186671123432
0.00101201287302972935186671123432
0.00100995173379341147792819165345
0.00100995173379341147792819165345
0.00100788793374676433657081004878
0.00100788793374676433657081004878
0.00100582147832705814376113326171
0.00100582147832705814376113326171
0.00100375237297855893895698407706
0.00100375237297855893895698407706
0.00100168062315251424169001223495
0.00100168062315251424169001223495
0.00099960623430713868975491709279
0.00099960623430713868975491709279
0.00099752921190759965904315944861
0.00099752921190759965904315944861
0.00099544956142600286505904839576
0.00099544956142600286505904839576
0.000993367288341377946156137339
0.000993367288341377946156137339
0.00099128239813966402853191146144
0.00099128239813966402853191146144
0.00098919489631369527301879699149
0.00098919489631369527301879699149
0.00098710478836318640370957057831
0.00098710478836318640370957057831
0.00098501207979471821845529494345
0.00098501207979471821845529494345
0.00098291677612172308127395473477
0.00098291677612172308127395473477
0.00098081888286447039670801416718
0.00098081888286447039670801416718
0.00097871840555005206616916559163
0.00097871840555005206616916559163
0.00097661534971236792630858559085
0.00097661534971236792630858559085
0.00097450972089211116945106255557
0.00097450972089211116945106255557
0.00097240152463675374613140694963
0.00097240152463675374613140694963
0.00097029076650053174977160262585
0.00097029076650053174977160262585
0.00096817745204443078353720460636
0.00096817745204443078353720460636
0.00096606158683617130941153569182
0.00096606158683617130941153569182
0.00096394317645019397952628111298
0.00096394317645019397952628111298
0.00096182222646764494978712718531
0.00096182222646764494978712718531
0.00095969874247636117583313657308
0.00095969874247636117583313657308
0.00095757273007085569136859931263
0.00095757273007085569136859931263
0.0009554441948523028689061451865
0.0009554441948523028689061451865
0.00095331314242852366295994937902
0.00095331314242852366295994937902
0.00095117957841397083572790958134
0.00095117957841397083572790958134
0.00094904350842971416530171884839
0.00094904350842971416530171884839
0.00094690493810342563644380454241
0.00094690493810342563644380454241
0.00094476387306936461397014962704
0.00094476387306936461397014962704
0.00094262031896836299877805840271
0.00094262031896836299877805840271
0.00094047428144781036655797449781
0.00094047428144781036655797449781
0.00093832576616163908922850455073
0.00093832576616163908922850455073
0.0009361747787703094391338465356
0.0009361747787703094391338465356
0.00093402132494079467604286709869
0.00093402132494079467604286709869
0.00093186541034656611698911758355
0.00093186541034656611698911758355
0.00092970704066757818899112363023
0.00092970704066757818899112363023
0.00092754622159025346469232833774
0.00092754622159025346469232833774
0.00092538295880746768096011397915
0.00092538295880746768096011397915
0.00092321725801853474048337215461
0.00092321725801853474048337215461
0.0009210491249291916964081370601
0.0009210491249291916964081370601
0.00091887856525158372005084123769
0.00091887856525158372005084123769
0.00091670558470424905172879775697
0.00091670558470424905172879775697
0.00091453018901210393474755725706
0.00091453018901210393474755725706
0.00091235238390642753258483265355
0.00091235238390642753258483265355
0.0009101721751248468293107285854
0.0009101721751248468293107285854
0.00090798956841132151328405684289
0.00090798956841132151328405684289
0.00090580456951612884416456307833
0.00090580456951612884416456307833
0.00090361718419584850328093405804
0.00090361718419584850328093405804
0.0009014274182133474273944985648
0.0009014274182133474273944985648
0.0008992352773377646258985788063
0.0008992352773377646258985788063
0.0008970407673444959814934928256
0.0008970407673444959814934928256
0.00089484389401517903437725194534
0.00089484389401517903437725194534
0.00089264466313767774999204070705
0.00089264466313767774999204070705
0.0008904430805060672703666100915
0.0008904430805060672703666100915
0.00088823915192061864909475802429
0.00088823915192061864909475802429
0.00088603288318778356999011428406
0.00088603288318778356999011428406
0.00088382428012017904945748993722
0.00088382428012017904945748993722
0.00088161334853657212262109432399
0.00088161334853657212262109432399
0.00087940009426186451324996541527
0.00087940009426186451324996541527
0.000877184523127077287521002048
0.000877184523127077287521002048
0.00087496664096933549166002912884
0.00087496664096933549166002912884
0.00087274645363185277350136937125
0.00087274645363185277350136937125
0.00087052396696391598800643750015
0.00087052396696391598800643750015
0.00086829918682086978678191512024
0.00086829918682086978678191512024
0.00086607211906410119163810659936
0.00086607211906410119163810659936
0.000863842769561024152228118367
0.000863842769561024152228118367
0.00086161114418506408780854596873
0.00086161114418506408780854596873
0.00085937724881564241316239505206
0.00085937724881564241316239505206
0.00085714108933816104872500418581
0.00085714108933816104872500418581
0.00085490267164398691495377903453
0.00085490267164398691495377903453
0.00085266200163043641098258892166
0.00085266200163043641098258892166
0.00085041908520075987760171821955
0.00085041908520075987760171821955
0.00084817392826412604460430630082
0.00084817392826412604460430630082
0.00084592653673560646254025097491
0.00084592653673560646254025097491
0.00084367691653615991891859141431
0.00084367691653615991891859141431
0.0008414250735926168388994275479
0.0008414250735926168388994275479
0.00083917101383766367051647376387
0.00083917101383766367051647376387
0.00083691474320982725447138552094
0.00083691474320982725447138552094
0.00083465626765345917854103811507
0.00083465626765345917854103811507
0.00083239559311872011663897738848
0.00083239559311872011663897738848
0.00083013272556156415257230259904
0.00083013272556156415257230259904
0.00082786767094372308853528199057
0.00082786767094372308853528199057
0.00082560043523269073838104181856
0.00082560043523269073838104181856
0.00082333102440170720571270969036
0.00082333102440170720571270969036
0.00082105944442974314683543307526
0.00082105944442974314683543307526
0.00081878570130148401861073372634
0.00081878570130148401861073372634
0.00081650980100731431125469853383
0.00081650980100731431125469853383
0.00081423174954330176612154699805
0.00081423174954330176612154699805
0.00081195155291118157851415506902
0.00081195155291118157851415506902
0.00080966921711834058556315454921
0.00080966921711834058556315454921
0.00080738474817780143921626659594
0.00080738474817780143921626659594
0.00080509815210820676437956709002
0.00080509815210820676437956709002
0.00080280943493380330225242075781
0.00080280943493380330225242075781
0.00080051860268442603889785994409
0.00080051860268442603889785994409
0.00079822566139548231909022283399
0.00079822566139548231909022283399
0.00079593061710793594548190471245
0.00079593061710793594548190471245
0.00079363347586829126313111452984
0.00079363347586829126313111452984
0.00079133424372857722943256761252
0.00079133424372857722943256761252
0.00078903292674633146949308381649
0.00078903292674633146949308381649
0.00078672953098458431699409877132
0.00078672953098458431699409877132
0.00078442406251184284058313410001
0.00078442406251184284058313410001
0.00078211652740207485583631062836
0.00078211652740207485583631062836
0.000779806931734692922834026614
0.000779806931734692922834026614
0.00077749528159453832939196093187
0.00077749528159453832939196093187
0.00077518158307186505998959894746
0.00077518158307186505998959894746
0.00077286584226232375043851649369
0.00077286584226232375043851649369
0.00077054806526694562833269493979
0.00077054806526694562833269493979
0.00076822825819212643932317780235
0.00076822825819212643932317780235
0.0007659064271496103592594166989
0.0007659064271496103592594166989
0.00076358257825647389223969168312
0.00076358257825647389223969168312
0.00076125671763510975461302812809
0.00076125671763510975461302812809
0.00075892885141321074497506933964
0.00075892885141321074497506933964
0.00075659898572375360020040098547
0.00075659898572375360020040098547
0.00075426712670498283755386021823
0.00075426712670498283755386021823
0.00075193328050039458292339905033
0.00075193328050039458292339905033
0.0007495974532587203852171081068
0.0007495974532587203852171081068
0.00074725965113391101696704333837
0.00074725965113391101696704333837
0.00074491988028512026118253462082
0.00074491988028512026118253462082
0.00074257814687668868449569139811
0.00074257814687668868449569139811
0.00074023445707812739664185664631
0.00074023445707812739664185664631
0.00073788881706410179631779644158
0.00073788881706410179631779644158
0.00073554123301441530346044831031
0.00073554123301441530346044831031
0.00073319171111399307798908732051
0.00073319171111399307798908732051
0.0007308402575528657250538045428
0.0007308402575528657250538045428
0.00072848687852615298683322806528
0.00072848687852615298683322806528
0.00072613158023404742092445218977
0.00072613158023404742092445218977
0.00072377436888179806536817576712
0.00072377436888179806536817576712
0.00072141525067969409035208584651
0.00072141525067969409035208584651
0.0007190542318430484366355579176
0.0007190542318430484366355579176
0.00071669131859218144073877901541
0.00071669131859218144073877901541
0.00071432651715240444693943483514
0.00071432651715240444693943483514
0.00071195983375400340612013676829
0.00071195983375400340612013676829
0.00070959127463222246150979942249
0.00070959127463222246150979942249
0.000707220846027247521362213724
0.000707220846027247521362213724
0.00070484855418418981861509512613
0.00070484855418418981861509512613
0.00070247440535306945757292075595
0.00070247440535306945757292075595
0.00070009840578879894765690352847
0.00070009840578879894765690352847
0.00069772056175116672426548533913
0.00069772056175116672426548533913
0.00069534087950482065678876541424
0.00069534087950482065678876541424
0.0006929593653192515438203137532
0.0006929593653192515438203137532
0.00069057602546877659560985333652
0.00069057602546877659560985333652
0.00068819086623252290380032840019
0.00068819086623252290380032840019
0.00068580389389441089849290958857
0.00068580389389441089849290958857
0.00068341511474313779268352019598
0.00068341511474313779268352019598
0.00068102453507216101411450099048
0.00068102453507216101411450099048
0.00067863216117968162458506428219
0.00067863216117968162458506428219
0.00067623799936862772676422095343
0.00067623799936862772676422095343
0.00067384205594663785854989710751
0.00067384205594663785854989710751
0.00067144433722604437501798981889
0.00067144433722604437501798981889
0.00066904484952385681800514417793
0.00066904484952385681800514417793
0.00066664359916174527336906641966
0.00066664359916174527336906641966
0.00066424059246602371597022040755
0.00066424059246602371597022040755
0.00066183583576763334241878710939
0.00066183583576763334241878710939
0.00065942933540212589163079895451
0.00065942933540212589163079895451
0.00065702109770964695323739309815
0.00065702109770964695323739309815
0.00065461112903491926389115964051
0.00065461112903491926389115964051
0.00065219943572722599151359275518
0.00065219943572722599151359275518
0.00064978602414039400752768447301
0.00064978602414039400752768447301
0.00064737090063277714711973254446
0.00064737090063277714711973254446
0.00064495407156723945757446536495
0.00064495407156723945757446536495
0.00064253554331113843472761839412
0.00064253554331113843472761839412
0.00064011532223630824758012783105
0.00064011532223630824758012783105
0.00063769341471904295111813852364
0.00063769341471904295111813852364
0.00063526982714007968738305419097
0.00063526982714007968738305419097
0.00063284456588458187483588902283
0.00063284456588458187483588902283
0.00063041763734212238606021059101
0.00063041763734212238606021059101
0.00062798904790666671384799476151
0.00062798904790666671384799476151
0.00062555880397655612571274393652
0.00062555880397655612571274393652
0.00062312691195449080687425047924
0.00062312691195449080687425047924
0.00062069337824751299175941758321
0.00062069337824751299175941758321
0.00061825820926699008406358014158
0.00061825820926699008406358014158
0.00061582141142859776541679834976
0.00061582141142859776541679834976
0.00061338299115230309269962683786
0.00061338299115230309269962683786
0.00061094295486234758405289207656
0.00061094295486234758405289207656
0.00060850130898723029362604063267
0.00060850130898723029362604063267
0.00060605805995969087510865056721
0.00060605805995969087510865056721
0.00060361321421669263408972787089
0.00060361321421669263408972787089
0.00060116677819940556928943931804
0.00060116677819940556928943931804
0.00059871875835318940270796249167
0.00059871875835318940270796249167
0.00059626916112757659873616298846
0.00059626916112757659873616298846
0.00059381799297625537227283795368
0.00059381799297625537227283795368
0.00059136526035705268589329412227
0.00059136526035705268589329412227
0.00058891096973191723611405745364
0.00058891096973191723611405745364
0.00058645512756690242879854024427
0.00058645512756690242879854024427
0.00058399774033214934374852028384
0.00058399774033214934374852028384
0.00058153881450186968852631518804
0.00058153881450186968852631518804
0.00057907835655432874155256349342
0.00057907835655432874155256349342
0.00057661637297182828452455243844
0.00057661637297182828452455243844
0.00057415287024068952420006057849
0.00057415287024068952420006057849
0.0005716878548512360035917114928
0.0005716878548512360035917114928
0.00056922133329777650261686283704
0.00056922133329777650261686283704
0.00056675331207858792824808287796
0.00056675331207858792824808287796
0.00056428379769589819420929441479
0.00056428379769589819420929441479
0.00056181279665586909026269364781
0.00056181279665586909026269364781
0.0005593403154685791411315790966
0.0005593403154685791411315790966
0.0005568663606480064551042531
0.0005568663606480064551042531
0.0005543909387120115623641857469
0.0005543909387120115623641857469
0.0005519140561823202430916582906
0.0005519140561823202430916582906
0.0005494357195845063453821301935
0.0005494357195845063453821301935
0.0005469559354479745930266009285
0.0005469559354479745930266009285
0.0005444747103059433831992645333
0.0005444747103059433831992645333
0.0005419920506954275740977816737
0.0005419920506954275740977816737
0.000539507963157221262581520618
0.000539507963157221262581520618
0.0005370224542358805518531450646
0.0005370224542358805518531450646
0.0005345355304797063092289531933
0.0005345355304797063092289531933
0.0005320471984407269140433986286
0.0005320471984407269140433986286
0.000529557464674680995733250217
0.000529557464674680995733250217
0.0005270663357410001621468736215
0.0005270663357410001621468736215
0.0005245738182027917181241437327
0.0005245738182027917181241437327
0.0005220799186268213743925227857
0.0005220799186268213743925227857
0.0005195846435834959468248648555
0.0005195846435834959468248648555
0.0005170879996468460461045330807
0.0005170879996468460461045330807
0.0005145899933945087578434415424
0.0005145899933945087578434415424
0.0005120906314077103131986591906
0.0005120906314077103131986591906
0.0005095899202712487500332385867
0.0005095899202712487500332385867
0.0005070878665734765646669574887
0.0005070878665734765646669574887
0.0005045844769062833542626864817
0.0005045844769062833542626864817
0.0005020797578650784498941209166
0.0005020797578650784498941209166
0.0004995737160487735403406403944
0.0004995737160487735403406403944
0.0004970663580597652866550839069
0.0004970663580597652866550839069
0.0004945576905039179275502535201
0.0004945576905039179275502535201
0.0004920477199905458756499841777
0.0004920477199905458756499841777
0.0004895364531323963046506417898
0.0004895364531323963046506417898
0.0004870238965456317274389362801
0.0004870238965456317274389362801
0.0004845100568498125652119606787
0.0004845100568498125652119606787
0.0004819949406678797076453916791
0.0004819949406678797076453916791
0.0004794785546261370641558113223
0.0004794785546261370641558113223
0.0004769609053542341063031336385
0.0004769609053542341063031336385
0.000474441999485148401379144162
0.000474441999485148401379144162
0.0004719218436551681372281842454
0.0004719218436551681372281842454
0.0004694004445038746383460360373
0.0004694004445038746383460360373
0.0004668778086741248733030878557
0.0004668778086741248733030878557
0.0004643539428120339535378834896
0.0004643539428120339535378834896
0.0004618288535669576235671827011
0.0004618288535669576235671827011
0.0004593025475914747426586838802
0.0004593025475914747426586838802
0.0004567750315413697580125834297
0.0004567750315413697580125834297
0.0004542463120756151694981700316
0.0004542463120756151694981700316
0.000451716395856353985991675481
0.000451716395856353985991675481
0.000449185289548882173361627259
0.000449185289548882173361627259
0.0004466529998216310941479714775
0.0004466529998216310941479714775
0.0004441195333461499389812582543
0.0004441195333461499389812582543
0.0004415848967970881497882049865
0.0004415848967970881497882049865
0.0004390490968521778348299763832
0.0004390490968521778348299763832
0.0004365121401922161756195435047
0.0004365121401922161756195435047
0.0004339740335010478257645074464
0.0004339740335010478257645074464
0.0004314347834655473017817967025
0.0004314347834655473017817967025
0.0004288943967756013659306706685
0.0004288943967756013659306706685
0.0004263528801240914011104851899
0.0004263528801240914011104851899
0.0004238102402068757778696995598
0.0004238102402068757778696995598
0.0004212664837227722135726279161
0.0004212664837227722135726279161
0.0004187216173735401237704616062
0.0004187216173735401237704616062
0.0004161756478638629658231127825
0.0004161756478638629658231127825
0.0004136285819013305748184532909
0.0004136285819013305748184532909
0.0004110804261964214918355468241
0.0004110804261964214918355468241
0.000408531187462485284598496353
0.000408531187462485284598496353
0.0004059808724157248605675530456
0.0004059808724157248605675530456
0.0004034294877751787725141572536
0.0004034294877751787725141572536
0.0004008770402627035166266067097
0.0004008770402627035166266067097
0.0003983235366029558231930718697
0.0003983235366029558231930718697
0.0003957689835233749399087033696
0.0003957689835233749399087033696
0.0003932133877541649078536018869
0.0003932133877541649078536018869
0.0003906567560282768301884463226
0.0003906567560282768301884463226
0.0003880990950813911336146021993
0.0003880990950813911336146021993
0.0003855404116518998226455585294
0.0003855404116518998226455585294
0.0003829807124808887267365681995
0.0003829807124808887267365681995
0.000380420004312119740319394178
0.000380420004312119740319394178
0.0003778582938920130557890916362
0.0003778582938920130557890916362
0.0003752955879696293894897844368
0.0003752955879696293894897844368
0.0003727318932966522007464234399
0.0003727318932966522007464234399
0.0003701672166273699039895437742
0.0003701672166273699039895437742
0.0003676015647186580740200686925
0.0003676015647186580740200686925
0.0003650349443299616444612389464
0.0003650349443299616444612389464
0.000362467362223277099444778868
0.000362467362223277099444778868
0.0003598988251631346585784436245
0.0003598988251631346585784436245
0.0003573293399165804552421265159
0.0003573293399165804552421265159
0.0003547589132531587082597408292
0.0003547589132531587082597408292
0.0003521875519448938869941277704
0.0003521875519448938869941277704
0.0003496152627662728699122804935
0.0003496152627662728699122804935
0.0003470420524942270966682143901
0.0003470420524942270966682143901
0.0003444679279081147137508557504
0.0003444679279081147137508557504
0.0003418928957897027137443648388
0.0003418928957897027137443648388
0.0003393169629231490682483555342
0.0003393169629231490682483555342
0.0003367401360949848545055221947
0.0003367401360949848545055221947
0.0003341624220940963757842355424
0.0003341624220940963757842355424
0.0003315838277117072755637234027
0.0003315838277117072755637234027
0.0003290043597413606455695093564
0.0003290043597413606455695093564
0.0003264240249789011277068430946
0.0003264240249789011277068430946
0.0003238428302224570099399208628
0.0003238428302224570099399208628
0.0003212607822724223161647632351
0.0003212607822724223161647632351
0.000318677887931438890123691002
0.000318677887931438890123691002
0.0003160941540043784734094186727
0.0003160941540043784734094186727
0.000313509587298324777606869525
0.000313509587298324777606869525
0.0003109241946225555506209068617
0.0003109241946225555506209068617
0.0003083379827885246372382738346
0.0003083379827885246372382738346
0.0003057509586098440339721395845
0.0003057509586098440339721395845
0.0003031631289022659382377633647
0.0003031631289022659382377633647
0.0003005745004836647919079116487
0.0003005745004836647919079116487
0.0002979850801740193192967970102
0.0002979850801740193192967970102
0.0002953948747953945596214529255
0.0002953948747953945596214529255
0.0002928038911719238939896168577
0.0002928038911719238939896168577
0.0002902121361297910669633664566
0.0002902121361297910669633664566
0.0002876196164972122027479420351
0.0002876196164972122027479420351
0.0002850263391044178160553944386
0.0002850263391044178160553944386
0.0002824323107836348176929230065
0.0002824323107836348176929230065
0.0002798375383690685149260157766
0.0002798375383690685149260157766
0.0002772420286968846066667759131
0.0002772420286968846066667759131
0.0002746457886051911735381173955
0.0002746457886051911735381173955
0.0002720488249340206628648424682
0.0002720488249340206628648424682
0.0002694511445253118686429768259
0.0002694511445253118686429768259
0.0002668527542228919065391400619
0.0002668527542228919065391400619
0.000264253660872458183972173127
0.000264253660872458183972173127
0.0002616538713215603653297366366
0.0002616538713215603653297366366
0.0002590533924195823323731397094
0.0002590533924195823323731397094
0.0002564522310177241398842653108
0.0002564522310177241398842653108
0.0002538503939689839666091323808
0.0002538503939689839666091323808
0.000251247888128140061553386
0.000251247888128140061553386
0.000248644720351732685685844284
0.000248644720351732685685844284
0.0002460408974980460491071658268
0.0002460408974980460491071658268
0.0002434364264270902437417470973
0.0002434364264270902437417470973
0.0002408313140005831716121298662
0.0002408313140005831716121298662
0.0002382255670819324687565112278
0.0002382255670819324687565112278
0.0002356191925362174248514222688
0.0002356191925362174248514222688
0.0002330121972301708986032979495
0.0002330121972301708986032979495
0.0002304045880321612289745256255
0.0002304045880321612289745256255
0.0002277963718121741423116620078
0.0002277963718121741423116620078
0.0002251875554417946554458818749
0.0002251875554417946554458818749
0.0002225781457941889748384053523
0.0002225781457941889748384053523
0.0002199681497440863918466890195
0.0002199681497440863918466890195
0.0002173575741677611741906115853
0.0002173575741677611741906115853
0.0002147464259430144537017978589
0.0002147464259430144537017978589
0.0002121347119491561104436755716
0.0002121347119491561104436755716
0.0002095224390669866532949302015
0.0002095224390669866532949302015
0.0002069096141787790970948089408
0.0002069096141787790970948089408
0.0002042962441682608364553381355
0.0002042962441682608364553381355
0.0002016823359205955163530899046
0.0002016823359205955163530899046
0.0001990678963223648996218169599
0.0001990678963223648996218169599
0.0001964529322615507314772507372
0.0001964529322615507314772507372
0.0001938374506275166012168399395
0.0001938374506275166012168399395
0.0001912214583109898012504462064
0.0001912214583109898012504462064
0.0001886049622040431836333087854
0.0001886049622040431836333087854
0.0001859879692000770142902942322
0.0001859879692000770142902942322
0.0001833704861938008251409804985
0.0001833704861938008251409804985
0.0001807525200812152643589880593
0.0001807525200812152643589880593
0.0001781340777595939450267622068
0.0001781340777595939450267622068
0.0001755151661274652924794467077
0.0001755151661274652924794467077
0.0001728957920845943906694298016
0.0001728957920845943906694298016
0.0001702759625319648279276243853
0.0001702759625319648279276243853
0.0001676556843717605425498148559
0.0001676556843717605425498148559
0.0001650349645073476686979759951
0.0001650349645073476686979759951
0.0001624138098432563831791803668
0.0001624138098432563831791803668
0.0001597922272851627537507948918
0.0001597922272851627537507948918
0.0001571702237398705897028535483
0.0001571702237398705897028535483
0.0001545478061152932955901241682
0.0001545478061152932955901241682
0.0001519249813204357291315706043
0.0001519249813204357291315706043
0.000149301756265376064468711429
0.000149301756265376064468711429
0.0001466781378612476621830581663
0.0001466781378612476621830581663
0.0001440541330202209477241587886
0.0001440541330202209477241587886
0.0001414297486554853002034694616
0.0001414297486554853002034694616
0.0001388049916812309538774549109
0.0001388049916812309538774549109
0.000136179869012630915091202888
0.000136179869012630915091202888
0.0001335543875658228980006321509
0.0001335543875658228980006321509
0.0001309285542578912830613902176
0.0001309285542578912830613902176
0.0001283023760068491030967006356
0.0001283023760068491030967006356
0.0001256758597316200627742391137
0.0001256758597316200627742391137
0.0001230490123520205985843116452
0.0001230490123520205985843116452
0.0001204218407887419879836026492
0.0001204218407887419879836026492
0.0001177943519633325183353910617
0.0001177943519633325183353910617
0.0001151665527981797287489811434
0.0001151665527981797287489811434
0.0001125384502164927410431136592
0.0001125384502164927410431136592
0.0001099100511422847000214123013
0.0001099100511422847000214123013
0.0001072813625003553483059467481
0.0001072813625003553483059467481
0.0001046523912162737674660709715
0.0001046523912162737674660709715
0.0001020231442163613255583721431
0.0001020231442163613255583721431
0.0000993936284276748820747918766
0.0000993936284276748820747918766
0.000096763850777990315517753
0.000096763850777990315517753
0.0000941338181957864575340852933
0.0000941338181957864575340852933
0.0000915035376102295423362844672
0.0000915035376102295423362844672
0.0000888730159511583132430221372
0.0000888730159511583132430221372
0.0000862422601490699727109597599
0.0000862422601490699727109597599
0.0000836112771351072226557410557
0.0000836112771351072226557410557
0.0000809800738410467245575725164
0.0000809800738410467245575725164
0.000078348657199289423078638928
0.000078348657199289423078638928
0.0000757170341428533362698790304
0.0000757170341428533362698790304
0.0000730852116053696400703937356
0.0000730852116053696400703937356
0.0000704531965210831949898987825
0.0000704531965210831949898987825
0.0000678209958248591247271625085
0.0000678209958248591247271625085
0.0000651886164521977312344949235
0.0000651886164521977312344949235
0.0000625560653392610300689627902
0.0000625560653392610300689627902
0.00005992334942291569178349952
0.00005992334942291569178349952
0.0000572904756407994683725727451
0.0000572904756407994683725727451
0.0000546574509314217458176378774
0.0000546574509314217458176378774
0.000052024282234314500297020231
0.000052024282234314500297020231
0.000049390976490259037139556958
0.000049390976490259037139556958
0.000046757540641628917064822009
0.000046757540641628917064822009
0.000044123981632914889754929698
0.000044123981632914889754929698
0.000041490306411541813902179886
0.000041490306411541813902179886
0.000038856521929166586915790935
0.000038856521929166586915790935
0.000036222635143792375248302858
0.000036222635143792375248302858
0.000033588653023315397729140059
0.000033588653023315397729140059
0.00003095458255168352199105071
0.00003095458255168352199105071
0.000028320430740029995559049091
0.000028320430740029995559049091
0.00002568620464777877369034308
0.00002568620464777877369034308
0.000023051911424968328281079934
0.000023051911424968328281079934
0.000020417558403071823665622621
0.000020417558403071823665622621
0.000017783153306737939946014584
0.000017783153306737939946014584
0.000015148704801597170775953485
0.000015148704801597170775953485
0.000012514224116037462760368735
0.000012514224116037462760368735
9.879730803145173573863865e-6
9.879730803145173573863865e-6
7.245279376761899126992128e-6
7.245279376761899126992128e-6
4.61114714277079082371867e-6
4.61114714277079082371867e-6
1.98089745280581988940762e-6
1.98089745280581988940762e-6