0.00294846767497708003044267414076
0.00294845485878824214566848514904
0.00294845485878824214566848514904
0.00294841641033314548107450197937
0.00294841641033314548107450197937
0.00294835232994604003724763936265
0.00294835232994604003724763936265
0.0029482626181840059198450533712
0.0029482626181840059198450533712
0.0029481472758269484966420602808
0.0029481472758269484966420602808
0.00294800630387759161745816587594
0.00294800630387759161745816587594
0.00294783970356146889702014748146
0.00294783970356146889702014748146
0.00294764747632691306083797077798
0.00294764747632691306083797077798
0.00294742962384504335418616257374
0.00294742962384504335418616257374
0.00294718614800975101430009901506
0.00294718614800975101430009901506
0.00294691705093768280591350607646
0.00294691705093768280591350607646
0.00294662233496822262028030543155
0.00294662233496822262028030543155
0.00294630200266347113784077382216
0.00294630200266347113784077382216
0.00294595605680822355470881766837
0.00294595605680822355470881766837
0.00294558450040994537317399675079
0.00294558450040994537317399675079
0.00294518733669874625642876120109
0.00294518733669874625642876120109
0.00294476456912735194774819461275
0.00294476456912735194774819461275
0.00294431620137107425436638268277
0.00294431620137107425436638268277
0.00294384223732777909631035127291
0.00294384223732777909631035127291
0.00294334268111785262046933998729
0.00294334268111785262046933998729
0.00294281753708416538019399715726
0.00294281753708416538019399715726
0.00294226680979203458073689935753
0.00294226680979203458073689935753
0.00294169050402918439086261310318
0.00294169050402918439086261310318
0.00294108862480570432097232804977
0.00294108862480570432097232804977
0.00294046117735400566810489969168
0.00294046117735400566810489969168
0.00293980816712877602819294508106
0.00293980816712877602819294508106
0.00293912959980693187596943732567
0.00293912959980693187596943732567
0.00293842548128756921293704342136
0.00293842548128756921293704342136
0.00293769581769191228382924518918
0.00293769581769191228382924518918
0.00293694061536326036200907457124
0.00293694061536326036200907457124
0.00293615988086693260426808214772
0.00293615988086693260426808214772
0.00293535362099021097550494132406
0.00293535362099021097550494132406
0.00293452184274228124377987005633
0.00293452184274228124377987005633
0.00293366455335417204625782708802
0.00293366455335417204625782708802
0.00293278176027869202657021031783
0.00293278176027869202657021031783
0.0029318734711903650441415509584
0.0029318734711903650441415509584
0.00293093969398536345604445843648
0.00293093969398536345604445843648
0.00292998043678143947196282737775
0.00292998043678143947196282737775
0.00292899570791785458286006937098
0.00292899570791785458286006937098
0.00292798551595530706396587836895
0.00292798551595530706396587836895
0.00292694986967585755271177941341
0.00292694986967585755271177941341
0.00292588877808285270226244572157
0.00292588877808285270226244572157
0.00292480225040084691130649889796
0.00292480225040084691130649889796
0.00292369029607552213078723099105
0.00292369029607552213078723099105
0.00292255292477360574827040515513
0.00292255292477360574827040515513
0.00292139014638278655066300365758
0.00292139014638278655066300365758
0.00292020197101162876601349774569
0.00292020197101162876601349774569
0.00291898840898948418514091330998
0.00291898840898948418514091330998
0.00291774947086640236385665920731
0.00291774947086640236385665920731
0.00291648516741303890655977139184
0.00291648516741303890655977139184
0.00291519550962056183200290550014
0.00291519550962056183200290550014
0.00291388050870055602204308310364
0.00291388050870055602204308310364
0.00291254017608492575420786233151
0.00291254017608492575420786233151
0.00291117452342579531892426183591
0.00291117452342579531892426183591
0.00290978356259540772227441797429
0.00290978356259540772227441797429
0.00290836730568602147515859847471
0.00290836730568602147515859847471
0.0029069257650098054697628315862
0.0029069257650098054697628315862
0.00290545895309873194424503765196
0.00290545895309873194424503765196
0.0029039668827044675365701700337
0.0029039668827044675365701700337
0.00290244956679826242844148421714
0.00290244956679826242844148421714
0.0029009070185708375802916575965
0.0029009070185708375802916575965
0.00289933925143227005831407772504
0.00289933925143227005831407772504
0.00289774627901187645453120358672
0.00289774627901187645453120358672
0.00289612811515809440091348254411
0.00289612811515809440091348254411
0.00289448477393836217857887490838
0.00289448477393836217857887490838
0.00289281626963899642311959841221
0.00289281626963899642311959841221
0.00289112261676506792711925610332
0.00289112261676506792711925610332
0.00288940383004027554094005317055
0.00288940383004027554094005317055
0.00288765992440681817287634082212
0.00288765992440681817287634082212
0.00288589091502526488978724841332
0.00288589091502526488978724841332
0.00288409681727442311933767842502
0.00288409681727442311933767842502
0.00288227764675120495499344248086
0.00288227764675120495499344248086
0.00288043341927049156493281021699
0.00288043341927049156493281021699
0.00287856415086499570605322633989
0.00287856415086499570605322633989
0.00287666985778512234426842448203
0.00287666985778512234426842448203
0.00287475055649882738230762934879
0.00287475055649882738230762934879
0.00287280626369147449624499100001
0.00287280626369147449624499100001
0.00287083699626569008200383678211
0.00287083699626569008200383678211
0.00286884277134121631309675728052
0.00286884277134121631309675728052
0.00286682360625476231087896255245
0.00286682360625476231087896255245
0.00286477951855985342860875368546
0.00286477951855985342860875368546
0.00286271052602667865062535226474
0.00286271052602667865062535226474
0.00286061664664193610797071647858
0.00286061664664193610797071647858
0.00285849789860867671179834720573
0.00285849789860867671179834720573
0.00285635430034614590592845036634
0.00285635430034614590592845036634
0.00285418587048962353992517293951
0.00285418587048962353992517293951
0.00285199262789026186408796921142
0.00285199262789026186408796921142
0.00284977459161492164776548087736
0.00284977459161492164776548087736
0.00284753178094600642241662943681
0.00284753178094600642241662943681
0.00284526421538129485085992175071
0.00284526421538129485085992175071
0.00284297191463377122416825953287
0.00284297191463377122416825953287
0.00284065489863145408768282078151
0.00284065489863145408768282078151
0.00283831318751722299763584558051
0.00283831318751722299763584558051
0.00283594680164864340988841017142
0.00283594680164864340988841017142
0.00283355576159778970230551157641
0.00283355576159778970230551157641
0.00283114008815106633230701019638
0.00283114008815106633230701019638
0.00282869980230902713114918957789
0.00282869980230902713114918957789
0.00282623492528619273650789079535
0.00282623492528619273650789079535
0.00282374547851086616495036349082
0.00282374547851086616495036349082
0.002821231483624946525899146412
0.002821231483624946525899146412
0.00281869296248374087870744714858
0.00281869296248374087870744714858
0.00281612993715577423448163354852
0.00281612993715577423448163354852
0.00281354242992259770430257785729
0.00281354242992259770430257785729
0.00281093046327859479551370882603
0.00281093046327859479551370882603
0.00280829405993078585775972673751
0.00280829405993078585775972673751
0.00280563324279863068047602136275
0.00280563324279863068047602136275
0.00280294803501382924354490314539
0.00280294803501382924354490314539
0.00280023845992012062285081327695
0.00280023845992012062285081327695
0.00279750454107308005248271863282
0.00279750454107308005248271863282
0.00279474630223991414534792264822
0.00279474630223991414534792264822
0.00279196376739925427397753298529
0.00279196376739925427397753298529
0.00278915696074094811331982113793
0.00278915696074094811331982113793
0.00278632590666584934733368780076
0.00278632590666584934733368780076
0.00278347062978560554121041075462
0.00278347062978560554121041075462
0.00278059115492244418106779905307
0.00278059115492244418106779905307
0.00277768750710895688297680829503
0.00277768750710895688297680829503
0.00277475971158788177319658659926
0.00277475971158788177319658659926
0.00277180779381188404150981941776
0.00277180779381188404150981941776
0.00276883177944333466956612340012
0.00276883177944333466956612340012
0.0027658316943540873361571050107
0.0027658316943540873361571050107
0.00276280756462525350136254836752
0.00276280756462525350136254836752
0.00275975941654697567152302867815
0.00275975941654697567152302867815
0.00275668727661819884701006255584
0.00275668727661819884701006255584
0.00275359117154644015478070427164
0.00275359117154644015478070427164
0.00275047112824755666771927749742
0.00275047112824755666771927749742
0.00274732717384551141278469518353
0.00274732717384551141278469518353
0.00274415933567213756999756575669
0.00274415933567213756999756575669
0.002740967641266900864317011681
0.002740967641266900864317011681
0.00273775211837666015247283646134
0.00273775211837666015247283646134
0.00273451279495542620683436824767
0.00273451279495542620683436824767
0.0027312496991641186984129821836
0.0027312496991641186984129821836
0.00272796285937032138111095939754
0.00272796285937032138111095939754
0.00272465230414803547934497792335
0.00272465230414803547934497792335
0.00272131806227743128118814972373
0.00272131806227743128118814972373
0.00271796016274459793919011823793
0.00271796016274459793919011823793
0.00271457863474129148105031235023
0.00271457863474129148105031235023
0.00271117350766468103233501524086
0.00271117350766468103233501524086
0.00270774481111709325344445010295
0.00270774481111709325344445010295
0.00270429257490575499305160904999
0.00270429257490575499305160904999
0.00270081682904253416025005656648
0.00270081682904253416025005656648
0.00269731760374367881766342443161
0.00269731760374367881766342443161
0.0026937949294295544977847810406
0.0026937949294295544977847810406
0.00269024883672437974482950432373
0.00269024883672437974482950432373
0.00268667935645595988440071388652
0.00268667935645595988440071388652
0.00268308651965541902328172443086
0.00268308651965541902328172443086
0.00267947035755693028168536883273
0.00267947035755693028168536883273
0.00267583090159744426030540531357
0.00267583090159744426030540531357
0.00267216818341641574453056881583
0.00267216818341641574453056881583
0.00266848223485552864819715184493
0.00266848223485552864819715184493
0.00266477308795841919927130453772
0.00266477308795841919927130453772
0.00266104077497039736986752742666
0.00266104077497039736986752742666
0.00265728532833816655302509315842
0.00265728532833816655302509315842
0.00265350678070954148867937516146
0.00265350678070954148867937516146
0.00264970516493316444128028180712
0.00264970516493316444128028180712
0.00264588051405821963152519384098
0.00264588051405821963152519384098
0.00264203286133414592468898064319
0.00264203286133414592468898064319
0.00263816224021034777804882707621
0.00263816224021034777804882707621
0.00263426868433590444991673716413
0.00263426868433590444991673716413
0.0026303522275592774728076934884
0.0026303522275592774728076934884
0.00262641290392801639328654184823
0.00262641290392801639328654184823
0.00262245074768846278105173928937
0.00262245074768846278105173928937
0.00261846579328545250982914992179
0.00261846579328545250982914992179
0.002614458075362016312664096893
0.002614458075362016312664096893
0.00261042762875907861421488033039
0.00261042762875907861421488033039
0.00260637448851515464266594988114
0.00260637448851515464266594988114
0.00260229868986604582389387653251
0.00260229868986604582389387653251
0.00259820026824453346053420155871
0.00259820026824453346053420155871
0.00259407925928007069861215058257
0.00259407925928007069861215058257
0.00258993569879847278441508773239
0.00258993569879847278441508773239
0.00258576962282160561429944858568
0.00258576962282160561429944858568
0.00258158106756707258013973089461
0.00258158106756707258013973089461
0.00257737006944789971314193885214
0.00257737006944789971314193885214
0.0025731366650722191287586697555
0.0025731366650722191287586697555
0.00256888089124295077545780122552
0.00256888089124295077545780122552
0.0025646027849574824901114825182
0.0025646027849574824901114825182
0.00256030238340734836278685479073
0.00256030238340734836278685479073
0.0025559797239779054137346223299
0.0025559797239779054137346223299
0.00255163484424800858538626958821
0.00255163484424800858538626958821
0.00254726778198968405218536727575
0.00254726778198968405218536727575
0.00254287857516780085109303459481
0.00254287857516780085109303459481
0.00253846726193974083562222385413
0.00253846726193974083562222385413
0.00253403388065506695627006803201
0.00253403388065506695627006803201
0.00252957846985518987023208124689
0.00252957846985518987023208124689
0.00252510106827303288329652641279
0.00252510106827303288329652641279
0.00252060171483269522683176347987
0.00252060171483269522683176347987
0.00251608044864911367279386546092
0.00251608044864911367279386546092
0.00251153730902772248969623779656
0.00251153730902772248969623779656
0.00250697233546411174249739939065
0.00250697233546411174249739939065
0.00250238556764368393937748072651
0.00250238556764368393937748072651
0.00249777704544130902838836572981
0.00249777704544130902838836572981
0.00249314680892097774697674934947
0.00249314680892097774697674934947
0.00248849489833545332739370205992
0.00248849489833545332739370205992
0.00248382135412592156101862552142
0.00248382135412592156101862552142
0.00247912621692163922463975034574
0.00247912621692163922463975034574
0.00247440952753958087174756717853
0.00247440952753958087174756717853
0.00246967132698408399191179600335
0.00246967132698408399191179600335
0.00246491165644649254132668557147
0.00246491165644649254132668557147
0.00246013055730479884762359504373
0.00246013055730479884762359504373
0.00245532807112328389206394317242
0.00245532807112328389206394317242
0.00245050423965215597223971652905
0.00245050423965215597223971652905
0.00244565910482718774842280727625
0.00244565910482718774842280727625
0.00244079270876935167671850266595
0.00244079270876935167671850266595
0.002435905093784453832192472699
0.002435905093784453832192472699
0.00243099630236276612515459908265
0.00243099630236276612515459908265
0.0024260663771786569137969576488
0.0024260663771786569137969576488
0.00242111536109022001639720762717
0.00242111536109022001639720762717
0.00241614329713890212631255448218
0.00241614329713890212631255448218
0.00241115022854912863300333829889
0.00241115022854912863300333829889
0.00240613619872792785233915682196
0.00240613619872792785233915682196
0.00240110125126455366945426109099
0.00240110125126455366945426109099
0.00239604542993010659743276205602
0.00239604542993010659743276205602
0.00239096877867715325511795847874
0.00239096877867715325511795847874
0.00238587134163934426735383970719
0.00238587134163934426735383970719
0.00238075316313103059098053143655
0.00238075316313103059098053143655
0.00237561428764687826991913821556
0.00237561428764687826991913821556
0.00237045475986148162269509310855
0.00237045475986148162269509310855
0.00236527462462897486576275245892
0.00236527462462897486576275245892
0.00236007392698264217600757200149
0.00236007392698264217600757200149
0.00235485271213452619581576952131
0.00235485271213452619581576952131
0.00234961102547503498411491873727
0.00234961102547503498411491873727
0.00234434891257254741680242898112
0.00234434891257254741680242898112
0.00233906641917301703999234543125
0.00233906641917301703999234543125
0.00233376359119957437952435502609
0.00233376359119957437952435502609
0.00232844047475212771019230360939
0.00232844047475212771019230360939
0.00232309711610696228816292023067
0.00232309711610696228816292023067
0.00231773356171633805006880472386
0.00231773356171633805006880472386
0.00231234985820808578227306459811
0.00231234985820808578227306459811
0.00230694605238520176381628678201
0.00230694605238520176381628678201
0.00230152219122544088656979875003
0.00230152219122544088656979875003
0.0022960783218809082561324119124
0.0022960783218809082561324119124
0.0022906144916776492770210477524
0.0022906144916776492770210477524
0.00228513074811523822571882393239
0.00228513074811523822571882393239
0.00227962713886636531515732334841
0.00227962713886636531515732334841
0.00227410371177642225422288377764
0.00227410371177642225422288377764
0.00226856051486308630588982922005
0.00226856051486308630588982922005
0.00226299759631590284759661617104
0.00226299759631590284759661617104
0.00225741500449586643749388876283
0.00225741500449586643749388876283
0.00225181278793500039020642586486
0.00225181278793500039020642586486
0.00224619099533593486576392072557
0.00224619099533593486576392072557
0.0022405496755714834753684594562
0.0022405496755714834753684594562
0.0022348888776842184076794584893
0.0022348888776842184076794584893
0.002229208650886044079309682981
0.002229208650886044079309682981
0.0022235090445577693132387978466
0.0022235090445577693132387978466
0.0022177901082486780488637006296
0.0022177901082486780488637006296
0.0022120518916760985874176505676
0.0022120518916760985874176505676
0.0022062944447249713765029409524
0.0022062944447249713765029409524
0.0022005178174474153374945620514
0.0022005178174474153374945620514
0.00219472206006229273958496937
0.00219472206006229273958496937
0.0021889072229547726242527067646
0.0021889072229547726242527067646
0.0021830733566758927839502357724
0.0021830733566758927839502357724
0.0021772205119421202988188913746
0.0021772205119421202988188913746
0.0021713487396349106352514201668
0.0021713487396349106352514201668
0.0021654580908002653101350594507
0.0021654580908002653101350594507
0.0021595486166482881246205849821
0.0021595486166482881246205849821
0.0021536203685527399712751909004
0.0021536203685527399712751909004
0.0021476733980505922184894676217
0.0021476733980505922184894676217
0.0021417077568415786760211120854
0.0021417077568415786760211120854
0.0021357234967877461455703396028
0.0021357234967877461455703396028
0.0021297206699130035602942675522
0.0021297206699130035602942675522
0.0021236993284026697171798081987
0.0021236993284026697171798081987
0.0021176595246030196062068408734
0.0021176595246030196062068408734
0.0021116013110208293402456325266
0.0021116013110208293402456325266
0.0021055247403229196896446401626
0.0021055247403229196896446401626
0.0020994298653356982254769587681
0.0020994298653356982254769587681
0.0020933167390447000754257739509
0.0020933167390447000754257739509
0.0020871854145941272963012395109
0.0020871854145941272963012395109
0.0020810359452863868671932264659
0.0020810359452863868671932264659
0.0020748683845816273072763815403
0.0020748683845816273072763815403
0.0020686827860972739222958897001
0.0020686827860972739222958897001
0.0020624792036075626837742568711
0.0020624792036075626837742568711
0.002056257691043072744991315409
0.002056257691043072744991315409
0.0020500183024902575978015061001
0.0020500183024902575978015061001
0.0020437610921909748743643063437
0.0020437610921909748743643063437
0.0020374861145420147978754546217
0.0020374861145420147978754546217
0.0020311934240946272863983662691
0.0020311934240946272863983662691
0.0020248830755540477139068448412
0.0020248830755540477139068448412
0.0020185551237790213326618669137
0.0020185551237790213326618669137
0.0020122096237813263610568558549
0.0020122096237813263610568558549
0.0020058466307252957410774618748
0.0020058466307252957410774618748
0.0019994661999273375695334313772
0.0019994661999273375695334313772
0.0019930683868554542072316782265
0.0019930683868554542072316782265
0.0019866532471287600702711628822
0.0019866532471287600702711628822
0.0019802208365169981076516423573
0.0019802208365169981076516423573
0.0019737712109400549693997745184
0.0019737712109400549693997745184
0.0019673044264674748694274442703
0.0019673044264674748694274442703
0.0019608205393179721473485265538
0.0019608205393179721473485265538
0.0019543196058589425334916117334
0.0019543196058589425334916117334
0.0019478016826059731213574927707
0.0019478016826059731213574927707
0.0019412668262223510517814504604
0.0019412668262223510517814504604
0.0019347150935185709130715728619
0.0019347150935185709130715728619
0.001928146541451840861405507786
0.001928146541451840861405507786
0.0019215612271255874657791727021
0.0019215612271255874657791727021
0.0019149592077889592818120346138
0.0019149592077889592818120346138
0.0019083405408363291587246232236
0.0019083405408363291587246232236
0.0019017052838067952838149539591
0.0019017052838067952838149539591
0.0018950534943836809687715130886
0.0018950534943836809687715130886
0.0018883852303940331821713950985
0.0018883852303940331821713950985
0.0018817005498081198325230826574
0.0018817005498081198325230826574
0.0018749995107389258062242217515
0.0018749995107389258062242217515
0.0018682821714416477648155688507
0.0018682821714416477648155688507
0.0018615485903131877059230731598
0.0018615485903131877059230731598
0.0018547988258916452922908050345
0.0018547988258916452922908050345
0.0018480329368558089533181513971
0.0018480329368558089533181513971
0.0018412509820246457635253703907
0.0018412509820246457635253703907
0.001834453020356790102382230458
0.001834453020356790102382230458
0.0018276391109500310999450534421
0.0018276391109500310999450534421
0.001820809313040798872758037078
0.001820809313040798872758037078
0.0018139636860036495544852492994
0.0018139636860036495544852492994
0.0018071022893507491257501650135
0.0018071022893507491257501650135
0.0018002251827313560476700553334
0.0018002251827313560476700553334
0.0017933324259313027035829395843
0.0017933324259313027035829395843
0.0017864240788724756534751716539
0.0017864240788724756534751716539
0.0017795002016122947056280543268
0.0017795002016122947056280543268
0.0017725608543431908100121580557
0.0017725608543431908100121580557
0.0017656060973920827779682640795
0.0017656060973920827779682640795
0.0017586359912198528327240558162
0.0017586359912198528327240558162
0.0017516505964208209953058469518
0.0017516505964208209953058469518
0.0017446499737222183104147595187
0.0017446499737222183104147595187
0.001737634183983658916846850436
0.001737634183983658916846850436
0.0017306032881966109670467303661
0.0017306032881966109670467303661
0.0017235573474838664003942242575
0.0017235573474838664003942242575
0.0017164964230990095748335884951
0.0017164964230990095748335884951
0.0017094205764258847614647250865
0.0017094205764258847614647250865
0.0017023298689780625067257186934
0.0017023298689780625067257186934
0.0016952243623983048668058674808
0.0016952243623983048668058674808
0.0016881041184580295189381836229
0.0016881041184580295189381836229
0.0016809691990567727542301037958
0.0016809691990567727542301037958
0.001673819666221651356700874005
0.001673819666221651356700874005
0.0016666555821068233732037565774
0.0016666555821068233732037565774
0.0016594770089929477789208499947
0.0016594770089929477789208499947
0.0016522840092866430431279143874
0.0016522840092866430431279143874
0.0016450766455199445999361568581
0.0016450766455199445999361568581
0.0016378549803497612287274512843
0.0016378549803497612287274512843
0.0016306190765573303490089467802
0.0016306190765573303490089467802
0.0016233689970476722344224575009
0.0016233689970476722344224575009
0.0016161048048490431506534238625
0.0016161048048490431506534238625
0.0016088265631123874219935914617
0.0016088265631123874219935914617
0.0016015343351107884313208689239
0.0016015343351107884313208689239
0.0015942281842389185582690995082
0.0015942281842389185582690995082
0.0015869081740124880603697134915
0.0015869081740124880603697134915
0.0015795743680676929019564190462
0.0015795743680676929019564190462
0.001572226830160661535633238455
0.001572226830160661535633238455
0.0015648656241669006411153039978
0.0015648656241669006411153039978
0.0015574908140807398262608936152
0.0015574908140807398262608936152
0.001550102464014775295122210445
0.001550102464014775295122210445
0.001542700638199312487851392453
0.001542700638199312487851392453
0.0015352854009818076973071785787
0.0015352854009818076973071785787
0.0015278568168263086672165560173
0.0015278568168263086672165560173
0.0015204149503128941767545693863
0.0015204149503128941767545693863
0.0015129598661371126164142865179
0.0015129598661371126164142865179
0.0015054916291094195600476874068
0.0015054916291094195600476874068
0.0014980103041546143379669723578
0.0014980103041546143379669723578
0.0014905159563112756160044725585
0.0014905159563112756160044725585
0.0014830086507311959854379910815
0.0014830086507311959854379910815
0.0014754884526788155686970046384
0.0014754884526788155686970046384
0.0014679554275306546457737161985
0.0014679554275306546457737161985
0.0014604096407747453062714657944
0.0014604096407747453062714657944
0.001452851158010062132031481398
0.001452851158010062132031481398
0.0014452800449459519152873836174
0.0014452800449459519152873836174
0.0014376963674015624173052470674
0.0014376963674015624173052470674
0.0014301001913052701724753675678
0.0014301001913052701724753675678
0.0014224915826941073428301877542
0.0014224915826941073428301877542
0.0014148706077131876279710942115
0.0014148706077131876279710942115
0.0014072373326151312353950167988
0.0014072373326151312353950167988
0.001399591823759488916219935393
0.001399591823759488916219935393
0.0013919341476121650713165307828
0.0013919341476121650713165307828
0.0013842643707448399328613048615
0.0013842643707448399328613048615
0.0013765825598343908263345405528
0.0013765825598343908263345405528
0.0013688887816623125179944740306
0.0013688887816623125179944740306
0.0013611831031141366528670107166
0.0013611831031141366528670107166
0.0013534655911788502882982322494
0.0013534655911788502882982322494
0.0013457363129483135281248140689
0.0013457363129483135281248140689
0.0013379953356166762625253024467
0.0013379953356166762625253024467
0.00133024272647979401862298569
0.00133024272647979401862298569
0.0013224785529346429269188368483
0.0013224785529346429269188368483
0.0013147028824787338086407045426
0.0013147028824787338086407045426
0.0013069157827095253891025845263
0.0013069157827095253891025845263
0.0012991173213238366421754172706
0.0012991173213238366421754172706
0.0012913075661172582709784262576
0.0012913075661172582709784262576
0.0012834865849835633299075377833
0.0012834865849835633299075377833
0.001275654445914116993124905943
0.001275654445914116993124905943
0.0012678112169972854746410061224
0.0012678112169972854746410061224
0.0012599569664178441051281568009
0.0012599569664178441051281568009
0.0012520917624563845706116828341
0.0012520917624563845706116828341
0.0012442156734887213181922436853
0.0012442156734887213181922436853
0.0012363287679852971339601173979
0.0012363287679852971339601173979
0.0012284311145105878982694555261
0.0012284311145105878982694555261
0.0012205227817225065235477058753
0.0012205227817225065235477058753
0.0012126038383718060798225388601
0.0012126038383718060798225388601
0.0012046743533014821131557097025
0.0012046743533014821131557097025
0.0011967343954461741621803427171
0.0011967343954461741621803427171
0.0011887840338315664779451357349
0.0011887840338315664779451357349
0.0011808233375737879522759525038
0.0011808233375737879522759525038
0.0011728523758788112598721988787
0.0011728523758788112598721988787
0.0011648712180418512193622650386
0.0011648712180418512193622650386
0.0011568799334467623785491611067
0.0011568799334467623785491611067
0.0011488785915654358290842777149
0.0011488785915654358290842777149
0.0011408672619571952558139665907
0.0011408672619571952558139665907
0.0011328460142681922260503595404
0.0011328460142681922260503595404
0.0011248149182308007240245276769
0.0011248149182308007240245276769
0.001116774043663010935786726881
0.001116774043663010935786726881
0.001108723460467822289825080819
0.001108723460467822289825080819
0.0011006632386326357586806199558
0.0011006632386326357586806199558
0.0010925934482286454268431245602
0.0010925934482286454268431245602
0.0010845141594102293302187124356
0.0010845141594102293302187124356
0.0010764254424143395724665688219
0.0010764254424143395724665688219
0.0010683273675598917235086375276
0.0010683273675598917235086375276
0.0010602200052471535055224798477
0.0010602200052471535055224798477
0.0010521034259571327717338623403
0.0010521034259571327717338623403
0.0010439777002509647833319573002
0.0010439777002509647833319573002
0.0010358428987692987898363321737
0.0010358428987692987898363321737
0.0010276990922316839182511677396
0.0010276990922316839182511677396
0.0010195463514359543763483813511
0.0010195463514359543763483813511
0.0010113847472576139754275428052
0.0010113847472576139754275428052
0.0010032143506492199779066586004
0.0010032143506492199779066586004
0.0009950352326397662751040678389
0.0009950352326397662751040678389
0.0009868474643340659005778424761
0.0009868474643340659005778424761
0.0009786511169121328843952189626
0.0009786511169121328843952189626
0.000970446261628563453710710882
0.000970446261628563453710710882
0.0009622329698119165850376666443
0.0009622329698119165850376666443
0.0009540113128640939136041467856
0.0009540113128640939136041467856
0.0009457813622597190051901065845
0.0009457813622597190051901065845
0.0009375431895455159958489867167
0.0009375431895455159958489867167
0.0009292968663396876049229433585
0.0009292968663396876049229433585
0.0009210424643312925267670960503
0.0009210424643312925267670960503
0.00091278005527962220660434409
0.00091278005527962220660434409
0.0009045097110135770059385085056
0.0009045097110135770059385085056
0.0008962315034310417629598060634
0.0008962315034310417629598060634
0.000887945504498260753382964789
0.000887945504498260753382964789
0.000879651786249212057164658946
0.000879651786249212057164658946
0.0008713504207849813365533887026
0.0008713504207849813365533887026
0.0008630414802731350309314709262
0.0008630414802731350309314709262
0.0008547250369470929739154597984
0.0008547250369470929739154597984
0.0008464011631055004381880986202
0.0008464011631055004381880986202
0.000838069931111599613541839287
0.000838069931111599613541839287
0.0008297314133926005236210784441
0.0008297314133926005236210784441
0.0008213856824390513868575777167
0.0008213856824390513868575777167
0.0008130328108042084271010920127
0.0008130328108042084271010920127
0.0008046728711034051394550616501
0.0008046728711034051394550616501
0.0007963059360134210168353730951
0.0007963059360134210168353730951
0.000787932078271849742778707626
0.000787932078271849742778707626
0.0007795513706764668560359324249
0.0007795513706764668560359324249
0.0007711638860845968924954077079
0.0007711638860845968924954077079
0.0007627696974124800099910591756
0.0007627696974124800099910591756
0.0007543688776346381015606808173
0.0007543688776346381015606808173
0.0007459614997832404027312851175
0.0007459614997832404027312851175
0.0007375476369474685984205169336
0.0007375476369474685984205169336
0.0007291273622728814350563218913
0.0007291273622728814350563218913
0.0007207007489607788435313583641
0.0007207007489607788435313583641
0.0007122678702675655786242358215
0.0007122678702675655786242358215
0.00070382879950411438053675107
0.00070382879950411438053675107
0.0006953836100351286642151096934
0.0006953836100351286642151096934
0.0006869323752785047421439331419
0.0006869323752785047421439331419
0.0006784751687046935863249779243
0.0006784751687046935863249779243
0.0006700120638360621351783011119
0.0006700120638360621351783011119
0.0006615431342462541511325280759
0.0006615431342462541511325280759
0.0006530684535595506347034213302
0.0006530684535595506347034213302
0.0006445880954502298008967102361
0.0006445880954502298008967102361
0.0006361021336419266238128233671
0.0006361021336419266238128233671
0.0006276106419069919553785990998
0.0006276106419069919553785990998
0.0006191136940658512241852185751
0.0006191136940658512241852185751
0.0006106113639863627204736747354
0.0006106113639863627204736747354
0.000602103725583175473380448228
0.000602103725583175473380448228
0.0005935908528170867266383579593
0.0005935908528170867266383579593
0.000585072819694399019022764939
0.000585072819694399019022764939
0.0005765497002662768759437967034
0.0005765497002662768759437967034
0.0005680215686281031187138641973
0.0005680215686281031187138641973
0.0005594884989188347981698799462
0.0005594884989188347981698799462
0.0005509505653203587595053792399
0.0005509505653203587595053792399
0.0005424078420568468453741857818
0.0005424078420568468453741857818
0.0005338604033941107445704077651
0.0005338604033941107445704077651
0.0005253083236389564938767742816
0.0005253083236389564938767742816
0.0005167516771385386410136302489
0.0005167516771385386410136302489
0.0005081905382797140770253305017
0.0005081905382797140770253305017
0.0004996249814883955469228641358
0.0004996249814883955469228641358
0.0004910550812289048479780094279
0.0004910550812289048479780094279
0.0004824809120033257257558417915
0.0004824809120033257257558417915
0.0004739025483508564788046606607
0.0004739025483508564788046606607
0.0004653200648471622839273523518
0.0004653200648471622839273523518
0.0004567335361037272551758762111
0.0004567335361037272551758762111
0.000448143036767206251191197671
0.000448143036767206251191197671
0.0004395486415187764473179528769
0.0004395486415187764473179528769
0.0004309504250734886911366453911
0.0004309504250734886911366453911
0.0004223484621796186627782863242
0.0004223484621796186627782863242
0.0004137428276180178647474660437
0.0004137428276180178647474660437
0.0004051335962014644701472446651
0.0004051335962014644701472446651
0.0003965208427740140633888616435
0.0003965208427740140633888616435
0.0003879046422103503139610215854
0.0003879046422103503139610215854
0.0003792850694151356319923119373
0.0003792850694151356319923119373
0.0003706621993223618646444492762
0.0003706621993223618646444492762
0.0003620361068947011054541155201
0.0003620361068947011054541155201
0.0003534068671228567054335082131
0.0003534068671228567054335082131
0.0003447745550249145961607359621
0.0003447745550249145961607359621
0.0003361392456456950627407333989
0.0003361392456456950627407333989
0.000327501014056105140424624454
0.000327501014056105140424624454
0.0003188599353524918556055941839
0.0003188599353524918556055941839
0.0003102160846559965936591614785
0.0003102160846559965936591614785
0.0003015695371119109579204145504
0.0003015695371119109579204145504
0.0002929203678890345933251420814
0.0002929203678890345933251420814
0.0002842686521790355952144074248
0.0002842686521790355952144074248
0.0002756144651958143231932931002
0.0002756144651958143231932931002
0.0002669578821748717128165090308
0.0002669578821748717128165090308
0.0002582989783726835548104332232
0.0002582989783726835548104332232
0.0002496378290660827373570458563
0.0002496378290660827373570458563
0.0002409745095516521881730534762
0.0002409745095516521881730534762
0.000232309095145132309652911838
0.000232309095145132309652911838
0.0002236416611808482243715854723
0.0002236416611808482243715854723
0.0002149722830111643747665046477
0.0002149722830111643747665046477
0.0002063010360059773183494399839
0.0002063010360059773183494399839
0.0001976279955522625157191276429
0.0001976279955522625157191276429
0.0001889532370536984758104676943
0.0001889532370536984758104676943
0.0001802768359304033765874724568
0.0001802768359304033765874724568
0.000171598867618837878429592413
0.000171598867618837878429592413
0.000162919407571957880082458818
0.000162919407571957880082458818
0.000154238531259750547148567588
0.000154238531259750547148567588
0.000145556314170370807610567377
0.000145556314170370807610567377
0.000136872831812241222369514101
0.000136872831812241222369514101
0.000128188159717738963455423693
0.000128188159717738963455423693
0.000119502373449576278012517214
0.000119502373449576278012517214
0.000110815548611907915452337805
0.000110815548611907915452337805
0.000102127760870056773448782446
0.000102127760870056773448782446
0.000093439085986656111922632045
0.000093439085986656111922632045
0.000084749599890695359751812025
0.000084749599890695359751812025
0.00007605937881658129879693998
0.00007605937881658129879693998
0.000067368499603224525039788131
0.000067368499603224525039788131
0.000058677040392132389549566054
0.000058677040392132389549566054
0.000049985082434430118514430369
0.000049985082434430118514430369
0.000041292715441699982070026977
0.000041292715441699982070026977
0.000032600056598283562373809645
0.000032600056598283562373809645
0.0000239073384527075299851593
0.0000239073384527075299851593
0.00001521552871119201108692938
0.00001521552871119201108692938
6.53643817206406177090616e-6
6.53643817206406177090616e-6