0
-0.00163837869167984128844477706952
0.00163837869167984128844477706952
-0.00327675298548151618083067215023
0.00327675298548151618083067215023
-0.00491511848353866344706238147037
0.00491511848353866344706238147037
-0.00655347078800853215728330745486
0.00655347078800853215728330745486
-0.00819180550108378675277387129064
0.00819180550108378675277387129064
-0.00983011822500431202178481502293
0.00983011822500431202178481502293
-0.0114684045620690179486175533089
0.0114684045620690179486175533089
-0.0131066601146476444042639751964
0.0131066601146476444042639751964
-0.0147448804851925656469185215967
0.0147448804851925656469185215967
-0.0163830612762505946006758744741
0.0163830612762505946006758744741
-0.0180211980904747868807281891938
0.0180211980904747868807281891938
-0.0196592865306362445333764819321
0.0196592865306362445333764819321
-0.021297322199635919459171549577
0.021297322199635919459171549577
-0.0229353007005164164875006501174
0.0229353007005164164875006501174
-0.0245732176364737960709371071387
0.0245732176364737960709371071387
-0.0262110686108693765676710227069
0.0262110686108693765676710227069
-0.0278488492272415360803403886344
0.0278488492272415360803403886344
-0.0294865550893175138195830768656
0.0294865550893175138195830768656
-0.0311241818010252109606314655094
0.0311241818010252109606314655094
-0.0327617249665049909612728178613
0.0327617249665049909612728178613
-0.0343991801901214793094999776101
0.0343991801901214793094999776101
-0.036036543076475362669178474295
0.036036543076475362669178474295
-0.0376738092304151873920577489794
0.0376738092304151873920577489794
-0.0393109742570491573644559110179
0.0393109742570491573644559110179
-0.0409480337617569311569492227236
0.0409480337617569311569492227236
-0.0425849833502014184453993796757
0.0425849833502014184453993796757
-0.0442218186283405756716536103456
0.0442218186283405756716536103456
-0.0458585352024392009122546596577
0.0458585352024392009122546596577
-0.0474951286790807279234998470278
0.0474951286790807279234998470278
-0.0491315946651790193311906003377
0.0491315946651790193311906003377
-0.0507679287679901589334161632015
0.0507679287679901589334161632015
-0.052404126595124243084717553749
0.052404126595124243084717553749
-0.0540401837545571711299803189889
0.0540401837545571711299803189889
-0.0556760958546424348564071796193
0.0556760958546424348564071796193
-0.0573118585041229069319242959019
0.0573118585041229069319242959019
-0.0589474673121426282983776059249
0.0589474673121426282983776059249
-0.0605829178882585944878784932188
0.0605829178882585944878784932188
-0.0622182058424525408306609312675
0.0622182058424525408306609312675
-0.0638533267851427265228152279566
0.0638533267851427265228152279566
-0.0654882763271957175222665534198
0.0654882763271957175222665534198
-0.0671230500799381682413695800714
0.0671230500799381682413695800714
-0.0687576436551686020044937938394
0.0687576436551686020044937938394
-0.0703920526651691902389773507342
0.0703920526651691902389773507342
-0.0720262727227175303678307528878
0.0720262727227175303678307528878
-0.0736602994410984223725751030767
0.0736602994410984223725751030767
-0.0752941284341156439946032664798
0.0752941284341156439946032664798
-0.0769277553161037245434559230184
0.0769277553161037245434559230184
-0.0785611757019397172804082330649
0.0785611757019397172804082330649
-0.080194385207054970345766663582
0.080194385207054970345766663582
-0.0818273794474468961982794308529
0.0818273794474468961982794308529
-0.0834601540396907395350680098781
0.0834601540396907395350680098781
-0.0850927046009513436604912392296
0.0850927046009513436604912392296
-0.0867250267489949152723577136646
0.0867250267489949152723577136646
-0.0883571161022007876339064050912
0.0883571161022007876339064050912
-0.0899889682795731820999797855386
0.0899889682795731820999797855386
-0.0916205789007529679658181436056
0.0916205789007529679658181436056
-0.0932519435860294206069082884245
0.0932519435860294206069082884245
-0.0948830579563519778783244224795
0.0948830579563519778783244224795
-0.096513917633341994742003636639
0.096513917633341994742003636639
-0.0981445182393044960904032374947
0.0981445182393044960904032374947
-0.0997748553972399277349919585265
0.0997748553972399277349919585265
-0.101404924730855905528032032727
0.101404924730855905528032032727
-0.103034721864578962586114115097
0.103034721864578962586114115097
-0.104664242423566294583912138873
0.104664242423566294583912138873
-0.106293482033717503086630369415
0.106293482033717503086630369415
-0.107922436321686336889620184411
0.107922436321686336889620184411
-0.109551100914892431333649458378
0.109551100914892431333649458378
-0.111179471441533045564312863354
0.111179471441533045564312863354
-0.112807543530594797704076916219
0.112807543530594797704076916219
-0.114435312811865397905459206141
0.114435312811865397905459206141
-0.116062774915945379253846923307
0.116062774915945379253846923307
-0.117689925474259826488465582267
0.117689925474259826488465582267
-0.119316760119070102510014689949
0.119316760119070102510014689949
-0.120943274483485572643493049605
0.120943274483485572643493049605
-0.122569464201475326624742417669
0.122569464201475326624742417669
-0.124195324907879898279244340714
0.124195324907879898279244340714
-0.125820852238422982861711194318
0.125820852238422982861711194318
-0.127446041829723152025018724787
0.127446041829723152025018724787
-0.129070889319305566387033758171
0.129070889319305566387033758171
-0.130695390345613685663897188988
0.130695390345613685663897188988
-0.132319540548020976338328893358
0.132319540548020976338328893358
-0.133943335566842616831527827998
0.133943335566842616831527827998
-0.135566771043347200147247277571
0.135566771043347200147247277571
-0.137189842619768433956631998289
0.137189842619768433956631998289
-0.138812545939316838092410875419
0.138812545939316838092410875419
-0.140434876646191439421045666345
0.140434876646191439421045666345
-0.14205683038559146406144343918
0.14205683038559146406144343918
-0.143678402803728026918847439492
0.143678402803728026918847439492
-0.145299589547835818502528324552
0.145299589547835818502528324552
-0.146920386266184788995904995549
0.146920386266184788995904995549
-0.148540788608091829547731633512
0.148540788608091829547731633512
-0.15016079222393245075299500411
0.15016079222393245075299500411
-0.151780392765152458292173640133
0.151780392765152458292173640133
-0.153399585884279625697518138237
0.153399585884279625697518138237
-0.155018367234935364215019518425
0.155018367234935364215019518425
-0.156636732471846389730740390729
0.156636732471846389730740390729
-0.1582546772508563867301915537
0.1582546772508563867301915537
-0.159872197228937669259444613388
0.159872197228937669259444613388
-0.161489288064202838856679259791
0.161489288064202838856679259791
-0.163105945415916439422871969881
0.163105945415916439422871969881
-0.164722164944506609000341122607
0.164722164944506609000341122607
-0.166337942311576728427871811443
0.166337942311576728427871811443
-0.167953273179917066841152024199
0.167953273179917066841152024199
-0.169568153213516423987260327924
0.169568153213516423987260327924
-0.171182578077573769321953748721
0.171182578077573769321953748721
-0.172796543438509877858513172159
0.172796543438509877858513172159
-0.174410044963978962736912309759
0.174410044963978962736912309759
-0.176023078322880304482085080583
0.176023078322880304482085080583
-0.177635639185369876920075144397
0.177635639185369876920075144397
-0.179247723222871969720860294048
0.179247723222871969720860294048
-0.180859326108090807536653469705
0.180859326108090807536653469705
-0.182470443515022165704491296296
0.182470443515022165704491296296
-0.184081071118964982481930267931
0.184081071118964982481930267931
-0.185691204596532967784680009233
0.185691204596532967784680009233
-0.187300839625666208395012433284
0.187300839625666208395012433284
-0.188909971885642769609795089381
0.188909971885642769609795089381
-0.190518597057090293297006550814
0.190518597057090293297006550814
-0.192126710821997592329601333592
0.192126710821997592329601333592
-0.193734308863726241365601561244
0.193734308863726241365601561244
-0.195341386867022163943302398611
0.195341386867022163943302398611
-0.196947940518027215860488168823
0.196947940518027215860488168823
-0.198553965504290764806566042461
0.198553965504290764806566042461
-0.200159457514781266216534246117
0.200159457514781266216534246117
-0.201764412239897835315711879265
0.201764412239897835315711879265
-0.203368825371481815324167653435
0.203368825371481815324167653435
-0.204972692602828341789795176163
0.204972692602828341789795176163
-0.206576009628697903018992793985
0.206576009628697903018992793985
-0.208178772145327896573916483938
0.208178772145327896573916483938
-0.209780975850444181805284841416
0.209780975850444181805284841416
-0.211382616443272628389725854005
0.211382616443272628389725854005
-0.212983689624550660840665875834
0.212983689624550660840665875834
-0.214584191096538798961772025156
0.214584191096538798961772025156
-0.216184116563032194211970119246
0.216184116563032194211970119246
-0.217783461729372161951071235168
0.217783461729372161951071235168
-0.219382222302457709535051042617
0.219382222302457709535051042617
-0.220980393990757060230037195763
0.220980393990757060230037195763
-0.222577972504319172914071294799
0.222577972504319172914071294799
-0.224174953554785257535723234723
0.224174953554785257535723234723
-0.225771332855400286298647148702
0.225771332855400286298647148702
-0.227367106121024500541179626186
0.227367106121024500541179626186
-0.22896226906814491328009244164
0.22896226906814491328009244164
-0.230556817414886807387623668462
0.230556817414886807387623668462
-0.232150746881025229370922774149
0.232150746881025229370922774149
-0.233744053187996478723057097179
0.233744053187996478723057097179
-0.235336732058909592814738993266
0.235336732058909592814738993266
-0.236928779218557827295944908622
0.236928779218557827295944908622
-0.238520190393430131976609690626
0.238520190393430131976609690626
-0.240110961311722622155591581715
0.240110961311722622155591581715
-0.2417010877033500453671155605
0.2417010877033500453671155605
-0.24329056529995724351391499489
0.24329056529995724351391499489
-0.244879389834930610356303955422
0.244879389834930610356303955422
-0.246467557043409544326425003048
0.246467557043409544326425003048
-0.248055062662297896636929814151
0.248055062662297896636929814151
-0.249641902430275414653362636685
0.249641902430275414653362636685
-0.251228072087809180499529284908
0.251228072087809180499529284908
-0.252813567377165044865147176202
0.252813567377165044865147176202
-0.254398384042419055985084791935
0.254398384042419055985084791935
-0.255982517829468883759511905151
0.255982517829468883759511905151
-0.257565964486045238984294961085
0.257565964486045238984294961085
-0.259148719761723287660985121957
0.259148719761723287660985121957
-0.260730779407934060355759695348
0.260730779407934060355759695348
-0.262312139177975856576690955421
0.262312139177975856576690955421
-0.26389279482702564413872973855
0.26389279482702564413872973855
-0.265472742112150453485804649281
0.265472742112150453485804649281
-0.267051976792318766939451249128
0.267051976792318766939451249128
-0.268630494628411902843399219344
0.268630494628411902843399219344
-0.270208291383235394573559189515
0.270208291383235394573559189515
-0.271785362821530364382864706578
0.271785362821530364382864706578
-0.273361704709984892050438683572
0.273361704709984892050438683572
-0.274937312817245378304567614144
0.274937312817245378304567614144
-0.276512182913927902988980867398
0.276512182913927902988980867398
-0.278086310772629577941946488179
0.278086310772629577941946488179
-0.279659692167939894557709120175
0.279659692167939894557709120175
-0.28123232287645206599980994337
0.28123232287645206599980994337
-0.282804198676774364035842873226
0.282804198676774364035842873226
-0.284375315349541450463215706609
0.284375315349541450463215706609
-0.285945668677425703095499418756
0.285945668677425703095499418756
-0.28751525444514853627896341652
0.28751525444514853627896341652
-0.289084068439491715908909235676
0.289084068439491715908909235676
-0.290652106449308668915429934206
0.290652106449308668915429934206
-0.292219364265535787188237279102
0.292219364265535787188237279102
-0.29378583768120372591021375139
0.29378583768120372591021375139
-0.295351522491448696269361402637
0.295351522491448696269361402637
-0.296916414493523752518834686226
0.296916414493523752518834686226
-0.298480509486810073354759558014
0.298480509486810073354759558014
-0.300043803272828237581556393716
0.300043803272828237581556393716
-0.301606291655249494034499604303
0.301606291655249494034499604303
-0.303167970439907025729262245944
0.303167970439907025729262245944
-0.304728835434807208208209417446
0.304728835434807208208209417446
-0.306288882450140862053219815729
0.306288882450140862053219815729
-0.307848107298294499534830478599
0.307848107298294499534830478599
-0.309406505793861565367515483855
0.309406505793861565367515483855
-0.310964073753653671540925194597
0.310964073753653671540925194597
-0.312520806996711826196928542438
0.312520806996711826196928542438
-0.314076701344317656522316823069
0.314076701344317656522316823069
-0.315631752620004625627043542328
0.315631752620004625627043542328
-0.317185956649569243377890995457
0.317185956649569243377890995457
-0.318739309261082271157470487603
0.318739309261082271157470487603
-0.320291806284899920518479409769
0.320291806284899920518479409769
-0.321843443553675045703154771296
0.321843443553675045703154771296
-0.323394216902368329997879257525
0.323394216902368329997879257525
-0.324944122168259465892912429526
0.324944122168259465892912429526
-0.326493155190958329017236311577
0.326493155190958329017236311577
-0.328041311812416145818521321459
0.328041311812416145818521321459
-0.32958858787693665495823528855
0.32958858787693665495823528855
-0.331134979231187262391935175013
0.331134979231187262391935175013
-0.332680481724210190104798066193
0.332680481724210190104798066193
-0.334225091207433618472465027477
0.334225091207433618472465027477
-0.335768803534682822217288536359
0.335768803534682822217288536359
-0.337311614562191299930091390233
0.337311614562191299930091390233
-0.338853520148611897127562262434
0.338853520148611897127562262434
-0.340394516155027922815430431281
0.340394516155027922815430431281
-0.341934598444964259527579639182
0.341934598444964259527579639182
-0.343473762884398466811278551365
0.343473762884398466811278551365
-0.345012005341771878128722876244
0.345012005341771878128722876244
-0.346549321688000691145101881988
0.346549321688000691145101881988
-0.348085707796487051373419796296
0.348085707796487051373419796296
-0.349621159543130129146320408754
0.349621159543130129146320408754
-0.351155672806337189885181107402
0.351155672806337189885181107402
-0.352689243467034657636760573193
0.352689243467034657636760573193
-0.354221867408679171847702427808
0.354221867408679171847702427808
-0.35575354051726863734721528187
0.35575354051726863734721528187
-0.357284258681353267508267861776
0.357284258681353267508267861776
-0.358814017792046620557656204179
0.358814017792046620557656204179
-0.360342813743036629005318297577
0.360342813743036629005318297577
-0.361870642430596622163290020346
0.361870642430596622163290020346
-0.363397499753596341724714773944
0.363397499753596341724714773944
-0.364923381613512950373337838851
0.364923381613512950373337838851
-0.366448283914442033393935188925
0.366448283914442033393935188925
-0.367972202563108593254145287429
0.367972202563108593254145287429
-0.369495133468878037128191254677
0.369495133468878037128191254677
-0.371017072543767157332999743304
0.371017072543767157332999743304
-0.372538015702455104647241882274
0.372538015702455104647241882274
-0.374057958862294354483840755049
0.374057958862294354483840755049
-0.375576897943321665886509060673
0.375576897943321665886509060673
-0.377094828868269033320899868885
0.377094828868269033320899868885
-0.378611747562574631230972721714
0.378611747562574631230972721714
-0.380127649954393751331196754217
0.380127649954393751331196754217
-0.381642531974609732605232006157
0.381642531974609732605232006157
-0.383156389556844883981749674273
0.383156389556844883981749674273
-0.384669218637471399658071711506
0.384669218637471399658071711506
-0.386181015155622267042329914857
0.386181015155622267042329914857
-0.387691775053202167284864457604
0.387691775053202167284864457604
-0.389201494274898368369601714171
0.389201494274898368369601714171
-0.390710168768191610736171197135
0.390710168768191610736171197135
-0.392217794483366985403541475456
0.392217794483366985403541475456
-0.393724367373524804565975071111
0.393724367373524804565975071111
-0.395229883394591464632122537756
0.395229883394591464632122537756
-0.396734338505330301678096209833
0.396734338505330301678096209833
-0.398237728667352439285384473574
0.398237728667352439285384473574
-0.39974004984512762873448785265
0.39974004984512762873448785265
-0.401241298005995081525178720619
0.401241298005995081525178720619
-0.402741469120174294194307049902
0.402741469120174294194307049902
-0.404240559160775865402095282575
0.404240559160775865402095282575
-0.405738564103812305257886161886
0.405738564103812305257886161886
-0.407235479928208836856328194935
0.407235479928208836856328194935
-0.408731302615814189995004326345
0.408731302615814189995004326345
-0.410226028151411387044530390051
0.410226028151411387044530390051
-0.411719652522728520942170971305
0.411719652522728520942170971305
-0.413212171720449525280041453764
0.413212171720449525280041453764
-0.414703581738224936458986246917
0.414703581738224936458986246917
-0.416193878572682647879244487104
0.416193878572682647879244487104
-0.417683058223438656139035880923
0.417683058223438656139035880923
-0.419171116693107799212220812871
0.419171116693107799212220812871
-0.420658049987314486576210369504
0.420658049987314486576210369504
-0.422143854114703421261323540268
0.422143854114703421261323540268
-0.423628525086950313792810540272
0.423628525086950313792810540272
-0.425112058918772587996782962716
0.425112058918772587996782962716
-0.42659445162794007864131330827
0.42659445162794007864131330827
-0.42807569923528572088398835545
0.42807569923528572088398835545
-0.429555797764716231497222829888
0.429555797764716231497222829888
-0.431034743243222781842661901193
0.431034743243222781842661901193
-0.432512531700891662566023183966
0.432512531700891662566023183966
-0.433989159170914939983751144214
0.433989159170914939983751144214
-0.435464621689601104132879113964
0.435464621689601104132879113964
-0.436938915296385708455516495242
0.436938915296385708455516495242
-0.43841203603384200108940118962
0.43841203603384200108940118962
-0.439883979947691547735979821284
0.439883979947691547735979821284
-0.44135474308681484607750092989
0.44135474308681484607750092989
-0.442824321503261931714628994359
0.442824321503261931714628994359
-0.444292711252262975596109910109
0.444292711252262975596109910109
-0.445759908392238872912041379986
0.445759908392238872912041379986
-0.447225908984811823422324593322
0.447225908984811823422324593322
-0.448690709094815903191896557929
0.448690709094815903191896557929
-0.450154304790307627704365516545
0.450154304790307627704365516545
-0.451616692142576506325695022057
0.451616692142576506325695022057
-0.453077867226155588089605464796
0.453077867226155588089605464796
-0.454537826118831998776385140179
0.454537826118831998776385140179
-0.455996564901657469256826315986
0.455996564901657469256826315986
-0.457454079658958855073025205423
0.457454079658958855073025205423
-0.458910366478348647227808274947
0.458910366478348647227808274947
-0.460365421450735474154570914356
0.460365421450735474154570914356
-0.461819240670334594839338170962
0.461819240670334594839338170962
-0.463271820234678383066880999641
0.463271820234678383066880999641
-0.46472315624462680276274530614
0.46472315624462680276274530614
-0.466173244804377874403074962114
0.466173244804377874403074962114
-0.467622082021478132464133947012
0.467622082021478132464133947012
-0.469069664006833073883456823914
0.469069664006833073883456823914
-0.4705159868747175975045808838
0.4705159868747175975045808838
-0.471961046742786434477337495383
0.471961046742786434477337495383
-0.473404839732084569585704475513
0.473404839732084569585704475513
-0.474847361967057653475245648184
0.474847361967057653475245648184
-0.476288609575562405752188188284
0.476288609575562405752188188284
-0.477728578688877008926212849398
0.477728578688877008926212849398
-0.479167265441711493169056753033
0.479167265441711493169056753033
-0.480604665972218111861053069662
0.480604665972218111861053069662
-0.48204077642200170789775664979
0.48204077642200170789775664979
-0.483475592936130070728829465805
0.483475592936130070728829465805
-0.484909111663144284101384602696
0.484909111663144284101384602696
-0.486341328755069064480012487558
0.486341328755069064480012487558
-0.487772240367423090115738074316
0.487772240367423090115738074316
-0.489201842659229320736182801018
0.489201842659229320736182801018
-0.49063013179302530782923031243
0.49063013179302530782923031243
-0.492057103934873495492520190405
0.492057103934873495492520190405
-0.493482755254371511821119258527
0.493482755254371511821119258527
-0.494907081924662450805745425738
0.494907081924662450805745425738
-0.496330080122445144713944506112
0.496330080122445144713944506112
-0.497751746027984426926645998373
0.497751746027984426926645998373
-0.499172075825121385202549429275
0.499172075825121385202549429275
-0.500591065701283605342818559419
0.500591065701283605342818559419
-0.502008711847495405228586518375
0.502008711847495405228586518375
-0.50342501045838805920380077816
0.50342501045838805920380077816
-0.504839957732210012775962789948
0.504839957732210012775962789948
-0.506253549870837087607343098479
0.506253549870837087607343098479
-0.507665783079782676769278811755
0.507665783079782676769278811755
-0.509076653568207930232186440293
0.509076653568207930232186440293
-0.510486157548931930563949330367
0.510486157548931930563949330367
-0.511894291238441858809365199155
0.511894291238441858809365199155
-0.513301050856903150523365636619
0.513301050856903150523365636619
-0.514706432628169641930745868981
0.514706432628169641930745868981
-0.51611043277979370618516958199
0.51611043277979370618516958199
-0.517513047543036379700240178521
0.517513047543036379700240178521
-0.518914273152877478525456494486
0.518914273152877478525456494486
-0.520314105848025704739897719424
0.520314105848025704739897719424
-0.521712541870928742836509063397
0.521712541870928742836509063397
-0.52310957746778334606988657994
0.52310957746778334606988657994
-0.524505208888545412740486495629
0.524505208888545412740486495629
-0.525899432386940052388211410388
0.525899432386940052388211410388
-0.527292244220471641868352818758
0.527292244220471641868352818758
-0.528683640650433871282896561007
0.528683640650433871282896561007
-0.530073617941919779740225044089
0.530073617941919779740225044089
-0.531462172363831780916277375953
0.531462172363831780916277375953
-0.532849300188891678390255932511
0.532849300188891678390255932511
-0.534234997693650670727995324618
0.534234997693650670727995324618
-0.535619261158499346286137252658
0.535619261158499346286137252658
-0.537002086867677667710282328587
0.537002086867677667710282328587
-0.538383471109284946100317609666
0.538383471109284946100317609666
-0.53976341017528980481614632431
0.53976341017528980481614632431
-0.541141900361540132897074078682
0.541141900361540132897074078682
-0.542518937967773028068133712522
0.542518937967773028068133712522
-0.543894519297624729306658924387
0.543894519297624729306658924387
-0.545268640658640538942444809744
0.545268640658640538942444809744
-0.546641298362284734264861550214
0.546641298362284734264861550214
-0.548012488723950468610315658608
0.548012488723950468610315658608
-0.549382208062969661903481422186
0.549382208062969661903481422186
-0.550750452702622880625753495618
0.550750452702622880625753495618
-0.552117218970149207184399975569
0.552117218970149207184399975569
-0.553482503196756098655923740318
0.553482503196756098655923740318
-0.554846301717629234877168360558
0.554846301717629234877168360558
-0.556208610871942355857733481165
0.556208610871942355857733481165
-0.557569427002867088487293238462
0.557569427002867088487293238462
-0.55892874645758276251144001299
0.55892874645758276251144001299
-0.560286565587286215749704624195
0.560286565587286215749704624195
-0.561642880747201588529432950509
0.561642880747201588529432950509
-0.562997688296590107309227906029
0.562997688296590107309227906029
-0.564350984598759857465694723321
0.564350984598759857465694723321
-0.565702766021075545217256580663
0.565702766021075545217256580663
-0.567053028934968248658836771264
0.567053028934968248658836771264
-0.568401769715945157881232841556
0.568401769715945157881232841556
-0.569748984743599304149037425465
0.569748984743599304149037425465
-0.571094670401619278110989871571
0.571094670401619278110989871571
-0.572438823077798937016672200171
0.572438823077798937016672200171
-0.573781439164047100913492437364
0.573781439164047100913492437364
-0.575122515056397237797927953373
0.575122515056397237797927953373
-0.576462047155017137695031082233
0.576462047155017137695031082233
-0.577800031864218575640229019698
0.577800031864218575640229019698
-0.579136465592466963537479785643
0.579136465592466963537479785643
-0.58047134475239099086787589629
0.58047134475239099086787589629
-0.581804665760792254222817320184
0.581804665760792254222817320184
-0.583136425038654875635905289897
0.583136425038654875635905289897
-0.584466619011155109687738608887
0.584466619011155109687738608887
-0.585795244107670939357824229694
0.585795244107670939357824229694
-0.587122296761791660597844085623
0.587122296761791660597844085623
-0.588447773411327455600550433165
0.588447773411327455600550433165
-0.589771670498318954738592306615
0.589771670498318954738592306615
-0.591093984469046787147606099446
0.591093984469046787147606099446
-0.59241471177404111992793376912
0.59241471177404111992793376912
-0.593733848868091185939362712806
0.593733848868091185939362712806
-0.595051392210254800163311981148
0.595051392210254800163311981148
-0.596367338263867864606920185419
0.596367338263867864606920185419
-0.597681683496553861723521210263
0.597681683496553861723521210263
-0.5989944243802333363240246695
0.5989944243802333363240246695
-0.600305557391133365953748936216
0.600305557391133365953748936216
-0.601615079009797019709285540348
0.601615079009797019709285540348
-0.602922985721092805470004757299
0.602922985721092805470004757299
-0.60422927401422410551884330949
0.60422927401422410551884330949
-0.605533940382738600527046269289
0.605533940382738600527046269289
-0.606836981324537681877566486223
0.606836981324537681877566486223
-0.608138393341885852301856163775
0.608138393341885852301856163775
-0.609438172941420114804816581261
0.609438172941420114804816581261
-0.610736316634159349852703394247
0.610736316634159349852703394247
-0.612032820935513680798816452528
0.612032820935513680798816452528
-0.613327682365293827521834647879
0.613327682365293827521834647879
-0.614620897447720448251687944414
0.614620897447720448251687944414
-0.615912462711433469557890452426
0.615912462711433469557890452426
-0.617202374689501404475290181929
0.617202374689501404475290181929
-0.618490629919430658742222954713
0.618490629919430658742222954713
-0.61977722494317482512608986342
0.61977722494317482512608986342
-0.621062156307143965811409642923
0.621062156307143965811409642923
-0.622345420562213882825429363048
0.622345420562213882825429363048
-0.623627014263735376476408962281
0.623627014263735376476408962281
-0.624906933971543491779727319526
0.624906933971543491779727319526
-0.626185176249966752846989805135
0.626185176249966752846989805135
-0.627461737667836385213349563152
0.627461737667836385213349563152
-0.628736614798495526078287154021
0.628736614798495526078287154021
-0.630009804219808422435125630775
0.630009804219808422435125630775
-0.631281302514169617064590631777
0.631281302514169617064590631777
-0.632551106268513122367757649524
0.632551106268513122367757649524
-0.63381921207432158201376127756
0.63381921207432158201376127756
-0.635085616527635420377673946221
0.635085616527635420377673946221
-0.636350316229061979743994432646
0.636350316229061979743994432646
-0.637613307783784645251219271065
0.637613307783784645251219271065
-0.638874587801571957553003095848
0.638874587801571957553003095848
-0.640134152896786713171446921992
0.640134152896786713171446921992
-0.641391999688395052518086405567
0.641391999688395052518086405567
-0.642648124799975535558185230099
0.642648124799975535558185230099
-0.643902524859728205093971933743
0.643902524859728205093971933743
-0.645155196500483637642491726447
0.645155196500483637642491726447
-0.646406136359711981883778145884
0.646406136359711981883778145884
-0.64765534107953198465508276577
0.64765534107953198465508276577
-0.648902807306720004466934600146
0.648902807306720004466934600146
-0.650148531692719012516834342158
0.650148531692719012516834342158
-0.651392510893647581176422135854
0.651392510893647581176422135854
-0.65263474157030885992799120424
0.65263474157030885992799120424
-0.653875220388199538726253346458
0.653875220388199538726253346458
-0.655113944017518798761296071128
0.655113944017518798761296071128
-0.656350909133177250598704951743
0.656350909133177250598704951743
-0.657586112414805859672858673289
0.657586112414805859672858673289
-0.658819550546764859109438186998
0.658819550546764859109438186998
-0.660051220218152649853225402146
0.660051220218152649853225402146
-0.661281118122814688077300920058
0.661281118122814688077300920058
-0.662509240959352359849784455857
0.662509240959352359849784455857
-0.663735585431131843034295797899
0.663735585431131843034295797899
-0.664960148246292956400348423184
0.664960148246292956400348423184
-0.666182926117757995919922219272
0.666182926117757995919922219272
-0.667403915763240558226496159149
0.667403915763240558226496159149
-0.668623113905254351212856235194
0.668623113905254351212856235194
-0.669840517271121991744028481543
0.669840517271121991744028481543
-0.671056122592983790461721500906
0.671056122592983790461721500906
-0.672269926607806523656697561946
0.672269926607806523656697561946
-0.673481926057392192185526046732
0.673481926057392192185526046732
-0.674692117688386767408207804359
0.674692117688386767408207804359
-0.675900498252288924123193806556
0.675900498252288924123193806556
-0.6771070645054587604763564038
0.6771070645054587604763564038
-0.678311813209126504820506446107
0.678311813209126504820506446107
-0.679514741129401209502084561168
0.679514741129401209502084561168
-0.680715845037279431551689973683
0.680715845037279431551689973683
-0.681915121708653900255145403615
0.681915121708653900255145403615
-0.683112567924322171581831797492
0.683112567924322171581831797492
-0.684308180469995269447061925747
0.684308180469995269447061925747
-0.68550195613630631378529722027
0.68550195613630631378529722027
-0.686693891718819135411047629879
0.686693891718819135411047629879
-0.687883984018036877644329737004
0.687883984018036877644329737004
-0.689072229839410584677593906649
0.689072229839410584677593906649
-0.690258625993347776661066828374
0.690258625993347776661066828374
-0.691443169295221011483491463612
0.691443169295221011483491463612
-0.692625856565376433225282124032
0.692625856565376433225282124032
-0.693806684629142307261148181694
0.693806684629142307261148181694
-0.694985650316837541989275748407
0.694985650316837541989275748407
-0.696162750463780197164192559859
0.696162750463780197164192559859
-0.697337981910295978810477259633
0.697337981910295978810477259633
-0.698511341501726720694510299097
0.698511341501726720694510299097
-0.699682826088438852331499751218
0.699682826088438852331499751218
-0.700852432525831853505051479541
0.700852432525831853505051479541
-0.702020157674346695276589307763
0.702020157674346695276589307763
-0.703185998399474267461967100465
0.703185998399474267461967100465
-0.704349951571763792552650991486
0.704349951571763792552650991486
-0.705512014066831226058886383095
0.705512014066831226058886383095
-0.7066721827653676432523007864
0.7066721827653676432523007864
-0.707830454553147612285430081253
0.707830454553147612285430081253
-0.70898682632103755366569234215
0.70898682632103755366569234215
-0.71014129496500408606137000519
0.71014129496500408606137000519
-0.711293857386122358417197839998
0.711293857386122358417197839998
-0.712444510490584368357190939433
0.712444510490584368357190939433
-0.713593251189707266852383748881
0.713593251189707266852383748881
-0.714740076399941649131188025888
0.714740076399941649131188025888
-0.715884983042879831810114549588
0.715884983042879831810114549588
-0.717027968045264116222640387936
0.717027968045264116222640387936
-0.718169028338995037924040578837
0.718169028338995037924040578837
-0.719308160861139602350040188993
0.719308160861139602350040188993
-0.720445362553939506607179881347
0.720445362553939506607179881347
-0.721580630364819347372825348527
0.721580630364819347372825348527
-0.72271396124639481488278825533
0.72271396124639481488278825533
-0.723845352156480872984563678184
0.723845352156480872984563678184
-0.724974800058099925234226433357
0.724974800058099925234226433357
-0.726102301919489967015066148544
0.726102301919489967015066148544
-0.727227854714112723656078454108
0.727227854714112723656078454108
-0.72835145542066177452846725065
0.72835145542066177452846725065
-0.729473101023070663098350648631
0.729473101023070663098350648631
-0.730592788510520992913900873345
0.730592788510520992913900873345
-0.731710514877450509505186184557
0.731710514877450509505186184557
-0.732826277123561168175020674462
0.732826277123561168175020674462
-0.733940072253827187659165680205
0.733940072253827187659165680205
-0.735051897278503089634264477931
0.735051897278503089634264477931
-0.736161749213131724051929914047
0.736161749213131724051929914047
-0.737269625078552280277442676081
0.737269625078552280277442676081
-0.738375521900908284011556009998
0.738375521900908284011556009998
-0.739479436711655579973940853064
0.739479436711655579973940853064
-0.740581366547570300326843571191
0.740581366547570300326843571191
-0.741681308450756818817566767043
0.741681308450756818817566767043
-0.742779259468655690618421959979
0.742779259468655690618421959979
-0.743875216654051577842841330984
0.743875216654051577842841330984
-0.74496917706508116071637417504
0.74496917706508116071637417504
-0.746061137765241034381332209788
0.746061137765241034381332209788
-0.747151095823395591313886452759
0.747151095823395591313886452759
-0.748239048313784889332456999729
0.748239048313784889332456999729
-0.749324992316032505176275713897
0.749324992316032505176275713897
-0.750408924915153373633040569325
0.750408924915153373633040569325
-0.751490843201561612194619182537
0.751490843201561612194619182537
-0.752570744271078331219797912955
0.752570744271078331219797912955
-0.753648625224939429583111816184
0.753648625224939429583111816184
-0.754724483169803375788829693607
0.754724483169803375788829693607
-0.755798315217758974529207497509
0.755798315217758974529207497509
-0.756870118486333118666162422642
0.756870118486333118666162422642
-0.757939890098498526615559142942
0.757939890098498526615559142942
-0.7590076271826814651133388356
0.7590076271826814651133388356
-0.760073326872769457342760874102
0.760073326872769457342760874102
-0.76113698630811897640206636676
0.76113698630811897640206636676
-0.762198602633563124091912067804
0.762198602633563124091912067804
-0.763258172999419295001962594053
0.763258172999419295001962594053
-0.764315694561496825876068341446
0.764315694561496825876068341446
-0.765371164481104630235496012221
0.765371164481104630235496012221
-0.766424579925058818239718235156
0.766424579925058818239718235156
-0.767475938065690301764308387899
0.767475938065690301764308387899
-0.768525236080852384675526411956
0.768525236080852384675526411956
-0.769572471153928338281221147226
0.769572471153928338281221147226
-0.770617640473838961937714504008
0.770617640473838961937714504008
-0.771660741235050128792372635992
0.771660741235050128792372635992
-0.772701770637580316641609177839
0.772701770637580316641609177839
-0.773740725887008123884105565403
0.773740725887008123884105565403
-0.774777604194479770549073465366
0.774777604194479770549073465366
-0.775812402776716584379424403927
0.775812402776716584379424403927
-0.776845118856022471949751801095
0.776845118856022471949751801095
-0.777875749660291374799070788009
0.777875749660291374799070788009
-0.778904292423014710558301409401
0.778904292423014710558301409401
-0.779930744383288799052521091704
0.779930744383288799052521091704
-0.780955102785822273358052589383
0.780955102785822273358052589383
-0.781977364880943475794494007574
0.781977364880943475794494007574
-0.782997527924607838831837938068
0.782997527924607838831837938068
-0.78401558917840525089286723791
0.78401558917840525089286723791
-0.785031545909567407031055525289
0.785031545909567407031055525289
-0.786045395390975144464241065891
0.786045395390975144464241065891
-0.787057134901165762944383374337
0.787057134901165762944383374337
-0.788066761724340329943752559625
0.788066761724340329943752559625
-0.789074273150370970637942200566
0.789074273150370970637942200566
-0.790079666474808142666137346874
0.790079666474808142666137346874
-0.791082938998887895649110103819
0.791082938998887895649110103819
-0.792084088029539115445456172947
0.792084088029539115445456172947
-0.793083110879390753126626688347
0.793083110879390753126626688347
-0.794080004866779038651350707077
0.794080004866779038651350707077
-0.79507476731575467922008478358
0.79507476731575467922008478358
-0.796067395556090042290167181145
0.796067395556090042290167181145
-0.797057886923286323232395448526
0.797057886923286323232395448526
-0.798046238758580697609787316675
0.798046238758580697609787316675
-0.799032448408953458059326149013
0.799032448408953458059326149013
-0.800016513227135135757533508676
0.800016513227135135757533508676
-0.800998430571613606450752787618
0.800998430571613606450752787618
-0.801978197806641181031069275184
0.801978197806641181031069275184
-0.802955812302241680638833527741
0.802955812302241680638833527741
-0.803931271434217496272796435971
0.803931271434217496272796435971
-0.804904572584156632888905972469
0.804904572584156632888905972469
-0.805875713139439737968857239179
0.805875713139439737968857239179
-0.806844690493247114539529121821
0.806844690493247114539529121821
-0.807811502044565718624482596781
0.807811502044565718624482596781
-0.808776145198196141108737524741
0.808776145198196141108737524741
-0.809738617364759573998086604551
0.809738617364759573998086604551
-0.810698915960704761054247050429
0.810698915960704761054247050429
-0.811657038408314932787192495273
0.811657038408314932787192495273
-0.812612982135714725786049612732
0.812612982135714725786049612732
-0.81356674457687708636998599044
0.81356674457687708636998599044
-0.814518323171630158540557876509
0.814518323171630158540557876509
-0.815467715365664156217028560729
0.815467715365664156217028560729
-0.816414918610538219736210340971
0.816414918610538219736210340971
-0.817359930363687256598425263843
0.817359930363687256598425263843
-0.818302748088428766441222116561
0.818302748088428766441222116561
-0.819243369253969650222529484262
0.819243369253969650222529484262
-0.820181791335413003594967073396
0.820181791335413003594967073396
-0.821118011813764894453079937299
0.821118011813764894453079937299
-0.822052028175941124635302724494
0.822052028175941124635302724494
-0.822983837914773975762503603503
0.822983837914773975762503603503
-0.823913438529018939195000099973
0.823913438529018939195000099973
-0.824840827523361430089981712468
0.824840827523361430089981712468
-0.825766002408423485541316852393
0.825766002408423485541316852393
-0.826688960700770446783764380963
0.826688960700770446783764380963
-0.827609699922917625443652791852
0.827609699922917625443652791852
-0.828528217603336953818132912026
0.828528217603336953818132912026
-0.829444511276463619165152865189
0.829444511276463619165152865189
-0.830358578482702681986346962068
0.830358578482702681986346962068
-0.831270416768435678285073149404
0.831270416768435678285073149404
-0.832180023686027205781876664831
0.832180023686027205781876664831
-0.833087396793831494069700607704
0.833087396793831494069700607704
-0.833992533656198958691207246295
0.833992533656198958691207246295
-0.834895431843482739120617039442
0.834895431843482739120617039442
-0.835796088932045220632515555657
0.835796088932045220632515555657
-0.836694502504264540040121724726
0.836694502504264540040121724726
-0.837590670148541075285554155823
0.837590670148541075285554155823
-0.838484589459303918864675602084
0.838484589459303918864675602084
-0.839376258037017335069139044197
0.839376258037017335069139044197
-0.840265673488187201028302304894
0.840265673488187201028302304894
-0.841152833425367431533721592037
0.841152833425367431533721592037
-0.842037735467166387628977900221
0.842037735467166387628977900221
-0.84292037723825326894763377935
0.84292037723825326894763377935
-0.843800756369364489782161603349
0.843800756369364489782161603349
-0.844678870497310038866728142934
0.844678870497310038866728142934
-0.84555471726497982285676396307
0.84555471726497982285676396307
-0.84642829432134999348828992828
0.84642829432134999348828992828
-0.847299599321489258400016907223
0.847299599321489258400016907223
-0.848168629926565175601278621765
0.848168629926565175601278621765
-0.849035383803850431568901485087
0.849035383803850431568901485087
-0.849899858626729102956159218045
0.849899858626729102956159218045
-0.850762052074702901897004022871
0.850762052074702901897004022871
-0.851621961833397404888810128328
0.851621961833397404888810128328
-0.85247958559456826523690960046
0.85247958559456826523690960046
-0.853334921056107409044244437963
0.853334921056107409044244437963
-0.854187965922049214729503140881
0.854187965922049214729503140881
-0.855038717902576676057154155614
0.855038717902576676057154155614
-0.855887174714027548662832858102
0.855887174714027548662832858102
-0.856733334078900480057583040256
0.856733334078900480057583040256
-0.857577193725861123094498212264
0.857577193725861123094498212264
-0.858418751389748232881352425093
0.858418751389748232881352425093
-0.85925800481157974712285475327
0.85925800481157974712285475327
-0.860094951738558849876206057714
0.860094951738558849876206057714
-0.860929589924080018703681171884
0.860929589924080018703681171884
-0.861761917127735055206004221704
0.861761917127735055206004221704
-0.862591931115319098920329400511
0.862591931115319098920329400511
-0.863419629658836624566684174452
0.863419629658836624566684174452
-0.864245010536507422626776591371
0.864245010536507422626776591371
-0.865068071532772563239113106934
0.865068071532772563239113106934
-0.865888810438300343394418125651
0.865888810438300343394418125651
-0.866707225049992217415391281273
0.866707225049992217415391281273
-0.867523313170988710704883350728
0.867523313170988710704883350728
-0.868337072610675316746616608205
0.868337072610675316746616608205
-0.869148501184688377342620381007
0.869148501184688377342620381007
-0.869957596714920946071597566355
0.869957596714920946071597566355
-0.870764357029528634952482908193
0.870764357029528634952482908193
-0.871568779962935444297498915229
0.871568779962935444297498915229
-0.872370863355839575739060425707
0.872370863355839575739060425707
-0.873170605055219228414923990706
0.873170605055219228414923990706
-0.873968002914338378296023455939
0.873968002914338378296023455939
-0.874763054792752540641478371972
0.874763054792752540641478371972
-0.875555758556314515565307154369
0.875555758556314515565307154369
-0.876346112077180116699422248391
0.876346112077180116699422248391
-0.877134113233813882937529927381
0.877134113233813882937529927381
-0.877919759910994773244602769776
0.877919759910994773244602769776
-0.878703049999821844516638316628
0.878703049999821844516638316628
-0.879483981397719912475462909522
0.879483981397719912475462909522
-0.880262552008445195583385247672
0.880262552008445195583385247672
-0.881038759742090941962549782675
0.881038759742090941962549782675
-0.88181260251509303930388568978
0.88181260251509303930388568978
-0.882584078250235607750592815445
0.882584078250235607750592815445
-0.883353184876656575741151702267
0.883353184876656575741151702267
-0.88411992032985323879689053407
0.88411992032985323879689053407
-0.884884282551687801239187625699
0.884884282551687801239187625699
-0.885646269490392900821433904
0.885646269490392900821433904
-0.886405879100577116260925688245
0.886405879100577116260925688245
-0.887163109343230457655903979921
0.887163109343230457655903979921
-0.887917958185729839773002413088
0.887917958185729839773002413088
-0.888670423601844538190411997419
0.888670423601844538190411997419
-0.889420503571741628282116806352
0.889420503571741628282116806352
-0.890168196081991407028600822411
0.890168196081991407028600822411
-0.890913499125572797639472250625
0.890913499125572797639472250625
-0.891656410701878736973497748849
0.891656410701878736973497748849
-0.892396928816721545741585200683
0.892396928816721545741585200683
-0.893135051482338281478299872342
0.893135051482338281478299872342
-0.893870776717396074267545049242
0.893870776717396074267545049242
-0.894604102546997445208084540996
0.894604102546997445208084540996
-0.895335027002685607604630774966
0.895335027002685607604630774966
-0.896063548122449750870268568223
0.896063548122449750870268568223
-0.896789663950730307126031075757
0.896789663950730307126031075757
-0.897513372538424200483490858758
0.897513372538424200483490858758
-0.898234671942890078996275500826
0.898234671942890078996275500826
-0.898953560227953529266463721745
0.898953560227953529266463721745
-0.899670035463912273691864497984
0.899670035463912273691864497984
-0.900384095727541350340228296234
0.900384095727541350340228296234
-0.90109573910209827543648616078
0.90109573910209827543648616078
-0.901804963677328188449159067483
0.901804963677328188449159067483
-0.902511767549468979762126666182
0.902511767549468979762126666182
-0.903216148821256400917991279562
0.903216148821256400917991279562
-0.90391810560192915741931980966
0.90391810560192915741931980966
-0.904617636007233984074093023145
0.904617636007233984074093023145
-0.905314738159430702871738543221
0.905314738159430702871738543221
-0.906009410187297263376170769254
0.906009410187297263376170769254
-0.906701650226134765622307874949
0.906701650226134765622307874949
-0.907391456417772465502583001956
0.907391456417772465502583001956
-0.908078826910572762630013768063
0.908078826910572762630013768063
-0.908763759859436170664441247457
0.908763759859436170664441247457
-0.909446253425806270088596654844
0.909446253425806270088596654844
-0.910126305777674643420701075336
0.910126305777674643420701075336
-0.91080391508958579285035072786
0.91080391508958579285035072786
-0.911479079542642040284487431226
0.911479079542642040284487431226
-0.912151797324508409790301158878
0.912151797324508409790301158878
-0.912822066629417492421958820514
0.912822066629417492421958820514
-0.913489885658174293418100696163
0.913489885658174293418100696163
-0.914155252618161061757093270742
0.914155252618161061757093270742
-0.914818165723342102057074574561
0.914818165723342102057074574561
-0.915478623194268568807875527418
0.915478623194268568807875527418
-0.916136623258083242921948210891
0.916136623258083242921948210891
-0.916792164148525290591479454912
0.916792164148525290591479454912
-0.917445244105935004438915620618
0.917445244105935004438915620618
-0.918095861377258526948171991763
0.918095861377258526948171991763
-0.91874401421605255616384775137
0.91874401421605255616384775137
-0.919389700882489033645815118851
0.919389700882489033645815118851
-0.920032919643359814666598855202
0.920032919643359814666598855202
-0.920673668772081320639010010189
0.920673668772081320639010010189
-0.921311946548699173761545485331
0.921311946548699173761545485331
-0.921947751259892813869112719986
0.921947751259892813869112719986
-0.922581081198980097476686574777
0.922581081198980097476686574777
-0.923211934665921879003553286807
0.923211934665921879003553286807
-0.923840309967326574165844204506
0.923840309967326574165844204506
-0.92446620541645470552510987643
0.92446620541645470552510987643
-0.925089619333223430180732967682
0.925089619333223430180732967682
-0.925710550044211049594026409814
0.925710550044211049594026409814
-0.926328995882661501531911154908
0.926328995882661501531911154908
-0.926944955188488834118115901927
0.926944955188488834118115901927
-0.927558426308281661979889193239
0.927558426308281661979889193239
-0.928169407595307604478262341299
0.928169407595307604478262341299
-0.928777897409517706009949739771
0.928777897409517706009949739771
-0.929383894117550838369021239637
0.929383894117550838369021239637
-0.929987396092738085156529429096
0.929987396092738085156529429096
-0.930588401715107108226322846029
0.930588401715107108226322846029
-0.931186909371386496155324373478
0.931186909371386496155324373478
-0.931782917455010094726602321803
0.931782917455010094726602321803
-0.932376424366121319413609985755
0.932376424366121319413609985755
-0.932967428511577449854017780611
0.932967428511577449854017780611
-0.933555928304953906301610408564
0.933555928304953906301610408564
-0.934141922166548508044769884623
0.934141922166548508044769884623
-0.934725408523385713780113660261
0.934725408523385713780113660261
-0.935306385809220843929905522827
0.935306385809220843929905522827
-0.935884852464544284891905419119
0.935884852464544284891905419119
-0.936460806936585675210372852505
0.936460806936585675210372852505
-0.937034247679318073656987034274
0.937034247679318073656987034274
-0.937605173153462109210495531592
0.937605173153462109210495531592
-0.938173581826490112923951746162
0.938173581826490112923951746162
-0.938739472172630231668450179555
0.938739472172630231668450179555
-0.939302842672870523742317092873
0.939302842672870523742317092873
-0.939863691814963036334762849928
0.939863691814963036334762849928
-0.940422018093427864833050944307
0.940422018093427864833050944307
-0.940977820009557193962287451369
0.940977820009557193962287451369
-0.941531096071419320746983416376
0.941531096071419320746983416376
-0.942081844793862659283591489381
0.942081844793862659283591489381
-0.942630064698519727313266946064
0.942630064698519727313266946064
-0.943175754313811114584152091376
0.943175754313811114584152091376
-0.943718912174949432992531929424
0.943718912174949432992531929424
-0.944259536823943248492257898387
0.944259536823943248492257898387
-0.944797626809600994761885413376
0.944797626809600994761885413376
-0.945333180687534868619019932752
0.945333180687534868619019932752
-0.945866197020164707171415264554
0.945866197020164707171415264554
-0.946396674376721846694416859092
0.946396674376721846694416859092
-0.94692461133325296322439189146
0.94692461133325296322439189146
-0.94745000647262389485783702343
0.94745000647262389485783702343
-0.947972858384523445745903847993
0.947972858384523445745903847993
-0.948493165665467171774131161381
0.948493165665467171774131161381
-0.949010926918801147917222376827
0.949010926918801147917222376827
-0.949526140754705717258755591342
0.949526140754705717258755591342
-0.950038805790199221665763041326
0.950038805790199221665763041326
-0.950548920649141714108165934882
0.950548920649141714108165934882
-0.95105648396223865261309992798
0.95105648396223865261309992798
-0.951561494367044575844215818145
0.951561494367044575844215818145
-0.952063950507966760296089363024
0.952063950507966760296089363024
-0.952563851036268859093923491774
0.952563851036268859093923491774
-0.953061194610074522388775564795
0.953061194610074522388775564795
-0.953555979894370999338591751673
0.953555979894370999338591751673
-0.954048205561012721665380038226
0.954048205561012721665380038226
-0.954537870288724868778902841237
0.954537870288724868778902841237
-0.955024972763106914457319703604
0.955024972763106914457319703604
-0.955509511676636155075260063249
0.955509511676636155075260063249
-0.955991485728671219369855636058
0.955991485728671219369855636058
-0.956470893625455559735311526307
0.956470893625455559735311526307
-0.956947734080120925036644777366
0.956947734080120925036644777366
-0.957422005812690814933268700951
0.957422005812690814933268700951
-0.957893707550083915703150974596
0.957893707550083915703150974596
-0.958362838026117517558323174456
0.958362838026117517558323174456
-0.958829395981510913442569113806
0.958829395981510913442569113806
-0.959293380163888779302169086689
0.959293380163888779302169086689
-0.959754789327784535820626870989
0.959754789327784535820626870989
-0.960213622234643691608356125788
0.960213622234643691608356125788
-0.96066987765282716783835262401
0.96066987765282716783835262401
-0.961123554357614604318928593194
0.961123554357614604318928593194
-0.961574651131207646994635294631
0.961574651131207646994635294631
-0.962023166762733216866549854019
0.962023166762733216866549854019
-0.962469100048246760323152265279
0.962469100048246760323152265279
-0.962912449790735480873068423149
0.962912449790735480873068423149
-0.963353214800121552271004999706
0.963353214800121552271004999706
-0.963791393893265313028251964966
0.963791393893265313028251964966
-0.964226985893968442299178562306
0.964226985893968442299178562306
-0.964659989632977117135198585567
0.964659989632977117135198585567
-0.965090403947985151097730866468
0.965090403947985151097730866468
-0.965518227683637114221730968335
0.965518227683637114221730968335
-0.965943459691531434321420195299
0.965943459691531434321420195299
-0.96636609883022347962988816504
0.96636609883022347962988816504
-0.966786143965228622764295358014
0.966786143965228622764295358014
-0.967203593969025286008452246955
0.967203593969025286008452246955
-0.967618447721057967904601827459
0.967618447721057967904601827459
-0.968030704107740251146282613832
0.968030704107740251146282613832
-0.968440362022457791764199434165
0.968440362022457791764199434165
-0.968847420365571289597079655175
0.968847420365571289597079655175
-0.969251878044419440039542790778
0.969251878044419440039542790778
-0.969653733973321867059061799022
0.969653733973321867059061799022
-0.970052987073582037474144750116
0.970052987073582037474144750116
-0.970449636273490156485915954244
0.970449636273490156485915954244
-0.970843680508326044455326071909
0.970843680508326044455326071909
-0.971235118720361994918271192272
0.971235118720361994918271192272
-0.97162394985886561383095135659
0.97162394985886561383095135659
-0.972010172880102640037849525098
0.972010172880102640037849525098
-0.972393786747339746954762536933
0.972393786747339746954762536933
-0.972774790430847325459366194667
0.972774790430847325459366194667
-0.973153182907902247981847218285
0.973153182907902247981847218285
-0.973528963162790613788185458856
0.973528963162790613788185458856
-0.973902130186810475448720440406
0.973902130186810475448720440406
-0.974272682978274546484687010584
0.974272682978274546484687010584
-0.974640620542512890185455627592
0.974640620542512890185455627592
-0.975005941891875589589263593586
0.975005941891875589589263593586
-0.97536864604573539862027436454
0.97536864604573539862027436454
-0.975728732030490374374852924799
0.975728732030490374374852924799
-0.976086198879566490549996112516
0.976086198879566490549996112516
-0.976441045633420232006907721626
0.976441045633420232006907721626
-0.976793271339541170462759188595
0.976793271339541170462759188595
-0.977142875052454521303727699832
0.977142875052454521303727699832
-0.977489855833723681512454630514
0.977489855833723681512454630514
-0.977834212751952748703118349942
0.977834212751952748703118349942
-0.978175944882789021257366604932
0.978175944882789021257366604932
-0.978515051308925479554404924037
0.978515051308925479554404924037
-0.978851531120103248288588774621
0.978851531120103248288588774621
-0.979185383413114039867918555357
0.979185383413114039867918555357
-0.979516607291802578886887922409
0.979516607291802578886887922409
-0.979845201867069007667187432402
0.979845201867069007667187432402
-0.980171166256871272859817043944
0.980171166256871272859817043944
-0.980494499586227493102212656852
0.980494499586227493102212656852
-0.980815200987218307724043589936
0.980815200987218307724043589936
-0.98113326959898920649538971032
0.98113326959898920649538971032
-0.98144870456775284041105883652
0.98144870456775284041105883652
-0.981761505046791313504857051371
0.981761505046791313504857051371
-0.982071670196458455687676687591
0.982071670196458455687676687591
-0.982379199184182076603318997448
0.982379199184182076603318997448
-0.982684091184466200496020898753
0.982684091184466200496020898753
-0.9829863453788932820837077134
0.9829863453788932820837077134
-0.983285960956126403431046494415
0.983285960956126403431046494415
-0.98358293711191145181642738664
0.98358293711191145181642738664
-0.98387727304907927858705350021
0.98387727304907927858705350021
-0.984168967977547838996373011762
0.984168967977547838996373011762
-0.984458021114324313018140664957
0.984458021114324313018140664957
-0.984744431683507207131449540357
0.984744431683507207131449540357
-0.98502819891628843707112792861
0.98502819891628843707112792861
-0.985309322050955391537950396443
0.985309322050955391537950396443
-0.985587800332892976863166711534
0.985587800332892976863166711534
-0.985863633014585642621907222576
0.985863633014585642621907222576
-0.98613681935561938819007861161
0.98613681935561938819007861161
-0.986407358622683750239419687856
0.986407358622683750239419687856
-0.986675250089573771165443122099
0.986675250089573771165443122099
-0.986940493037191948443045779658
0.986940493037191948443045779658
-0.987203086753550164904627656359
0.987203086753550164904627656359
-0.987463030533771599935617421016
0.987463030533771599935617421016
-0.987720323680092621582361293271
0.987720323680092621582361293271
-0.987974965501864659567391520334
0.987974965501864659567391520334
-0.988226955315556059207151153768
0.988226955315556059207151153768
-0.988476292444753916227313273968
0.988476292444753916227313273968
-0.988722976220165892470895385105
0.988722976220165892470895385105
-0.988967005979622012494433542882
0.988967005979622012494433542882
-0.989208381068076441047546035519
0.989208381068076441047546035519
-0.98944710083760924143128328981
0.98944710083760924143128328981
-0.989683164647428114730729318164
0.989683164647428114730729318164
-0.989916571863870119917390685777
0.989916571863870119917390685777
-0.990147321860403374816981918413
0.990147321860403374816981918413
-0.990375414017628737938291786073
0.990375414017628737938291786073
-0.990600847723281471158893324409
0.990600847723281471158893324409
-0.99082362237223288326354218152
0.99082362237223288326354218152
-0.991043737366491954331193347519
0.991043737366491954331193347519
-0.991261192115206940966656049204
0.991261192115206940966656049204
-0.991475986034666962373001161005
0.991475986034666962373001161005
-0.991688118548303567260935574923
0.991688118548303567260935574923
-0.991897589086692281591464370826
0.991897589086692281591464370826
-0.992104397087554137148275242003
0.992104397087554137148275242003
-0.992308541995757180936401511677
0.992308541995757180936401511677
-0.992510023263317965403851446853
0.992510023263317965403851446853
-0.992708840349403019483033859129
0.992708840349403019483033859129
-0.992904992720330300448964836841
0.992904992720330300448964836841
-0.993098479849570626591409817489
0.993098479849570626591409817489
-0.993289301217749090698301352895
0.993289301217749090698301352895
-0.993477456312646454347978504338
0.993477456312646454347978504338
-0.99366294462920052300802196109
0.99366294462920052300802196109
-0.993845765669507501938713391784
0.993845765669507501938713391784
-0.994025918942823332899432570063
0.994025918942823332899432570063
-0.994203403965565011656626620939
0.994203403965565011656626620939
-0.994378220261311886292348431782
0.994378220261311886292348431782
-0.99455036736080693631277314189
0.99455036736080693631277314189
-0.994719844801958032556571349563
0.994719844801958032556571349563
-0.994886652129839177903555638338
0.994886652129839177903555638338
-0.99505078889669172878463567351
0.99505078889669172878463567351
-0.99521225466192559749483142543
0.99521225466192559749483142543
-0.995371048992120435311922087998
0.995371048992120435311922087998
-0.995527171461026796424271810766
0.995527171461026796424271810766
-0.995680621649567282672498937109
0.995680621649567282672498937109
-0.995831399145837669110975272914
0.995831399145837669110975272914
-0.995979503545108010396695359029
0.995979503545108010396695359029
-0.996124934449823728014891007684
0.996124934449823728014891007684
-0.996267691469606678352942775146
0.996267691469606678352942775146
-0.996407774221256201636730737111
0.996407774221256201636730737111
-0.99654518232875015174666252158
0.99654518232875015174666252158
-0.996679915423245906934329705818
0.996679915423245906934329705818
-0.996811973143081361465215063694
0.996811973143081361465215063694
-0.996941355133775898218279110096
0.996941355133775898218279110096
-0.997068061048031342279816992173
0.997068061048031342279816992173
-0.997192090545732895576976910302
0.997192090545732895576976910302
-0.997313443293950052606125889645
0.997313443293950052606125889645
-0.997432118966937497323293768707
0.997432118966937497323293768707
-0.997548117246135981278806955444
0.997548117246135981278806955444
-0.997661437820173183096695084788
0.997661437820173183096695084788
-0.997772080384864549422496322224
0.997772080384864549422496322224
-0.997880044643214117491980058094
0.997880044643214117491980058094
-0.997985330305415319509729261912
0.997985330305415319509729261912
-0.998087937088851769072699358918
0.998087937088851769072699358918
-0.998187864718098029932750568133
0.998187864718098029932750568133
-0.998285112924920367467694640248
0.998285112924920367467694640248
-0.998379681448277483327947665165
0.998379681448277483327947665165
-0.998471570034321233852705415688
0.998471570034321233852705415688
-0.998560778436397333015622507598
0.998560778436397333015622507598
-0.998647306415046040879066107592
0.998647306415046040879066107592
-0.998731153738002838827369382253
0.998731153738002838827369382253
-0.998812320180199093240243978726
0.998812320180199093240243978726
-0.998890805523762709796226990269
0.998890805523762709796226990269
-0.998966609558018781318290596376
0.998966609558018781318290596376
-0.999039732079490233070407317426
0.999039732079490233070407317426
-0.999110172891898470804129395199
0.999110172891898470804129395199
-0.999177931806164038816073812893
0.999177931806164038816073812893
-0.999243008640407298080085431792
0.999243008640407298080085431792
-0.99930540321994913857601607793
0.99930540321994913857601607793
-0.999365115377311745897648340925
0.999365115377311745897648340925
-0.99942214495221945111412465788
0.99942214495221945111412465788
-0.999476491791599706349145248212
0.999476491791599706349145248212
-0.99952815574958424938675849119
0.99952815574958424938675849119
-0.99957713668751055347393667065
0.99957713668751055347393667065
-0.999623434473923711449252925325
0.999623434473923711449252925325
-0.999667048984578990774025763845
0.999667048984578990774025763845
-0.999707980102445444379378964604
0.999707980102445444379378964604
-0.999746227717711221546151495587
0.999746227717711221546151495587
-0.999781791727791691879902343134
0.999781791727791691879902343134
-0.999814672037342376180203579085
0.999814672037342376180203579085
-0.999844868558280406271892846686
0.999844868558280406271892846686
-0.999872381209821802287017895594
0.999872381209821802287017895594
-0.999897209918549660823568333521
0.999897209918549660823568333521
-0.999919354618546658964865793394
0.999919354618546658964865793394
-0.999938815251671999697738945563
0.999938815251671999697738945563
-0.999955591768195110461651325543
0.999955591768195110461651325543
-0.999969684128424810782938233707
0.999969684128424810782938233707
-0.999981092307608105971070493919
0.999981092307608105971070493919
-0.999989816314363995474050927111
0.999989816314363995474050927111
-0.99999585628959793296787960283
0.99999585628959793296787960283
-0.999999213558632053242589742082
0.999999213558632053242589742082