-0.000993860164249962959042786968861
0.000993860164249962959042786968861
-0.00298157656597607971450758286327
0.00298157656597607971450758286327
-0.00496928118739628379304924267373
0.00496928118739628379304924267373
-0.00695696617502501605188348025023
0.00695696617502501605188348025023
-0.00894462367545429109642463063266
0.00894462367545429109642463063266
-0.0109322458353847263504697990947
0.0109322458353847263504697990947
-0.0129198248016565706972897451995
0.0129198248016565706972897451995
-0.0149073527212807325690313324969
0.0149073527212807325690313324969
-0.0168948217414698073618385542279
0.0168948217414698073618385542279
-0.0188822240096691040541018095141
0.0188822240096691040541018095141
-0.0208695516735876709052482529728
0.0208695516735876709052482529728
-0.0228567968812293201124896735112
0.0228567968812293201124896735112
-0.0248439517809236513029484751978
0.0248439517809236513029484751978
-0.0268310085213570737385869345676
0.0268310085213570737385869345676
-0.0288179592516038271113699944728
0.0288179592516038271113699944728
-0.030804796121157000806097424626
0.030804796121157000806097424626
-0.032791511279959551508347233268
0.032791511279959551508347233268
-0.0347780968784353190349787529147
0.0347780968784353190349787529147
-0.0367645450675200402646508458601
0.0367645450675200402646508458601
-0.0387508479986923610458181820149
0.0387508479986923610458181820149
-0.04073699782400484595967653271
0.04073699782400484595967653271
-0.0427229866961149858155364992608
0.0427229866961149858155364992608
-0.0447088067683162027561140543367
0.0447088067683162027561140543367
-0.0466944501945688528502357174766
0.0466944501945688528502357174766
-0.0486799091295312260504661133983
0.0486799091295312260504661133983
-0.0506651757285905433931760730249
0.0506651757285905433931760730249
-0.0526502421478939513185803323622
0.0526502421478939513185803323622
-0.0546351005443795129882852634505
0.0546351005443795129882852634505
-0.0566197430758071964778989345527
0.0566197430758071964778989345527
-0.0586041619007898597222681434698
0.0586041619007898597222681434698
-0.0605883491788242320909198983507
0.0605883491788242320909198983507
-0.0625722970703218924712981345366
0.0625722970703218924712981345366
-0.0645559977366402437374002537932
0.0645559977366402437374002537932
-0.0665394433401134834814323536871
0.0665394433401134834814323536871
-0.0685226260440835708861167797983
0.0685226260440835708861167797983
-0.0705055380129311896153008818678
0.0705055380129311896153008818678
-0.0724881714121067066005315868007
0.0724881714121067066005315868007
-0.0744705184081611266012766166184
0.0744705184081611266012766166184
-0.076452571168777042416489877913
0.076452571168777042416489877913
-0.0784343218627995806252357310348
0.0784343218627995806252357310348
-0.0804157626602673427341045120831
0.0804157626602673427341045120831
-0.0823968857324433416091698286812
0.0823968857324433416091698286812
-0.0843776832518459330702567814501
0.0843776832518459330702567814501
-0.0863581473922797425253093769588
0.0863581473922797425253093769588
-0.0883382703288665865226649946611
0.0883382703288665865226649946611
-0.0903180442380763890990638498414
0.0903180442380763890990638498414
-0.0922974612977580928012419568126
0.0922974612977580928012419568126
-0.0942765136871705642589771414542
0.0942765136871705642589771414542
-0.0962551935870134941874791795651
0.0962551935870134941874791795651
-0.0982334931794582916970371473463
0.0982334931794582916970371473463
-0.100211404648178972787859562544
0.100211404648178972787859562544
-0.102188920178383042908065869271
0.102188920178383042908065869271
-0.10416603195684237345281127621
0.10416603195684237345281127621
-0.106142732171924072082550896681
0.106142732171924072082550896681
-0.108119013013621346738473559839
0.108119013013621346738473559839
-0.110094866673584363233160564939
0.110094866673584363233160564939
-0.112070285345151096294550035138
0.112070285345151096294550035138
-0.114045261223378173941313393454
0.114045261223378173941313393454
-0.116019786505071715067776831362
0.116019786505071715067776831362
-0.117993853388818160116547469775
0.117993853388818160116547469775
-0.119967454075015094717031222884
0.119967454075015094717031222884
-0.121940580765902066168057167312
0.121940580765902066168057167312
-0.123913225665591392642851492214
0.123913225665591392642851492214
-0.125885380980098964994632860171
0.125885380980098964994632860171
-0.12785703891737504104113024393
0.12785703891737504104113024393
-0.129828191687335032206354020057
0.129828191687335032206354020057
-0.131798831501890282397981297305
0.131798831501890282397981297305
-0.133768950574978838998747134848
0.133768950574978838998747134848
-0.135738541122596215850264463343
0.135738541122596215850264463343
-0.137707595362826148107727159963
0.137707595362826148107727159963
-0.139676105515871338843982846958
0.139676105515871338843982846958
-0.14164406380408419728149458177
0.14164406380408419728149458177
-0.143611462451997568530743685272
0.143611462451997568530743685272
-0.14557829368635545471365951297
0.14557829368635545471365951297
-0.14754454973614372735069601209
0.14754454973614372735069601209
-0.14951022283262083089020942505
0.14951022283262083089020942505
-0.151475305209348477258826496905
0.151475305209348477258826496905
-0.153439789102222331311528020697
0.153439789102222331311528020697
-0.155403666749502687060208510153
0.155403666749502687060208510153
-0.157366930391845134559509223739
0.157366930391845134559509223739
-0.159329572272331217328758677463
0.159329572272331217328758677463
-0.16129158463649908018889217601
0.16129158463649908018889217601
-0.163252959732374107393259762463
0.163252959732374107393259762463
-0.165213689810499550931270336092
0.165213689810499550931270336092
-0.167173767123967148883858515079
0.167173767123967148883858515079
-0.169133183928447733709800126655
0.169133183928447733709800126655
-0.171091932482221830341941990659
0.171091932482221830341941990659
-0.173050005046210243972451923882
0.173050005046210243972451923882
-0.175007393884004637406235631587
0.175007393884004637406235631587
-0.176964091261898097861708369094
0.176964091261898097861708369094
-0.178920089448915693098150950178
0.178920089448915693098150950178
-0.180875380716845016748921850033
0.180875380716845016748921850033
-0.182829957340266722739839798559
0.182829957340266722739839798559
-0.184783811596585048672094384603
0.184783811596585048672094384603
-0.186736935766058328049085793255
0.186736935766058328049085793255
-0.188689322131829491226638876328
0.188689322131829491226638876328
-0.190640962979956554966081310466
0.190640962979956554966081310466
-0.192591850599443100469720627746
0.192591850599443100469720627746
-0.194541977282268739778300410104
0.194541977282268739778300410104
-0.196491335323419570410061921069
0.196491335323419570410061921069
-0.19843991702091861812108390612
0.19843991702091861812108390612
-0.200387714675856267666620226182
0.200387714675856267666620226182
-0.202334720592420681443202397223
0.202334720592420681443202397223
-0.204280927077928205891321992415
0.204280927077928205891321992415
-0.206226326442853765538556221666
0.206226326442853765538556221666
-0.208170911000861244563048836334
0.208170911000861244563048836334
-0.210114673068833855757307814419
0.210114673068833855757307814419
-0.212057604966904496772331063295
0.212057604966904496772331063295
-0.213999699018486093522121632874
0.213999699018486093522121632874
-0.215940947550301930628704661805
0.215940947550301930628704661805
-0.217881342892415968787809482729
0.217881342892415968787809482729
-0.219820877378263148935431989469
0.219820877378263148935431989469
-0.221759543344679683095544519201
0.221759543344679683095544519201
-0.223697333131933331789273125854
0.223697333131933331789273125854
-0.225634239083753667885915217085
0.225634239083753667885915217085
-0.227570253547362326776224095887
0.227570253547362326776224095887
-0.229505368873503242748440989071
0.229505368873503242748440989071
-0.231439577416472871447609658242
0.231439577416472871447609658242
-0.233372871534150398298763674306
0.233372871534150398298763674306
-0.235305243588027932774631893731
0.235305243588027932774631893731
-0.237236685943240688388563603549
0.237236685943240688388563603549
-0.239167190968597148293431202227
0.239167190968597148293431202227
-0.241096751036609216367325154762
0.241096751036609216367325154762
-0.243025358523522353666913302526
0.243025358523522353666913302526
-0.244953005809345700129394421217
0.244953005809345700129394421217
-0.246879685277882181404034203544
0.246879685277882181404034203544
-0.248805389316758600694330596812
0.248805389316758600694330596812
-0.250730110317455715491914649004
0.250730110317455715491914649004
-0.252653840675338299083352710273
0.252653840675338299083352710273
-0.254576572789685186711075999452
0.254576572789685186711075999452
-0.256498299063719306269724177285
0.256498299063719306269724177285
-0.258419011904637693419250669119
0.258419011904637693419250669119
-0.260338703723641490996199049723
0.260338703723641490996199049723
-0.262257366935965932604621841286
0.262257366935965932604621841286
-0.26417499396091031026817558245
0.26417499396091031026817558245
-0.266091577221867926024989000986
0.266091577221867926024989000986
-0.268007109146356027346964565396
0.268007109146356027346964565396
-0.269921582166045726265237600879
0.269921582166045726265237600879
-0.271834988716791902083581532626
0.271834988716791902083581532626
-0.273747321238663087561612663938
0.273747321238663087561612663938
-0.275658572175971338449713208059
0.275658572175971338449713208059
-0.277568733977302086257657070474
0.277568733977302086257657070474
-0.279477799095543974138989122647
0.279477799095543974138989122647
-0.281385759987918675773275418356
0.281385759987918675773275418356
-0.283292609116010697128408979754
0.283292609116010697128408979754
-0.28519833894579716098522342175
0.28519833894579716098522342175
-0.287102941947677574106734789959
0.287102941947677574106734789959
-0.289006410596503576934400559157
0.289006410596503576934400559157
-0.290908737371608675693853775441
0.290908737371608675693853775441
-0.292809914756837956792639826078
0.292809914756837956792639826078
-0.294709935240577783392553285872
0.294709935240577783392553285872
-0.296608791315785474039242717626
0.296608791315785474039242717626
-0.298506475480018963231822196591
0.298506475480018963231822196591
-0.3004029802354664438152996844
0.3004029802354664438152996844
-0.302298298088975991078704196657
0.302298298088975991078704196657
-0.304192421552085168441865989701
0.304192421552085168441865989701
-0.30608534314105061461387673591
0.30608534314105061461387673591
-0.30797705537687761210632986289
0.30797705537687761210632986289
-0.309867550785349636984514899801
0.309867550785349636984514899801
-0.311756821897057889739813803464
0.311756821897057889739813803464
-0.313644861247430807166621827704
0.313644861247430807166621827704
-0.315531661376763555127190551074
0.315531661376763555127190551074
-0.31741721483024750208786619057
0.31741721483024750208786619057
-0.319301514157999673310272301795
0.319301514157999673310272301795
-0.321184551915092185581062398944
0.321184551915092185581062398944
-0.323066320661581662363944920767
0.323066320661581662363944920767
-0.324946812962538629257760320854
0.324946812962538629257760320854
-0.326826021388076889644467872082
0.326826021388076889644467872082
-0.328703938513382880410978045287
0.328703938513382880410978045287
-0.330580556918745007628845051206
0.330580556918745007628845051206
-0.332455869189582962075913321785
0.332455869189582962075913321785
-0.334329867916477014484091352127
0.334329867916477014484091352127
-0.336202545695197290397506427019
0.336202545695197290397506427019
-0.338073895126733024525374316069
0.338073895126733024525374316069
-0.339943908817321794473999038503
0.339943908817321794473999038503
-0.341812579378478733742399272427
0.341812579378478733742399272427
-0.343679899427025723866139913404
0.343679899427025723866139913404
-0.345545861585120565594029673368
0.345545861585120565594029673368
-0.347410458480286128982428452676
0.347410458480286128982428452676
-0.349273682745439482291991515334
0.349273682745439482291991515334
-0.351135527018920999571761249697
0.351135527018920999571761249697
-0.352995983944523446815601503905
0.352995983944523446815601503905
-0.354855046171521046576054146706
0.354855046171521046576054146706
-0.356712706354698520920782619743
0.356712706354698520920782619743
-0.358568957154380112616852816505
0.358568957154380112616852816505
-0.360423791236458584428187645691
0.360423791236458584428187645691
-0.362277201272424196411618112271
0.362277201272424196411618112271
-0.364129179939393661097040677821
0.364129179939393661097040677821
-0.365979719920139076437278042285
0.365979719920139076437278042285
-0.367828813903116836413328321975
0.367828813903116836413328321975
-0.369676454582496519180775882896
0.369676454582496519180775882896
-0.371522634658189752643225824062
0.371522634658189752643225824062
-0.373367346835879057338713292081
0.373367346835879057338713292081
-0.3752105838270466665251284454
0.3752105838270466665251284454
-0.377052338349003323350787974087
0.377052338349003323350787974087
-0.378892603124917054996374618319
0.378892603124917054996374618319
-0.380731370883841923674557115644
0.380731370883841923674557115644
-0.382568634360746754373694443121
0.382568634360746754373694443121
-0.384404386296543839232120105334
0.384404386296543839232120105334
-0.386238619438117618429594552618
0.386238619438117618429594552618
-0.388071326538353337482606595253
0.388071326538353337482606595253
-0.389902500356165680830297908545
0.389902500356165680830297908545
-0.391732133656527381597878400253
0.391732133656527381597878400253
-0.393560219210497807424494335288
0.393560219210497807424494335288
-0.395386749795251522242605682777
0.395386749795251522242605682777
-0.397211718194106823896024166933
0.397211718194106823896024166933
-0.399035117196554257483858965401
0.399035117196554257483858965401
-0.400856939598285104317712906504
0.400856939598285104317712906504
-0.40267717820121984637956836963
0.40267717820121984637956836963
-0.404495825813536606167898890575
0.404495825813536606167898890575
-0.406312875249699561819639715601
0.406312875249699561819639715601
-0.408128319330487337395748233809
0.408128319330487337395748233809
-0.409942150883021368218183346944
0.409942150883021368218183346944
-0.411754362740794241146231408352
0.411754362740794241146231408352
-0.413564947743698009680205378313
0.413564947743698009680205378313
-0.415373898738052483780643300791
0.415373898738052483780643300791
-0.417181208576633494291232106584
0.417181208576633494291232106584
-0.418986870118701131853783089305
0.418986870118701131853783089305
-0.420790876230027960203686183402
0.420790876230027960203686183402
-0.422593219782927203734371396965
0.422593219782927203734371396965
-0.424393893656280909219407416064
0.424393893656280909219407416064
-0.426192890735568081580969501373
0.426192890735568081580969501373
-0.427990203912892793593511341483
0.427990203912892793593511341483
-0.429785826087012269411578510143
0.429785826087012269411578510143
-0.431579750163364941810804596373
0.431579750163364941810804596373
-0.433371969054098483031234936419
0.433371969054098483031234936419
-0.435162475678097809112227174608
0.435162475678097809112227174608
-0.436951262961013057608282615806
0.436951262961013057608282615806
-0.438738323835287538575267504971
0.438738323835287538575267504971
-0.440523651240185658716588978863
0.440523651240185658716588978863
-0.442307238121820818578996480872
0.442307238121820818578996480872
-0.444089077433183282687785911712
0.444089077433183282687785911712
-0.445869162134168022511290706043
0.445869162134168022511290706043
-0.447647485191602532144651377451
0.447647485191602532144651377451
-0.449424039579274616602962861233
0.449424039579274616602962861233
-0.451198818277960152614007205669
0.451198818277960152614007205669
-0.452971814275450821800887817499
0.452971814275450821800887817499
-0.454743020566581816144990555727
0.454743020566581816144990555727
-0.456512430153259515619806489186
0.456512430153259515619806489186
-0.45828003604448913788626108714
0.45828003604448913788626108714
-0.46004583125640235994030499811
0.46004583125640235994030499811
-0.461809808812284911603632389593
0.461809808812284911603632389593
-0.46357196174260414074850407012
0.46357196174260414074850407012
-0.465332283085036550147764294518
0.465332283085036550147764294518
-0.467090765884495305841252263062
0.467090765884495305841252263062
-0.46884740319315771690992186482
0.46884740319315771690992186482
-0.470602188070492686549096184603
0.470602188070492686549096184603
-0.472355113583288134332396690956
0.472355113583288134332396690956
-0.474106172805678389558000849223
0.474106172805678389558000849223
-0.475855358819171555568996158365
0.475855358819171555568996158365
-0.477602664712676844939713292525
0.477602664712676844939713292525
-0.479348083582531885420036137762
0.479348083582531885420036137762
-0.481091608532529996529802050592
0.481091608532529996529802050592
-0.482833232673947436695521627408
0.482833232673947436695521627408
-0.484572949125570620821763662095
0.484572949125570620821763662095
-0.486310751013723308189667782783
0.486310751013723308189667782783
-0.48804663147229376057516449713
0.48804663147229376057516449713
-0.489780583642761870479600038463
0.489780583642761870479600038463
-0.491512600674226259365581491938
0.491512600674226259365581491938
-0.493242675723431345790976190259
0.493242675723431345790976190259
-0.494970801954794383334118301834
0.494970801954794383334118301834
-0.496696972540432468203394890201
0.496696972540432468203394890201
-0.498421180660189516424503501534
0.498421180660189516424503501534
-0.500143419501663210498793536674
0.500143419501663210498793536674
-0.501863682260231915426224284832
0.501863682260231915426224284832
-0.503581962139081563986593537559
0.503581962139081563986593537559
-0.505298252349232511172812163098
0.505298252349232511172812163098
-0.507012546109566357670121902541
0.507012546109566357670121902541
-0.508724836646852742275275949684
0.508724836646852742275275949684
-0.510435117195776103149824595685
0.510435117195776103149824595685
-0.512143380998962407801771357103
0.512143380998962407801771357103
-0.513849621307005851689988561125
0.513849621307005851689988561125
-0.515553831378495525345905334273
0.515553831378495525345905334273
-0.517256004480042049907105330168
0.517256004480042049907105330168
-0.518956133886304180957596337514
0.518956133886304180957596337514
-0.520654212880015380569639130811
0.520654212880015380569639130811
-0.522350234752010357442148563002
0.522350234752010357442148563002
-0.524044192801251575030805950721
0.524044192801251575030805950721
-0.525736080334855727565148268619
0.525736080334855727565148268619
-0.527425890668120183848026548819
0.527425890668120183848026548819
-0.529113617124549398732953174484
0.529113617124549398732953174484
-0.53079925303588129217498546218
0.53079925303588129217498546218
-0.532482791742113595750921045724
0.532482791742113595750921045724
-0.534164226591530166544709104032
0.534164226591530166544709104032
-0.535843550940727268294110416554
0.535843550940727268294110416554
-0.537520758154639819694768581778
0.537520758154639819694768581778
-0.539195841606567609757984496394
0.539195841606567609757984496394
-0.540868794678201480118616364631
0.540868794678201480118616364631
-0.542539610759649474189658088375
0.542539610759649474189658088375
-0.544208283249462953060179878555
0.544208283249462953060179878555
-0.545874805554662678033446326338
0.545874805554662678033446326338
-0.547539171090764859702158978391
0.547539171090764859702158978391
-0.549201373281807173457902673424
0.549201373281807173457902673424
-0.55086140556037474133200751674
0.55086140556037474133200751674
-0.552519261367626080065171395208
0.552519261367626080065171395208
-0.554174934153319015303321366346
0.554174934153319015303321366346
-0.555828417375836561817326091516
0.555828417375836561817326091516
-0.55747970450221276964430572412
0.55747970450221276964430572412
-0.559128789008158536048420308555
0.559128789008158536048420308555
-0.560775664378087383199152794034
0.560775664378087383199152794034
-0.562420324105141201465238218688
0.562420324105141201465238218688
-0.564062761691215958222526473044
0.564062761691215958222526473044
-0.565702970646987372074202307567
0.565702970646987372074202307567
-0.567340944491936552381922905837
0.567340944491936552381922905837
-0.568976676754375604006570402639
0.568976676754375604006570402639
-0.570610160971473197157454184178
0.570610160971473197157454184178
-0.572241390689280102248935665291
0.572241390689280102248935665291
-0.573870359462754689663586495323
0.573870359462754689663586495323
-0.57549706085578839432112979979
0.57549706085578839432112979979
-0.577121488441231144952553118423
0.577121488441231144952553118423
-0.57874363580091675797892115121
0.57874363580091675797892115121
-0.580363496525688295894556272047
0.580363496525688295894556272047
-0.581981064215423390054395013988
0.581981064215423390054395013988
-0.583596332479059527765469370362
0.583596332479059527765469370362
-0.58520929493461930358260279158
0.58520929493461930358260279158
-0.586819945209235634708552187757
0.586819945209235634708552187757
-0.588428276939176940398969071808
0.588428276939176940398969071808
-0.590034283769872285272695195769
0.590034283769872285272695195769
-0.591637959355936486428050644325
0.591637959355936486428050644325
-0.593239297361195184265915353214
0.593239297361195184265915353214
-0.594838291458709876920548415802
0.594838291458709876920548415802
-0.59643493533080291819923332818
0.59643493533080291819923332818
-0.5980292226690824789319815009
0.5980292226690824789319815009
-0.599621147174467471632670933557
0.599621147174467471632670933557
-0.601210702557212438373141906105
0.601210702557212438373141906105
-0.602797882536932401771916887644
0.602797882536932401771916887644
-0.604382680842627678999357598678
0.604382680842627678999357598678
-0.60596509121270865870121828616
0.60596509121270865870121828616
-0.607545107395020540742700781227
0.607545107395020540742700781227
-0.609122723146868038675263806951
0.609122723146868038675263806951
-0.610697932235040044828586287044
0.610697932235040044828586287044
-0.612270728435834257930232075687
0.612270728435834257930232075687
-0.613841105535081773155711582914
0.613841105535081773155711582914
-0.615409057328171634511784208738
0.615409057328171634511784208738
-0.616974577620075349455994321756
0.616974577620075349455994321756
-0.618537660225371365655582723873
0.618537660225371365655582723873
-0.620098298968269509789065131341
0.620098298968269509789065131341
-0.621656487682635388293919172954
0.621656487682635388293919172954
-0.623212220212014749963971758413
0.623212220212014749963971758413
-0.624765490409657810300229402962
0.624765490409657810300229402962
-0.626316292138543537519045207766
0.626316292138543537519045207766
-0.627864619271403900121667688641
0.627864619271403900121667688641
-0.629410465690748075929368517947
0.629410465690748075929368517947
-0.630953825288886622488498495244
0.630953825288886622488498495244
-0.632494691967955608749973690953
0.632494691967955608749973690953
-0.634033059639940707927846713264
0.634033059639940707927846713264
-0.635568922226701251441771431245
0.635568922226701251441771431245
-0.637102273659994243848323245882
0.637102273659994243848323245882
-0.638633107881498338666291135117
0.638633107881498338666291135117
-0.640161418842837775001212208106
0.640161418842837775001212208106
-0.641687200505606274874574387433
0.641687200505606274874574387433
-0.643210446841390901163268095116
0.643210446841390901163268095116
-0.644731151831795876055023448438
0.644731151831795876055023448438
-0.646249309468466359925725474293
0.646249309468466359925725474293
-0.647764913753112190544656225146
0.647764913753112190544656225146
-0.649277958697531582513869425387
0.649277958697531582513869425387
-0.65078843832363478684806039309
0.65078843832363478684806039309
-0.652296346663467710601451468398
0.652296346663467710601451468398
-0.653801677759235496448371035281
0.653801677759235496448371035281
-0.655304425663326062124362447694
0.655304425663326062124362447694
-0.656804584438333599634817763523
0.656804584438333599634817763523
-0.658302148157082034138290149499
0.658302148157082034138290149499
-0.65979711090264844241179814695
0.65979711090264844241179814695
-0.661289466768386430805594681122
0.661289466768386430805594681122
-0.662779209857949472595033755238
0.662779209857949472595033755238
-0.66426633428531420463732819385
0.66426633428531420463732819385
-0.665750834174803683241152587782
0.665750834174803683241152587782
-0.66723270366111059915720674428
0.66723270366111059915720674428
-0.668711936889320451598016460462
0.668711936889320451598016460462
-0.67018852801493468119541031494
0.67018852801493468119541031494
-0.671662471203893761804273411096
0.671662471203893761804273411096
-0.673133760632600251061341605179
0.673133760632600251061341605179
-0.674602390487941799607962712582
0.674602390487941799607962712582
-0.676068354967314118885914505669
0.676068354967314118885914505669
-0.677531648278643907415532995733
0.677531648278643907415532995733
-0.678992264640411735465568529402
0.678992264640411735465568529402
-0.680450198281674888024351625473
0.680450198281674888024351625473
-0.68190544344209016598201523101
0.68190544344209016598201523101
-0.683357994371936645433685185066
0.683357994371936645433685185066
-0.684807845332138395013716143765
0.684807845332138395013716143765
-0.686254990594287151171216041227
0.686254990594287151171216041227
-0.687699424440664951297268336146
0.687699424440664951297268336146
-0.689141141164266724614427823152
0.689141141164266724614427823152
-0.690580135068822840739232670728
0.690580135068822840739232670728
-0.692016400468821615828642582747
0.692016400468821615828642582747
-0.693449931689531776221480568
0.693449931689531776221480568
-0.694880723067024879486123740688
0.694880723067024879486123740688
-0.696308768948197692785856864199
0.696308768948197692785856864199
-0.697734063690794528473470989755
0.697734063690794528473470989755
-0.699156601663429536826858530193
0.699156601663429536826858530193
-0.70057637724560895583752544647
0.70057637724560895583752544647
-0.701993384827753317964110909797
0.701993384827753317964110909797
-0.703407618811219613763174834985
0.703407618811219613763174834985
-0.7048190736083234123096840599
0.7048190736083234123096840599
-0.706227743642360938319798671251
0.706227743642360938319798671251
-0.707633623347631105888731047562
0.707633623347631105888731047562
-0.709036707169457508756621605436
0.709036707169457508756621605436
-0.710436989564210367015546994465
0.710436989564210367015546994465
-0.711834464999328430170948588651
0.711834464999328430170948588651
-0.713229127953340836470941567303
0.713229127953340836470941567303
-0.714620972915888928417137665429
0.714620972915888928417137665429
-0.716009994387748024370787801911
0.716009994387748024370787801911
-0.717396186880849146168224262587
0.717396186880849146168224262587
-0.71877954491830070265975592405
0.71877954491830070265975592405
-0.720160063034410129086344151882
0.720160063034410129086344151882
-0.721537735774705482208561493384
0.721537735774705482208561493384
-0.722912557695956991102510109084
0.722912557695956991102510109084
-0.724284523366198563537552048572
0.724284523366198563537552048572
-0.725653627364749247850878973946
0.725653627364749247850878973946
-0.7270198642822346502341247676
0.7270198642822346502341247676
-0.728383228720608307347400629561
0.728383228720608307347400629561
-0.72974371529317301417630877242
0.72974371529317301417630877242
-0.731101318624602107047667658336
0.731101318624602107047667658336
-0.732456033350960701719858892038
0.732456033350960701719858892038
-0.733807854119726886463883385352
0.733807854119726886463883385352
-0.735156775589812870051392242007
0.735156775589812870051392242007
-0.73650279243158608456613597547
0.73650279243158608456613597547
-0.737845899326890242955454166749
0.737845899326890242955454166749
-0.739186090969066351238606492666
0.739186090969066351238606492666
-0.740523362062973675288925207445
0.740523362062973675288925207445
-0.74185770732501066210694864075
0.74185770732501066210694864075
-0.743189121483135815501875082985
0.743189121483135815501875082985
-0.744517599276888526098856562866
0.744517599276888526098856562866
-0.745843135457409855589832482397
0.745843135457409855589832482397
-0.747165724787463275145783859672
0.747165724787463275145783859672
-0.748485362041455357908470039654
0.748485362041455357908470039654
-0.749802042005456425479891166576
0.749802042005456425479891166576
-0.751115759477221148327901468105
0.751115759477221148327901468105
-0.752426509266209100026580480215
0.752426509266209100026580480215
-0.753734286193605265250151742141
0.753734286193605265250151742141
-0.755039085092340501439421212002
0.755039085092340501439421212002
-0.756340900807111954059890695146
0.756340900807111954059890695146
-0.757639728194403425370884938043
0.757639728194403425370884938043
-0.758935562122505696625214720122
0.758935562122505696625214720122
-0.76022839747153680361908227341
0.76022839747153680361908227341
-0.761518229133462265512119674595
0.761518229133462265512119674595
-0.76280505201211526683763548537
0.76280505201211526683763548537
-0.764088861023216792623329863979
0.764088861023216792623329863979
-0.765369651094395716542923632947
0.765369651094395716542923632947
-0.766647417165208842019332364436
0.766647417165208842019332364436
-0.76792215418716089620020243466
0.76792215418716089620020243466
-0.769193857123724476726812201637
0.769193857123724476726812201637
-0.770462520950359951217527975588
0.770462520950359951217527975588
-0.771728140654535309387191277622
0.771728140654535309387191277622
-0.772990711235745967724001019378
0.772990711235745967724001019378
-0.774250227705534526645641683216
0.774250227705534526645641683216
-0.775506685087510480056596338619
0.775506685087510480056596338619
-0.776760078417369877228771395008
0.776760078417369877228771395008
-0.778010402742914936927748363322
0.778010402742914936927748363322
-0.779257653124073613707166577862
0.779257653124073613707166577862
-0.780501824632919116293929815226
0.780501824632919116293929815226
-0.781742912353689377987119037891
0.781742912353689377987119037891
-0.782980911382806478993683085476
0.782980911382806478993683085476
-0.784215816828896020624169036124
0.784215816828896020624169036124
-0.785447623812806451271944163025
0.785447623812806451271944163025
-0.786676327467628344099551916171
0.786676327467628344099551916171
-0.78790192293871362635603516615
0.78790192293871362635603516615
-0.78912440538369476024925105448
0.78912440538369476024925105448
-0.790343769972503875297393202846
0.790343769972503875297393202846
-0.791560011887391852084128740872
0.791560011887391852084128740872
-0.792773126322947357341949618052
0.792773126322947357341949618052
-0.793983108486115830288529969312
0.793983108486115830288529969312
-0.795189953596218420141073904703
0.795189953596218420141073904703
-0.796393656884970874733830991157
0.796393656884970874733830991157
-0.797594213596502380164149887257
0.797594213596502380164149887257
-0.7987916189873743513926340799
0.7987916189873743513926340799
-0.799985868326599173723157453747
0.799985868326599173723157453747
-0.801176956895658895088691499679
0.801176956895658895088691499679
-0.802364879988523869069090336431
0.802364879988523869069090336431
-0.803549632911671348567174379254
0.803549632911671348567174379254
-0.804731210984104030069648440245
0.804731210984104030069648440245
-0.805909609537368548419585285963
0.805909609537368548419585285963
-0.807084823915573922027401208488
0.807084823915573922027401208488
-0.808256849475409948447445985266
0.808256849475409948447445985266
-0.809425681586165550247525710283
0.809425681586165550247525710283
-0.810591315629747071098873373422
0.810591315629747071098873373422
-0.811753747000696522014278745617
0.811753747000696522014278745617
-0.81291297110620977766228609373
0.81291297110620977766228609373
-0.814068983366154722685565500301
0.814068983366154722685565500301
-0.81522177921308934795176109855
0.81522177921308934795176109855
-0.816371354092279796665317351538
0.816371354092279796665317351538
-0.81751770346171836026898260543
0.81751770346171836026898260543
-0.818660822792141424063887529524
0.818660822792141424063887529524
-0.819800707567047362477294719419
0.819800707567047362477294719419
-0.82093735328271438390731468347
0.82093735328271438390731468347
-0.822070755448218325074082655899
0.822070755448218325074082655899
-0.823200909585450394807090181666
0.823200909585450394807090181666
-0.824327811229134867198565197746
0.824327811229134867198565197746
-0.825451455926846724052994392011
0.825451455926846724052994392011
-0.826571839239029246563081953648
0.826571839239029246563081953648
-0.827688956739011556142639437211
0.827688956739011556142639437211
-0.828802804013026104347102345185
0.828802804013026104347102345185
-0.829913376660226111812570190571
0.829913376660226111812570190571
-0.831020670292702956144468230615
0.831020670292702956144468230615
-0.832124680535503508687130764735
0.832124680535503508687130764735
-0.833225403026647420105807862995
0.833225403026647420105807862995
-0.834322833417144354712799635475
0.834322833417144354712799635475
-0.835416967371011173469624666682
0.835416967371011173469624666682
-0.836507800565289065597332022054
0.836507800565289065597332022054
-0.837595328690060628727269284674
0.837595328690060628727269284674
-0.838679547448466897524822398909
0.838679547448466897524822398909
-0.839760452556724320718846682859
0.839760452556724320718846682859
-0.84083803974414168646971222254
0.84083803974414168646971222254
-0.841912304753136996009090976805
0.841912304753136996009090976805
-0.842983243339254285484817302257
0.842983243339254285484817302257
-0.844050851271180395944358251161
0.844050851271180395944358251161
-0.845115124330761691390634901641
0.845115124330761691390634901641
-0.846176058313020724844141147577
0.846176058313020724844141147577
-0.847233649026172852345511804731
0.847233649026172852345511804731
-0.848287892291642794832897578895
0.848287892291642794832897578895
-0.849338783944081147828710390524
0.849338783944081147828710390524
-0.850386319831380838870508757517
0.850386319831380838870508757517
-0.851430495814693532620999402737
0.851430495814693532620999402737
-0.85247130776844598359233797475
0.85247130776844598359233797475
-0.853508751580356336420118748222
0.853508751580356336420118748222
-0.854542823151450373622650403683
0.854542823151450373622650403683
-0.8555735183960777107813224741
0.8555735183960777107813224741
-0.85660083324192793907807478709
0.85660083324192793907807478709
-0.857624763630046715126190225834
0.857624763630046715126190225834
-0.858645305514851798030839377965
0.858645305514851798030839377965
-0.859662454864149033616014139151
0.859662454864149033616014139151
-0.860676207659148285754696085853
0.860676207659148285754696085853
-0.861686559894479314739314429103
0.861686559894479314739314429103
-0.862693507578207602629757607142
0.862693507578207602629757607142
-0.863697046731850125516412068758
0.863697046731850125516412068758
-0.864697173390391072635911540108
0.864697173390391072635911540108
-0.865693883602297512277490055087
0.865693883602297512277490055087
-0.866687173429535004418042261925
0.866687173429535004418042261925
-0.867677038947583160024204995924
0.867677038947583160024204995924
-0.868663476245451146959984829231
0.868663476245451146959984829231
-0.869646481425693142438667272399
0.869646481425693142438667272399
-0.870626050604423731957954508478
0.870626050604423731957954508478
-0.871602179911333254657489987595
0.871602179911333254657489987595
-0.872574865489703095038139897594
0.872574865489703095038139897594
-0.873544103496420920982613453543
0.873544103496420920982613453543
-0.874509890101995868017216114867
0.874509890101995868017216114867
-0.875472221490573669754742242707
0.875472221490573669754742242707
-0.876431093859951734458726351079
0.876431093859951734458726351079
-0.877386503421594167669484982531
0.877386503421594167669484982531
-0.878338446400646740832594351567
0.878338446400646740832594351567
-0.879286919035951805870662246226
0.879286919035951805870662246226
-0.880231917580063155639466258982
0.880231917580063155639466258982
-0.88117343829926083020974423185
0.88117343829926083020974423185
-0.882111477473565868916136846269
0.882111477473565868916136846269
-0.88304603139675500811499656521
0.88304603139675500811499656521
-0.883977096376375324592991642205
0.883977096376375324592991642205
-0.88490466873375882456864864868
0.88490466873375882456864864868
-0.885828744804036978229191936339
0.885828744804036978229191936339
-0.886749320936155199745253644507
0.886749320936155199745253644507
-0.88766639349288727270624328243
0.88766639349288727270624328243
-0.888579958850849720919381562737
0.888579958850849720919381562737
-0.889490013400516124515619033729
0.889490013400516124515619033729
-0.890396553546231381305876154005
0.890396553546231381305876154005
-0.891299575706225913331257772354
0.891299575706225913331257772354
-0.892199076312629818551111517937
0.892199076312629818551111517937
-0.89309505181148696761301636973
0.89309505181148696761301636973
-0.893987498662769045649004659173
0.893987498662769045649004659173
-0.894876413340389539042537965009
0.894876413340389539042537965009
-0.895761792332217667110974783717
0.895761792332217667110974783717
-0.896643632140092258648485501702
0.896643632140092258648485501702
-0.897521929279835573274588055814
0.897521929279835573274588055814
-0.898396680281267067533695745848
0.898396680281267067533695745848
-0.899267881688217105691286955625
0.899267881688217105691286955625
-0.90013553005854061517252504724
0.90013553005854061517252504724
-0.900999621964130686589375415141
0.900999621964130686589375415141
-0.901860153990932118302485622125
0.901860153990932118302485622125
-0.902717122738954905464313687125
0.902717122738954905464313687125
-0.903570524822287673490208954092
0.903570524822287673490208954092
-0.904420356869111055904369541346
0.904420356869111055904369541346
-0.905266615521711016507820150709
0.905266615521711016507820150709
-0.906109297436492115815774004702
0.906109297436492115815774004702
-0.906948399283990721711962877099
0.906948399283990721711962877099
-0.907783917748888164267739586481
0.907783917748888164267739586481
-0.90861584953002383467397793313
0.90861584953002383467397793313
-0.909444191340408228234015875863
0.909444191340408228234015875863
-0.910268939907235931366108766349
0.910268939907235931366108766349
-0.911090091971898552564080683159
0.911090091971898552564080683159
-0.911907644289997597265083335516
0.911907644289997597265083335516
-0.912721593631357286573593636461
0.912721593631357286573593636461
-0.913531936780037319791002876139
0.913531936780037319791002876139
-0.914338670534345580700372457263
0.914338670534345580700372457263
-0.915141791706850787556153385632
0.915141791706850787556153385632
-0.915941297124395086728889138047
0.915941297124395086728889138047
-0.916737183628106589955144157182
0.916737183628106589955144157182
-0.917529448073411855143123047089
0.917529448073411855143123047089
-0.918318087330048310684668563174
0.918318087330048310684668563174
-0.919103098282076623224549705788
0.919103098282076623224549705788
-0.919884477827893008838174636218
0.919884477827893008838174636218
-0.920662222880241487569086736927
0.920662222880241487569086736927
-0.921436330366226081277825933552
0.921436330366226081277825933552
-0.922206797227322954753961383513
0.922206797227322954753961383513
-0.922973620419392500043325814356
0.922973620419392500043325814356
-0.923736796912691363942706163116
0.923736796912691363942706163116
-0.924496323691884418614469725386
0.924496323691884418614469725386
-0.925252197756056675273829768382
0.925252197756056675273829768382
-0.926004416118725140901679495333
0.926004416118725140901679495333
-0.926752975807850617936148368157
0.926752975807850617936148368157
-0.927497873865849446896260100648
0.927497873865849446896260100648
-0.928239107349605191891297124575
0.928239107349605191891297124575
-0.928976673330480268969702005242
0.928976673330480268969702005242
-0.929710568894327517261572140322
0.929710568894327517261572140322
-0.930440791141501712869030115374
0.930440791141501712869030115374
-0.931167337186871025458978310473
0.931167337186871025458978310473
-0.931890204159828417512972753981
0.931890204159828417512972753981
-0.932609389204302986189177800895
0.932609389204302986189177800895
-0.933324889478771247751589973459
0.933324889478771247751589973459
-0.934036702156268364521946240107
0.934036702156268364521946240107
-0.934744824424399314309959124405
0.934744824424399314309959124405
-0.935449253485350002277748327665
0.935449253485350002277748327665
-0.936149986555898315194566016492
0.936149986555898315194566016492
-0.936847020867425118038140568884
0.936847020867425118038140568884
-0.937540353665925192899191388789
0.937540353665925192899191388789
-0.938229982212018120145895388405
0.938229982212018120145895388405
-0.938915903780959101805313899277
0.938915903780959101805313899277
-0.939598115662649727119017106435
0.939598115662649727119017106435
-0.940276615161648680230371603775
0.940276615161648680230371603775
-0.940951399597182389961185342744
0.940951399597182389961185342744
-0.941622466303155621635633089381
0.941622466303155621635633089381
-0.942289812628162010909614516131
0.942289812628162010909614516131
-0.942953435935494539563926233763
0.942953435935494539563926233763
-0.94361333360315595321985841454
0.94361333360315595321985841454
-0.944269503023869120936056169596
0.944269503023869120936056169596
-0.944921941605087336645715520702
0.944921941605087336645715520702
-0.945570646769004562393413648392
0.945570646769004562393413648392
-0.946215615952565613331103104138
0.946215615952565613331103104138
-0.946856846607476284433029843149
0.946856846607476284433029843149
-0.947494336200213418889565265807
0.947494336200213418889565265807
-0.948128082212034918140172948955
0.948128082212034918140172948955
-0.948758082138989693505961402746
0.948758082138989693505961402746
-0.949384333491927559382505003666
0.949384333491927559382505003666
-0.950006833796509067953846229323
0.950006833796509067953846229323
-0.950625580593215285388823454789
0.950625580593215285388823454789
-0.951240571437357509481099863315
0.951240571437357509481099863315
-0.951851803899086928694500475473
0.951851803899086928694500475473
-0.952459275563404222575495909722
0.952459275563404222575495909722
-0.953062984030169103494903253539
0.953062984030169103494903253539
-0.953662926914109799681106347195
0.953662926914109799681106347195
-0.954259101844832479507329861528
0.954259101844832479507329861528
-0.954851506466830616995733786303
0.954851506466830616995733786303
-0.955440138439494298501327336618
0.955440138439494298501327336618
-0.956024995437119470538933831044
0.956024995437119470538933831044
-0.95660607514891712871667079651
0.95660607514891712871667079651
-0.957183375279022447739642411156
0.957183375279022447739642411156
-0.957756893546503852447774407445
0.957756893546503852447774407445
-0.95832662768537202985195472355
0.95832662768537202985195472355
-0.958892575444588882132876511558
0.958892575444588882132876511558
-0.959454734588076420567213586347
0.959454734588076420567213586347
-0.960013102894725600345992029327
0.960013102894725600345992029327
-0.960567678158405096250255446843
0.960567678158405096250255446843
-0.961118458187970019149355324236
0.961118458187970019149355324236
-0.961665440807270573287432013926
0.961665440807270573287432013926
-0.962208623855160654323886149879
0.962208623855160654323886149879
-0.962748005185506388093874692323
0.962748005185506388093874692323
-0.963283582667194610055100376317
0.963283582667194610055100376317
-0.963815354184141285387398066914
0.963815354184141285387398066914
-0.964343317635299869711856413307
0.964343317635299869711856413307
-0.96486747093466961039644824596
0.96486747093466961039644824596
-0.965387812011303788415378375881
0.965387812011303788415378375881
-0.965904338809317900729592835752
0.965904338809317900729592835752
-0.966417049287897783156129150701
0.966417049287897783156129150701
-0.966925941421307673694222944406
0.966925941421307673694222944406
-0.967431013198898216276322076703
0.967431013198898216276322076703
-0.967932262625114404912395574921
0.967932262625114404912395574921
-0.968429687719503468196160866222
0.968429687719503468196160866222
-0.968923286516722694142089246009
0.968923286516722694142089246009
-0.969413057066547195322286132409
0.969413057066547195322286132409
-0.969898997433877614272579463528
0.969898997433877614272579463528
-0.970381105698747769137386598119
0.970381105698747769137386598119
-0.970859379956332239523167287357
0.970859379956332239523167287357
-0.971333818316953892530507702246
0.971333818316953892530507702246
-0.971804418906091348935118135223
0.971804418906091348935118135223
-0.972271179864386389488264854011
0.972271179864386389488264854011
-0.972734099347651301307394679854
0.972734099347651301307394679854
-0.973193175526876164327949201298
0.973193175526876164327949201298
-0.973648406588236077787604129904
0.973648406588236077787604129904
-0.974099790733098326714408168521
0.974099790733098326714408168521
-0.974547326178029488390534910089
0.974547326178029488390534910089
-0.974991011154802478763600731107
0.974991011154802478763600731107
-0.975430843910403538777741406502
0.975430843910403538777741406502
-0.975866822707039160596880271191
0.975866822707039160596880271191
-0.97629894582214295369286120992
0.97629894582214295369286120992
-0.976727211548382450771360595415
0.976727211548382450771360595415
-0.977151618193665853508733542519
0.977151618193665853508733542519
-0.977572164081148718073191533269
0.977572164081148718073191533269
-0.977988847549240580403950628598
0.977988847549240580403950628598
-0.978401666951611521222232154423
0.978401666951611521222232154423
-0.978810620657198670748240975827
0.978810620657198670748240975827
-0.979215707050212653098490300156
0.979215707050212653098490300156
-0.97961692453014397033808643163
0.97961692453014397033808643163
-0.980014271511769326162832095943
0.980014271511769326162832095943
-0.98040774642515788918625293064
0.98040774642515788918625293064
-0.980797347715677495806898570909
0.980797347715677495806898570909
-0.981183073844000792631517535808
0.981183073844000792631517535808
-0.981564923286111318429953932092
0.981564923286111318429953932092
-0.981942894533309525597863949534
0.981942894533309525597863949534
-0.982316986092218741103601344132
0.982316986092218741103601344132
-0.982687196484791066895873731177
0.982687196484791066895873731177
-0.983053524248313219749025693858
0.983053524248313219749025693858
-0.983415967935412310523060630484
0.983415967935412310523060630484
-0.983774526114061562815771113697
0.983774526114061562815771113697
-0.984129197367585970984607544117
0.984129197367585970984607544117
-0.984479980294667897516177305579
0.984479980294667897516177305579
-0.984826873509352609721531761733
0.984826873509352609721531761733
-0.98516987564105375573566660733
0.98516987564105375573566660733
-0.985508985334558779799932682093
0.985508985334558779799932682093
-0.98584420125003427680632980486
0.98584420125003427680632980486
-0.986175522063031286082935987845
0.986175522063031286082935987845
-0.986502946464490524400009114892
0.986502946464490524400009114892
-0.986826473160747558176588467425
0.986826473160747558176588467425
-0.987146100873537914867720109208
0.987146100873537914867720109208
-0.987461828340002133512733961621
0.987461828340002133512733961621
-0.987773654312690754425312413573
0.987773654312690754425312413573
-0.988081577559569248006411668071
0.988081577559569248006411668071
-0.988385596864022882661429066244
0.988385596864022882661429066244
-0.988685711024861531803353897724
0.988685711024861531803353897724
-0.988981918856324419923997502334
0.988981918856324419923997502334
-0.989274219188084807715772885525
0.989274219188084807715772885525
-0.989562610865254616226887049856
0.989562610865254616226887049856
-0.989847092748388990033223639416
0.989847092748388990033223639416
-0.990127663713490799410632642596
0.990127663713490799410632642596
-0.990404322652015081491811718981
0.990404322652015081491811718981
-0.990677068470873420392464814938
0.990677068470873420392464814938
-0.990945900092438266291963537869
0.990945900092438266291963537869
-0.991210816454547193454321682499
0.991210816454547193454321682499
-0.991471816510507097175930933474
0.991471816510507097175930933474
-0.991728899229098329647205113992
0.991728899229098329647205113992
-0.991982063594578774716052124654
0.991982063594578774716052124654
-0.992231308606687861541949699523
0.992231308606687861541949699523
-0.992476633280650517130358578995
0.992476633280650517130358578995
-0.992718036647181057738282984883
0.992718036647181057738282984883
-0.99295551775248701914300541446
0.99295551775248701914300541446
-0.99318907565827292576740731527
0.99318907565827292576740731527
-0.993418709441743998656871294858
0.993418709441743998656871294858
-0.99364441819560980230458314312
0.99364441819560980230458314312
-0.993866201028087830324160544732
0.993866201028087830324160544732
-0.994084057062907029970987866922
0.994084057062907029970987866922
-0.994297985439311265516503800592
0.994297985439311265516503800592
-0.994507985312062720483058174852
0.994507985312062720483058174852
-0.994714055851445238750933636423
0.994714055851445238750933636423
-0.994916196243267604553850457917
0.994916196243267604553850457917
-0.99511440568886676138490435172
0.99511440568886676138490435172
-0.995308683405110969841634863654
0.995308683405110969841634863654
-0.995499028624402904447045277836
0.995499028624402904447045277836
-0.99568544059468268949322083605
0.99568544059468268949322083605
-0.995867918579430873966133902335
0.995867918579430873966133902335
-0.996046461857671345624807920693
0.996046461857671345624807920693
-0.99622106972397418432590766903
0.99622106972397418432590766903
-0.996391741488458454706892812929
0.996391741488458454706892812929
-0.996558476476794938368226785131
0.996558476476794938368226785131
-0.996721274030208805729216221948
0.996721274030208805729216221948
-0.996880133505482227774750683354
0.996880133505482227774750683354
-0.997035054274956927963991179185
0.997035054274956927963991179185
-0.997186035726536674640187563518
0.997186035726536674640187563518
-0.997333077263689714367637781182
0.997333077263689714367637781182
-0.997476178305451146733162725214
0.997476178305451146733162725214
-0.997615338286425241293223236242
0.997615338286425241293223236242
-0.997750556656787697534647416041
0.997750556656787697534647416041
-0.997881832882287848961535938542
0.997881832882287848961535938542
-0.998009166444250812743560166192
0.998009166444250812743560166192
-0.998132556839579586789882747886
0.998132556839579586789882747886
-0.998252003580757096688223320946
0.998252003580757096688223320946
-0.998367506195848195726982331821
0.998367506195848195726982331821
-0.998479064228501622281595161179
0.998479064228501622281595161179
-0.998586677237951920313458196851
0.998586677237951920313458196851
-0.998690344799021330776283646172
0.998690344799021330776283646172
-0.998790066502121664612551858133
0.998790066502121664612551858133
-0.998885841953256172148490289356
0.998885841953256172148490289356
-0.998977670774021429669436459677
0.998977670774021429669436459677
-0.999065552601609272731072998709
0.999065552601609272731072998709
-0.999149487088808818850181509019
0.999149487088808818850181509019
-0.99922947390400864207467554114
0.99922947390400864207467554114
-0.999305512731199192614192548027
0.999305512731199192614192548027
-0.999377603269975603081726895697
0.999377603269975603081726895697
-0.999445745235541100848107544867
0.999445745235541100848107544867
-0.999509938358711374725630871218
0.999509938358711374725630871218
-0.999570182385920462536416922041
0.999570182385920462536416922041
-0.99962647707922910779306922255
0.99962647707922910779306922255
-0.999678822216337223818298399098
0.999678822216337223818298399098
-0.999727217590603399997384547921
0.999727217590603399997384547921
-0.999771663011076928716168738639
0.999771663011076928716168738639
-0.999812158302553080994430010305
0.999812158302553080994430010305
-0.999848703305673847003530722009
0.999848703305673847003530722009
-0.999881297877123310654055656853
0.999881297877123310654055656853
-0.999909941890035595971092814243
0.999909941890035595971092814243
-0.999934635234927889384054033775
0.999934635234927889384054033775
-0.999955377822098671431604315638
0.999955377822098671431604315638
-0.999972169588838516191819379749
0.999972169588838516191819379749
-0.999985010526563204184132268912
0.999985010526563204184132268912
-0.999993900826407215645757621943
0.999993900826407215645757621943
-0.999998842427866618348661665216
0.999998842427866618348661665216