0
-0.01444356374433916
0.01444356374433916
-0.02888411414938652
0.02888411414938652
-0.0433186385045188
0.0433186385045188
-0.05774412535631857
0.05774412535631857
-0.07215756513684934
0.07215756513684934
-0.08655595079153723
0.08655595079153723
-0.1009362784065283
0.1009362784065283
-0.1152955478353908
0.1152955478353908
-0.129630763325031
0.129630763325031
-0.1439389341406929
0.1439389341406929
-0.1582170751899108
0.1582170751899108
-0.1724622076452845
0.1724622076452845
-0.1866713595659481
0.1866713595659481
-0.2008415665176012
0.2008415665176012
-0.2149698721909745
0.2149698721909745
-0.2290533290186003
0.2290533290186003
-0.2430889987897593
0.2430889987897593
-0.2570739532634748
0.2570739532634748
-0.2710052747794275
0.2710052747794275
-0.2848800568666626
0.2848800568666626
-0.2986954048499625
0.2986954048499625
-0.3124484364537588
0.3124484364537588
-0.3261362824034569
0.3261362824034569
-0.3397560870240485
0.3397560870240485
-0.3533050088358871
0.3533050088358871
-0.3667802211475016
0.3667802211475016
-0.3801789126453246
0.3801789126453246
-0.3934982879802129
0.3934982879802129
-0.4067355683506366
0.4067355683506366
-0.4198879920824168
0.4198879920824168
-0.4329528152048893
0.4329528152048893
-0.4459273120233753
0.4459273120233753
-0.4588087756878389
0.4588087756878389
-0.4715945187576134
0.4715945187576134
-0.4842818737620779
0.4842818737620779
-0.4968681937571679
0.4968681937571679
-0.5093508528776031
0.5093508528776031
-0.5217272468847182
0.5217272468847182
-0.5339947937097808
0.5339947937097808
-0.5461509339926852
0.5461509339926852
-0.5581931316159072
0.5581931316159072
-0.5701188742336114
0.5701188742336114
-0.5819256737957975
0.5819256737957975
-0.5936110670673789
0.5936110670673789
-0.6051726161420835
0.6051726161420835
-0.6166079089510708
0.6166079089510708
-0.6279145597661582
0.6279145597661582
-0.6390902096975518
0.6390902096975518
-0.6501325271859781
0.6501325271859781
-0.6610392084891142
0.6610392084891142
-0.6718079781622137
0.6718079781622137
-0.6824365895328296
0.6824365895328296
-0.6929228251695343
0.6929228251695343
-0.7032644973445392
0.7032644973445392
-0.7134594484901169
0.7134594484901169
-0.7235055516487316
0.7235055516487316
-0.7334007109167834
0.7334007109167834
-0.743142861881873
0.743142861881873
-0.7527299720534979
0.7527299720534979
-0.7621600412870874
0.7621600412870874
-0.7714311022012903
0.7714311022012903
-0.7805412205884268
0.7805412205884268
-0.7894884958180194
0.7894884958180194
-0.7982710612333191
0.7982710612333191
-0.8068870845407434
0.8068870845407434
-0.8153347681921453
0.8153347681921453
-0.8236123497598333
0.8236123497598333
-0.8317181023042646
0.8317181023042646
-0.8396503347343345
0.8396503347343345
-0.8474073921601866
0.8474073921601866
-0.8549876562384709
0.8549876562384709
-0.8623895455099771
0.8623895455099771
-0.8696115157295727
0.8696115157295727
-0.8766520601883784
0.8766520601883784
-0.8835097100281113
0.8835097100281113
-0.8901830345475327
0.8901830345475327
-0.8966706415009349
0.8966706415009349
-0.9029711773886065
0.9029711773886065
-0.9090833277392134
0.9090833277392134
-0.9150058173840395
0.9150058173840395
-0.9207374107230281
0.9207374107230281
-0.9262769119825693
0.9262769119825693
-0.9316231654649806
0.9316231654649806
-0.9367750557896288
0.9367750557896288
-0.9417315081256432
0.9417315081256432
-0.9464914884161736
0.9464914884161736
-0.9510540035941475
0.9510540035941475
-0.9554181017894832
0.9554181017894832
-0.9595828725277194
0.9595828725277194
-0.9635474469200255
0.9635474469200255
-0.9673109978445582
0.9673109978445582
-0.9708727401191415
0.9708727401191415
-0.9742319306652489
0.9742319306652489
-0.9773878686632862
0.9773878686632862
-0.9803398956991915
0.9803398956991915
-0.983087395902409
0.983087395902409
-0.9856297960753615
0.9856297960753615
-0.987966565814686
0.987966565814686
-0.990097217624773
0.990097217624773
-0.9920213070247589
0.9920213070247589
-0.9937384326515483
0.9937384326515483
-0.9952482363650726
0.9952482363650726
-0.9965504033722708
0.9965504033722708
-0.9976446624194197
0.9976446624194197
-0.9985307862295562
0.9985307862295562
-0.9992085929828477
0.9992085929828477
-0.9996779540431758
0.9996779540431758
-0.9999388757631424
0.9999388757631424