-0.00155140296805039514645147331013
0.00155140296805039514645147331013
-0.00465419396816335240084763649049
0.00465419396816335240084763649049
-0.00775694016045660537391158544021
0.00775694016045660537391158544021
-0.0108596116735296659410109009685
0.0108596116735296659410109009685
-0.0139621786367010132266101889018
0.0139621786367010132266101889018
-0.0170646111802956708133847495723
0.0170646111802956708133847495723
-0.0201668794359327742609210604375
0.0201668794359327742609210604375
-0.0232689535368131261654745224409
0.0232689535368131261654745224409
-0.0263708036180067359923748680388
0.0263708036180067359923748680388
-0.0294723998167403419128162287376
0.0294723998167403419128162287376
-0.0325737122726849118769421110977
0.0325737122726849118769421110977
-0.0356747111282431211553354308051
0.0356747111282431211553354308051
-0.0387753665288368035812503026519
0.0387753665288368035812503026519
-0.041875648623194373726175477932
0.041875648623194373726175477932
-0.0449755275636382172415991574075
0.0449755275636382172415991574075
-0.0480749735063720466001513849389
0.0480749735063720466001513849389
-0.0511739566117682194696333411457
0.0511739566117682194696333411457
-0.0542724470446550169538026048779
0.0542724470446550169538026048779
-0.0573704149746038789341698293506
0.0573704149746038789341698293506
-0.0604678305762165937474752858229
0.0604678305762165937474752858229
-0.0635646640294124394339533566983
0.0635646640294124394339533566983
-0.0666608855197152737919593076634
0.0666608855197152737919593076634
-0.0697564652385405704750255304704
0.0697564652385405704750255304704
-0.0728513733834823983679339194629
0.0728513733834823983679339194629
-0.0759455801586003414789371209484
0.0759455801586003414789371209484
-0.0790390557747063565858340697654
0.0790390557747063565858340697654
-0.0821317704496515658742044963787
0.0821317704496515658742044963787
-0.0852236944086129818067329447832
0.0852236944086129818067329447832
-0.0883147978843801614632052803833
0.0883147978843801614632052803833
-0.0914050511176417875914396815617
0.0914050511176417875914396815617
-0.094494424357272173610119692318
0.094494424357272173610119692318
-0.0975828878606176898052290593521
0.0975828878606176898052290593521
-0.100670411893783107962546778243
0.100670411893783107962546778243
-0.103756966731917861679446022623
0.103756966731917861679446022623
-0.106842522659502219600052419913
0.106842522659502219600052419913
-0.109927049970633368818655459447
0.109927049970633368818655459447
-0.113010518969311405697131665618
0.113010518969311405697131665618
-0.116092899969725231343029531656
0.116092899969725231343029531656
-0.119174163296538348995884080291
0.119174163296538348995884080291
-0.122254279285174560570273286931
0.122254279285174560570273286931
-0.125333218282103559605099460109
0.125333218282103559605099460109
-0.128410950645126417869576013367
0.128410950645126417869576013367
-0.131487446743660962877423872945
0.131487446743660962877423872945
-0.13456267695902704356183203673
0.13456267695902704356183203673
-0.137636611684731681364813521728
0.137636611684731681364813521728
-0.140709221326754103995691099629
0.140709221326754103995691099629
-0.143780476303830659114576812055
0.143780476303830659114576812055
-0.146850347047739605197865268049
0.146850347047739605197865268049
-0.149918804003585776843943145117
0.149918804003585776843943145117
-0.152985817630085121778526130278
0.152985817630085121778526130278
-0.156051358399849106820269737504
0.156051358399849106820269737504
-0.159115396799668990068562010693
0.159115396799668990068562010693
-0.162177903330799956576694054856
0.162177903330799956576694054856
-0.165238848509245114774918620018
0.165238848509245114774918620018
-0.168298202866039350909247579858
0.168298202866039350909247579858
-0.171355936947533038763206087379
0.171355936947533038763206087379
-0.174412021315675601931154439802
0.174412021315675601931154439802
-0.177466426548298925913208230937
0.177466426548298925913208230937
-0.180519123239400617303233197908
0.180519123239400617303233197908
-0.183570081999427107342863266316
0.183570081999427107342863266316
-0.186619273455556597115988649561
0.186619273455556597115988649561
-0.189666668251981841659685449734
0.189666668251981841659685449734
-0.192712237050192770269109024436
0.192712237050192770269109024436
-0.19575595052925894027545041132
0.19575595052925894027545041132
-0.198797779386111821577658324713
0.198797779386111821577658324713
-0.201837694335826909210258641125
0.201837694335826909210258641125
-0.204875666111905661231258856881
0.204875666111905661231258856881
-0.207911665466557259215806715824
0.207911665466557259215806715824
-0.210945663170980188642980051601
0.210945663170980188642980051601
-0.213977630015643636464818851227
0.213977630015643636464818851227
-0.217007536810568703148470607566
0.217007536810568703148470607566
-0.220035354385609426484106171255
0.220035354385609426484106171255
-0.22306105359073361445307552013
0.22306105359073361445307552013
-0.226084605296303484452611119024
0.226084605296303484452611119024
-0.229105980393356106175250827145
0.229105980393356106175250827145
-0.232125149793883645443042606187
0.232125149793883645443042606187
-0.235142084431113406298509571667
0.235142084431113406298509571667
-0.238156755259787668656296194279
0.238156755259787668656296194279
-0.241169133256443318821384678597
0.241169133256443318821384678597
-0.244179189419691270181764704311
0.244179189419691270181764704311
-0.247186894770495671385459791137
0.247186894770495671385459791137
-0.250192220352452899313859523137
0.250192220352452899313859523137
-0.25319513723207033416537872178
0.25319513723207033416537872178
-0.256195616499044913965562369627
0.256195616499044913965562369627
-0.259193629266541465821878637953
0.259193629266541465821878637953
-0.262189146671470811243591741357
0.262189146671470811243591741357
-0.26518213987476764284928150989
0.26518213987476764284928150989
-0.268172580061668169786777513414
0.268172580061668169786777513414
-0.271160438441987529192502272631
0.271160438441987529192502272631
-0.27414568625039696101947052509
0.27414568625039696101947052509
-0.277128294746700743565469660749
0.277128294746700743565469660749
-0.280108235216112887035250278444
0.280108235216112887035250278444
-0.2830854789695335824728853197
0.2830854789695335824728853197
-0.286059997343825403402811387303
0.286059997343825403402811387303
-0.289031761702089257520446630227
0.289031761702089257520446630227
-0.292000743433940085775685950995
0.292000743433940085775685950995
-0.294966913955782306195006243158
0.294966913955782306195006243158
-0.297930244711084999790371871904
0.297930244711084999790371871904
-0.300890707170656835905613646149
0.300890707170656835905613646149
-0.303848272832920734353463072017
0.303848272832920734353463072017
-0.306802913224188261698957701099
0.306802913224188261698957701099
-0.309754599898933759047492868014
0.309754599898933759047492868014
-0.312703304440068198698380025862
0.312703304440068198698380025862
-0.315648998459212767027382210312
0.315648998459212767027382210312
-0.318591653596972170964332868142
0.318591653596972170964332868142
-0.321531241523207665434605348733
0.321531241523207665434605348733
-0.324467733937309799135886751607
0.324467733937309799135886751607
-0.327401102568470876024421523789
0.327401102568470876024421523789
-0.33033131917595712988762718147
0.33033131917595712988762718147
-0.33325835554938060938274676471
0.33325835554938060938274676471
-0.336182183508970770923990095301
0.336182183508970770923990095301
-0.33910277490584577680342856941
0.33910277490584577680342856941
-0.342020101622283495933746051304
0.342020101622283495933746051304
-0.344934135571992204603811414905
0.344934135571992204603811414905
-0.347844848700380984640926378627
0.347844848700380984640926378627
-0.350752212984829816376515468072
0.350752212984829816376515468072
-0.353656200434959363814963192679
0.353656200434959363814963192679
-0.35655678309290044940826680803
0.35655678309290044940826680803
-0.359453933033563215842161326693
0.359453933033563215842161326693
-0.362347622364905972242386708495
0.362347622364905972242386708495
-0.36523782322820372221280537684
0.36523782322820372221280537684
-0.368124507798316371120141342049
0.368124507798316371120141342049
-0.371007648283956610043200236034
0.371007648283956610043200236034
-0.373887216927957473807542445306
0.373887216927957473807542445306
-0.376763186007539570529719241359
0.376763186007539570529719241359
-0.379635527834577980098344318637
0.379635527834577980098344318637
-0.382504214755868819022460430187
0.382504214755868819022460430187
-0.385369219153395469080872828955
0.385369219153395469080872828955
-0.388230513444594467209357947697
0.388230513444594467209357947697
-0.391088070082621054065917151333
0.391088070082621054065917151333
-0.393941861556614378717531441045
0.393941861556614378717531441045
-0.396791860391962356895183647706
0.396791860391962356895183647706
-0.399638039150566180267249891587
0.399638039150566180267249891587
-0.402480370431104474184721873532
0.402480370431104474184721873532
-0.405318826869297101355105867604
0.405318826869297101355105867604
-0.408153381138168608905253074
0.408153381138168608905253074
-0.41098400594831131629680923098
0.41098400594831131629680923098
-0.413810674048148041561429042655
0.413810674048148041561429042655
-0.416633358224194463326383022309
0.416633358224194463326383022309
-0.419452031301321116104690745195
0.419452031301321116104690745195
-0.4222666661430150163274452164
0.4222666661430150163274452164
-0.425077235651640916599548054715
0.425077235651640916599548054715
-0.427883712768702185663654438012
0.427883712768702185663654438012
-0.430686070475101311560730215115
0.430686070475101311560730215115
-0.433484281791400025479251228803
0.433484281791400025479251228803
-0.436278319778079043788726679464
0.436278319778079043788726679464
-0.439068157535797425756904253919
0.439068157535797425756904253919
-0.441853768205651544453714713609
0.441853768205651544453714713609
-0.444635124969433668348737645121
0.444635124969433668348737645121
-0.44741220104989015111271808803
0.44741220104989015111271808803
-0.450184969710979227137435734168
0.450184969710979227137435734168
-0.45295340425812841029202430242
0.45295340425812841029202430242
-0.455717478038491493437658497408
0.455717478038491493437658497408
-0.458477164441205146226369622193
0.458477164441205146226369622193
-0.461232436897645108713618397428
0.461232436897645108713618397428
-0.463983268881681978318144804917
0.463983268881681978318144804917
-0.466729633909936587666529784953
0.466729633909936587666529784953
-0.469471505542034970863842336238
0.469471505542034970863842336238
-0.472208857380862915735707956937
0.472208857380862915735707956937
-0.4749416630728200995911203871
0.4749416630728200995911203871
-0.477669896308073806059328228159
0.477669896308073806059328228159
-0.480393530820812220558161185653
0.480393530820812220558161185653
-0.483112540389497301955217368108
0.483112540389497301955217368108
-0.485826898837117227987413238924
0.485826898837117227987413238924
-0.488536580031438412008501419948
0.488536580031438412008501419948
-0.49124155788525708863828854568
0.49124155788525708863828854568
-0.493941806356650465891435725953
0.493941806356650465891435725953
-0.496637299449227441367897852591
0.496637299449227441367897852591
-0.499328011212378880091254941658
0.499328011212378880091254941658
-0.502013915741527451585408897271
0.502013915741527451585408897271
-0.504694987178377023784362474669
0.504694987178377023784362474669
-0.507371199711161611374063768702
0.507371199711161611374063768702
-0.510042527574893876169589217899
0.510042527574893876169589217899
-0.512708945051613177135250852521
0.512708945051613177135250852521
-0.515370426470633167659549286062
0.515370426470633167659549286062
-0.518026946208788937701252711656
0.518026946208788937701252711656
-0.520678478690683698427263875935
0.520678478690683698427263875935
-0.523324998388935006967341620832
0.523324998388935006967341620832
-0.525966479824420528915171066179
0.525966479824420528915171066179
-0.5286028975665233362097268102
0.5286028975665233362097268102
-0.53123422623337673803534660819
0.53123422623337673803534660819
-0.533860440492108642383428808797
0.533860440492108642383428808797
-0.536481515059085445923185339097
0.536481515059085445923185339097
-0.539097424700155449833423190552
0.539097424700155449833423190552
-0.541708144230891799251891124261
0.541708144230891799251891124261
-0.544313648516834944003314641713
0.544313648516834944003314641713
-0.546913912473734618271851112395
0.546913912473734618271851112395
-0.549508911067791336888328267675
0.549508911067791336888328267675
-0.552098619315897405907283016838
0.552098619315897405907283016838
-0.554683012285877445153493671184
0.554683012285877445153493671184
-0.557262065096728420422397130644
0.557262065096728420422397130644
-0.559835752918859183023503349257
0.559835752918859183023503349257
-0.562404050974329514360662405596
0.562404050974329514360662405596
-0.564966934537088673247804716156
0.564966934537088673247804716156
-0.567524378933213443663562298018
0.567524378933213443663562298018
-0.570076359541145680652988465562
0.570076359541145680652988465562
-0.572622851791929352089424888485
0.572622851791929352089424888485
-0.575163831169447074014418498201
0.575163831169447074014418498201
-0.577699273210656137278466260258
0.577699273210656137278466260258
-0.580229153505824023210263284711
0.580229153505824023210263284711
-0.582753447698763406047049077282
0.582753447698763406047049077282
-0.585272131487066639863587894292
0.585272131487066639863587894292
-0.587785180622339727742282106165
0.587785180622339727742282106165
-0.590292570910435770931902150008
0.590292570910435770931902150008
-0.59279427821168789574742301342
0.59279427821168789574742301342
-0.595290278441141655968485190947
0.595290278441141655968485190947
-0.597780547568786908499047643293
0.597780547568786908499047643293
-0.600265061619789160055871418652
0.600265061619789160055871418652
-0.602743796674720382658565216728
0.602743796674720382658565216728
-0.60521672886978929569903824001
0.60521672886978929569903824001
-0.607683834397071112373341134494
0.607683834397071112373341134494
-0.610145089504736748264032623806
0.610145089504736748264032623806
-0.612600470497281489866387536979
0.612600470497281489866387536979
-0.615049953735753120856961271089
0.615049953735753120856961271089
-0.617493515637979503908246265522
0.617493515637979503908246265522
-0.619931132678795615858397744547
0.619931132678795615858397744547
-0.622362781390270034050268758683
0.622362781390270034050268758683
-0.624788438361930871659278372367
0.624788438361930871659278372367
-0.627208080240991159834941654779
0.627208080240991159834941654779
-0.629621683732573674486215881359
0.629621683732573674486215881359
-0.632029225599935205546163994196
0.632029225599935205546163994196
-0.634430682664690266556803848668
0.634430682664690266556803848668
-0.636826031807034242420400039753
0.636826031807034242420400039753
-0.639215249965965973168864102498
0.639215249965965973168864102498
-0.641598314139509771608358565061
0.641598314139509771608358565061
-0.643975201384936872701650647352
0.643975201384936872701650647352
-0.646345888818986312556232291056
0.646345888818986312556232291056
-0.648710353618085234891714625072
0.648710353618085234891714625072
-0.651068573018568622865516861322
0.651068573018568622865516861322
-0.653420524316898454141401926319
0.653420524316898454141401926319
-0.655766184869882277090963810666
0.655766184869882277090963810666
-0.658105532094891206023744608275
0.658105532094891206023744608275
-0.660438543470077333347252465921
0.660438543470077333347252465921
-0.662765196534590556563765117896
0.662765196534590556563765117896
-0.665085468888794818016437286048
0.665085468888794818016437286048
-0.667399338194483755302883927987
0.667399338194483755302883927987
-0.669706782175095760280085061511
0.669706782175095760280085061511
-0.672007778615928444590151626465
0.672007778615928444590151626465
-0.674302305364352509642205511728
0.674302305364352509642205511728
-0.676590340330025018991360419625
0.676590340330025018991360419625
-0.678871861485102071061543607745
0.678871861485102071061543607745
-0.681146846864450870164671683362
0.681146846864450870164671683362
-0.683415274565861193774486473004
0.683415274565861193774486473004
-0.685677122750256254019169493251
0.685677122750256254019169493251
-0.687932369641902951362685652768
0.687932369641902951362685652768
-0.690180993528621518450658463609
0.690180993528621518450658463609
-0.692422972761994552102450175727
0.692422972761994552102450175727
-0.694658285757575431437010815867
0.694658285757575431437010815867
-0.696886910995096120125970053777
0.696886910995096120125970053777
-0.699108827018674350773375078239
0.699108827018674350773375078239
-0.701324012437020189427426185581
0.701324012437020189427426185581
-0.703532445923641978235529506812
0.703532445923641978235529506812
-0.705734106217051654259973169017
0.705734106217051654259973169017
-0.707928972120969442477539144301
0.707928972120969442477539144301
-0.71011702250452792099238802782
0.71011702250452792099238802782
-0.71229823630247545649759794701
0.71229823630247545649759794701
-0.71447259251537900802680167908
0.71447259251537900802680167908
-0.716640070209826297043447784654
0.716640070209826297043447784654
-0.718800648518627341921312093633
0.718800648518627341921312093633
-0.720954306641015354876005146166
0.720954306641015354876005146166
-0.723101023842846999413359138197
0.723101023842846999413359138197
-0.72524077945680200636673448823
0.72524077945680200636673448823
-0.727373552882582146601461270523
0.727373552882582146601461270523
-0.729499323587109558470824390432
0.729499323587109558470824390432
-0.731618071104724428114213450426
0.731618071104724428114213450426
-0.733729775037382020694288710594
0.733729775037382020694288710594
-0.735834415054849060676263325305
0.735834415054849060676263325305
-0.737931970894899459258669077917
0.737931970894899459258669077917
-0.740022422363509387071258077663
0.740022422363509387071258077663
-0.742105749335051690261996266658
0.742105749335051690261996266658
-0.744181931752489648101426049662
0.744181931752489648101426049662
-0.746250949627570070239014843887
0.746250949627570070239014843887
-0.748312783041015731752463789844
0.748312783041015731752463789844
-0.75036741214271714413732620569
0.75036741214271714413732620569
-0.752414817151923660390678545413
0.752414817151923660390678545413
-0.75445497835743391234899757402
0.75445497835743391234899757402
-0.756487876117785578446826138794
0.756487876117785578446826138794
-0.758513490861444480069256232996
0.758513490861444480069256232996
-0.760531803086993004677721954848
0.760531803086993004677721954848
-0.762542793363317853895076398155
0.762542793363317853895076398155
-0.764546442329797114742425409125
0.764546442329797114742425409125
-0.766542730696486652226707444141
0.766542730696486652226707444141
-0.76853163924430582148454240289
0.76853163924430582148454240289
-0.770513148825222497694423227332
0.770513148825222497694423227332
-0.772487240362437421975892186494
0.772487240362437421975892186494
-0.7744538948505678615009290468
0.7744538948505678615009290468
-0.776413093355830582049380694215
0.776413093355830582049380694215
-0.778364817016224131246881164257
0.778364817016224131246881164257
-0.780309047041710430730347385382
0.780309047041710430730347385382
-0.782245764714395675492789186294
0.782245764714395675492789186294
-0.784174951388710538665842194542
0.784174951388710538665842194542
-0.786096588491589680005119097981
0.786096588491589680005119097981
-0.788010657522650556350178288039
0.788010657522650556350178288039
-0.789917140054371532337629089734
0.789917140054371532337629089734
-0.791816017732269289652629543286
0.791816017732269289652629543286
-0.793707272275075533110785971186
0.793707272275075533110785971186
-0.79559088547491299186923327777
0.79559088547491299186923327777
-0.797466839197470714072461020454
0.797466839197470714072461020454
-0.799335115382178653245252697616
0.799335115382178653245252697616
-0.801195696042381544751924352158
0.801195696042381544751924352158
-0.803048563265512070647883426448
0.803048563265512070647883426448
-0.804893699213263311256379757862
0.804893699213263311256379757862
-0.806731086121760481810187608635
0.806731086121760481810187608635
-0.80856070630173195250484061306
0.80856070630173195250484061306
-0.810382542138679550316940433082
0.810382542138679550316940433082
-0.812196576093048140947974673656
0.812196576093048140947974673656
-0.814002790700394489261010155273
0.814002790700394489261010155273
-0.815801168571555396584573906271
0.815801168571555396584573906271
-0.817591692392815113264996154999
0.817591692392815113264996154999
-0.8193743449260720248554671047
0.8193743449260720248554671047
-0.821149109009004610337052295013
0.821149109009004610337052295013
-0.822915967555236670773919825984
0.822915967555236670773919825984
-0.824674903554501826812056576027
0.824674903554501826812056576027
-0.826425900072807283437789716883
0.826425900072807283437789716883
-0.828168940252596860419484248579
0.828168940252596860419484248579
-0.829904007312913286862856877813
0.829904007312913286862856877813
-0.831631084549559758317431276283
0.831631084549559758317431276283
-0.833350155335260754878759512896
0.833350155335260754878759512896
-0.835061203119822118738149187526
0.835061203119822118738149187526
-0.836764211430290389638765435504
0.836764211430290389638765435504
-0.838459163871111396704121452864
0.838459163871111396704121452864
-0.840146044124288105112130443887
0.840146044124288105112130443887
-0.841824835949537716095065845887
0.841824835949537716095065845887
-0.843495523184448018752965272515
0.843495523184448018752965272515
-0.845158089744632992175216767202
0.845158089744632992175216767202
-0.84681251962388765637228360331
0.84681251962388765637228360331
-0.848458796894342170526755938122
0.848458796894342170526755938122
-0.85009690570661517708016405419
0.85009690570661517708016405419
-0.851726830289966390179248634569
0.851726830289966390179248634569
-0.853348554952448427012658448118
0.853348554952448427012658448118
-0.854962064081057880576334897757
0.854962064081057880576334897757
-0.856567342141885632413146038291
0.856567342141885632413146038291
-0.858164373680266403879649831149
0.858164373680266403879649831149
-0.859753143320927544500197500999
0.859753143320927544500197500999
-0.861333635768137055975932823392
0.861333635768137055975932823392
-0.862905835805850850423601932969
0.862905835805850850423601932969
-0.864469728297859241426460727923
0.864469728297859241426460727923
-0.866025298187932666486953087612
0.866025298187932666486953087612
-0.867572530499966639478232845915
0.867572530499966639478232845915
-0.869111410338125931699015702205
0.869111410338125931699015702205
-0.870641922886987980143673933826
0.870641922886987980143673933826
-0.872164053411685521606926827689
0.872164053411685521606926827689
-0.873677787258048451249933103013
0.873677787258048451249933103013
-0.875183109852744904262058181043
0.875183109852744904262058181043
-0.876680006703421559260068899661
0.876680006703421559260068899661
-0.878168463398843162074001099718
0.878168463398843162074001099718
-0.879648465609031268576451354298
0.879648465609031268576451354298
-0.881119999085402205219562900458
0.881119999085402205219562900458
-0.882583049660904245951507493782
0.882583049660904245951507493782
-0.884037603250154004191809367655
0.884037603250154004191809367655
-0.885483645849572038552414669882
0.885483645849572038552414669882
-0.886921163537517670998979597475
0.886921163537517670998979597475
-0.88835014247442301615443288426
0.88835014247442301615443288426
-0.889770568902926220454463243726
0.889770568902926220454463243726
-0.891182429148003909872189759414
0.891182429148003909872189759414
-0.892585709617102844936892975256
0.892585709617102844936892975256
-0.893980396800270781779316496894
0.893980396800270781779316496894
-0.895366477270286537943693200209
0.895366477270286537943693200209
-0.896743937682789261714306583351
0.896743937682789261714306583351
-0.898112764776406903712066321648
0.898112764776406903712066321648
-0.899472945372883889524257619216
0.899472945372883889524257619216
-0.900824466377207992138316425142
0.900824466377207992138316425142
-0.902167314777736402958186924248
0.902167314777736402958186924248
-0.903501477646321000189533851151
0.903501477646321000189533851151
-0.904826942138432813387810040116
0.904826942138432813387810040116
-0.906143695493285682970919141022
0.906143695493285682970919141022
-0.907451725033959113505964532261
0.907451725033959113505964532261
-0.908751018167520319587338073883
0.908751018167520319587338073883
-0.910041562385145463131176397964
0.910041562385145463131176397964
-0.911323345262240080918997857566
0.911323345262240080918997857566
-0.912596354458558701231129980669
0.912596354458558701231129980669
-0.913860577718323648418345231153
0.913860577718323648418345231153
-0.915116002870343034267941995863
0.915116002870343034267941995863
-0.916362617828127935028337925855
0.916362617828127935028337925855
-0.917600410590008752964083992539
0.917600410590008752964083992539
-0.918829369239250761321059807438
0.918829369239250761321059807438
-0.920049481944168831589473830143
0.920049481944168831589473830143
-0.921260736958241341960165985931
0.921260736958241341960165985931
-0.922463122620223265877594866218
0.922463122620223265877594866218
-0.923656627354258439600787026206
0.923656627354258439600787026206
-0.924841239669991007691431860361
0.924841239669991007691431860361
-0.926016948162676045356222064256
0.926016948162676045356222064256
-0.927183741513289356578466718584
0.927183741513289356578466718584
-0.928341608488636446981941496774
0.928341608488636446981941496774
-0.929490537941460670377888341978
0.929490537941460670377888341978
-0.93063051881055054795403512429
0.93063051881055054795403512429
-0.931761540120846259072474218559
0.931761540120846259072474218559
-0.932883590983545302651217582846
0.932883590983545302651217582846
-0.933996660596207328112234715268
0.933996660596207328112234715268
-0.935100738242858134886778773078
0.935100738242858134886778773078
-0.936195813294092839476815105412
0.936195813294092839476815105412
-0.937281875207178209079385436308
0.937281875207178209079385436308
-0.938358913526154160788769897012
0.938358913526154160788769897012
-0.939426917881934425399348009572
0.939426917881934425399348009572
-0.940485877992406374840108535015
0.940485877992406374840108535015
-0.941535783662530012279816791538
0.941535783662530012279816791538
-0.942576624784436123949916598954
0.942576624784436123949916598954
-0.94360839133752359174032239919
0.94360839133752359174032239919
-0.94463107338855586563134532958
0.94463107338855586563134532958
-0.945644661091756595033095084527
0.945644661091756595033095084527
-0.94664914468890441811180729877
0.94664914468890441811180729877
-0.947644514509426908190663938678
0.947644514509426908190663938678
-0.948630760970493676320801824328
0.948630760970493676320801824328
-0.949607874577108629126341964456
0.949607874577108629126341964456
-0.950575845922201381035419922551
0.950575845922201381035419922551
-0.951534665686717820017355014894
0.951534665686717820017355014894
-0.952484324639709825954263857539
0.952484324639709825954263857539
-0.953424813638424140783601736526
0.953424813638424140783601736526
-0.954356123628390389556303604381
0.954356123628390389556303604381
-0.955278245643508251563395362351
0.955278245643508251563395362351
-0.956191170806133780692155657719
0.956191170806133780692155657719
-0.957094890327164874181128928254
0.957094890327164874181128928254
-0.957989395506125888951522118935
0.957989395506125888951522118935
-0.958874677731251404700760681011
0.958874677731251404700760681011
-0.959750728479569132952234491281
0.959750728479569132952234491281
-0.960617539316981971263531608629
0.960617539316981971263531608629
-0.961475101898349201803737789124
0.961475101898349201803737789124
-0.962323407967566833518672959153
0.962323407967566833518672959153
-0.963162449357647087111243033412
0.963162449357647087111243033412
-0.963992217990797022072407295444
0.963992217990797022072407295444
-0.964812705878496305006598881781
0.964812705878496305006598881781
-0.965623905121574118503789707601
0.965623905121574118503789707601
-0.966425807910285209818762575944
0.966425807910285209818762575944
-0.967218406524385078626543534564
0.967218406524385078626543534564
-0.968001693333204303131358300341
0.968001693333204303131358300341
-0.968775660795722003814909515091
0.968775660795722003814909515091
-0.969540301460638444118228760497
0.969540301460638444118228760497
-0.970295607966446767359840999165
0.970295607966446767359840999165
-0.97104157304150386920149215718
0.97104157304150386920149215718
-0.971778189504100404981236097094
0.971778189504100404981236097094
-0.972505450262529931242258944198
0.972505450262529931242258944198
-0.973223348315157180794440928202
0.973223348315157180794440928202
-0.973931876750485470654323610036
0.973931876750485470654323610036
-0.974631028747223242217869449549
0.974631028747223242217869449549
-0.975320797574349733029178006299
0.975320797574349733029178006299
-0.976001176591179779517166711031
0.976001176591179779517166711031
-0.97667215924742775008114356844
0.97667215924742775008114356844
-0.97733373908327060791520549872
0.97733373908327060791520549872
-0.977985909729410102970502445068
0.977985909729410102970502445068
-0.978628664907134092463629410338
0.978628664907134092463629410338
-0.979261998428376989348764654036
0.979261998428376989348764654036
-0.979885904195779338180684248759
0.979885904195779338180684248759
-0.980500376202746517805477093115
0.980500376202746517805477093115
-0.981105408533506570325691366077
0.981105408533506570325691366077
-0.981700995363167155796800443473
0.981700995363167155796800443473
-0.98228713095777163212232805037
0.98228713095777163212232805037
-0.982863809674354259625772500626
0.982863809674354259625772500626
-0.983431025960994529788682936264
0.983431025960994529788682936264
-0.983988774356870617655944745262
0.983988774356870617655944745262
-0.984537049492311957421621719123
0.984537049492311957421621719123
-0.985075846088850940721694541041
0.985075846088850940721694541041
-0.98560515895927373717386995395
0.98560515895927373717386995395
-0.986124983007670236719485314519
0.986124983007670236719485314519
-0.986635313229483113338611750787
0.986635313229483113338611750787
-0.987136144711556009727028110564
0.987136144711556009727028110564
-0.987627472632180842543122220779
0.987627472632180842543122220779
-0.98810929226114422785437969242
0.98810929226114422785437969242
-0.988581598959773026437448024348
0.988581598959773026437448024348
-0.989044388180979008613447505137
0.989044388180979008613447505137
-0.989497655469302638332036747304
0.989497655469302638332036747304
-0.989941396460955976254736957943
0.989941396460955976254736957943
-0.990375606883864701631455491419
0.990375606883864701631455491419
-0.990800282557709252815660895505
0.990800282557709252815660895505
-0.991215419393965086325347449467
0.991215419393965086325347449467
-0.991621013395942054431495824638
0.991621013395942054431495824638
-0.992017060658822901346703203934
0.992017060658822901346703203934
-0.992403557369700878198609431893
0.992403557369700878198609431893
-0.992780499807616477111711393251
0.992780499807616477111711393251
-0.993147884343593284895099917428
0.993147884343593284895099917428
-0.993505707440672957053168252359
0.993505707440672957053168252359
-0.99385396565394931311562572622
0.99385396565394931311562572622
-0.994192655630601554641366967331
0.994192655630601554641366967331
-0.994521774109926607713960786883
0.994521774109926607713960786883
-0.994841317923370592350477171519
0.994841317923370592350477171519
-0.995151283994559422039505377732
0.995151283994559422039505377732
-0.99545166933932853767753796811
0.99545166933932853767753796811
-0.995742471065751781582653535146
0.995742471065751781582653535146
-0.996023686374169419169075531195
0.996023686374169419169075531195
-0.996295312557215318464966802662
0.996295312557215318464966802662
-0.996557346999843301238805454653
0.996557346999843301238805454653
-0.996809787179352684494357939608
0.996809787179352684494357939608
-0.997052630665413038138911587827
0.997052630665413038138911587827
-0.997285875120088194690565208502
0.997285875120088194690565208502
-0.997509518297859561453695873935
0.997509518297859561453695873935
-0.997723558045648806978247601119
0.997723558045648806978247601119
-0.997927992302840025518154095739
0.997927992302840025518154095739
-0.998122819101301531595237050443
0.998122819101301531595237050443
-0.998308036565407511544035715663
0.998308036565407511544035715663
-0.998483642912059876781415463386
0.998483642912059876781415463386
-0.998649636450710853495444668689
0.998649636450710853495444668689
-0.998806015583387157092464129696
0.998806015583387157092464129696
-0.998952778804717131772818331794
0.998952778804717131772818331794
-0.999089924701963165627411850175
0.999089924701963165627411850175
-0.999217451955063373207947508067
0.999217451955063373207947508067
-0.999335359336689696367659773234
0.999335359336689696367659773234
-0.999443645712335772754897457324
0.999443645712335772754897457324
-0.999542310040460712612957047953
0.999542310040460712612957047953
-0.999631351372742917598077103532
0.999631351372742917598077103532
-0.999710768854563751244467168074
0.999710768854563751244467168074
-0.999780561726008437824655372087
0.999780561726008437824655372087
-0.99984072932414566301716706321
0.99984072932414566301716706321
-0.999891271088876683595731931535
0.999891271088876683595731931535
-0.999932186580510396949608698802
0.999932186580510396949608698802
-0.999963475545882029364112207213
0.999963475545882029364112207213
-0.999985138273121457785644598189
0.999985138273121457785644598189
-0.999997179365206947308661831445
0.999997179365206947308661831445