0
-0.00170970939142685249073119323021
0.00170970939142685249073119323021
-0.00341941378518755512364488477546
0.00341941378518755512364488477546
-0.0051291081836305667616048120438
0.0051291081836305667616048120438
-0.00683878758913356366613431421845
0.00683878758913356366613431421845
-0.00854844700411804808998906694318
0.00854844700411804808998906694318
-0.0102580814310639567416216870752
0.0102580814310639567416216870752
-0.0119676858725242690788360800437
0.0119676858725242690788360800437
-0.0136772553311396153889299016487
0.0136772553311396153889299016487
-0.0153867848096528846126241302547
0.0153867848096528846126241302547
-0.0170962693109238318690794942689
0.0170962693109238318690794942689
-0.0188057038379436856393003735532
0.0188057038379436856393003735532
-0.020515083393849754565227791986
0.020515083393849754565227791986
-0.022224402981940033821824241775
0.022224402981940033821824241775
-0.023933657605687811019454328311
0.023933657605687811019454328311
-0.0256428422687562715938665973523
0.0256428422687562715938665973523
-0.0273519519750131036410834041233
0.0273519519750131036410834041233
-0.0290609817285451021545073065061
0.0290609817285451021545073065061
-0.0307699265336727726215542118921
0.0307699265336727726215542118921
-0.0324787813949649339371253794289
0.0324787813949649339371253794289
-0.0341875413172533205912323763574
0.0341875413172533205912323763574
-0.0358962013056471840880912088579
0.0358962013056471840880912088579
-0.0376047563655478935540040943291
0.0376047563655478935540040943291
-0.0393132015026635354913497132797
0.0393132015026635354913497132797
-0.0410215317230235126360052750355
0.0410215317230235126360052750355
-0.0427297420329931418755263522262
0.0427297420329931418755263522262
-0.0444378274392882511854131845268
0.0444378274392882511854131845268
-0.0461457829489897755407950223657
0.0461457829489897755407950223657
-0.047853603569558351760867076278
0.047853603569558351760867076278
-0.0495612843088489122434177572608
0.0495612843088489122434177572608
-0.0512688201751252775467871378745
0.0512688201751252775467871378745
-0.0529762061770747477766009329187
0.0529762061770747477766009329187
-0.0546834373238226927346277922803
0.0546834373238226927346277922803
-0.0563905086249471407871113170013
0.0563905086249471407871113170013
-0.0580974150904933664099319527259
0.0580974150904933664099319527259
-0.05980415173098847636795778246
0.05980415173098847636795778246
-0.0615107135574559944859472329853
0.0615107135574559944859472329853
-0.0632170955814304449683708263223
0.0632170955814304449683708263223
-0.0649232928149719342255233492995
0.0649232928149719342255233492995
-0.0666293002706807311633021805624
0.0666293002706807311633021805624
-0.0683351129617118458940320052288
0.0683351129617118458940320052288
-0.0700407259017896068257207628463
0.0700407259017896068257207628463
-0.0717461341052222360871364143315
0.0717461341052222360871364143315
-0.0734513325869164232460989781461
0.0734513325869164232460989781461
-0.0751563163623918972783872750835
0.0751563163623918972783872750835
-0.0768610804477959967446649346794
0.0768610804477959967446649346794
-0.0785656198599182381328354544183
0.0785656198599182381328354544183
-0.0802699296162048823232414655544
0.0802699296162048823232414655544
-0.0819740047347734991341288464973
0.0819740047347734991341288464973
-0.0836778402344275299048019363071
0.0836778402344275299048019363071
-0.0853814311346708480739018368849
0.0853814311346708480739018368849
-0.0870847724557223177102456529167
0.0870847724557223177102456529167
-0.0887878592185303499536705035187
0.0887878592185303499536705035187
-0.0904906864447874573233322488105
0.0904906864447874573233322488105
-0.0921932491569448058509151083065
0.0921932491569448058509151083065
-0.0938955423782267649962147060391
0.0938955423782267649962147060391
-0.0955975611326454553025635596848
0.0955975611326454553025635596848
-0.0972993004450152937495746376581
0.0972993004450152937495746376581
-0.0990007553409675367606853391198
0.0990007553409675367606853391198
-0.100701920846964820822991107124
0.100701920846964820822991107124
-0.102402791990315700676864864663
0.102402791990315700676864864663
-0.104103363799189185032865567152
0.104103363799189185032865567152
-0.105803631302629269773446392888
0.105803631302629269773446392888
-0.107503589530569468596980445237
0.107503589530569468596980445237
-0.109203233513847341061629316676
0.109203233513847341061629316676
-0.110902558284219017986587465353
0.110902558284219017986587465353
-0.112601558874373724168243079526
0.112601558874373724168243079526
-0.114300230317948298368803954007
0.114300230317948298368803954007
-0.11599856764954171053494487564
0.11599856764954171053494487564
-0.11769656590472957620404111177
0.11769656590472957620404111177
-0.119394220120078668055560816678
0.119394220120078668055560816678
-0.121091525333161424565197515924
0.121091525333161424565197515924
-0.122788476582570455719332297609
0.122788476582570455719332297609
-0.124485068907933045747423932462
0.124485068907933045747423932462
-0.126181297349925652829933861662
0.126181297349925652829933861662
-0.127877156950288405739401832077
0.127877156950288405739401832077
-0.129572642751839597372296923377
0.129572642751839597372296923377
-0.13126774979849017512927780006
0.13126774979849017512927780006
-0.132962473135258228101505233881
0.132962473135258228101505233881
-0.134656807808283471020659278418
0.134656807808283471020659278418
-0.136350748864841724930322937578
0.136350748864841724930322937578
-0.138044291353359394536403753599
0.138044291353359394536403753599
-0.139737430323427942194274447704
0.139737430323427942194274447704
-0.141430160825818358490323577733
0.141430160825818358490323577733
-0.143122477912495629375617132025
0.143122477912495629375617132025
-0.144814376636633199809382057378
0.144814376636633199809382057378
-0.146505852052627433870032921055
0.146505852052627433870032921055
-0.1481968992161120712914732326
0.1481968992161120712914732326
-0.149887513183972680382413400494
0.149887513183972680382413400494
-0.151577689014361107286457871555
0.151577689014361107286457871555
-0.153267421766709921540724697291
0.153267421766709921540724697291
-0.154956706501746857890771591216
0.154956706501746857890771591216
-0.156645538281509254319613484355
0.156645538281509254319613484355
-0.158333912169358486248627652795
0.158333912169358486248627652795
-0.160021823229994396868153681121
0.160021823229994396868153681121
-0.161709266529469723555606838893
0.161709266529469723555606838893
-0.163396237135204520338934883964
0.163396237135204520338934883964
-0.165082730116000576363259866289
0.165082730116000576363259866289
-0.166768740542055830318558189059
0.166768740542055830318558189059
-0.168454263484978780786243990247
0.168454263484978780786243990247
-0.170139294017802892462532837213
0.170139294017802892462532837213
-0.171823827215000998216474779563
0.171823827215000998216474779563
-0.173507858152499696940557981241
0.173507858152499696940557981241
-0.175191381907693747151796451545
0.175191381907693747151796451545
-0.176874393559460456301227816599
0.176874393559460456301227816599
-0.178556888188174065749759617556
0.178556888188174065749759617556
-0.180238860875720131368315289596
0.180238860875720131368315289596
-0.181920306705509899720243766357
0.181920306705509899720243766357
-0.183601220762494679783969568036
0.183601220762494679783969568036
-0.185281598133180210173873267692
0.185281598133180210173873267692
-0.186961433905641021817405389501
0.186961433905641021817405389501
-0.188640723169534796046450074585
0.188640723169534796046450074585
-0.190319461016116718060968254722
0.190319461016116718060968254722
-0.191997642538253825722963601557
0.191997642538253825722963601557
-0.1936752628304393536388281689
0.1936752628304393536388281689
-0.195352316988807072488138418295
0.195352316988807072488138418295
-0.197028800111145623556986213161
0.197028800111145623556986213161
-0.198704707296912848433943384498
0.198704707296912848433943384498
-0.200380033647250113826772611275
0.200380033647250113826772611275
-0.202054774264996631458011621209
0.202054774264996631458011621209
-0.203728924254703772997572102653
0.203728924254703772997572102653
-0.205402478722649379990509225627
0.205402478722649379990509225627
-0.207075432776852068738132299695
0.207075432776852068738132299695
-0.208747781527085530090641848343
0.208747781527085530090641848343
-0.210419520084892824109493253636
0.210419520084892824109493253636
-0.212090643563600669557702121311
0.212090643563600669557702121311
-0.213761147078333728176321634937
0.213761147078333728176321634937
-0.215431025746028883705337408356
0.215431025746028883705337408356
-0.217100274685449515607240708261
0.217100274685449515607240708261
-0.218768889017199767451556403424
0.218768889017199767451556403424
-0.220436863863738809918617603661
0.220436863863738809918617603661
-0.2221041943493950983808946802
0.2221041943493950983808946802
-0.223770875600380625020202209465
0.223770875600380625020202209465
-0.22543690274480516543912335454
0.22543690274480516543912335454
-0.227102270912690519725007292574
0.227102270912690519725007292574
-0.228766975235984747924911512098
0.228766975235984747924911512098
-0.230431010848576399889877141681
0.230431010848576399889877141681
-0.232094372886308739446941930356
0.232094372886308739446941930356
-0.233757056486993962857312080922
0.233757056486993962857312080922
-0.235419056790427411519130839382
0.235419056790427411519130839382
-0.237080368938401778873298567462
0.237080368938401778873298567462
-0.23874098807472131147081597026
0.23874098807472131147081597026
-0.240400909345216004160139217566
0.240400909345216004160139217566
-0.242060127897755789353052885256
0.242060127897755789353052885256
-0.243718638882264720327583952283
0.243718638882264720327583952283
-0.245376437450735148526497519171
0.245376437450735148526497519171
-0.247033518757241894809932465483
0.247033518757241894809932465483
-0.24868987795795641462075293644
0.24868987795795641462075293644
-0.250345510211160957021209342664
0.250345510211160957021209342664
-0.25200041067726271755952047183
0.25200041067726271755952047183
-0.253654574518807984925006346846
0.253654574518807984925006346846
-0.255307996900496281350419621907
0.255307996900496281350419621907
-0.256960672989194496720141585378
0.256960672989194496720141585378
-0.258612597953951016342927236921
0.258612597953951016342927236921
-0.260263766966009842347902425486
0.260263766966009842347902425486
-0.261914175198824708662534674698
0.261914175198824708662534674698
-0.263563817828073189531318082776
0.263563817828073189531318082776
-0.265212690031670801533931565315
0.265212690031670801533931565315
-0.266860786989785099061648710988
0.266860786989785099061648710988
-0.268508103884849763210796642496
0.268508103884849763210796642496
-0.270154635901578684052080517737
0.270154635901578684052080517737
-0.271800378226980036234609669266
0.271800378226980036234609669266
-0.273445326050370347883480863478
0.273445326050370347883480863478
-0.275089474563388562749793764636
0.275089474563388562749793764636
-0.276732818960010095571993412702
0.276732818960010095571993412702
-0.278375354436560880607454368001
0.278375354436560880607454368001
-0.280017076191731413293241139831
0.280017076191731413293241139831
-0.281657979426590784994999600332
0.281657979426590784994999600332
-0.283298059344600710802954289034
0.283298059344600710802954289034
-0.284937311151629550334006837612
0.284937311151629550334006837612
-0.286575730055966321498951188252
0.286575730055966321498951188252
-0.288213311268334707193841842803
0.288213311268334707193841842803
-0.289850050001907054874572063335
0.289850050001907054874572063335
-0.291485941472318368973739747875
0.291485941472318368973739747875
-0.293120980897680296118899627872
0.293120980897680296118899627872
-0.294755163498595103111321476258
0.294755163498595103111321476258
-0.296388484498169647624395176819
0.296388484498169647624395176819
-0.298020939122029341580844786827
0.298020939122029341580844786827
-0.299652522598332107167935125546
0.299652522598332107167935125546
-0.301283230157782325449875941143
0.301283230157782325449875941143
-0.302913057033644777536650347764
0.302913057033644777536650347764
-0.304541998461758578268515982889
0.304541998461758578268515982889
-0.306170049680551102375449212586
0.306170049680551102375449212586
-0.307797205931051903070824708853
0.307797205931051903070824708853
-0.309423462456906623038644838776
0.309423462456906623038644838776
-0.311048814504390897773655539721
0.311048814504390897773655539721
-0.31267325732242425123370770811
0.31267325732242425123370770811
-0.314296786162583983763745601483
0.314296786162583983763745601483
-0.315919396279119052250826344408
0.315919396279119052250826344408
-0.317541082928963942469597338362
0.317541082928963942469597338362
-0.319161841371752533577681203818
0.319161841371752533577681203818
-0.320781666869831954720440829463
0.320781666869831954720440829463
-0.322400554688276433704620168618
0.322400554688276433704620168618
-0.324018500094901137700379606437
0.324018500094901137700379606437
-0.325635498360276005931268023363
0.325635498360276005931268023363
-0.327251544757739574311697100444
0.327251544757739574311697100444
-0.328866634563412791991506950403
0.328866634563412791991506950403
-0.330480763056212829767235814867
0.330480763056212829767235814867
-0.332093925517866880319730342606
0.332093925517866880319730342606
-0.333706117232925950237756856174
0.333706117232925950237756856174
-0.335317333488778643787298024721
0.335317333488778643787298024721
-0.33692756957566493838624348902
0.33692756957566493838624348902
-0.338536820786689951744207230797
0.338536820786689951744207230797
-0.340145082417837700627228842154
0.340145082417837700627228842154
-0.341752349767984851207140332292
0.341752349767984851207140332292
-0.343358618138914460955404707654
0.343358618138914460955404707654
-0.344963882835329712041257278027
0.344963882835329712041257278027
-0.346568139164867636194005475016
0.346568139164867636194005475016
-0.348171382438112830989367920466
0.348171382438112830989367920466
-0.349773607968611167519758550886
0.349773607968611167519758550886
-0.351374811072883489408446789595
0.351374811072883489408446789595
-0.352974987070439303127550061085
0.352974987070439303127550061085
-0.354574131283790459579840361965
0.354574131283790459579840361965
-0.356172239038464826904372139634
0.356172239038464826904372139634
-0.357769305663019954465964383597
0.357769305663019954465964383597
-0.359365326489056727988595604838
0.359365326489056727988595604838
-0.36096029685123301579279626602
0.36096029685123301579279626602
-0.362554212087277306097149229231
0.362554212087277306097149229231
-0.364147067538002335344034908573
0.364147067538002335344034908573
-0.365738858547318707509784052038
0.365738858547318707509784052038
-0.367329580462248504359427430611
0.367329580462248504359427430611
-0.368919228632938886606258182522
0.368919228632938886606258182522
-0.370507798412675685936449146755
0.370507798412675685936449146755
-0.372095285157896987858994222367
0.372095285157896987858994222367
-0.37368168422820670534126960875
0.37368168422820670534126960875
-0.375266990986388143190537716592
0.375266990986388143190537716592
-0.376851200798417553141743589918
0.376851200798417553141743589918
-0.378434309033477679611980846091
0.378434309033477679611980846091
-0.380016311063971296082031423023
0.380016311063971296082031423023
-0.381597202265534732065410820883
0.381597202265534732065410820883
-0.38317697801705139062537803937
0.38317697801705139062537803937
-0.384755633700665256400397040929
0.384755633700665256400397040929
-0.386333164701794394098564315106
0.386333164701794394098564315106
-0.387909566409144437421544979508
0.387909566409144437421544979508
-0.389484834214722068378587828393
0.389484834214722068378587828393
-0.39105896351384848695121783078
0.39105896351384848695121783078
-0.392631949705172871069232785964
0.392631949705172871069232785964
-0.394203788190685826858659165466
0.394203788190685826858659165466
-0.395774474375732829122350606512
0.395774474375732829122350606512
-0.397344003669027652013941073246
0.397344003669027652013941073246
-0.398912371482665789865893367717
0.398912371482665789865893367717
-0.400479573232137868132412453359
0.400479573232137868132412453359
-0.40204560433634304440802194899
0.40204560433634304440802194899
-0.403610460217602399482631161287
0.403610460217602399482631161287
-0.405174136301672318393949148096
0.405174136301672318393949148096
-0.406736628017757861438131543781
0.406736628017757861438131543781
-0.408297930798526125099575231007
0.408297930798526125099575231007
-0.409858040080119592860805410752
0.409858040080119592860805410752
-0.411416951302169475853429203952
0.411416951302169475853429203952
-0.412974659907809043311159613842
0.412974659907809043311159613842
-0.414531161343686942785943487701
0.414531161343686942785943487701
-0.416086451059980510088257040291
0.416086451059980510088257040291
-0.417640524510409068912662538627
0.417640524510409068912662538627
-0.419193377152247220109749898837
0.419193377152247220109749898837
-0.420745004446338120565617210596
0.420745004446338120565617210596
-0.422295401857106751650074582927
0.422295401857106751650074582927
-0.423844564852573177194786196897
0.423844564852573177194786196897
-0.425392488904365790962596055888
0.425392488904365790962596055888
-0.426939169487734553569313642496
0.426939169487734553569313642496
-0.428484602081564218819266522762
0.428484602081564218819266522762
-0.430028782168387549415957883107
0.430028782168387549415957883107
-0.431571705234398522009198043099
0.431571705234398522009198043099
-0.433113366769465521540110157783
0.433113366769465521540110157783
-0.434653762267144524845441606836
0.434653762267144524845441606836
-0.436192887224692273482643963957
0.436192887224692273482643963957
-0.437730737143079435737215948839
0.437730737143079435737215948839
-0.439267307527003757773835385419
0.439267307527003757773835385419
-0.440802593884903203892837924049
0.440802593884903203892837924049
-0.442336591728969085853632131425
0.442336591728969085853632131425
-0.443869296575159181226672510701
0.443869296575159181226672510701
-0.445400703943210840735644084882
0.445400703943210840735644084882
-0.44693080935665408455154435943
0.44693080935665408455154435943
-0.448459608342824687500380774801
0.448459608342824687500380774801
-0.449987096432877253146234166352
0.449987096432877253146234166352
-0.451513269161798276711471267549
0.451513269161798276711471267549
-0.453038122068419196795921922663
0.453038122068419196795921922663
-0.454561650695429435856869416945
0.454561650695429435856869416945
-0.456083850589389429411735185668
0.456083850589389429411735185668
-0.457604717300743643925372128192
0.457604717300743643925372128192
-0.459124246383833583343913829344
0.459124246383833583343913829344
-0.460642433396910784237160177719
0.460642433396910784237160177719
-0.462159273902149799511513169048
0.462159273902149799511513169048
-0.463674763465661170655510092245
0.463674763465661170655510092245
-0.465188897657504388480034816243
0.465188897657504388480034816243
-0.46670167205170084231532152703
0.46670167205170084231532152703
-0.468213082226246757626899006327
0.468213082226246757626899006327
-0.469723123763126122012657396069
0.469723123763126122012657396069
-0.47123179224832359954325335606
0.47123179224832359954325335606
-0.472739083271837433408103595898
0.472739083271837433408103595898
-0.47424499242769233682925094627
0.47424499242769233682925094627
-0.475749515313952372205421429002
0.475749515313952372205421429002
-0.477252647532733818448625189708
0.477252647532733818448625189708
-0.478754384690218026475688671309
0.478754384690218026475688671309
-0.480254722396664262817140031172
0.480254722396664262817140031172
-0.481753656266422541305904538826
0.481753656266422541305904538826
-0.483251181917946442808301535271
0.483251181917946442808301535271
-0.484747294973805922959869488528
0.484747294973805922959869488528
-0.486241991060700107868580743249
0.486241991060700107868580743249
-0.48773526580947007774804273487
0.48773526580947007774804273487
-0.489227114855111638443317720716
0.489227114855111638443317720716
-0.490717533836788080812028471676
0.490717533836788080812028471676
-0.492206518397842927923452868385
0.492206518397842927923452868385
-0.493694064185812670038345955173
0.493694064185812670038345955173
-0.495180166852439487332263723319
0.495180166852439487332263723319
-0.496664822053683960325198722225
0.496664822053683960325198722225
-0.498148025449737767980373532885
0.498148025449737767980373532885
-0.499629772705036373435074182448
0.499629772705036373435074182448
-0.501110059488271697326441731535
0.501110059488271697326441731535
-0.502588881472404778675176527279
0.502588881472404778675176527279
-0.504066234334678423290145984609
0.504066234334678423290145984609
-0.50554211375662983965692323605
0.50554211375662983965692323605
-0.507016515424103262273320576181
0.507016515424103262273320576181
-0.508489435027262562395018320621
0.508489435027262562395018320621
-0.509960868260603846154426501144
0.509960868260603846154426501144
-0.511430810822968040015953727868
0.511430810822968040015953727868
-0.512899258417553463530894566585
0.512899258417553463530894566585
-0.514366206751928389355183903832
0.514366206751928389355183903832
-0.51583165153804359049330400437
0.51583165153804359049330400437
-0.517295588492244874731667305057
0.517295588492244874731667305057
-0.518758013335285606224835435667
0.518758013335285606224835435667
-0.520218921792339214197972510847
0.520218921792339214197972510847
-0.52167830959301168872896839807
0.52167830959301168872896839807
-0.523136172471354063573705433948
0.523136172471354063573705433948
-0.524592506165874885997979935581
0.524592506165874885997979935581
-0.526047306419552673579627834577
0.526047306419552673579627834577
-0.527500568979848357944441848876
0.527500568979848357944441848876
-0.528952289598717715399505801469
0.528952289598717715399505801469
-0.53040246403262378442760999536
0.53040246403262378442760999536
-0.531851088042549270006449960627
0.531851088042549270006449960627
-0.533298157394008934716349402002
0.533298157394008934716349402002
-0.534743667857061976600286793992
0.534743667857061976600286793992
-0.536187615206324393740043794996
0.536187615206324393740043794996
-0.537629995220981335512332482107
0.537629995220981335512332482107
-0.539070803684799440488797344146
0.539070803684799440488797344146
-0.540510036386139160943827011891
0.540510036386139160943827011891
-0.541947689117967073934149851273
0.541947689117967073934149851273
-0.543383757677868178914226797462
0.543383757677868178914226797462
-0.544818237868058181851494165076
0.544818237868058181851494165076
-0.546251125495395765805548632169
0.546251125495395765805548632169
-0.547682416371394847935406163002
0.547682416371394847935406163002
-0.549112106312236822899006306828
0.549112106312236822899006306828
-0.550540191138782792609173086855
0.550540191138782792609173086855
-0.551966666676585782310283575124
0.551966666676585782310283575124
-0.553391528755902942939935235079
0.553391528755902942939935235079
-0.554814773211707739739943204058
0.554814773211707739739943204058
-0.55623639588370212708103888262
0.55623639588370212708103888262
-0.557656392616328709465681496496
0.557656392616328709465681496496
-0.559074759258782888673434699796
0.559074759258782888673434699796
-0.560491491665024997013400794915
0.560491491665024997013400794915
-0.561906585693792416648245755157
0.561906585693792416648245755157
-0.563320037208611684954388950329
0.563320037208611684954388950329
-0.5647318420778105858829722934
0.5647318420778105858829722934
-0.566141996174530227286264447514
0.566141996174530227286264447514
-0.567550495376737104174196757259
0.567550495376737104174196757259
-0.568957335567235147865768695782
0.568957335567235147865768695782
-0.570362512633677761000101850236
0.570362512633677761000101850236
-0.571766022468579838371962801775
0.571766022468579838371962801775
-0.573167860969329773556616692946
0.573167860969329773556616692946
-0.574568024038201451288914814672
0.574568024038201451288914814672
-0.575966507582366225561561186921
0.575966507582366225561561186921
-0.577363307513904883407544851549
0.577363307513904883407544851549
-0.57875841974981959433176644255
0.57875841974981959433176644255
-0.580151840212045845356929547911
0.580151840212045845356929547911
-0.581543564827464361648809428324
0.581543564827464361648809428324
-0.582933589527913012686053811058
0.582933589527913012686053811058
-0.584321910250198703939712732207
0.584321910250198703939712732207
-0.58570852293610925402773675715
0.58570852293610925402773675715
-0.587093423532425257309725367306
0.587093423532425257309725367306
-0.588476607990931931887249861012
0.588476607990931931887249861012
-0.589858072268430952975117777421
0.589858072268430952975117777421
-0.591237812326752271608988614646
0.591237812326752271608988614646
-0.592615824132765918654793476848
0.592615824132765918654793476848
-0.593992103658393794085454249321
0.593992103658393794085454249321
-0.595366646880621441490440965991
0.595366646880621441490440965991
-0.596739449781509807783749199689
0.596739449781509807783749199689
-0.598110508348206988075922572238
0.598110508348206988075922572238
-0.599479818572959955675788848476
0.599479818572959955675788848476
-0.60084737645312627718762154579
0.60084737645312627718762154579
-0.602213177991185812669482558459
0.602213177991185812669482558459
-0.603577219194752400818544963857
0.603577219194752400818544963857
-0.604939496076585529149238945353
0.604939496076585529149238945353
-0.606300004654601989130107634341
0.606300004654601989130107634341
-0.607658740951887516245303641174
0.607658740951887516245303641174
-0.609015700996708414946701111653
0.609015700996708414946701111653
-0.610370880822523168462642312141
0.610370880822523168462642312141
-0.611724276467994033429382012029
0.611724276467994033429382012029
-0.613075883976998619311337297218
0.613075883976998619311337297218
-0.614425699398641452576294912229
0.614425699398641452576294912229
-0.615773718787265525591772791479
0.615773718787265525591772791479
-0.617119938202463830208777101998
0.617119938202463830208777101998
-0.618464353709090875999240880231
0.618464353709090875999240880231
-0.619806961377274193113475204573
0.619806961377274193113475204573
-0.621147757282425819724008802618
0.621147757282425819724008802618
-0.622486737505253774022237047783
0.622486737505253774022237047783
-0.623823898131773510734346453781
0.623823898131773510734346453781
-0.625159235253319362123026027245
0.625159235253319362123026027245
-0.626492744966555963441522188564
0.626492744966555963441522188564
-0.627824423373489662806639418433
0.627824423373489662806639418433
-0.62915426658147991545733433278
0.62915426658147991545733433278
-0.630482270703250662365596531308
0.630482270703250662365596531308
-0.631808431856901693166355304867
0.631808431856901693166355304867
-0.633132746165919993373197124064
0.633132746165919993373197124064
-0.634455209759191075846724765785
0.634455209759191075846724765785
-0.635775818771010296482434965564
0.635775818771010296482434965564
-0.637094569341094154085037611778
0.637094569341094154085037611778
-0.638411457614591574396185722398
0.638411457614591574396185722398
-0.639726479742095178242631766337
0.639726479742095178242631766337
-0.64103963187965253377187230914
0.64103963187965253377187230914
-0.642350910188777392742389476773
0.642350910188777392742389476773
-0.643660310836460910835644341403
0.643660310836460910835644341403
-0.644967829995182851957024039232
0.644967829995182851957024039232
-0.646273463842922776492991232443
0.646273463842922776492991232443
-0.647577208563171213491731425115
0.647577208563171213491731425115
-0.648879060344940816734640636314
0.648879060344940816734640636314
-0.650179015382777504666043022361
0.650179015382777504666043022361
-0.651477069876771584148575224477
0.651477069876771584148575224477
-0.6527732200325688580117214973
0.6527732200325688580117214973
-0.654067462061381716361031048148
0.654067462061381716361031048148
-0.655359792180000211615596486227
0.655359792180000211615596486227
-0.656650206610803117241419844998
0.656650206610803117241419844998
-0.657938701581768970148340299637
0.657938701581768970148340299637
-0.659225273326487096718245454705
0.659225273326487096718245454705
-0.660509918084168622432335924659
0.660509918084168622432335924659
-0.661792632099657465065260871613
0.661792632099657465065260871613
-0.66307341162344131141399020055
0.66307341162344131141399020055
-0.664352252911662577529337241968
0.664352252911662577529337241968
-0.665629152226129352418093975458
0.665629152226129352418093975458
-0.666904105834326325183789164932
0.666904105834326325183789164932
-0.668177110009425695574128186906
0.668177110009425695574128186906
-0.669448161030298067903221837321
0.669448161030298067903221837321
-0.670717255181523328316759999694
0.670717255181523328316759999694
-0.671984388753401505368334747736
0.671984388753401505368334747736
-0.67324955804196361387516623895
0.67324955804196361387516623895
-0.674512759348982482021533631794
0.674512759348982482021533631794
-0.675773988981983561678262227807
0.675773988981983561678262227807
-0.677033243254255721906667101362
0.677033243254255721906667101362
-0.678290518484862025615402633388
0.678290518484862025615402633388
-0.679545810998650489338716611283
0.679545810998650489338716611283
-0.680799117126264826104656895202
0.680799117126264826104656895202
-0.682050433204155171361828080816
0.682050433204155171361828080816
-0.683299755574588791933345110332
0.683299755574588791933345110332
-0.684547080585660777966680396931
0.684547080585660777966680396931
-0.685792404591304717848150732583
0.685792404591304717848150732583
-0.687035723951303356050840045467
0.687035723951303356050840045467
-0.688277035031299233884803960603
0.688277035031299233884803960603
-0.689516334202805313118452095804
0.689516334202805313118452095804
-0.690753617843215582440054094462
0.690753617843215582440054094462
-0.691988882335815646728365556869
0.691988882335815646728365556869
-0.693222124069793299101420282588
0.693222124069793299101420282588
-0.694453339440249075712585577656
0.694453339440249075712585577656
-0.695682524848206793263027812055
0.695682524848206793263027812055
-0.696909676700624069199785934686
0.696909676700624069199785934686
-0.698134791410402824568701264923
0.698134791410402824568701264923
-0.699357865396399769491502581563
0.699357865396399769491502581563
-0.700578895083436871236396321503
0.700578895083436871236396321503
-0.701797876902311804851562581486
0.701797876902311804851562581486
-0.703014807289808386331008586848
0.703014807289808386331008586848
-0.704229682688706988282282350973
0.704229682688706988282282350973
-0.705442499547794938065600398132
0.705442499547794938065600398132
-0.706653254321876898373994660358
0.706653254321876898373994660358
-0.707861943471785230224134985804
0.707861943471785230224134985804
-0.709068563464390338327535111548
0.709068563464390338327535111548
-0.710273110772610998811901457848
0.710273110772610998811901457848
-0.711475581875424669262435693316
0.711475581875424669262435693316
-0.71267597325787778105295370117
0.71267597325787778105295370117
-0.713874281411096013936735345513
0.713874281411096013936735345513
-0.71507050283229455286707129332
0.71507050283229455286707129332
-0.716264634024788327017525092349
0.716264634024788327017525092349
-0.717456671498002230971980737355
0.717456671498002230971980737355
-0.718646611767481328054598076637
0.718646611767481328054598076637
-0.719834451354901035769850617937
0.719834451354901035769850617937
-0.7210201867880772933228725869
0.7210201867880772933228725869
-0.722203814600976711190394472481
0.722203814600976711190394472481
-0.723385331333726702712598761797
0.723385331333726702712598761797
-0.724564733532625597676280121687
0.724564733532625597676280121687
-0.725742017750152737859746925665
0.725742017750152737859746925665
-0.726917180544978554509953752697
0.726917180544978554509953752697
-0.728090218481974627722407298315
0.728090218481974627722407298315
-0.729261128132223727694441038736
0.729261128132223727694441038736
-0.730429906073029837822506974748
0.730429906073029837822506974748
-0.731596548887928159614185854073
0.731596548887928159614185854073
-0.732761053166695099385670428436
0.732761053166695099385670428436
-0.733923415505358236715529544631
0.733923415505358236715529544631
-0.735083632506206274625614197252
0.735083632506206274625614197252
-0.73624170077779897146002008429
0.73624170077779897146002008429
-0.737397616934977054433074705384
0.737397616934977054433074705384
-0.738551377598872114817370625953
0.738551377598872114817370625953
-0.739702979396916484742920198544
0.739702979396916484742920198544
-0.740852418962853095578560785471
0.740852418962853095578560785471
-0.741999692936745317866793363865
0.741999692936745317866793363865
-0.743144797964986782783291315594
0.743144797964986782783291315594
-0.744287730700311185092370209904
0.744287730700311185092370209904
-0.745428487801802067569763475958
0.745428487801802067569763475958
-0.746567065934902586864103035515
0.746567065934902586864103035515
-0.747703461771425260768558222697
0.747703461771425260768558222697
-0.748837671989561696874140657898
0.748837671989561696874140657898
-0.749969693273892302576237166324
0.749969693273892302576237166324
-0.75109952231539597640598733818
0.75109952231539597640598733818
-0.75222715581145978065817691705
0.75222715581145978065817691705
-0.753352590465888595287372875304
0.753352590465888595287372875304
-0.754475822988914753044080790376
0.754475822988914753044080790376
-0.755596850097207655822759973167
0.755596850097207655822759973167
-0.756715668513883372193586719644
0.756715668513883372193586719644
-0.757832274968514216089911058655
0.757832274968514216089911058655
-0.758946666197138306623407452905
0.758946666197138306623407452905
-0.760058838942269108998975075896
0.760058838942269108998975075896
-0.761168789952904956501498535075
0.761168789952904956501498535075
-0.76227651598453855352663524047
0.76227651598453855352663524047
-0.763382013799166459627851028465
0.763382013799166459627851028465
-0.764485280165298554551981141931
0.764485280165298554551981141931
-0.765586311857967484235649240547
0.765586311857967484235649240547
-0.766685105658738087734932768623
0.766685105658738087734932768623
-0.767781658355716805060718741931
0.767781658355716805060718741931
-0.768875966743561065892249829822
0.768875966743561065892249829822
-0.769968027623488659141416503988
0.769968027623488659141416503988
-0.771057837803287083340407000637
0.771057837803287083340407000637
-0.772145394097322877825382898226
0.772145394097322877825382898226
-0.773230693326550934688904248215
0.773230693326550934688904248215
-0.774313732318523791473884411356
0.774313732318523791473884411356
-0.775394507907400904581911046622
0.775394507907400904581911046622
-0.776473016933957903368826073887
0.776473016933957903368826073887
-0.777549256245595824900513884739
0.777549256245595824900513884739
-0.778623222696350329341903608099
0.778623222696350329341903608099
-0.779694913146900895952247848546
0.779694913146900895952247848546
-0.780764324464579999659797005248
0.780764324464579999659797005248
-0.781831453523382268189045047889
0.781831453523382268189045047889
-0.782896297203973619713779472985
0.782896297203973619713779472985
-0.783958852393700381009225089148
0.783958852393700381009225089148
-0.785019115986598386076628283139
0.785019115986598386076628283139
-0.786077084883402055213685499744
0.786077084883402055213685499744
-0.787132755991553454504276827428
0.787132755991553454504276827428
-0.788186126225211335701022818229
0.788186126225211335701022818229
-0.78923719250526015647423998427
0.78923719250526015647423998427
-0.790285951759319081000927804434
0.790285951759319081000927804434
-0.791332400921750960867477542958
0.791332400921750960867477542958
-0.792376536933671296259850726868
0.792376536933671296259850726868
-0.793418356742957177415032751028
0.793418356742957177415032751028
-0.794457857304256206307624778044
0.794457857304256206307624778044
-0.795495035578995398545494875092
0.795495035578995398545494875092
-0.79652988853539006544846718084
0.79652988853539006544846718084
-0.797562413148452676284085822752
0.797562413148452676284085822752
-0.798592606400001700634548308126
0.798592606400001700634548308126
-0.799620465278670430868961190952
0.799620465278670430868961190952
-0.80064598677991578469512897102
0.80064598677991578469512897102
-0.801669167906027087765145411374
0.801669167906027087765145411374
-0.802690005666134836309114765161
0.802690005666134836309114765161
-0.80370849707621943977138878284
0.80370849707621943977138878284
-0.804724639159119943423763825599
0.804724639159119943423763825599
-0.805738428944542730930140940294
0.805738428944542730930140940294
-0.806749863469070206837210355371
0.806749863469070206837210355371
-0.807758939776169458965780535572
0.807758939776169458965780535572
-0.808765654916200900677430685918
0.808765654916200900677430685918
-0.809770005946426892991224422023
0.809770005946426892991224422023
-0.810771989931020346525281224336
0.810771989931020346525281224336
-0.811771603941073303238061267987
0.811771603941073303238061267987
-0.812768845054605497944278267617
0.812768845054605497944278267617
-0.81376371035657289958041409753
0.81376371035657289958041409753
-0.814756196938876232194868141605
0.814756196938876232194868141605
-0.815746301900369475637833594589
0.815746301900369475637833594589
-0.816734022346868345926052276224
0.816734022346868345926052276224
-0.817719355391158755257658932308
0.817719355391158755257658932308
-0.818702298153005251652385481731
0.818702298153005251652385481731
-0.81968284775915943819245522589
0.81968284775915943819245522589
-0.820661001343368371839556666272
0.820661001343368371839556666272
-0.821636756046382941803346277366
0.821636756046382941803346277366
-0.822610109015966227436989355197
0.822610109015966227436989355197
-0.823581057406901835635307906461
0.823581057406901835635307906461
-0.824549598381002217711164459416
0.824549598381002217711164459416
-0.825515729107116965725770664991
0.825515729107116965725770664991
-0.826479446761141088248669615079
0.826479446761141088248669615079
-0.827440748526023265523200934242
0.827440748526023265523200934242
-0.82839963159177408401331790113
0.82839963159177408401331790113
-0.829356093155474250307686126484
0.829356093155474250307686126484
-0.830310130421282784357053655513
0.830310130421282784357053655513
-0.831261740600445192020942773586
0.831261740600445192020942773586
-0.832210920911301616899774275268
0.832210920911301616899774275268
-0.833157668579294971428595507735
0.833157668579294971428595507735
-0.834101980836979047208644120194
0.834101980836979047208644120194
-0.835043854924026604553040141018
0.835043854924026604553040141018
-0.835983288087237441222959763732
0.835983288087237441222959763732
-0.836920277580546440330705051477
0.836920277580546440330705051477
-0.837854820665031597386144667046
0.837854820665031597386144667046
-0.838786914608922026463061701816
0.838786914608922026463061701816
-0.839716556687605945462005711725
0.839716556687605945462005711725
-0.840643744183638640446307171659
0.840643744183638640446307171659
-0.841568474386750409027973731067
0.841568474386750409027973731067
-0.84249074459385448278024889317
0.84249074459385448278024889317
-0.843410552109054928653675047462
0.843410552109054928653675047462
-0.84432789424365452937256416033
0.84432789424365452937256416033
-0.845242768316162642788840871195
0.845242768316162642788840871195
-0.846155171652303040170284251505
0.846155171652303040170284251505
-0.847065101585021723400256061014
0.847065101585021723400256061014
-0.847972555454494721066064979835
0.847972555454494721066064979835
-0.848877530608135863413178005624
0.848877530608135863413178005624
-0.849780024400604536142551982713
0.849780024400604536142551982713
-0.850680034193813413028420073955
0.850680034193813413028420073955
-0.851577557356936167333929896173
0.851577557356936167333929896173
-0.852472591266415162002092016367
0.852472591266415162002092016367
-0.853365133305969118599559547969
0.853365133305969118599559547969
-0.854255180866600764990821694263
0.854255180866600764990821694263
-0.855142731346604461720456259477
0.855142731346604461720456259477
-0.856027782151573807081148386771
0.856027782151573807081148386771
-0.856910330694409220845245086226
0.856910330694409220845245086226
-0.857790374395325506637677484829
0.857790374395325506637677484829
-0.858667910681859392928145164098
0.858667910681859392928145164098
-0.859542936988877052620519449313
0.859542936988877052620519449313
-0.860415450758581601217485077026
0.860415450758581601217485077026
-0.861285449440520573538502294525
0.861285449440520573538502294525
-0.862152930491593378969234135973
0.862152930491593378969234135973
-0.863017891376058735220646374889
0.863017891376058735220646374889
-0.863880329565542080576050471292
0.863880329565542080576050471292
-0.864740242539042964604422713989
0.864740242539042964604422713989
-0.865597627782942417318395704012
0.865597627782942417318395704012
-0.866452482791010296755381333841
0.866452482791010296755381333841
-0.867304805064412614960347488719
0.867304805064412614960347488719
-0.868154592111718842348833830743
0.868154592111718842348833830743
-0.869001841448909190428855223457
0.869001841448909190428855223457
-0.869846550599381872860404614092
0.869846550599381872860404614092
-0.870688717093960344831330512267
0.870688717093960344831330512267
-0.871528338470900520728427587674
0.871528338470900520728427587674
-0.872365412275897970082642354845
0.872365412275897970082642354845
-0.873199936062095091767359420334
0.873199936062095091767359420334
-0.874031907390088266428797336404
0.874031907390088266428797336404
-0.874861323827934987127606735333
0.874861323827934987127606735333
-0.875688182951160968170827109636
0.875688182951160968170827109636
-0.876512482342767232113422355565
0.876512482342767232113422355565
-0.877334219593237174908679010118
0.877334219593237174908679010118
-0.878153392300543609186814985191
0.878153392300543609186814985191
-0.878969998070155785641210536239
0.878969998070155785641210536239
-0.879784034515046392501737196854
0.879784034515046392501737196854
-0.880595499255698533074724464539
0.880595499255698533074724464539
-0.881404389920112681329168136822
0.881404389920112681329168136822
-0.882210704143813615508848370192
0.882210704143813615508848370192
-0.88301443956985732975008976721
0.88301443956985732975008976721
-0.883815593848837923684960089252
0.883815593848837923684960089252
-0.88461416463889447000976854347
0.88461416463889447000976854347
-0.885410149605717859998789002604
0.885410149605717859998789002604
-0.886203546422557626943197985017
0.886203546422557626943197985017
-0.886994352770228747495281749511
0.886994352770228747495281749511
-0.887782566337118420898031445041
0.887782566337118420898031445041
-0.888568184819192826080309899094
0.888568184819192826080309899094
-0.889351205920003856597838330081
0.889351205920003856597838330081
-0.890131627350695833400316028428
0.890131627350695833400316028428
-0.890909446830012195405050867964
0.890909446830012195405050867964
-0.891684662084302167857543383421
0.891684662084302167857543383421
-0.892457270847527408459532081349
0.892457270847527408459532081349
-0.89322727086126863124507264013
0.89322727086126863124507264013
-0.893994659874732208185288700039
0.893994659874732208185288700039
-0.894759435644756748502497046103
0.894759435644756748502497046103
-0.895521595935819655674475144795
0.895521595935819655674475144795
-0.896281138520043662109704210052
0.896281138520043662109704210052
-0.897038061177203341474486244673
0.897038061177203341474486244673
-0.897792361694731598652898829478
0.897792361694731598652898829478
-0.898544037867726137320616814695
0.898544037867726137320616814695
-0.899293087498955905113695505499
0.899293087498955905113695505499
-0.900039508398867516373475426432
0.900039508398867516373475426432
-0.900783298385591652448834297312
0.900783298385591652448834297312
-0.901524455284949439537077455954
0.901524455284949439537077455954
-0.902262976930458804044823620566
0.902262976930458804044823620566
-0.902998861163340805450308596593
0.902998861163340805450308596593
-0.903732105832525946648595299148
0.903732105832525946648595299148
-0.904462708794660461761244282563
0.904462708794660461761244282563
-0.905190667914112581392064843
0.905190667914112581392064843
-0.905915981062978775310632688164
0.905915981062978775310632688164
-0.906638646121089972545326149848
0.906638646121089972545326149848
-0.907358660976017758867698950103
0.907358660976017758867698950103
-0.908076023523080551650073620007
0.908076023523080551650073620007
-0.90879073166534975207830581124
0.90879073166534975207830581124
-0.909502783313655874701735934637
0.909502783313655874701735934637
-0.91021217638659465430241080648
0.91021217638659465430241080648
-0.910918908810533130065724282267
0.910918908810533130065724282267
-0.911622978519615707034692208909
0.911622978519615707034692208909
-0.91232438345577019483014342949
0.91232438345577019483014342949
-0.913023121568713823619175029804
0.913023121568713823619175029804
-0.913719190815959237314286522502
0.913719190815959237314286522502
-0.914412589162820463985674222851
0.914412589162820463985674222851
-0.915103314582418863469233679424
0.915103314582418863469233679424
-0.915791365055689052152884683455
0.915791365055689052152884683455
-0.916476738571384804923900091903
0.916476738571384804923900091903
-0.917159433126084934259986461158
0.917159433126084934259986461158
-0.917839446724199146446931300769
0.917839446724199146446931300769
-0.918516777377973874905698619275
0.918516777377973874905698619275
-0.919191423107498090611921346982
0.919191423107498090611921346982
-0.91986338194070908959080618322
0.91986338194070908959080618322
-0.920532651913398257470533428006
0.920532651913398257470533428006
-0.921199231069216811077301419915
0.921199231069216811077301419915
-0.921863117459681517055232313158
0.921863117459681517055232313158
-0.922524309144180387494423087223
0.922524309144180387494423087223
-0.92318280418997835255049289165
0.92318280418997835255049289165
-0.923838600672222910039045086534
0.923838600672222910039045086534
-0.92449169667394975198852964585
0.92449169667394975198852964585
-0.925142090286088368135058945608
0.925142090286088368135058945608
-0.925789779607467626342797361841
0.925789779607467626342797361841
-0.926434762744821329933612554451
0.926434762744821329933612554451
-0.927077037812793751909743811703
0.927077037812793751909743811703
-0.927716602933945146053310376471
0.927716602933945146053310376471
-0.9283534562387572348865502691
0.9283534562387572348865502691
-0.928987595865638674476747762622
0.928987595865638674476747762622
-0.929619019960930496069875354009
0.929619019960930496069875354009
-0.930247726678911524537043809835
0.930247726678911524537043809835
-0.930873714181803773617921646055
0.930873714181803773617921646055
-0.931496980639777817945353229353
0.931496980639777817945353229353
-0.932117524230958141835472561499
0.932117524230958141835472561499
-0.932735343141428464827677728128
0.932735343141428464827677728128
-0.933350435565237043958898959263
0.933350435565237043958898959263
-0.933962799704401952756661260353
0.933962799704401952756661260353
-0.934572433768916336935510629614
0.934572433768916336935510629614
-0.935179335976753646781440979669
0.935179335976753646781440979669
-0.935783504553872846209027028823
0.935783504553872846209027028823
-0.936384937734223598476036619506
0.936384937734223598476036619506
-0.936983633759751428540364158341
0.936983633759751428540364158341
-0.93757959088040286204419515371
0.93757959088040286204419515371
-0.938172807354130540910380152433
0.938172807354130540910380152433
-0.938763281446898315536064747067
0.938763281446898315536064747067
-0.939351011432686313568690739156
0.939351011432686313568690739156
-0.939935995593495985249552001327
0.939935995593495985249552001327
-0.940518232219355125310157082333
0.940518232219355125310157082333
-0.941097719608322871406719143628
0.941097719608322871406719143628
-0.941674456066494679078162403875
0.941674456066494679078162403875
-0.942248439908007273213102898483
0.942248439908007273213102898483
-0.94281966945504357601133003493
0.94281966945504357601133003493
-0.943388143037837611425384140838
0.943388143037837611425384140838
-0.943953858994679386067893960501
0.943953858994679386067893960501
-0.944516815671919746570406856575
0.944516815671919746570406856575
-0.945077011423975213379513316766
0.945077011423975213379513316766
-0.945634444613332790976136250375
0.945634444613332790976136250375
-0.946189113610554754503924486401
0.946189113610554754503924486401
-0.946741016794283412792758853255
0.946741016794283412792758853255
-0.947290152551245847763448229954
0.947290152551245847763448229954
-0.947836519276258630199762009656
0.947836519276258630199762009656
-0.948380115372232511874014508515
0.948380115372232511874014508515
-0.948920939250177094012485985787
0.948920939250177094012485985787
-0.949458989329205472087034114839
0.949458989329205472087034114839
-0.949994264036538856919318958975
0.949994264036538856919318958975
-0.950526761807511172084133760656
0.950526761807511172084133760656
-0.951056481085573627598403147622
0.951056481085573627598403147622
-0.951583420322299269882479694381
0.951583420322299269882479694381
-0.9521075779773875079804391525
0.9521075779773875079804391525
-0.952628952518668616026144077787
0.952628952518668616026144077787
-0.953147542422108211941915036822
0.953147542422108211941915036822
-0.953663346171811712356718069115
0.953663346171811712356718069115
-0.954176362260028763730846614301
0.954176362260028763730846614301
-0.954686589187157649674145686215
0.954686589187157649674145686215
-0.955194025461749674444895687121
0.955194025461749674444895687121
-0.955698669600513522616542905781
0.955698669600513522616542905781
-0.956200520128319594899533432312
0.956200520128319594899533432312
-0.956699575578204320105576950745
0.956699575578204320105576950745
-0.957195834491374443241736636754
0.957195834491374443241736636754
-0.957689295417211289721811193113
0.957689295417211289721811193113
-0.958179956913275005682544898933
0.958179956913275005682544898933
-0.958667817545308774392271430499
0.958667817545308774392271430499
-0.959152875887243008739667131618
0.959152875887243008739667131618
-0.959635130521199519790359369562
0.959635130521199519790359369562
-0.96011458003749566139920560902
0.96011458003749566139920560902
-0.960591223034648450866128870857
0.960591223034648450866128870857
-0.961065058119378665623465314842
0.961065058119378665623465314842
-0.961536083906614915942849795894
0.961536083906614915942849795894
-0.962004299019497693649735391728
0.962004299019497693649735391728
-0.962469702089383396833713086094
0.962469702089383396833713086094
-0.962932291755848330542868016104
0.962932291755848330542868016104
-0.963392066666692683450478954423
0.963392066666692683450478954423
-0.963849025477944480482437997504
0.963849025477944480482437997504
-0.964303166853863511393837769503
0.964303166853863511393837769503
-0.964754489466945235283243828252
0.964754489466945235283243828252
-0.965202991997924661033240374693
0.965202991997924661033240374693
-0.96564867313578020366590782069
0.96564867313578020366590782069
-0.96609153157773751660196126228
0.96609153157773751660196126228
-0.966531566029273299812349436342
0.966531566029273299812349436342
-0.966968775204119083851184308722
0.966968775204119083851184308722
-0.967403157824264989758942051081
0.967403157824264989758942051081
-0.967834712619963464824946812694
0.967834712619963464824946812694
-0.968263438329732994198219382219
0.968263438329732994198219382219
-0.968689333700361788335843563615
0.968689333700361788335843563615
-0.969112397486911446278073860275
0.969112397486911446278073860275
-0.969532628452720594739478872574
0.969532628452720594739478872574
-0.969950025369408503005485666878
0.969950025369408503005485666878
-0.970364587016878673623761269346
0.970364587016878673623761269346
-0.970776312183322408879938376135
0.970776312183322408879938376135
-0.971185199665222353047263353682
0.971185199665222353047263353682
-0.971591248267356010399815629453
0.971591248267356010399815629453
-0.971994456802799238979018645732
0.971994456802799238979018645732
-0.972394824092929720103233667846
0.972394824092929720103233667846
-0.972792348967430403610298904603
0.972792348967430403610298904603
-0.973187030264292928822947614119
0.973187030264292928822947614119
-0.973578866829821021227110133836
0.973578866829821021227110133836
-0.973967857518633864853176090959
0.973967857518633864853176090959
-0.974354001193669450350364420459
0.974354001193669450350364420459
-0.974737296726187898744420243993
0.974737296726187898744420243993
-0.975117742995774760868929146654
0.975117742995774760868929146654
-0.975495338890344292460610931565
0.975495338890344292460610931565
-0.975870083306142704909026537524
0.975870083306142704909026537524
-0.976241975147751391651203474803
0.976241975147751391651203474803
-0.9766110133280901302017568719
0.9766110133280901302017568719
-0.976977196768420259809155034757
0.976977196768420259809155034757
-0.977340524398347834728850303399
0.977340524398347834728850303399
-0.977700995155826753104067953076
0.977700995155826753104067953076
-0.97805860798716186144511793228
0.97805860798716186144511793228
-0.978413361847012034698166363326
0.978413361847012034698166363326
-0.978765255698393231894475957928
0.978765255698393231894475957928
-0.979114288512681527371196826338
0.979114288512681527371196826338
-0.979460459269616117554861590741
0.979460459269616117554861590741
-0.979803766957302303298811258968
0.979803766957302303298811258968
-0.98014421057221444776585098131
0.98014421057221444776585098131
-0.980481789119198909847507610132
0.980481789119198909847507610132
-0.980816501611476953111333919046
0.980816501611476953111333919046
-0.981148347070647630267777426516
0.981148347070647630267777426516
-0.981477324526690643148205020041
0.981477324526690643148205020041
-0.981803433017969178185748005035
0.981803433017969178185748005035
-0.982126671591232717390705822064
0.982126671591232717390705822064
-0.982447039301619824812320503925
0.982447039301619824812320503925
-0.982764535212660908478807998516
0.982764535212660908478807998516
-0.983079158396280957807606785291
0.983079158396280957807606785291
-0.98339090793280225647787878509
0.98339090793280225647787878509
-0.983699782910947070757372430904
0.983699782910947070757372430904
-0.984005782427840313275832959275
0.984005782427840313275832959275
-0.984308905589012182237220530233
0.984308905589012182237220530233
-0.984609151508400776063072723751
0.984609151508400776063072723751
-0.984906519308354683459424332392
0.984906519308354683459424332392
-0.985201008119635548899774217886
0.985201008119635548899774217886
-0.985492617081420613516666373833
0.985492617081420613516666373833
-0.985781345341305231394530293892
0.985781345341305231394530293892
-0.98606719205530536125650434783
0.98606719205530536125650434783
-0.986350156387860033538045187811
0.986350156387860033538045187811
-0.986630237511833792840206324339
0.986630237511833792840206324339
-0.98690743460851911575555001576
0.98690743460851911575555001576
-0.987181746867638804059738608929
0.987181746867638804059738608929
-0.987453173487348353261934567036
0.987453173487348353261934567036
-0.987721713674238296507222753872
0.987721713674238296507222753872
-0.987987366643336523824354259925
0.987987366643336523824354259925
-0.988250131618110576712198322203
0.988250131618110576712198322203
-0.988510007830469918058377897194
0.988510007830469918058377897194
-0.988766994520768177383655411463
0.988766994520768177383655411463
-0.989021090937805371405728384072
0.989021090937805371405728384072
-0.989272296338830099916190270898
0.989272296338830099916190270898
-0.989520609989541716964510344789
0.989520609989541716964510344789
-0.989766031164092477342988065566
0.989766031164092477342988065566
-0.990008559145089658366742632077
0.990008559145089658366742632077
-0.990248193223597656942907729038
0.990248193223597656942907729038
-0.990484932699140061923315441002
0.990484932699140061923315441002
-0.990718776879701701735072545324
0.990718776879701701735072545324
-0.990949725081730667283557654817
0.990949725081730667283557654817
-0.991177776630140310122499812827
0.991177776630140310122499812827
-0.991402930858311215885939137319
0.991402930858311215885939137319
-0.991625187108093152977019112158
0.991625187108093152977019112158
-0.991844544729806996508719464424
0.991844544729806996508719464424
-0.992061003082246627491809795504
0.992061003082246627491809795504
-0.992274561532680807265489057421
0.992274561532680807265489057421
-0.992485219456855027166376694898
0.992485219456855027166376694898
-0.992692976238993333431740279231
0.992692976238993333431740279231
-0.992897831271800127333084641043
0.992897831271800127333084641043
-0.993099783956461940536492274158
0.993099783956461940536492274158
-0.993298833702649185686398148509
0.993298833702649185686398148509
-0.99349497992851788220980878012
0.99349497992851788220980878012
-0.993688222060711357338341076177
0.993688222060711357338341076177
-0.9938785595343619223458677673
0.9938785595343619223458677673
-0.994065991793092524000021084696
0.994065991793092524000021084696
-0.994250518289018371226334192066
0.994250518289018371226334192066
-0.994432138482748536984402047144
0.994432138482748536984402047144
-0.994610851843387535356133402325
0.994610851843387535356133402325
-0.99478665784853687384695985879
0.99478665784853687384695985879
-0.994959555984296580901785920403
0.994959555984296580901785920403
-0.995129545745266708638529626363
0.995129545745266708638529626363
-0.995296626634548810803345417389
0.995296626634548810803345417389
-0.995460798163747395953074510891
0.995460798163747395953074510891
-0.995622059852971355872176086681
0.995622059852971355872176086681
-0.995780411230835369233407527856
0.995780411230835369233407527856
-0.995935851834461280513908383195
0.995935851834461280513908383195
-0.996088381209479454181180283595
0.996088381209479454181180283595
-0.996237998910030104166842429289
0.996237998910030104166842429289
-0.996384704498764598650102160537
0.996384704498764598650102160537
-0.99652849754684674017776571142
0.99652849754684674017776571142
-0.996669377633954021153517567137
0.996669377633954021153517567137
-0.996807344348278854736359718691
0.996807344348278854736359718691
-0.996942397286529781196830413147
0.996942397286529781196830413147
-0.997074536053932649790304467367
0.997074536053932649790304467367
-0.997203760264231776219810313106
0.997203760264231776219810313106
-0.997330069539691075777019970456
0.997330069539691075777019970456
-0.997453463511095172270199561363
0.997453463511095172270199561363
-0.997573941817750482873017105826
0.997573941817750482873017105826
-0.997691504107486279059584377375
0.997691504107486279059584377375
-0.997806150036655723830790149103
0.997806150036655723830790149103
-0.997917879270136885487281343031
0.997917879270136885487281343031
-0.998026691481333728268583675062
0.998026691481333728268583675062
-0.998132586352177080260134986705
0.998132586352177080260134986705
-0.998235563573125579076250735145
0.998235563573125579076250735145
-0.99833562284316659596516598491
0.99833562284316659596516598491
-0.99843276386981713916315433335
0.99843276386981713916315433335
-0.99852698636912473756332255128
0.99852698636912473756332255128
-0.998618290065668306081972524975
0.998618290065668306081972524975
-0.998706674692558994530936369116
0.998706674692558994530936369116
-0.998792139991441022380063243029
0.998792139991441022380063243029
-0.998874685712492502580564657513
0.998874685712492502580564657513
-0.99895431161442625870527986223
0.99895431161442625870527986223
-0.999031017464490641175897331108
0.999031017464490641175897331108
-0.999104803038470350483562776096
0.999104803038470350483562776096
-0.999175668120687278361574824608
0.999175668120687278361574824608
-0.999243612504001382288107683506
0.999243612504001382288107683506
-0.999308635989811615187823337923
0.999308635989811615187823337923
-0.999370738388056941884193460873
0.999370738388056941884193460873
-0.999429919517217488544472010098
0.999429919517217488544472010098
-0.999486179204315894058383712558
0.999486179204315894058383712558
-0.999539517284918968076666863601
0.999539517284918968076666863601
-0.999589933603139818106539788092
0.999589933603139818106539788092
-0.99963742801164070328842172557
0.99963742801164070328842172557
-0.999682000371637034012938438011
0.999682000371637034012938438011
-0.999723650552903218911067311682
0.999723650552903218911067311682
-0.999762378433781571308933354047
0.999762378433781571308933354047
-0.999798183901196446335204202656
0.999798183901196446335204202656
-0.999831066850677661902172433505
0.999831066850677661902172433505
-0.999861027186401140508409775937
0.999861027186401140508409775937
-0.999888064821263208156239324232
0.999888064821263208156239324232
-0.999912179677024927420704290003
0.999912179677024927420704290003
-0.999933371684613719004875068111
0.999933371684613719004875068111
-0.999951640784813472961822573388
0.999951640784813472961822573388
-0.999966986930038692316636529978
0.999966986930038692316636529978
-0.999979410089669158597017234439
0.999979410089669158597017234439
-0.999988910270123823030729992968
0.999988910270123823030729992968
-0.999995487622575736795475415422
0.999995487622575736795475415422
-0.999999143588690675600053705666
0.999999143588690675600053705666