0.00178855181901271993995019189645
0.00178855181901271993995019189645
0.00178854609757929695955654810693
0.00178854609757929695955654810693
0.00178853465473075340413746775059
0.00178853465473075340413746775059
0.00178851749050369402588144248956
0.00178851749050369402588144248956
0.00178849460495302580670159014894
0.00178849460495302580670159014894
0.00178846599815195778259263552675
0.00178846599815195778259263552675
0.00178843167019200080944109215825
0.00178843167019200080944109215825
0.00178839162118296727028939418886
0.00178839162118296727028939418886
0.00178834585125297072405491479435
0.00178834585125297072405491479435
0.00178829436054842549570499486783
0.00178829436054842549570499486783
0.00178823714923404620788929297066
0.00178823714923404620788929297066
0.00178817421749284725403095481776
0.00178817421749284725403095481776
0.0017881055655261422128782878362
0.0017881055655261422128782878362
0.00178803119355354320451881359936
0.00178803119355354320451881359936
0.00178795110181296018785775819566
0.00178795110181296018785775819566
0.00178786529056060019956322784199
0.00178786529056060019956322784199
0.00178777376007096653448050429464
0.00178777376007096653448050429464
0.00178767651063685786751808184684
0.00178767651063685786751808184684
0.00178757354256936731700825492857
0.00178757354256936731700825492857
0.00178746485619788144954525254305
0.00178746485619788144954525254305
0.00178735045187007922630410298241
0.00178735045187007922630410298241
0.001787230329951930890843599464
0.001787230329951930890843599464
0.00178710449082769679839692451601
0.00178710449082769679839692451601
0.00178697293489992618665367811772
0.00178697293489992618665367811772
0.00178683566258945588803724176358
0.00178683566258945588803724176358
0.00178669267433540898348159777255
0.00178669267433540898348159777255
0.00178654397059519339771191030214
0.00178654397059519339771191030214
0.00178638955184450043603336165169
0.00178638955184450043603336165169
0.00178622941857730326263292454983
0.00178622941857730326263292454983
0.00178606357130585532039893821615
0.00178606357130585532039893821615
0.00178589201056068869226354306735
0.00178589201056068869226354306735
0.00178571473689061240407321600158
0.00178571473689061240407321600158
0.00178553175086271066899283524158
0.00178553175086271066899283524158
0.00178534305306234107344889074693
0.00178534305306234107344889074693
0.00178514864409313270461764321707
0.00178514864409313270461764321707
0.00178494852457698421946422169999
0.00178494852457698421946422169999
0.00178474269515406185533883679508
0.00178474269515406185533883679508
0.00178453115648279738213647339303
0.00178453115648279738213647339303
0.00178431390923988599602661382904
0.00178431390923988599602661382904
0.00178409095412028415475972923875
0.00178409095412028415475972923875
0.00178386229183720735455746379712
0.00178386229183720735455746379712
0.00178362792312212784859362338997
0.00178362792312212784859362338997
0.0017833878487247723070732671139
0.0017833878487247723070732671139
0.00178314206941311941891738682333
0.00178314206941311941891738682333
0.00178289058597339743506084674268
0.00178289058597339743506084674268
0.00178263339921008165337144193578
0.00178263339921008165337144193578
0.00178237050994589184519812117433
0.00178237050994589184519812117433
0.0017821019190217896235566064706
0.0017821019190217896235566064706
0.00178182762729697575296082823693
0.00178182762729697575296082823693
0.0017815476356488874009087817049
0.0017815476356488874009087817049
0.00178126194497319533103159687987
0.00178126194497319533103159687987
0.00178097055618380103791480092132
0.00178097055618380103791480092132
0.00178067347021283382360093842527
0.00178067347021283382360093842527
0.00178037068801064781578290164183
0.00178037068801064781578290164183
0.00178006221054581892769750918754
0.00178006221054581892769750918754
0.00177974803880514175972905830858
0.00177974803880514175972905830858
0.0017794281737936264427327622157
0.0017794281737936264427327622157
0.00177910261653449542308817044551
0.00177910261653449542308817044551
0.00177877136806918018949285660352
0.00177877136806918018949285660352
0.00177843442945731794150684421286
0.00177843442945731794150684421286
0.00177809180177674819985842772689
0.00177809180177674819985842772689
0.00177774348612350935852223206499
0.00177774348612350935852223206499
0.00177738948361183517858054029639
0.00177738948361183517858054029639
0.0017770297953741512238791053277
0.0017770297953741512238791053277
0.00177666442256107123848884764459
0.00177666442256107123848884764459
0.00177629336634139346598502731619
0.00177629336634139346598502731619
0.00177591662790209691055566459227
0.00177591662790209691055566459227
0.00177553420844833753995116950654
0.00177553420844833753995116950654
0.00177514610920344443028732694485
0.00177514610920344443028732694485
0.00177475233140891585271396964361
0.00177475233140891585271396964361
0.00177435287632441530196185755043
0.00177435287632441530196185755043
0.00177394774522776746678046790619
0.00177394774522776746678046790619
0.00177353693941495414227958629409
0.00177353693941495414227958629409
0.00177312046020011008418777474598
0.00177312046020011008418777474598
0.00177269830891551880504097879983
0.00177269830891551880504097879983
0.00177227048691160831231472116288
0.00177227048691160831231472116288
0.00177183699555694678851351535287
0.00177183699555694678851351535287
0.00177139783623823821323131836374
0.00177139783623823821323131836374
0.00177095301036031792719702703248
0.00177095301036031792719702703248
0.00177050251934614813831920836877
0.00177050251934614813831920836877
0.00177004636463681336974443964883
0.00177004636463681336974443964883
0.00176958454769151584994381956891
0.00176958454769151584994381956891
0.00176911706998757084484239720074
0.00176911706998757084484239720074
0.00176864393302040193200645089162
0.00176864393302040193200645089162
0.00176816513830353621690373460397
0.00176816513830353621690373460397
0.00176768068736859949125199449294
0.00176768068736859949125199449294
0.001767190581765311333471243776
0.001767190581765311333471243776
0.00176669482306148015125546915344
0.00176669482306148015125546915344
0.00176619341284299816627962719438
0.00176619341284299816627962719438
0.00176568635271383634105797420707
0.00176568635271383634105797420707
0.00176517364429603924796995816582
0.00176517364429603924796995816582
0.00176465528922971988047008626801
0.00176465528922971988047008626801
0.00176413128917305440649836664352
0.00176413128917305440649836664352
0.00176360164580227686410810763464
0.00176360164580227686410810763464
0.00176306636081167379932804290649
0.00176306636081167379932804290649
0.00176252543591357884627593543583
0.00176252543591357884627593543583
0.00176197887283836724954099815888
0.00176197887283836724954099815888
0.00176142667333445032885265373629
0.00176142667333445032885265373629
0.00176086883916826988605334051471
0.00176086883916826988605334051471
0.00176030537212429255439325632918
0.00176030537212429255439325632918
0.00175973627400500409016511629789
0.00175973627400500409016511629789
0.00175916154663090360669718521079
0.00175916154663090360669718521079
0.00175858119184049775072302950449
0.00175858119184049775072302950449
0.00175799521149029482114661814822
0.00175799521149029482114661814822
0.00175740360745479883022158603849
0.00175740360745479883022158603849
0.00175680638162650350716365771214
0.00175680638162650350716365771214
0.00175620353591588624421541333953
0.00175620353591588624421541333953
0.0017555950722514019851827630497
0.0017555950722514019851827630497
0.0017549809925794770564626796679
0.0017549809925794770564626796679
0.00175436129886450294058192391158
0.00175436129886450294058192391158
0.00175373599308882999226667999372
0.00175373599308882999226667999372
0.00175310507725276109706320342132
0.00175310507725276109706320342132
0.00175246855337454527252976655168
0.00175246855337454527252976655168
0.00175182642349037121202037117871
0.00175182642349037121202037117871
0.00175117868965436077108088106603
0.00175117868965436077108088106603
0.00175052535393856239647841092172
0.00175052535393856239647841092172
0.00174986641843294449788499182131
0.00174986641843294449788499182131
0.00174920188524538876223671652973
0.00174920188524538876223671652973
0.00174853175650168341078975154989
0.00174853175650168341078975154989
0.00174785603434551639889478603311
0.00174785603434551639889478603311
0.00174717472093846855851167092632
0.00174717472093846855851167092632
0.00174648781846000668348618489994
0.00174648781846000668348618489994
0.00174579532910747655761104670013
0.00174579532910747655761104670013
0.0017450972550960959254934765975
0.0017450972550960959254934765975
0.00174439359865894740625179256151
0.00174439359865894740625179256151
0.00174368436204697135006370967541
0.00174368436204697135006370967541
0.00174296954752895863758919411909
0.00174296954752895863758919411909
0.00174224915739154342229090578707
0.00174224915739154342229090578707
0.00174152319393919581567544627484
0.00174152319393919581567544627484
0.00174079165949421451547881155853
0.00174079165949421451547881155853
0.00174005455639671937681963120977
0.00174005455639671937681963120977
0.00173931188700464392634395842899
0.00173931188700464392634395842899
0.00173856365369372781938555754609
0.00173856365369372781938555754609
0.00173780985885750924016581792599
0.00173780985885750924016581792599
0.00173705050490731724505760542832
0.00173705050490731724505760542832
0.00173628559427226404893754470445
0.00173628559427226404893754470445
0.00173551512939923725465140767056
0.00173551512939923725465140767056
0.00173473911275289202561746547197
0.00173473911275289202561746547197
0.00173395754681564320159284315115
0.00173395754681564320159284315115
0.00173317043408765735762809804877
0.00173317043408765735762809804877
0.00173237777708684480623542470337
0.00173237777708684480623542470337
0.00173157957834885154279607067045
0.00173157957834885154279607067045
0.00173077584042705113423272925478
0.00173077584042705113423272925478
0.00172996656589253655097285664069
0.00172996656589253655097285664069
0.00172915175733411194222904231269
0.00172915175733411194222904231269
0.00172833141735828435462274298313
0.00172833141735828435462274298313
0.00172750554858925539417787148354
0.00172750554858925539417787148354
0.00172667415366891283171091323151
0.00172667415366891283171091323151
0.00172583723525682215164442395517
0.00172583723525682215164442395517
0.00172499479603021804427094334099
0.00172499479603021804427094334099
0.00172414683868399584149454016864
0.00172414683868399584149454016864
0.00172329336593070289607738530675
0.00172329336593070289607738530675
0.00172243438050052990441892966662
0.00172243438050052990441892966662
0.00172156988514130217289544484533
0.00172156988514130217289544484533
0.00172069988261847082778786473575
0.00172069988261847082778786473575
0.00171982437571510396882604683723
0.00171982437571510396882604683723
0.00171894336723187776637775236761
0.00171894336723187776637775236761
0.00171805685998706750231082455283
0.00171805685998706750231082455283
0.00171716485681653855455722465556
0.00171716485681653855455722465556
0.00171626736057373732540776539749
0.00171626736057373732540776539749
0.00171536437412968211356656143082
0.00171536437412968211356656143082
0.00171445590037295392999439642263
0.00171445590037295392999439642263
0.00171354194220968725757038613062
0.00171354194220968725757038613062
0.00171262250256356075460149656944
0.00171262250256356075460149656944
0.00171169758437578790220965599289
0.00171169758437578790220965599289
0.00171076719060510759562637894862
0.00171076719060510759562637894862
0.00170983132422777467942500009703
0.00170983132422777467942500009703
0.00170888998823755042672079482524
0.00170888998823755042672079482524
0.00170794318564569296236944292944
0.00170794318564569296236944292944
0.00170699091948094763019447078323
0.00170699091948094763019447078323
0.001706033192789537304274486457
0.001706033192789537304274486457
0.001705070008635152644321201201
0.001705070008635152644321201201
0.00170410137009894229517940955434
0.00170410137009894229517940955434
0.00170312728027950303048027909108
0.00170312728027950303048027909108
0.00170214774229286984047947946411
0.00170214774229286984047947946411
0.00170116275927250596411185895521
0.00170116275927250596411185895521
0.00170017233436929286529455518699
0.00170017233436929286529455518699
0.00169917647075152015351060499661
0.00169917647075152015351060499661
0.00169817517160487544870529671411
0.00169817517160487544870529671411
0.00169716844013243419052768622634
0.00169716844013243419052768622634
0.00169615627955464939194987624378
0.00169615627955464939194987624378
0.00169513869310934133729683611772
0.00169513869310934133729683611772
0.00169411568405168722471971738222
0.00169411568405168722471971738222
0.0016930872556542107531457979155
0.0016930872556542107531457979155
0.00169205341120677165373836523058
0.00169205341120677165373836523058
0.00169101415401655516590002691302
0.00169101415401655516590002691302
0.00168996948740806145785311362484
0.00168996948740806145785311362484
0.00168891941472309499183101738706
0.00168891941472309499183101738706
0.00168786393932075383391448503848
0.00168786393932075383391448503848
0.00168680306457741890854706384473
0.00168680306457741890854706384473
0.00168573679388674319776407319842
0.00168573679388674319776407319842
0.00168466513065964088516965320827
0.00168466513065964088516965320827
0.0016835880783242764446966177217
0.0016835880783242764446966177217
0.00168250564032605367418401596048
0.00168250564032605367418401596048
0.00168141782012760467380748347284
0.00168141782012760467380748347284
0.00168032462120877876939763951714
0.00168032462120877876939763951714
0.00167922604706663138068196429057
0.00167922604706663138068196429057
0.00167812210121541283448576560189
0.00167812210121541283448576560189
0.00167701278718655712292802065874
0.00167701278718655712292802065874
0.00167589810852867060664805459685
0.00167589810852867060664805459685
0.0016747780688075206630991932205
0.0016747780688075206630991932205
0.00167365267160602427994570314993
0.00167365267160602427994570314993
0.00167252192052423659359950818153
0.00167252192052423659359950818153
0.00167138581917933937293334616011
0.00167138581917933937293334616011
0.00167024437120562944820720603863
0.00167024437120562944820720603863
0.00166909758025450708524506005927
0.00166909758025450708524506005927
0.00166794544999446430489908112941
0.00166794544999446430489908112941
0.00166678798411107314783871048707
0.00166678798411107314783871048707
0.00166562518630697388470211565201
0.00166562518630697388470211565201
0.00166445706030186317164775343952
0.00166445706030186317164775343952
0.00166328360983248215134392747522
0.00166328360983248215134392747522
0.00166210483865260449943440418802
0.00166210483865260449943440418802
0.00166092075053302441651832567667
0.00166092075053302441651832567667
0.00165973134926154456568283214029
0.00165973134926154456568283214029
0.00165853663864296395562698073598
0.00165853663864296395562698073598
0.00165733662249906576941572177569
0.00165733662249906576941572177569
0.00165613130466860513890286709938
0.00165613130466860513890286709938
0.00165492068900729686486215926249
0.00165492068900729686486215926249
0.00165370477938780308286572385048
0.00165370477938780308286572385048
0.00165248357969972087494936078371
0.00165248357969972087494936078371
0.00165125709384956982710430389884
0.00165125709384956982710430389884
0.00165002532576077953263525139008
0.00165002532576077953263525139008
0.00164878827937367704142464286294
0.00164878827937367704142464286294
0.00164754595864547425514333179475
0.00164754595864547425514333179475
0.00164629836755025526844797510918
0.00164629836755025526844797510918
0.00164504551007896365620563435645
0.00164504551007896365620563435645
0.00164378739023938970678625564521
0.00164378739023938970678625564521
0.00164252401205615760146386799682
0.00164252401205615760146386799682
0.0016412553795707125399675121865
0.0016412553795707125399675121865
0.0016399814968413078122230843986
0.0016399814968413078122230843986
0.00163870236794299181632745115406
0.00163870236794299181632745115406
0.00163741799696759502279636396691
0.00163741799696759502279636396691
0.00163612838802371688512787405235
0.00163612838802371688512787405235
0.00163483354523671269672311914139
0.00163483354523671269672311914139
0.0016335334727486803942065260554
0.0016335334727486803942065260554
0.00163222817471844730718764415818
0.00163222817471844730718764415818
0.00163091765532155685450699613152
0.00163091765532155685450699613152
0.00162960191875025518700850371421
0.00162960191875025518700850371421
0.00162828096921347777688121710106
0.00162828096921347777688121710106
0.00162695481093683595361324761939
0.00162695481093683595361324761939
0.0016256234481626033866009740835
0.0016256234481626033866009740835
0.00162428688514970251445676387332
0.00162428688514970251445676387332
0.00162294512617369092105862029022
0.00162294512617369092105862029022
0.00162159817552674765838533811189
0.00162159817552674765838533811189
0.00162024603751765951618091949631
0.00162024603751765951618091949631
0.0016188887164718072384921724745
0.0016188887164718072384921724745
0.00161752621673115168712358421954
0.00161752621673115168712358421954
0.00161615854265421995205373108717
0.00161615854265421995205373108717
0.00161478569861609140885765708872
0.00161478569861609140885765708872
0.0016134076890083837231798219811
0.0016134076890083837231798219811
0.00161202451823923880230238953921
0.00161202451823923880230238953921
0.00161063619073330869385379581413
0.00161063619073330869385379581413
0.00160924271093174143170270627432
0.00160924271093174143170270627432
0.00160784408329216682908263967686
0.00160784408329216682908263967686
0.00160644031228868221899270532052
0.00160644031228868221899270532052
0.00160503140241183814192006899183
0.00160503140241183814192006899183
0.00160361735816862398092993142924
0.00160361735816862398092993142924
0.00160219818408245354416897149715
0.00160219818408245354416897149715
0.00160077388469315059482837448184
0.00160077388469315059482837448184
0.00159934446455693432861273399398
0.00159934446455693432861273399398
0.00159790992824640479876128388685
0.00159790992824640479876128388685
0.00159647028035052828866808437511
0.00159647028035052828866808437511
0.00159502552547462263214795416594
0.00159502552547462263214795416594
0.00159357566824034248139510789131
0.00159357566824034248139510789131
0.00159212071328566452268162545686
0.00159212071328566452268162545686
0.00159066066526487263984304709924
0.00159066066526487263984304709924
0.00158919552884854302559855496815
0.00158919552884854302559855496815
0.00158772530872352924075336892269
0.00158772530872352924075336892269
0.00158625000959294722133115095192
0.00158625000959294722133115095192
0.00158476963617616023368437919739
0.00158476963617616023368437919739
0.00158328419320876377763081896977
0.00158328419320876377763081896977
0.00158179368544257043766438441181
0.00158179368544257043766438441181
0.00158029811764559468228885056592
0.00158029811764559468228885056592
0.00157879749460203761152304155549
0.00157879749460203761152304155549
0.00157729182111227165262628638415
0.00157729182111227165262628638415
0.00157578110199282520409309949662
0.00157578110199282520409309949662
0.0015742653420763672279662087272
0.0015742653420763672279662087272
0.00157274454621169179051721858755
0.00157274454621169179051721858755
0.00157121871926370255134436201308
0.00157121871926370255134436201308
0.00156968786611339720093695869689
0.00156968786611339720093695869689
0.00156815199165785184675636299116
0.00156815199165785184675636299116
0.0015666111008102053478833490473
0.0015666111008102053478833490473
0.00156506519849964359828204539821
0.00156506519849964359828204539821
0.0015635142896713837587306955574
0.0015635142896713837587306955574
0.00156195837928665843746968542047
0.00156195837928665843746968542047
0.00156039747232269981961744230379
0.00156039747232269981961744230379
0.00155883157377272374540497434261
0.00155883157377272374540497434261
0.00155726068864591373727998269607
0.00155726068864591373727998269607
0.00155568482196740497593164256841
0.00155568482196740497593164256841
0.00155410397877826822528731245468
0.00155410397877826822528731245468
0.00155251816413549370653259425374
0.00155251816413549370653259425374
0.00155092738311197492120632996153
0.00155092738311197492120632996153
0.00154933164079649242342228356306
0.00154933164079649242342228356306
0.00154773094229369754126941948066
0.00154773094229369754126941948066
0.00154612529272409604744285151036
0.00154612529272409604744285151036
0.00154451469722403177915769858451
0.00154451469722403177915769858451
0.00154289916094567020739824593928
0.00154289916094567020739824593928
0.00154127868905698195555497233752
0.00154127868905698195555497233752
0.00153965328674172626750216590197
0.00153965328674172626750216590197
0.00153802295919943442516901284892
0.00153802295919943442516901284892
0.00153638771164539311565720497916
0.00153638771164539311565720497916
0.00153474754931062774795827317934
0.00153474754931062774795827317934
0.00153310247744188571932401541345
0.00153310247744188571932401541345
0.00153145250130161963134354873988
0.00153145250130161963134354873988
0.00152979762616797045578067577382
0.00152979762616797045578067577382
0.0015281378573347506502254167277
0.0015281378573347506502254167277
0.0015264732001114272236137187026
0.0015264732001114272236137187026
0.00152480365982310475166951427133
0.00152480365982310475166951427133
0.00152312924181050834232346158839
0.00152312924181050834232346158839
0.0015214499514299665511628582823
0.0015214499514299665511628582823
0.00151976579405339424696738123236
0.00151976579405339424696738123236
0.00151807677506827542738546400312
0.00151807677506827542738546400312
0.00151638289987764598480628320604
0.00151638289987764598480628320604
0.001514684173900076422482484378
0.001514684173900076422482484378
0.00151298060256965452095893711031
0.00151298060256965452095893711031
0.00151127219133596795486296812873
0.00151127219133596795486296812873
0.00150955894566408686011167981484
0.00150955894566408686011167981484
0.00150784087103454635159212027071
0.00150784087103454635159212027071
0.00150611797294332899137022946221
0.00150611797294332899137022946221
0.00150439025690184720748464423101
0.00150439025690184720748464423101
0.00150265772843692566338160303981
0.00150265772843692566338160303981
0.00150092039309078357804734921134
0.00150092039309078357804734921134
0.00149917825642101699689458913551
0.00149917825642101699689458913551
0.00149743132400058101345971945366
0.00149743132400058101345971945366
0.00149567960141777194196769458081
0.00149567960141777194196769458081
0.00149392309427620944082156309739
0.00149392309427620944082156309739
0.00149216180819481858707385853012
0.00149216180819481858707385853012
0.0014903957488078119019371868466
0.0014903957488078119019371868466
0.00148862492176467132739150961002
0.00148862492176467132739150961002
0.00148684933273013015394577817801
0.00148684933273013015394577817801
0.00148506898738415489961173058309
0.00148506898738415489961173058309
0.00148328389142192714014781880046
0.00148328389142192714014781880046
0.00148149405055382529063138999184
0.00148149405055382529063138999184
0.00147969947050540633841740101104
0.00147969947050540633841740101104
0.00147790015701738752754210096764
0.00147790015701738752754210096764
0.00147609611584562799463027196863
0.00147609611584562799463027196863
0.00147428735276111035636477329423
0.00147428735276111035636477329423
0.00147247387354992224857728921236
0.00147247387354992224857728921236
0.00147065568401323781701933539605
0.00147065568401323781701933539605
0.00146883278996729915987273347921
0.00146883278996729915987273347921
0.0014670051972433977220589176676
0.0014670051972433977220589176676
0.00146517291168785564140659151356
0.00146517291168785564140659151356
0.00146333593916200704673740696437
0.00146333593916200704673740696437
0.00146149428554217930792949160442
0.00146149428554217930792949160442
0.00145964795671967423801880363045
0.00145964795671967423801880363045
0.00145779695860074924739844752627
0.00145779695860074924739844752627
0.001455941297106598450176236638
0.001455941297106598450176236638
0.00145408097817333372275094189309
0.00145408097817333372275094189309
0.00145221600775196571466781875456
0.00145221600775196571466781875456
0.00145034639180838481181415715711
0.00145034639180838481181415715711
0.00144847213632334205201575163187
0.00144847213632334205201575163187
0.00144659324729242999309534109226
0.00144659324729242999309534109226
0.00144470973072606353345421982393
0.00144470973072606353345421982393
0.00144282159264946068523837309607
0.00144282159264946068523837309607
0.00144092883910262330015064248999
0.00144092883910262330015064248999
0.00143903147614031774797057752201
0.00143903147614031774797057752201
0.00143712950983205554784378142251
0.00143712950983205554784378142251
0.0014352229462620739524027100191
0.0014352229462620739524027100191
0.00143331179152931648478103356077
0.00143331179152931648478103356077
0.00143139605174741342858382200899
0.00143139605174741342858382200899
0.00142947573304466227087596481297
0.00142947573304466227087596481297
0.00142755084156400809825138647658
0.00142755084156400809825138647658
0.00142562138346302394604576931559
0.00142562138346302394604576931559
0.0014236873649138911007556446939
0.0014236873649138911007556446939
0.00142174879210337935572686371649
0.00142174879210337935572686371649
0.00141980567123282722017560784442
0.00141980567123282722017560784442
0.00141785800851812208160524918263
0.00141785800851812208160524918263
0.00141590581018968032168251927416
0.00141590581018968032168251927416
0.00141394908249242738563659411449
0.00141394908249242738563659411449
0.00141198783168577780524485177605
0.00141198783168577780524485177605
0.00141002206404361517546920750557
0.00141002206404361517546920750557
0.00140805178585427208480707942489
0.00140805178585427208480707942489
0.00140607700342050999942118602915
0.00140607700342050999942118602915
0.00140409772305949910111252453408
0.00140409772305949910111252453408
0.00140211395110279807920102677611
0.00140211395110279807920102677611
0.00140012569389633387637853681446
0.00140012569389633387637853681446
0.00139813295780038138859890162356
0.00139813295780038138859890162356
0.00139613574918954311907011329546
0.00139613574918954311907011329546
0.0013941340744527287864135879959
0.0013941340744527287864135879959
0.00139212793999313488705581353339
0.00139212793999313488705581353339
0.00139011735222822421191774380741
0.00139011735222822421191774380741
0.00138810231758970531746746460009
0.00138810231758970531746746460009
0.00138608284252351195120180116358
0.00138608284252351195120180116358
0.00138405893348978243162268383366
0.00138405893348978243162268383366
0.00138203059696283898277423346792
0.00138203059696283898277423346792
0.00137999783943116702340667386305
0.00137999783943116702340667386305
0.00137796066739739441083332345146
0.00137796066739739441083332345146
0.00137591908737827063954706351013
0.00137591908737827063954706351013
0.00137387310590464599466282483588
0.00137387310590464599466282483588
0.00137182272952145066025277934884
0.00137182272952145066025277934884
0.00136976796478767378264106738079
0.00136976796478767378264106738079
0.0013677088182763424887250354857
0.0013677088182763424887250354857
0.00136564529657450085939010347655
0.00136564529657450085939010347655
0.00136357740628318885808552304417
0.00136357740628318885808552304417
0.00136150515401742121462843375102
0.00136150515401742121462843375102
0.00135942854640616626430376541329
0.00135942854640616626430376541329
0.00135734759009232474232767889026
0.00135734759009232474232767889026
0.00135526229173270853374238008816
0.00135526229173270853374238008816
0.00135317265799801937881028455707
0.00135317265799801937881028455707
0.00135107869557282753397565241369
0.00135107869557282753397565241369
0.00134898041115555038846195545882
0.00134898041115555038846195545882
0.0013468778114584310365733802761
0.0013468778114584310365733802761
0.00134477090320751680576901279745
0.00134477090320751680576901279745
0.00134265969314263774057839130065
0.00134265969314263774057839130065
0.00134054418801738504242725606381
0.00134054418801738504242725606381
0.00133842439459908946544246494205
0.00133842439459908946544246494205
0.00133630031966879966830518494999
0.00133630031966879966830518494999
0.0013341719700212605222216105325
0.0013341719700212605222216105325
0.00133203935246489137508059958212
0.00133203935246489137508059958212
0.0013299024738217642718677584164
0.0013299024738217642718677584164
0.00132776134092758213140564686051
0.00132776134092758213140564686051
0.0013256159606316568794899142897
0.0013256159606316568794899142897
0.00132346633979688753849131697204
0.00132346633979688753849131697204
0.00132131248529973827349370631432
0.00132131248529973827349370631432
0.00131915440403021639503821665171
0.00131915440403021639503821665171
0.00131699210289185031854402003509
0.00131699210289185031854402003509
0.00131482558880166748047615405847
0.00131482558880166748047615405847
0.00131265486869017221133106713119
0.00131265486869017221133106713119
0.00131047994950132356551066373664
0.00131047994950132356551066373664
0.00130830083819251310815577012918
0.00130830083819251310815577012918
0.00130611754173454265901007860472
0.00130611754173454265901007860472
0.00130393006711160199338576593602
0.00130393006711160199338576593602
0.00130173842132124650030211879264
0.00130173842132124650030211879264
0.00129954261137437479786863596515
0.00129954261137437479786863596515
0.0012973426442952063059842139851
0.0012973426442952063059842139851
0.00129513852712125877642415927441
0.00129513852712125877642415927441
0.00129293026690332578038690627115
0.00129293026690332578038690627115
0.00129071787070545415357245706129
0.00129071787070545415357245706129
0.00128850134560492139886469389912
0.00128850134560492139886469389912
0.00128628069869221304668985162043
0.00128628069869221304668985162043
0.00128405593707099997312357234362
0.00128405593707099997312357234362
0.0012818270678581156758191000124
0.0012818270678581156758191000124
0.00127959409818353350782930726095
0.00127959409818353350782930726095
0.00127735703519034386939538177651
0.00127735703519034386939538177651
0.00127511588603473135777513379571
0.00127511588603473135777513379571
0.00127287065788595187518402059909
0.00127287065788595187518402059909
0.00127062135792630969492211786197
0.00127062135792630969492211786197
0.00126836799335113448576040148018
0.00126836799335113448576040148018
0.00126611057136875829465983701401
0.00126611057136875829465983701401
0.00126384909920049248789690718373
0.00126384909920049248789690718373
0.00126158358408060465066934090505
0.00126158358408060465066934090505
0.00125931403325629544525594017076
0.00125931403325629544525594017076
0.00125704045398767542780453366767
0.00125704045398767542780453366767
0.00125476285354774182382221836268
0.00125476285354774182382221836268
0.00125248123922235526244218240059
0.00125248123922235526244218240059
0.00125019561831021646954153452618
0.00125019561831021646954153452618
0.00124790599812284291978469687591
0.00124790599812284291978469687591
0.00124561238598454544766704937815
0.00124561238598454544766704937815
0.00124331478923240481763364515615
0.00124331478923240481763364515615
0.00124101321521624825334794724345
0.00124101321521624825334794724345
0.00123870767129862592618566759716
0.00123870767129862592618566759716
0.00123639816485478740302891983059
0.00123639816485478740302891983059
0.00123408470327265805343602728163
0.00123408470327265805343602728163
0.00123176729395281541626245798729
0.00123176729395281541626245798729
0.00122944594430846552580848784773
0.00122944594430846552580848784773
0.00122712066176541919756932273384
0.00122712066176541919756932273384
0.00122479145376206827366353952087
0.00122479145376206827366353952087
0.00122245832774936182801583501692
0.00122245832774936182801583501692
0.00122012129119078233137020049749
0.00122012129119078233137020049749
0.00121778035156232177620976805695
0.00121778035156232177620976805695
0.00121543551635245776165970324311
0.00121543551635245776165970324311
0.00121308679306212953844964645233
0.00121308679306212953844964645233
0.00121073418920471401401233332876
0.00121073418920471401401233332876
0.00120837771230600171779515193292
0.00120837771230600171779515193292
0.00120601736990417272686152172035
0.00120601736990417272686152172035
0.00120365316954977255185910640084
0.00120365316954977255185910640084
0.0012012851188056879834319995325
0.0012012851188056879834319995325
0.00119891322524712289915414824105
0.00119891322524712289915414824105
0.00119653749646157403106140674501
0.00119653749646157403106140674501
0.00119415794004880669385973740857
0.00119415794004880669385973740857
0.00119177456362083047388720283872
0.00119177456362083047388720283872
0.00118938737480187487890751808823
0.00118938737480187487890751808823
0.00118699638122836494881305732328
0.00118699638122836494881305732328
0.00118460159054889682731533436201
0.00118460159054889682731533436201
0.00118220301042421329470110128862
0.00118220301042421329470110128862
0.00117980064852717926173233389529
0.00117980064852717926173233389529
0.00117739451254275722476849700267
0.00117739451254275722476849700267
0.00117498461016798268218960675595
0.00117498461016798268218960675595
0.00117257094911193951219873078981
0.00117257094911193951219873078981
0.00117015353709573531208269069969
0.00117015353709573531208269069969
0.00116773238185247669900985454911
0.00116773238185247669900985454911
0.0011653074911272445724440301827
0.0011653074911272445724440301827
0.00116287887267706933825359290188
0.00116287887267706933825359290188
0.0011604465342709060945951035942
0.0011604465342709060945951035942
0.00115801048368960977965079568785
0.00115801048368960977965079568785
0.00115557072872591028129943132963
0.00115557072872591028129943132963
0.00115312727718438750880014895667
0.00115312727718438750880014895667
0.0011506801368814464265690459503
0.0011506801368814464265690459503
0.00114822931564529205012836132252
0.00114822931564529205012836132252
0.00114577482131590440430824439295
0.00114577482131590440430824439295
0.0011433166617450134437812161651
0.0011433166617450134437812161651
0.00114085484479607393600955060596
0.00114085484479607393600955060596
0.00113838937834424030668592327105
0.00113838937834424030668592327105
0.00113592027027634144774779469847
0.00113592027027634144774779469847
0.00113344752849085548804611571941
0.00113344752849085548804611571941
0.00113097116089788452674906129869
0.00113097116089788452674906129869
0.00112849117541912932956161872673
0.00112849117541912932956161872673
0.0011260075799878639878419749341
0.0011260075799878639878419749341
0.00112352038254891054069576638974
0.00112352038254891054069576638974
0.00112102959105861356012937347574
0.00112102959105861356012937347574
0.00111853521348481469934355940259
0.00111853521348481469934355940259
0.00111603725780682720424887164044
0.00111603725780682720424887164044
0.0011135357320154103882843414929
0.0011135357320154103882843414929
0.00111103064411274407062113483003
0.00111103064411274407062113483003
0.00110852200211240297783292412622
0.00110852200211240297783292412622
0.00110600981403933110911486881606
0.00110600981403933110911486881606
0.00110349408792981606513320758667
0.00110349408792981606513320758667
0.00110097483183146334058758256843
0.00110097483183146334058758256843
0.00109845205380317058056833146619
0.00109845205380317058056833146619
0.00109592576191510180079109949068
0.00109592576191510180079109949068
0.00109339596424866157179123850386
0.00109339596424866157179123850386
0.00109086266889646916716057608212
0.00109086266889646916716057608212
0.00108832588396233267590925222722
0.00108832588396233267590925222722
0.00108578561756122307903543621663
0.00108578561756122307903543621663
0.00108324187781924829038585058123
0.00108324187781924829038585058123
0.00108069467287362716189014343017
0.00108069467287362716189014343017
0.00107814401087266345325226430781
0.00107814401087266345325226430781
0.00107558989997571976618211246811
0.00107558989997571976618211246811
0.00107303234835319144325083988472
0.00107303234835319144325083988472
0.00107047136418648043145330448198
0.00107047136418648043145330448198
0.00106790695566796911056128197159
0.00106790695566796911056128197159
0.00106533913100099408635115731184
0.00106533913100099408635115731184
0.0010627678983998199487899291708
0.0010627678983998199487899291708
0.00106019326608961299526347287094
0.00106019326608961299526347287094
0.00105761524230641491893111912051
0.00105761524230641491893111912051
0.00105503383529711646229071739572
0.00105503383529711646229071739572
0.00105244905331943103603846412752
0.00105244905331943103603846412752
0.00104986090464186830330788686666
0.00104986090464186830330788686666
0.00104726939754370772937248635098
0.00104726939754370772937248635098
0.00104467454031497209689664887849
0.00104467454031497209689664887849
0.00104207634125640098681955159922
0.00104207634125640098681955159922
0.00103947480867942422495689327667
0.00103947480867942422495689327667
0.00103686995090613529440539273695
0.00103686995090613529440539273695
0.00103426177626926471383510661831
0.00103426177626926471383510661831
0.00103165029311215338175472715739
0.00103165029311215338175472715739
0.00102903550978872588683512959874
0.00102903550978872588683512959874
0.00102641743466346378437654739259
0.00102641743466346378437654739259
0.00102379607611137883900486165026
0.00102379607611137883900486165026
0.00102117144251798623368259935841
0.00102117144251798623368259935841
0.00101854354227927774512034261086
0.00101854354227927774512034261086
0.00101591238380169488567435860024
0.00101591238380169488567435860024
0.00101327797550210201181636732095
0.00101327797550210201181636732095
0.00101064032580775939926147086897
0.00101064032580775939926147086897
0.00100799944315629628484037488363
0.00100799944315629628484037488363
0.00100535533599568387520213905955
0.00100535533599568387520213905955
0.00100270801278420832243379976543
0.00100270801278420832243379976543
0.00100005748199044366668331363749
0.00100005748199044366668331363749
0.00099740375209322474587237657108
0.00099740375209322474587237657108
0.00099474683158162007258577781185
0.00099474683158162007258577781185
0.00099208672895490467822405384952
0.00099208672895490467822405384952
0.00098942345272253292450631154067
0.00098942345272253292450631154067
0.00098675701140411128241019433292
0.00098675701140411128241019433292
0.00098408741352937107863606963079
0.00098408741352937107863606963079
0.00098141466763814120968261923227
0.00098141466763814120968261923227
0.00097873878228032082362111837603
0.00097873878228032082362111837603
0.00097605976601585196965579227005
0.00097605976601585196965579227005
0.00097337762741469221555774202434
0.00097337762741469221555774202434
0.00097069237505678723306003468232
0.00097069237505678723306003468232
0.00096800401753204335130165453724
0.00096800401753204335130165453724
0.00096531256344030007840811513132
0.00096531256344030007840811513132
0.00096261802139130259129663326583
0.00096261802139130259129663326583
0.00095992040000467419379386799978
0.00095992040000467419379386799978
0.00095721970790988874315432898286
0.00095721970790988874315432898286
0.00095451595374624304506765955458
0.00095451595374624304506765955458
0.00095180914616282921724310084564
0.00095180914616282921724310084564
0.00094909929381850702165954363936
0.00094909929381850702165954363936
0.00094638640538187616556967499024
0.00094638640538187616556967499024
0.00094367048953124857134682655239
0.00094367048953124857134682655239
0.00094095155495462061526323124369
0.00094095155495462061526323124369
0.00093822961034964533528849426034
0.00093822961034964533528849426034
0.00093550466442360460799718356148
0.00093550466442360460799718356148
0.00093277672589338129467454376457
0.00093277672589338129467454376457
0.00093004580348543135670943592824
0.00093004580348543135670943592824
0.00092731190593575594036370395058
0.00092731190593575594036370395058
0.00092457504198987343100726627711
0.00092457504198987343100726627711
0.0009218352204027914769083292929
0.0009218352204027914769083292929
0.0009190924499389789826682161684
0.0009190924499389789826682161684
0.00091634673937233807239040203668
0.00091634673937233807239040203668
0.00091359809748617602267344320245
0.00091359809748617602267344320245
0.00091084653307317716551758461797
0.00091084653307317716551758461797
0.00090809205493537476123492610994
0.00090809205493537476123492610994
0.00090533467188412284145312380201
0.00090533467188412284145312380201
0.0009025743927400680223026988511
0.0009025743927400680223026988511
0.00089981122633312128787812100106
0.00089981122633312128787812100106
0.00089704518150242974406292955427
0.00089704518150242974406292955427
0.00089427626709634834280924917067
0.00089427626709634834280924917067
0.00089150449197241157696215242304
0.00089150449197241157696215242304
0.00088872986499730514571941526848
0.00088872986499730514571941526848
0.00088595239504683759081730553682
0.00088595239504683759081730553682
0.00088317209100591190353313818854
0.00088317209100591190353313818854
0.00088038896176849710259542445607
0.00088038896176849710259542445607
0.00087760301623759978309253505373
0.00087760301623759978309253505373
0.00087481426332523563647089042193
0.00087481426332523563647089042193
0.00087202271195240094171378346138
0.00087202271195240094171378346138
0.0008692283710490440277920324114
0.0008692283710490440277920324114
0.00086643124955403670747775343379
0.00086643124955403670747775343379
0.00086363135641514568261263407899
0.00086363135641514568261263407899
0.00086082870058900392092218013509
0.00086082870058900392092218013509
0.00085802329104108200446749939111
0.00085802329104108200446749939111
0.00085521513674565944982627658492
0.00085521513674565944982627658492
0.00085240424668579600009468425186
0.00085240424668579600009468425186
0.00084959062985330288880206434298
0.00084959062985330288880206434298
0.00084677429524871407583030534124
0.00084677429524871407583030534124
0.00084395525188125745542992916956
0.00084395525188125745542992916956
0.00084113350876882603642499145696
0.00084113350876882603642499145696
0.00083830907493794909469898770606
0.00083830907493794909469898770606
0.00083548195942376329805404658912
0.00083548195942376329805404658912
0.00083265217126998380353577998799
0.00083265217126998380353577998799
0.00082981971952887532731624748704
0.00082981971952887532731624748704
0.00082698461326122318722758082665
0.00082698461326122318722758082665
0.00082414686153630431803890132767
0.00082414686153630431803890132767
0.00082130647343185825956925050453
0.00082130647343185825956925050453
0.00081846345803405811772934099598
0.00081846345803405811772934099598
0.00081561782443748149858502155734
0.00081561782443748149858502155734
0.00081276958174508141553543617675
0.00081276958174508141553543617675
0.00080991873906815716969894339996
0.00080991873906815716969894339996
0.00080706530552632520359994767263
0.00080706530552632520359994767263
0.00080420929024748992824987993732
0.00080420929024748992824987993732
0.00080135070236781452371564985222
0.00080135070236781452371564985222
0.00079848955103169171326897683144
0.00079848955103169171326897683144
0.00079562584539171451121009164147
0.00079562584539171451121009164147
0.00079275959460864694445938452468
0.00079275959460864694445938452468
0.00078989080785139474801065975937
0.00078989080785139474801065975937
0.00078701949429697603433974020512
0.00078701949429697603433974020512
0.00078414566313049193686224872348
0.00078414566313049193686224872348
0.00078126932354509722753447640544
0.00078126932354509722753447640544
0.00077839048474197090869133028024
0.00077839048474197090869133028024
0.00077550915593028677921543562293
0.00077550915593028677921543562293
0.00077262534632718397513155012189
0.00077262534632718397513155012189
0.00076973906515773748472052901122
0.00076973906515773748472052901122
0.00076685032165492863824716181677
0.00076685032165492863824716181677
0.00076395912505961557239628260792
0.00076395912505961557239628260792
0.00076106548462050366951163659064
0.00076106548462050366951163659064
0.00075816940959411597173206651968
0.00075816940959411597173206651968
0.00075527090924476357011966274979
0.00075527090924476357011966274979
0.00075236999284451596887460078653
0.00075236999284451596887460078653
0.00074946666967317142473146993738
0.00074946666967317142473146993738
0.00074656094901822726163197610197
0.00074656094901822726163197610197
0.00074365284017485016076898087793
0.00074365284017485016076898087793
0.00074074235244584642609691799411
0.00074074235244584642609691799411
0.000737829495141632225403706617
0.000737829495141632225403706617
0.00073491427758020380703935930838
0.00073491427758020380703935930838
0.00073199670908710769239656034229
0.00073199670908710769239656034229
0.00072907679899541084423856771764
0.00072907679899541084423856771764
0.00072615455664567081096986952879
0.00072615455664567081096986952879
0.00072322999138590584694510237994
0.00072322999138590584694510237994
0.00072030311257156500891181625086
0.00072030311257156500891181625086
0.00071737392956549822868274664006
0.00071737392956549822868274664006
0.00071444245173792636213333092831
0.00071444245173792636213333092831
0.00071150868846641121462028171884
0.00071150868846641121462028171884
0.00070857264913582554291710542233
0.00070857264913582554291710542233
0.00070563434313832303376252956291
0.00070563434313832303376252956291
0.00070269377987330825911787718775
0.00070269377987330825911787718775
0.00069975096874740660822950136592
0.00069975096874740660822950136592
0.00069680591917443419659246706276
0.00069680591917443419659246706276
0.0006938586405753677519117416742
0.0006938586405753677519117416742
0.00069090914237831447715722920055
0.00069090914237831447715722920055
0.00068795743401848189080905643236
0.00068795743401848189080905643236
0.0006850035249381476443895926112
0.0006850035249381476443895926112
0.0006820474245866293173787568161
0.0006820474245866293173787568161
0.0006790891424202541896092398119
0.0006790891424202541896092398119
0.0006761286879023289912383392801
0.0006761286879023289912383392801
0.0006731660705031096303931792335
0.0006731660705031096303931792335
0.000670201299699770898586155995
0.000670201299699770898586155995
0.0006672343849763761539975244027
0.0006672343849763761539975244027
0.0006642653358238469827221088742
0.0006642653358238469827221088742
0.0006612941617399328380771946454
0.0006612941617399328380771946454
0.0006583208722291806580687248686
0.0006583208722291806580687248686
0.0006553454768029044611129993329
0.0006553454768029044611129993329
0.0006523679849791549201111403424
0.0006523679849791549201111403424
0.0006493884062826889149736607621
0.0006493884062826889149736607621
0.0006464067502449390636925384196
0.0006464067502449390636925384196
0.0006434230264039832320582699242
0.0006434230264039832320582699242
0.0006404372443045140221194455446
0.0006404372443045140221194455446
0.0006374494134978082394824550691
0.0006374494134978082394824550691
0.0006344595435416963395490025536
0.0006344595435416963395490025536
0.0006314676440005318527891755515
0.0006314676440005318527891755515
0.0006284737244451607891478818118
0.0006284737244451607891478818118
0.0006254777944528910216825335291
0.0006254777944528910216825335291
0.0006224798636074616495299260315
0.0006224798636074616495299260315
0.0006194799414990123403003243056
0.0006194799414990123403003243056
0.0006164780377240526519968369737
0.0006164780377240526519968369737
0.0006134741618854313345582232686
0.0006134741618854313345582232686
0.0006104683235923056111233441892
0.0006104683235923056111233441892
0.0006074605324601104391155343703
0.0006074605324601104391155343703
0.0006044507981105277512452362651
0.0006044507981105277512452362651
0.0006014391301714556765293030142
0.0006014391301714556765293030142
0.0005984255382769777414254408751
0.0005984255382769777414254408751
0.0005954100320673320511803262928
0.0005954100320673320511803262928
0.0005923926211888804514899966316
0.0005923926211888804514899966316
0.0005893733152940776705711772387
0.0005893733152940776705711772387
0.0005863521240414404417422708926
0.0005863521240414404417422708926
0.0005833290570955166066127987955
0.0005833290570955166066127987955
0.0005803041241268541989801451044
0.0005803041241268541989801451044
0.0005772773348119705095325195637
0.0005772773348119705095325195637
0.0005742486988333211314571151059
0.0005742486988333211314571151059
0.0005712182258792689870524993283
0.0005712182258792689870524993283
0.0005681859256440533354443405373
0.0005681859256440533354443405373
0.0005651518078277587615036305796
0.0005651518078277587615036305796
0.000562115882136284146066627962
0.000562115882136284146066627962
0.0005590781582813116175558057886
0.0005590781582813116175558057886
0.0005560386459802754851011498411
0.0005560386459802754851011498411
0.0005529973549563311532612126782
0.0005529973549563311532612126782
0.0005499542949383240184433899571
0.0005499542949383240184433899571
0.0005469094756607583471229452786
0.0005469094756607583471229452786
0.0005438629068637661359603697356
0.0005438629068637661359603697356
0.0005408145982930759539167220156
0.0005408145982930759539167220156
0.00053776455969998176646665437
0.00053776455969998176646665437
0.0005347128008413117420088890314
0.0005347128008413117420088890314
0.0005316593314793970405739687365
0.0005316593314793970405739687365
0.0005286041613820405849291639155
0.0005286041613820405849291639155
0.0005255473003224858141804778391
0.0005255473003224858141804778391
0.0005224887580793854199717495846
0.0005224887580793854199717495846
0.000519428544436770065380913114
0.000519428544436770065380913114
0.0005163666691840170866135290468
0.0005163666691840170866135290468
0.0005133031421158191775937638825
0.0005133031421158191775937638825
0.0005102379730321530575530494973
0.0005102379730321530575530494973
0.000507171171738248121716713715
0.000507171171738248121716713715
0.0005041027480445550751889306582
0.0005041027480445550751889306582
0.0005010327117667145501363974385
0.0005010327117667145501363974385
0.0004979610727255257063712015613
0.0004979610727255257063712015613
0.0004948878407469148154334012299
0.0004948878407469148154334012299
0.0004918130256619038282738985534
0.0004918130256619038282738985534
0.0004887366373065789266382435187
0.0004887366373065789266382435187
0.0004856586855220590582520645178
0.0004856586855220590582520645178
0.0004825791801544644559088792364
0.0004825791801544644559088792364
0.0004794981310548851405610978696
0.0004794981310548851405610978696
0.0004764155480793494085150889439
0.0004764155480793494085150889439
0.0004733314410887923028312365529
0.0004733314410887923028312365529
0.0004702458199490240690299765852
0.0004702458199490240690299765852
0.0004671586945306985952048585921
0.0004671586945306985952048585921
0.0004640700747092818366437393543
0.0004640700747092818366437393543
0.0004609799703650202250592740242
0.0004609799703650202250592740242
0.0004578883913829090625299309907
0.0004578883913829090625299309907
0.000454795347652660900252817421
0.000454795347652660900252817421
0.0004517008490686739022096638296
0.0004517008490686739022096638296
0.000448604905530000193847378105
0.000448604905530000193847378105
0.0004455075269403141958746422638
0.0004455075269403141958746422638
0.0004424087232078809432760888991
0.0004424087232078809432760888991
0.0004393085042455243896456589458
0.0004393085042455243896456589458
0.0004362068799705956969408081122
0.0004362068799705956969408081122
0.0004331038603049415107592962526
0.0004331038603049415107592962526
0.0004299994551748722212403622041
0.0004299994551748722212403622041
0.0004268936745111302096921563442
0.0004268936745111302096921563442
0.0004237865282488580810473744974
0.0004237865282488580810473744974
0.0004206780263275668822491100081
0.0004206780263275668822491100081
0.000417568178691104306669016009
0.000417568178691104306669016009
0.0004144569952876228846599473512
0.0004144569952876228846599473512
0.0004113444860695481603453315783
0.0004113444860695481603453315783
0.0004082306609935468547476009686
0.0004082306609935468547476009686
0.0004051155300204950153581033422
0.0004051155300204950153581033422
0.000401999103115446152250998339
0.000401999103115446152250998339
0.0003988813902475993608437385801
0.0003988813902475993608437385801
0.0003957624013902674314068319165
0.0003957624013902674314068319165
0.0003926421465208449454256822772
0.0003926421465208449454256822772
0.0003895206356207763589174129255
0.0003895206356207763589174129255
0.000386397878675524072805687757
0.000386397878675524072805687757
0.0003832738856745364904566641947
0.0003832738856745364904566641947
0.0003801486666112160624793359274
0.0003801486666112160624793359274
0.0003770222314828873188936558929
0.0003770222314828873188936558929
0.000373894590290764888769970355
0.000373894590290764888769970355
0.0003707657530399215074434445342
0.0003707657530399215074434445342
0.0003676357297392560114073200315
0.0003676357297392560114073200315
0.0003645045304014613209890153378
0.0003645045304014613209890153378
0.000361372165042992410913264272
0.000361372165042992410913264272
0.0003582386436840342688566846363
0.0003582386436840342688566846363
0.0003551039763484698420983822315
0.0003551039763484698420983822315
0.000351968173063847972371425386
0.000351968173063847972371425386
0.0003488312438613513190202742215
0.0003488312438613513190202742215
0.00034569319877576427056951919
0.00034569319877576427056951919
0.0003425540478454408448095773703
0.0003425540478454408448095773703
0.0003394138011122725775053153502
0.0003394138011122725775053153502
0.0003362724686216563998339172791
0.0003362724686216563998339172791
0.0003331300604224625046586993157
0.0003331300604224625046586993157
0.0003299865865670022017459910771
0.0003299865865670022017459910771
0.0003268420571109957620326652014
0.0003268420571109957620326652014
0.000323696482113540251052402693
0.000323696482113540251052402693
0.0003205498716370773516293399103
0.0003205498716370773516293399103
0.0003174022357473611759483591925
0.0003174022357473611759483591925
0.0003142535845134260671119663502
0.0003142535845134260671119663502
0.0003111039280075543902944526854
0.0003111039280075543902944526854
0.0003079532763052443136048760634
0.0003079532763052443136048760634
0.0003048016394851775787713253119
0.0003048016394851775787713253119
0.0003016490276291872617599668029
0.0003016490276291872617599668029
0.0002984954508222255234435250734
0.0002984954508222255234435250734
0.0002953409191523313504351362914
0.0002953409191523313504351362914
0.0002921854427105982862049520229
0.0002921854427105982862049520229
0.0002890290315911421525984814184
0.0002890290315911421525984814184
0.0002858716958910687618774659106
0.0002858716958910687618774659106
0.00028271344571044161940610854
0.00028271344571044161940610854
0.0002795542911522496171077608442
0.0002795542911522496171077608442
0.0002763942423223747178197392809
0.0002763942423223747178197392809
0.0002732333093295596306768412199
0.0002732333093295596306768412199
0.000270071502285375477657404826
0.000270071502285375477657404826
0.0002669088313041894514294622255
0.0002669088313041894514294622255
0.0002637453065031324646387344679
0.0002637453065031324646387344679
0.0002605809380020667907849833786
0.0002605809380020667907849833786
0.0002574157359235536968386548543
0.0002574157359235536968386548543
0.0002542497103928210677559199466
0.0002542497103928210677559199466
0.000251082871537731023057260332
0.000251082871537731023057260332
0.0002479152294887475256427892165
0.0002479152294887475256427892165
0.0002447467943789039830267064377
0.0002447467943789039830267064377
0.0002415775763437708411838441664
0.0002415775763437708411838441664
0.0002384075855214231712133867626
0.0002384075855214231712133867626
0.0002352368320524082490388037786
0.0002352368320524082490388037786
0.0002320653260797131283791244611
0.0002320653260797131283791244611
0.0002288930777487322072452671379
0.0002288930777487322072452671379
0.0002257200972072347882366467179
0.0002257200972072347882366467179
0.0002225463946053326329382283871
0.0002225463946053326329382283871
0.0002193719800954475107471834984
0.0002193719800954475107471834984
0.0002161968638322787424920609856
0.0002161968638322787424920609856
0.0002130210559727707392467842448
0.0002130210559727707392467842448
0.000209844566676080536787863684
0.000209844566676080536787863684
0.0002066674061035453261972361884
0.0002066674061035453261972361884
0.0002034895844186499811766219327
0.0002034895844186499811766219327
0.000200311111786994582714062815
0.000200311111786994582714062815
0.0001971319983762619418316044104
0.0001971319983762619418316044104
0.0001939522543561851212476184101
0.0001939522543561851212476184101
0.0001907718898985149569113485488
0.0001907718898985149569113485488
0.0001875909151769875805149586683
0.0001875909151769875805149586683
0.0001844093403672919442646542128
0.0001844093403672919442646542128
0.0001812271756470373494034871389
0.0001812271756470373494034871389
0.0001780444311957209802318464045
0.0001780444311957209802318464045
0.0001748611171946954456768270198
0.0001748611171946954456768270198
0.0001716772438271363308304301177
0.0001716772438271363308304301177
0.0001684928212780097613235975582
0.0001684928212780097613235975582
0.0001653078597340399839469165132
0.0001653078597340399839469165132
0.0001621223693836769675927562963
0.0001621223693836769675927562963
0.0001589363604170640294071435267
0.0001589363604170640294071435267
0.0001557498430260054920403901413
0.0001557498430260054920403901413
0.0001525628274039343791213341769
0.0001525628274039343791213341769
0.0001493753237458801576126174794
0.0001493753237458801576126174794
0.0001461873422484365376131489163
0.0001461873422484365376131489163
0.0001429988931097293425617915414
0.0001429988931097293425617915414
0.0001398099865293844657976384279
0.0001398099865293844657976384279
0.0001366206327084959332230041315
0.0001366206327084959332230041315
0.0001334308418495940966274908399
0.0001334308418495940966274908399
0.0001302406241566139883729496666
0.0001302406241566139883729496666
0.0001270499898348638760206282306
0.0001270499898348638760206282306
0.00012385894909099406565518858
0.00012385894909099406565518858
0.0001206675121329660158722668018
0.0001206675121329660158722668018
0.0001174756891700218416643209613
0.0001174756891700218416643209613
0.0001142834904126543101607883473
0.0001142834904126543101607883473
0.0001110909260725774602867705822
0.0001110909260725774602867705822
0.0001078980063626980185985839706
0.0001078980063626980185985839706
0.0001047047414970878376351294494
0.0001047047414970878376351294494
0.0001015111416909576564930458858
0.0001015111416909576564930458858
0.0000983172171606325837449233003
0.0000983172171606325837449233003
0.0000951229781235298415200995987
0.0000951229781235298415200995987
0.0000919284347981395030505999839
0.0000919284347981395030505999839
0.0000887335974040092287252562284
0.0000887335974040092287252562284
0.0000855384761617343944661163176
0.0000855384761617343944661163176
0.0000823430812929555670345164077
0.0000823430812929555670345164077
0.00007914742302036610016396323
0.00007914742302036610016396323
0.0000759515115677338388037149909
0.0000759515115677338388037149909
0.0000727553571599427423783675831
0.0000727553571599427423783675831
0.0000695589700230630224457391246
0.0000695589700230630224457391246
0.0000663623603844627151511160407
0.0000663623603844627151511160407
0.000063165538472980452735036518
0.000063165538472980452735036518
0.000059968514519190249406461803
0.000059968514519190249406461803
0.000056771298755807360803590405
0.000056771298755807360803590405
0.000053573901418315135754841265
0.000053573901418315135754841265
0.000050376332745946397009194803
0.000050376332745946397009194803
0.00004717860298324886283841806
0.00004717860298324886283841806
0.000043980722382641719677130153
0.000043980722382641719677130153
0.000040782701208711599193229217
0.000040782701208711599193229217
0.000037584549745679816851783137
0.000037584549745679816851783137
0.000034386278310910415907257646
0.000034386278310910415907257646
0.000031187897280525718681998206
0.000031187897280525718681998206
0.000027989417140785346581331318
0.000027989417140785346581331318
0.000024790848598349504432739315
0.000024790848598349504432739315
0.000021592202837364055054371857
0.000021592202837364055054371857
0.000018393492184596126770606202
0.000018393492184596126770606202
0.000015194732078582764495874782
0.000015194732078582764495874782
0.000011995948065766258744457613
0.000011995948065766258744457613
8.797208141970568342408391e-6
8.797208141970568342408391e-6
5.59885081704442903449116e-6
5.59885081704442903449116e-6
2.40520451593973736880554e-6
2.40520451593973736880554e-6