0
-0.00186832630806005524333050000556
0.00186832630806005524333050000556
-0.00373664609445333237910432258186
0.00373664609445333237910432258186
-0.00560495283753581813339219998394
0.00560495283753581813339219998394
-0.00747324001570902882005569591497
0.00747324001570902882005569591497
-0.00934150110744277493598292883002
0.00934150110744277493598292883002
-0.0112097295912979255179334410004
0.0112097295912979255179334410004
-0.0130779189459491721815298896973
0.0130779189459491721815298896973
-0.0149460626502077927629353463673
0.0149460626502077927629353463673
-0.0168141541830444144837563765554
0.0168141541830444144837563765554
-0.0186821870236117765597137375817
0.0186821870236117765597137375817
-0.0205501546512674921736244725897
0.0205501546512674921736244725897
-0.0224180505455968097332413985469
0.0224180505455968097332413985469
-0.0242858681864353733344984820887
0.0242858681864353733344984820887
-0.0261536010538919823507133707456
0.0261536010538919823507133707456
-0.0280212426283713500683013980645
0.0280212426283713500683013980645
-0.0298887863905968612895587094315
0.0298887863905968612895587094315
-0.0317562258216333288230757609952
0.0317562258216333288230757609952
-0.0336235544029097487823463269822
0.0336235544029097487823463269822
-0.0354907656162420546131413108628
0.0354907656162420546131413108628
-0.0373578529438558697702210932592
0.0373578529438558697702210932592
-0.0392248098684092589639648641679
0.0392248098684092589639648641679
-0.0410916298730154778975003789856
0.0410916298730154778975003789856
-0.0429583064412657214149228469546
0.0429583064412657214149228469546
-0.0448248330572518699811972069706
0.0448248330572518699811972069706
-0.0466912032055892344143438692015
0.0466912032055892344143438692015
-0.0485574103714392987905141016224
0.0485574103714392987905141016224
-0.0504234480405324614425676183733
0.0504234480405324614425676183733
-0.0522893096991907739727715817516
0.0522893096991907739727715817516
-0.0541549888343506782002471616543
0.0541549888343506782002471616543
-0.0560204789335857409637970053514
0.0560204789335857409637970053514
-0.0578857734851293867007544565764
0.0578857734851293867007544565764
-0.0597508659778976277225031260456
0.0597508659778976277225031260456
-0.0616157499015117921073234556239
0.0616157499015117921073234556239
-0.0634804187463212491312312354278
0.0634804187463212491312312354278
-0.0653448660034261321574816271528
0.0653448660034261321574816271528
-0.0672090851647000589054211178146
0.0672090851647000589054211178146
-0.069073069722812849019378975864
0.069073069722812849019378975864
-0.0709368131712532388582992062426
0.0709368131712532388582992062426
-0.0728003090043515934268237023577
0.0728003090043515934268237023577
-0.0746635507173026153685472711409
0.0746635507173026153685472711409
-0.0765265318061880509421754622733
0.0765265318061880509421754622733
-0.0783892457679993929013266642786
0.0783892457679993929013266642786
-0.0802516861006605801987307384713
0.0802516861006605801987307384713
-0.0821138463030506944355875466561
0.0821138463030506944355875466561
-0.0839757198750266529768600899684
0.0839757198750266529768600899684
-0.0858373003174458986532886142934
0.0858373003174458986532886142934
-0.0876985811321890859709239522493
0.0876985811321890859709239522493
-0.0895595558221827637489905627367
0.0895595558221827637489905627367
-0.091420217891422054106902196496
0.091420217891422054106902196496
-0.0932805608449933277212658599303
0.0932805608449933277212658599303
-0.0951405781890968752737227696062
0.0951405781890968752737227696062
-0.0970002634310695750104882862839
0.0970002634310695750104882862839
-0.0988596100794075563344663900163
0.0988596100794075563344663900163
-0.100718611643788859350828106731
0.100718611643788859350828106731
-0.102577261635096090286957421745
0.102577261635096090286957421745
-0.104435553565439072707682616775
0.104435553565439072707682616775
-0.106293480948177494446725644189
0.106293480948177494446725644189
-0.108151037297943550175317105413
0.108151037297943550175317105413
-0.110008216130664579528939629507
0.110008216130664579528939629507
-0.111865010963585700713177952949
0.111865010963585700713177952949
-0.113721415315292439509669782481
0.113721415315292439509669782481
-0.115577422705733353603167579522
0.115577422705733353603167579522
-0.117433026656242652150737736977
0.117433026656242652150737736977
-0.119288220689562810514140227294
0.119288220689562810514140227294
-0.121142998329867180076448684266
0.121142998329867180076448684266
-0.122997353102782593063988040218
0.122997353102782593063988040218
-0.124851278535411962294684274931
0.124851278535411962294684274931
-0.126704768156356875773938542726
0.126704768156356875773938542726
-0.12855781549574018605915592962
0.12855781549574018605915592962
-0.130410414085228594314077353228
0.130410414085228594314077353228
-0.132262557458055228974081654129
0.132262557458055228974081654129
-0.134114239149042218943643738587
0.134114239149042218943643738587
-0.135965452694623261247153718842
0.135965452694623261247153718842
-0.137816191632866183054321358541
0.137816191632866183054321358541
-0.139666449503495498001409767219
0.139666449503495498001409767219
-0.141516219847914956729562198957
0.141516219847914956729562198957
-0.143365496209230091561505996479
0.143365496209230091561505996479
-0.145214272132270755237938182741
0.145214272132270755237938182741
-0.147062541163613653634917937676
0.147062541163613653634917937676
-0.148910296851604872383612207887
0.148910296851604872383612207887
-0.150757532746382397313761981846
0.150757532746382397313761981846
-0.152604242399898628642258322355
0.152604242399898628642258322355
-0.15445041936594288882823908161
0.15445041936594288882823908161
-0.156296057200163924016139332199
0.156296057200163924016139332199
-0.158141149460092398988150929498
0.158141149460092398988150929498
-0.159985689705163385547569277327
0.159985689705163385547569277327
-0.161829671496738844254528299156
0.161829671496738844254528299156
-0.163673088398130099435647821626
0.163673088398130099435647821626
-0.165515933974620307389141055541
0.165515933974620307389141055541
-0.167358201793486917706953611726
0.167358201793486917706953611726
-0.169199885424024127635529515164
0.169199885424024127635529515164
-0.171040978437565329396823980513
0.171040978437565329396823980513
-0.172881474407505550391207285402
0.172881474407505550391207285402
-0.174721366909323886203928924682
0.174721366909323886203928924682
-0.176560649520605926336836349078
0.176560649520605926336836349078
-0.178399315821066172587067985215
0.178399315821066172587067985215
-0.180237359392570449994465900819
0.180237359392570449994465900819
-0.182074773819158310279479418872
0.182074773819158310279479418872
-0.183911552687065427693357197538
0.183911552687065427693357197538
-0.18574768958474598720245177869
0.18574768958474598720245177869
-0.187583178102895064928487366776
0.187583178102895064928487366776
-0.189418011834471000766668631472
0.189418011834471000766668631472
-0.191252184374717763103535631927
0.191252184374717763103535631927
-0.19308568932118730555649753744
0.19308568932118730555649753744
-0.194918520273761915657005668874
0.194918520273761915657005668874
-0.196750670834676555399354507047
0.196750670834676555399354507047
-0.198582134608541193577127708539
0.198582134608541193577127708539
-0.200412905202363129829334835782
0.200412905202363129829334835782
-0.20224297622556931031831344686
0.20224297622556931031831344686
-0.204072341290028634961500400975
0.204072341290028634961500400975
-0.205900994010074256139205717997
0.205900994010074256139205717997
-0.207728928002525868800552084777
0.207728928002525868800552084777
-0.209556136886711991889773126887
0.209556136886711991889773126887
-0.211382614284492241015093861964
0.211382614284492241015093861964
-0.213208353820279592282447319941
0.213208353820279592282447319941
-0.215033349121062637216312155834
0.215033349121062637216312155834
-0.216857593816427828689987192501
0.216857593816427828689987192501
-0.218681081538581717787650213638
0.218681081538581717787650213638
-0.220503805922373181520579981236
0.220503805922373181520579981236
-0.222325760605315641319952376589
0.222325760605315641319952376589
-0.224146939227609272228653759684
0.224146939227609272228653759684
-0.225967335432163202714587108212
0.225967335432163202714587108212
-0.227786942864617705027979234533
0.227786942864617705027979234533
-0.22960575517336637602523038646
0.22960575517336637602523038646
-0.231423766009578308381880815641
0.231423766009578308381880815641
-0.233240969027220252117302445551
0.233240969027220252117302445551
-0.235057357883078766353757589414
0.235057357883078766353757589414
-0.236872926236782361232500756769
0.236872926236782361232500756769
-0.238687667750823629909633945675
0.238687667750823629909633945675
-0.240501576090581370554460445609
0.240501576090581370554460445609
-0.242314644924342698273117073885
0.242314644924342698273117073885
-0.244126867923325146880299935673
0.244126867923325146880299935673
-0.245938238761698760441934234459
0.245938238761698760441934234459
-0.247748751116608174511674365771
0.247748751116608174511674365771
-0.249558398668194686984156502207
0.249558398668194686984156502207
-0.251367175099618318487962122054
0.251367175099618318487962122054
-0.253175074097079862241287446933
0.253175074097079862241287446933
-0.254982089349842923293350535917
0.254982089349842923293350535917
-0.256788214550255947074604834158
0.256788214550255947074604834158
-0.25859344339377423717886529328
0.25859344339377423717886529328
-0.260397769578981962300490768352
0.260397769578981962300490768352
-0.262201186807614152249804252134
0.262201186807614152249804252134
-0.264003688784578682969970631308
0.264003688784578682969970631308
-0.265805269217978250478590041404
0.265805269217978250478590041404
-0.267605921819132333657303557063
0.267605921819132333657303557063
-0.269405640302599145812746881918
0.269405640302599145812746881918
-0.271204418386197574932226897607
0.271204418386197574932226897607
-0.273002249791029112557535394201
0.273002249791029112557535394201
-0.274799128241499771200354034345
0.274799128241499771200354034345
-0.276595047465341990222744600704
0.276595047465341990222744600704
-0.278390001193636530106258840591
0.278390001193636530106258840591
-0.28018398316083435503324275288
0.28018398316083435503324275288
-0.28197698710477850370395096033
0.28197698710477850370395096033
-0.283769006766725948313127875036
0.283769006766725948313127875036
-0.285560035891369441609753695879
0.285560035891369441609753695879
-0.287350068226859351963694874275
0.287350068226859351963694874275
-0.289139097524825486363040548199
0.289139097524825486363040548199
-0.290927117540398901265948574162
0.290927117540398901265948574162
-0.292714122032233701230867182442
0.292714122032233701230867182442
-0.294500104762528825249040942218
0.294500104762528825249040942218
-0.296285059497049820703252650272
0.296285059497049820703252650272
-0.298068980005150604876795949318
0.298068980005150604876795949318
-0.299851860059795213936716939807
0.299851860059795213936716939807
-0.301633693437579539315406771908
0.301633693437579539315406771908
-0.303414473918753051414671192311
0.303414473918753051414671192311
-0.305194195287240510556447273222
0.305194195287240510556447273222
-0.306972851330663665104382068383
0.306972851330663665104382068383
-0.308750435840362936680532722923
0.308750435840362936680532722923
-0.310526942611419092401492610227
0.310526942611419092401492610227
-0.312302365442674904058293379607
0.312302365442674904058293379607
-0.314076698136756794164478373203
0.314076698136756794164478373203
-0.315849934500096468796788709144
0.315849934500096468796788709144
-0.317622068342952537152949430297
0.317622068342952537152949430297
-0.319393093479432117751089483849
0.319393093479432117751089483849
-0.321163003727512431195375926306
0.321163003727512431195375926306
-0.322931792909062379432489641073
0.322931792909062379432489641073
-0.324699454849864111423617011514
0.324699454849864111423617011514
-0.326465983379634575156679410973
0.326465983379634575156679410973
-0.328231372332047055923570052686
0.328231372332047055923570052686
-0.329995615544752700787215686479
0.329995615544752700787215686479
-0.331758706859402029163328835629
0.331758706859402029163328835629
-0.333520640121666429441764735923
0.333520640121666429441764735923
-0.335281409181259641572445869808
0.335281409181259641572445869808
-0.337041007891959225540865981213
0.337041007891959225540865981213
-0.338799430111628015658234711149
0.338799430111628015658234711149
-0.340556669702235560591373510241
0.340556669702235560591373510241
-0.342312720529879549057523261866
0.342312720529879549057523261866
-0.344067576464807221109274088261
0.344067576464807221109274088261
-0.345821231381436764934878111783
0.345821231381436764934878111783
-0.347573679158378699099256504171
0.347573679158378699099256504171
-0.349324913678457240151062978052
0.349324913678457240151062978052
-0.351074928828731655521216956857
0.351074928828731655521216956857
-0.352823718500517601638371001584
0.352823718500517601638371001584
-0.354571276589408447186828675334
0.354571276589408447186828675334
-0.356317596995296581432480888958
0.356317596995296581432480888958
-0.358062673622394707542380893448
0.358062673622394707542380893448
-0.359806500379257120823630466609
0.359806500379257120823630466609
-0.361549071178800971807302482901
0.361549071178800971807302482901
-0.363290379938327514103177955943
0.363290379938327514103177955943
-0.365030420579543336951128802905
0.365030420579543336951128802905
-0.366769187028581582395030998597
0.366769187028581582395030998597
-0.368506673216023147005146464378
0.368506673216023147005146464378
-0.370242873076917868074965972838
0.370242873076917868074965972838
-0.371977780550805694218559543391
0.371977780550805694218559543391
-0.373711389581737840294535256213
0.373711389581737840294535256213
-0.375443694118297926582762122237
0.375443694118297926582762122237
-0.377174688113623102140067614958
0.377174688113623102140067614958
-0.378904365525425152261175695399
0.378904365525425152261175695399
-0.380632720316011589971206644578
0.380632720316011589971206644578
-0.382359746452306731476115757997
0.382359746452306731476115757997
-0.384085437905872755497503953834
0.384085437905872755497503953834
-0.385809788652930746418289600472
0.385809788652930746418289600472
-0.387532792674381721165787379589
0.387532792674381721165787379589
-0.389254443955827639758796767951
0.389254443955827639758796767951
-0.390974736487592399445359744276
0.390974736487592399445359744276
-0.392693664264742812357904606645
0.392693664264742812357904606645
-0.394411221287109566612550320987
0.394411221287109566612550320987
-0.396127401559308170779403611688
0.396127401559308170779403611688
-0.397842199090759881650739051386
0.397842199090759881650739051386
-0.39955560789571261523401070822
0.39955560789571261523401070822
-0.401267621993261840896702464941
0.401267621993261840896702464941
-0.40297823540737145859008293531
0.40297823540737145859008293531
-0.404687442166894659078989968755
0.404687442166894659078989968755
-0.406395236305594767104829054189
0.406395236305594767104829054189
-0.408101611862166067409029508039
0.408101611862166067409029508039
-0.409806562880254613544262159604
0.409806562880254613544262159604
-0.411510083408479019400782328683
0.411510083408479019400782328683
-0.413212167500451233375322225849
0.413212167500451233375322225849
-0.41491280921479729511001749442
0.41491280921479729511001749442
-0.416612002615178074728913455054
0.416612002615178074728913455054
-0.41830974177030999449965770867
0.41830974177030999449965770867
-0.420006020753985732848047100819
0.420006020753985732848047100819
-0.421700833645094910653158650625
0.421700833645094910653158650625
-0.423394174527644759750855899597
0.423394174527644759750855899597
-0.42508603749078077357352423991
0.42508603749078077357352423991
-0.426776416628807339853951137845
0.426776416628807339853951137845
-0.428465306041208355321329775831
0.428465306041208355321329775831
-0.43015269983266782231742749564
0.43015269983266782231742749564
-0.43183859211309042726102353562
0.43183859211309042726102353562
-0.433522976997622100888783916115
0.433522976997622100888783916115
-0.43520584860667056020080493925
0.43520584860667056020080493925
-0.43688720106592583203912063177
0.43688720106592583203912063177
-0.438567028506380758227533572496
0.438567028506380758227533572496
-0.440245325064351482201192908814
0.440245325064351482201192908814
-0.441922084881497917054407979401
0.441922084881497917054407979401
-0.443597302104844194935250822746
0.443597302104844194935250822746
-0.445270970886799097715565962799
0.445270970886799097715565962799
-0.446943085385176468865071224005
0.446943085385176468865071224005
-0.448613639763215606458298937874
0.448613639763215606458298937874
-0.450282628189601637243192761798
0.450282628189601637243192761798
-0.451950044838485871700241437923
0.451950044838485871700241437923
-0.453615883889506140021097175174
0.453615883889506140021097175174
-0.455280139527807108935692940873
0.455280139527807108935692940873
-0.456942805944060579316939799537
0.456942805944060579316939799537
-0.458603877334485764492152535062
0.458603877334485764492152535062
-0.460263347900869549190419138563
0.460263347900869549190419138563
-0.461921211850586729055197337141
0.461921211850586729055197337141
-0.463577463396620230651489178839
0.463577463396620230651489178839
-0.465232096757581311897012775532
0.465232096757581311897012775532
-0.466885106157729742846858638433
0.466885106157729742846858638433
-0.468536485826993966761186619925
0.468536485826993966761186619925
-0.470186230000991241385588300368
0.470186230000991241385588300368
-0.471834332921047760373808729129
0.471834332921047760373808729129
-0.473480788834218754782590745071
0.473480788834218754782590745071
-0.475125591993308574568474662936
0.475125591993308574568474662936
-0.476768736656890750016455918133
0.476768736656890750016455918133
-0.478410217089328033030473313278
0.478410217089328033030473313278
-0.480050027560792418215770805007
0.480050027560792418215770805007
-0.481688162347285143683246309064
0.481688162347285143683246309064
-0.483324615730656671505971785006
0.483324615730656671505971785006
-0.484959381998626647758139888964
0.484959381998626647758139888964
-0.486592455444803842066763753423
0.486592455444803842066763753423
-0.488223830368706066606527966725
0.488223830368706066606527966725
-0.489853501075780074468260581693
0.489853501075780074468260581693
-0.491481461877421437331567982172
0.491481461877421437331567982172
-0.493107707090994402372246678132
0.493107707090994402372246678132
-0.494732231039851728335158584047
0.494732231039851728335158584047
-0.496355028053354500703329061234
0.496355028053354500703329061234
-0.497976092466891925894099972587
0.497976092466891925894099972587
-0.499595418621901104413243207226
0.499595418621901104413243207226
-0.501213000865886782898013582926
0.501213000865886782898013582926
-0.502828833552441084980193725469
0.502828833552441084980193725469
-0.504442911041263220900257455921
0.504442911041263220900257455921
-0.50605522769817917580385238924
0.50605522769817917580385238924
-0.507665777895161376651876860063
0.507665777895161376651876860063
-0.509274556010348337675500943915
0.509274556010348337675500943915
-0.510881556428064284307556234124
0.510881556428064284307556234124
-0.51248677353883875552179416607
0.51248677353883875552179416607
-0.514090201739426184511588050941
0.514090201739426184511588050941
-0.51569183543282545763972959049
0.51569183543282545763972959049
-0.517291669028299451591046492209
0.517291669028299451591046492209
-0.518889696941394548659643890624
0.518889696941394548659643890624
-0.520485913593960130102648604656
0.520485913593960130102648604656
-0.52208031341416804749241182314
0.52208031341416804749241182314
-0.523672890836532071999202610144
0.523672890836532071999202610144
-0.525263640301927321536501658641
0.525263640301927321536501658641
-0.526852556257609665701081994874
0.526852556257609665701081994874
-0.528439633157235108440140846342
0.528439633157235108440140846342
-0.530024865460879148377824633312
0.530024865460879148377824633312
-0.531608247635056116733567026917
0.531608247635056116733567026917
-0.533189774152738492764738235987
0.533189774152738492764738235987
-0.534769439493376196666182139416
0.534769439493376196666182139416
-0.536347238142915859859296570918
0.536347238142915859859296570918
-0.537923164593820072603390988154
0.537923164593820072603390988154
-0.539497213345086608862134918087
0.539497213345086608862134918087
-0.541069378902267628357989964909
0.541069378902267628357989964909
-0.542639655777488855747597795536
0.542639655777488855747597795536
-0.544208038489468736851176380334
0.544208038489468736851176380334
-0.545774521563537571869056863095
0.545774521563537571869056863095
-0.547339099531656625518573764025
0.547339099531656625518573764025
-0.548901766932437214024601782413
0.548901766932437214024601782413
-0.550462518311159768897113261367
0.550462518311159768897113261367
-0.552021348219792877429211405341
0.552021348219792877429211405341
-0.553578251217012299849175601725
0.553578251217012299849175601725
-0.555133221868219963060136690418
0.555133221868219963060136690418
-0.556686254745562930901081749551
0.556686254745562930901081749551
-0.558237344427952350862969921329
0.558237344427952350862969921329
-0.559786485501082377193822988796
0.559786485501082377193822988796
-0.561333672557449070326736832103
0.561333672557449070326736832103
-0.562878900196369272564842541159
0.562878900196369272564842541159
-0.564422163023999459957328840162
0.564422163023999459957328840162
-0.565963455653354570300720588053
0.565963455653354570300720588053
-0.567502772704326807199691457291
0.567502772704326807199691457291
-0.569040108803704420121772461002
0.569040108803704420121772461002
-0.570575458585190460380401795399
0.570575458585190460380401795399
-0.572108816689421512980845490027
0.572108816689421512980845490027
-0.573640177763986404263602612567
0.573640177763986404263602612567
-0.575169536463444885279993257361
0.575169536463444885279993257361
-0.576696887449346290834712257207
0.576696887449346290834712257207
-0.578222225390248174130216495958
0.578222225390248174130216495958
-0.579745544961734916947898864895
0.579745544961734916947898864895
-0.581266840846436315301087298215
0.581266840846436315301087298215
-0.582786107734046140494992942204
0.582786107734046140494992942204
-0.584303340321340675528817358306
0.584303340321340675528817358306
-0.585818533312197226775314732087
0.585818533312197226775314732087
-0.587331681417612610873191357797
0.587331681417612610873191357797
-0.588842779355721616767811191422
0.588842779355721616767811191422
-0.590351821851815442835763013621
0.590351821851815442835763013621
-0.591858803638360109028931717365
0.591858803638360109028931717365
-0.59336371945501484397380343319
0.59336371945501484397380343319
-0.594866564048650446961821627379
0.594866564048650446961821627379
-0.596367332173367624766698954892
0.596367332173367624766698954892
-0.597866018590515303224677519028
0.597866018590515303224677519028
-0.599362618068708913513818283448
0.599362618068708913513818283448
-0.600857125383848653068488698945
0.600857125383848653068488698945
-0.602349535319137721065306146882
0.602349535319137721065306146882
-0.603839842665100528416883563294
0.603839842665100528416883563294
-0.605328042219600882209812591915
0.605328042219600882209812591915
-0.606814128787860144523408820496
0.606814128787860144523408820496
-0.608298097182475365565833082511
0.608298097182475365565833082511
-0.609779942223437391064292455306
0.609779942223437391064292455306
-0.611259658738148943846114455649
0.611259658738148943846114455649
-0.612737241561442679547578024177
0.612737241561442679547578024177
-0.614212685535599216387475201116
0.614212685535599216387475201116
-0.615685985510365138942467926472
0.615685985510365138942467926472
-0.617157136342970975861395148475
0.617157136342970975861395148475
-0.618626132898149151455776393943
0.618626132898149151455776393943
-0.62009297004815191110384914322
0.62009297004815191110384914322
-0.621557642672769220405568760024
0.621557642672769220405568760024
-0.623020145659346638026091352669
0.623020145659346638026091352669
-0.624480473902803162165351787313
0.624480473902803162165351787313
-0.6259386223056490505914411359
0.6259386223056490505914411359
-0.627394585778003614175580120858
0.627394585778003614175580120858
-0.628848359237612983866577615192
0.628848359237612983866577615192
-0.630299937609867851042755970015
0.630299937609867851042755970015
-0.631749315827821181179417871352
0.631749315827821181179417871352
-0.633196488832205900770022574129
0.633196488832205900770022574129
-0.634641451571452557439332723059
0.634641451571452557439332723059
-0.636084199001706953186886547537
0.636084199001706953186886547537
-0.637524726086847750699244010149
0.637524726086847750699244010149
-0.638963027798504052669549495836
0.638963027798504052669549495836
-0.640399099116072954063047850641
0.640399099116072954063047850641
-0.641832935026737067267285015102
0.641832935026737067267285015102
-0.643264530525482020065819147332
0.643264530525482020065819147332
-0.64469388061511392637436299434
0.64469388061511392637436299434
-0.6461209803062768296783733469
0.6461209803062768296783733469
-0.647545824617470119111198702833
0.647545824617470119111198702833
-0.648968408575065918111991765757
0.648968408575065918111991765757
-0.650388727213326445602689120687
0.650388727213326445602689120687
-0.651806775574421349623456354077
0.651806775574421349623456354077
-0.653222548708445013366093023705
0.653222548708445013366093023705
-0.654636041673433833544988232724
0.654636041673433833544988232724
-0.656047249535383471045314122066
0.656047249535383471045314122066
-0.657456167368266073788241365745
0.657456167368266073788241365745
-0.658862790254047471753057734157
0.658862790254047471753057734157
-0.660267113282704344096167980897
0.660267113282704344096167980897
-0.661669131552241358307050708533
0.661669131552241358307050708533
-0.663068840168708281341345477886
0.663068840168708281341345477886
-0.664466234246217062671341243291
0.664466234246217062671341243291
-0.665861308906958889194235222758
0.665861308906958889194235222758
-0.667254059281221211938629546507
0.667254059281221211938629546507
-0.668644480507404744509831469772
0.668644480507404744509831469772
-0.670032567732040433214621585581
0.670032567732040433214621585581
-0.671418316109806398806253330223
0.671418316109806398806253330223
-0.672801720803544849790546137829
0.672801720803544849790546137829
-0.674182776984278967234033870693
0.674182776984278967234033870693
-0.675561479831229761015229628195
0.675561479831229761015229628195
-0.676937824531832897460167719185
0.676937824531832897460167719185
-0.678311806281755498303483470066
0.678311806281755498303483470066
-0.67968342028491291091639163323
0.67968342028491291091639163323
-0.681052661753485449743024457604
0.681052661753485449743024457604
-0.682419525907935108886690984494
0.682419525907935108886690984494
-0.683784007977022245787719837377
0.683784007977022245787719837377
-0.685146103197822235934648683324
0.685146103197822235934648683324
-0.686505806815742098550624656115
0.686505806815742098550624656115
-0.68786311408453709319698134637
0.68786311408453709319698134637
-0.689218020266327287236059481905
0.689218020266327287236059481905
-0.690570520631614094095440141573
0.690570520631614094095440141573
-0.691920610459296782275861267844
0.691920610459296782275861267844
-0.693268285036688955045190366799
0.693268285036688955045190366799
-0.694613539659535000760928608871
0.694613539659535000760928608871
-0.695956369632026513763824069064
0.695956369632026513763824069064
-0.697296770266818685785274571242
0.697296770266818685785274571242
-0.698634736885046667811303527044
0.698634736885046667811303527044
-0.699970264816341902345995285612
0.699970264816341902345995285612
-0.701303349398848426017379835379
0.701303349398848426017379835379
-0.702633985979239142468860223187
0.702633985979239142468860223187
-0.703962169912732065479379778662
0.703962169912732065479379778662
-0.705287896563106532255630152749
0.705287896563106532255630152749
-0.706611161302719386839705298156
0.706611161302719386839705298156
-0.707931959512521133575710835893
0.707931959512521133575710835893
-0.709250286582072060578942765696
0.709250286582072060578942765696
-0.710566137909558333151354188544
0.710566137909558333151354188544
-0.711879508901808057087133616406
0.711879508901808057087133616406
-0.713190394974307311812323547287
0.713190394974307311812323547287
-0.714498791551216153302513282401
0.714498791551216153302513282401
-0.715804694065384586722745456336
0.715804694065384586722745456336
-0.717108097958368508733881440136
0.717108097958368508733881440136
-0.718408998680445619409776660908
0.718408998680445619409776660908
-0.719707391690631303709722959493
0.719707391690631303709722959493
-0.721003272456694482450721379537
0.721003272456694482450721379537
-0.722296636455173432724255246617
0.722296636455173432724255246617
-0.723587479171391577702340054558
0.723587479171391577702340054558
-0.724875796099473245777733527259
0.724875796099473245777733527259
-0.72616158274235939898329626799
0.72616158274235939898329626799
-0.72744483461182333063560064375
0.72744483461182333063560064375
-0.72872554722848633214799297956
0.72872554722848633214799297956
-0.730003716121833328958421756086
0.730003716121833328958421756086
-0.731279336830228485517452313479
0.731279336830228485517452313479
-0.732552404900930779281996564231
0.732552404900930779281996564231
-0.733822915890109543660394407987
0.733822915890109543660394407987
-0.735090865362859979854591921088
0.735090865362859979854591921088
-0.736356248893218637545269962897
0.736356248893218637545269962897
-0.737619062064178864365885599196
0.737619062064178864365885599196
-0.738879300467706224111697689834
0.738879300467706224111697689834
-0.740136959704753883629957122938
0.740136959704753883629957122938
-0.741392035385277968337551500982
0.741392035385277968337551500982
-0.742644523128252886312503594504
0.742644523128252886312503594504
-0.743894418561686620905832576821
0.743894418561686620905832576821
-0.745141717322635991820396937398
0.745141717322635991820396937398
-0.746386415057221884603448042169
0.746386415057221884603448042169
-0.747628507420644448499733565672
0.747628507420644448499733565672
-0.748867990077198262612100462017
0.748867990077198262612100462017
-0.750104858700287470316657769048
0.750104858700287470316657769048
-0.751339108972440881879670352156
0.751339108972440881879670352156
-0.752570736585327045223465690752
0.752570736585327045223465690752
-0.753799737239769284788746990955
0.753799737239769284788746990955
-0.75502610664576070844081727222
0.75502610664576070844081727222
-0.756249840522479182367330623074
0.756249840522479182367330623074
-0.757470934598302273915298551396
0.757470934598302273915298551396
-0.758689384610822162315191267408
0.758689384610822162315191267408
-0.759905186306860517240085832398
0.759905186306860517240085832398
-0.761118335442483345147925382642
0.761118335442483345147925382642
-0.762328827783015803355066095814
0.762328827783015803355066095814
-0.763536659103056981789401205856
0.763536659103056981789401205856
-0.764741825186494652371464191448
0.764741825186494652371464191448
-0.765944321826519985972026262533
0.765944321826519985972026262533
-0.767144144825642236894816448368
0.767144144825642236894816448368
-0.768341289995703394833105948896
0.768341289995703394833105948896
-0.769535753157892804249011948505
0.769535753157892804249011948505
-0.770727530142761751124489807028
0.770727530142761751124489807028
-0.771916616790238017033096436757
0.771916616790238017033096436757
-0.773103008949640400481721745893
0.773103008949640400481721745893
-0.774286702479693205471599277878
0.774286702479693205471599277878
-0.775467693248540697228021601929
0.775467693248540697228021601929
-0.776645977133761525048300612628
0.776645977133761525048300612628
-0.777821550022383112217627674969
0.777821550022383112217627674969
-0.778994407810896012942603505647
0.778994407810896012942603505647
-0.780164546405268236252322811036
0.780164546405268236252322811036
-0.781331961720959536817014006909
0.781331961720959536817014006909
-0.782496649682935672634349824134
0.782496649682935672634349824134
-0.783658606225682629533660257798
0.783658606225682629533660257798
-0.784817827293220812448395144269
0.784817827293220812448395144269
-0.785974308839119203407299650985
0.785974308839119203407299650985
-0.787128046826509486194882137013
0.787128046826509486194882137013
-0.788279037228100137631870188172
0.788279037228100137631870188172
-0.789427276026190485426467148338
0.789427276026190485426467148338
-0.790572759212684732547338158144
0.790572759212684732547338158144
-0.791715482789105948069371573071
0.791715482789105948069371573071
-0.792855442766610024443378664699
0.792855442766610024443378664699
-0.79399263516599960114101171104
0.79399263516599960114101171104
-0.795127056017737954626297954172
0.795127056017737954626297954172
-0.796258701361962854605304445265
0.796258701361962854605304445265
-0.797387567248500386505566508306
0.797387567248500386505566508306
-0.798513649736878740137030433757
0.798513649736878740137030433757
-0.799636944896341964486379061861
0.799636944896341964486379061861
-0.800757448805863688596727131691
0.800757448805863688596727131691
-0.801875157554160808484791656086
0.801875157554160808484791656086
-0.802990067239707140047761133823
0.802990067239707140047761133823
-0.804102173970747037912206128346
0.804102173970747037912206128346
-0.805211473865308980177492626722
0.805211473865308980177492626722
-0.806317963051219119006278642768
0.806317963051219119006278642768
-0.807421637666114797014793744093
0.807421637666114797014793744093
-0.808522493857458029415720563724
0.808522493857458029415720563724
-0.809620527782548951866616902586
0.809620527782548951866616902586
-0.810715735608539233976936738982
0.810715735608539233976936738982
-0.811808113512445458426828334996
0.811808113512445458426828334996
-0.812897657681162465651007666866
0.812897657681162465651007666866
-0.813984364311476664041125606646
0.813984364311476664041125606646
-0.815068229610079305620167645213
0.815068229610079305620167645213
-0.816149249793579727142545471728
0.816149249793579727142545471728
-0.817227421088518556573660411336
0.817227421088518556573660411336
-0.81830273973138088490283957105
0.81830273973138088490283957105
-0.819375201968609403243666552696
0.819375201968609403243666552696
-0.820444804056617505175849761357
0.820444804056617505175849761357
-0.821511542261802354282892667281
0.821511542261802354282892667281
-0.822575412860557916839951868465
0.822575412860557916839951868465
-0.823636412139287959606390449553
0.823636412139287959606390449553
-0.824694536394419012677655939956
0.824694536394419012677655939956
-0.825749781932413297351234139694
0.825749781932413297351234139694
-0.826802145069781618961552205053
0.826802145069781618961552205053
-0.827851622133096224638826667239
0.827851622133096224638826667239
-0.82889820945900362594697449539
0.82889820945900362594697449539
-0.829941903394237386355827910181
0.829941903394237386355827910181
-0.830982700295630873503016405365
0.830982700295630873503016405365
-0.832020596530129976201002341469
0.832020596530129976201002341469
-0.833055588474805786144879538219
0.833055588474805786144879538219
-0.834087672516867244276667509477
0.834087672516867244276667509477
-0.835116845053673751761957356271
0.835116845053673751761957356271
-0.836143102492747745534888859364
0.836143102492747745534888859364
-0.837166441251787238367561992354
0.837166441251787238367561992354
-0.838186857758678323420109909051
0.838186857758678323420109909051
-0.83920434845150764322778444445
0.83920434845150764322778444445
-0.840218909778574823081529306554
0.840218909778574823081529306554
-0.841230538198404868758640426162
0.841230538198404868758640426162
-0.842239230179760528560237373109
0.842239230179760528560237373109
-0.843244982201654619612394339866
0.843244982201654619612394339866
-0.844247790753362318387903936489
0.844247790753362318387903936489
-0.845247652334433415405771934147
0.845247652334433415405771934147
-0.846244563454704534065666137485
0.846244563454704534065666137485
-0.847238520634311313574667758414
0.847238520634311313574667758414
-0.848229520403700555923799005152
0.848229520403700555923799005152
-0.849217559303642336871926090022
0.849217559303642336871926090022
-0.850202633885242080894762497186
0.850202633885242080894762497186
-0.851184740709952600056823136763
0.851184740709952600056823136763
-0.852163876349586096764305944185
0.852163876349586096764305944185
-0.853140037386326130357003562715
0.853140037386326130357003562715
-0.854113220412739547497473972407
0.854113220412739547497473972407
-0.855083422031788376315825299951
0.855083422031788376315825299951
-0.856050638856841684268596560367
0.856050638856841684268596560367
-0.857014867511687399670342742988
0.857014867511687399670342742988
-0.857976104630544096856659460115
0.857976104630544096856659460115
-0.858934346858072744937509326747
0.858934346858072744937509326747
-0.859889590849388420099839333383
0.859889590849388420099839333383
-0.860841833270071981418605710666
0.860841833270071981418605710666
-0.861791070796181710135450164128
0.861791070796181710135450164128
-0.862737300114264912364398879065
0.862737300114264912364398879065
-0.863680517921369485184083359141
0.863680517921369485184083359141
-0.86462072092505544607610996731
0.86462072092505544607610996731
-0.86555790584340642566933298356
0.86555790584340642566933298356
-0.866492069405041123749914080363
0.866492069405041123749914080363
-0.867423208349124728497179343185
0.867423208349124728497179343185
-0.868351319425380298905413329445
0.868351319425380298905413329445
-0.86927639939410011035185816451
0.86927639939410011035185816451
-0.870198445026156963271314317205
0.870198445026156963271314317205
-0.87111745310301545489786847947
0.87111745310301545489786847947
-0.872033420416743214034402894753
0.872033420416743214034402894753
-0.872946343770022098810669537025
0.872946343770022098810669537025
-0.873856219976159357390841736535
0.873856219976159357390841736535
-0.874763045859098751591585179062
0.874763045859098751591585179062
-0.875666818253431643371819672129
0.875666818253431643371819672129
-0.876567534004408044155472673828
0.876567534004408044155472673828
-0.877465189967947626948655317245
0.877465189967947626948655317245
-0.878359783010650701212821535465
0.878359783010650701212821535465
-0.879251310009809150455600898247
0.879251310009809150455600898247
-0.880139767853417332501125911439
0.880139767853417332501125911439
-0.881025153440182942401804803332
0.881025153440182942401804803332
-0.881907463679537837953621228229
0.881907463679537837953621228229
-0.882786695491648827777172855898
0.882786695491648827777172855898
-0.883662845807428421926791485918
0.883662845807428421926791485918
-0.884535911568545544990218127725
0.884535911568545544990218127725
-0.885405889727436211641437420018
0.885405889727436211641437420018
-0.886272777247314164609406826512
0.886272777247314164609406826512
-0.887136571102181475025547238565
0.887136571102181475025547238565
-0.887997268276839105112992938291
0.887997268276839105112992938291
-0.888854865766897433180730328106
0.888854865766897433180730328106
-0.889709360578786740885886413702
0.889709360578786740885886413702
-0.890560749729767662727559736733
0.890560749729767662727559736733
-0.891409030247941597735718290678
0.891409030247941597735718290678
-0.892254199172261083318820917777
0.892254199172261083318820917777
-0.893096253552540131233950776361
0.893096253552540131233950776361
-0.893935190449464525643381685681
0.893935190449464525643381685681
-0.894771006934602083221630499163
0.894771006934602083221630499163
-0.895603700090412875277181126295
0.895603700090412875277181126295
-0.896433267010259411853198417738
0.896433267010259411853198417738
-0.897259704798416787771682847207
0.897259704798416787771682847207
-0.898083010570082790585649766735
0.898083010570082790585649766735
-0.898903181451387970404049978724
0.898903181451387970404049978724
-0.899720214579405671554281458138
0.899720214579405671554281458138
-0.900534107102162026047275270902
0.900534107102162026047275270902
-0.901344856178645908810272069586
0.901344856178645908810272069586
-0.902152458978818854652539004251
0.902152458978818854652539004251
-0.902956912683624936929410464538
0.902956912683624936929410464538
-0.903758214485000607870169768099
0.903758214485000607870169768099
-0.904556361585884500535422730031
0.904556361585884500535422730031
-0.905351351200227192369747987382
0.905351351200227192369747987382
-0.906143180553000930315543011785
0.906143180553000930315543011785
-0.906931846880209317454118921286
0.906931846880209317454118921286
-0.907717347428896961140231498964
0.907717347428896961140231498964
-0.908499679457159082596370240671
0.908499679457159082596370240671
-0.909278840234151087933261786478
0.909278840234151087933261786478
-0.910054827040098100563178739954
0.910054827040098100563178739954
-0.910827637166304454972779645569
0.910827637166304454972779645569
-0.911597267915163151822340776966
0.911597267915163151822340776966
-0.912363716600165274338375387076
0.912363716600165274338375387076
-0.913126980545909365966771184556
0.913126980545909365966771184556
-0.91388705708811076925371202942
0.91388705708811076925371202942
-0.914643943573610925921785183476
0.914643943573610925921785183476
-0.915397637360386638108810907826
0.915397637360386638108810907826
-0.916148135817559290737066769818
0.916148135817559290737066769818
-0.916895436325404034980714704883
0.916895436325404034980714704883
-0.917639536275358932799374674305
0.917639536275358932799374674305
-0.918380433070034062505924667572
0.918380433070034062505924667572
-0.9191181241232205853367428172
0.9191181241232205853367428172
-0.919852606859899772992743524181
0.919852606859899772992743524181
-0.920583878716251996119695733221
0.920583878716251996119695733221
-0.921311937139665673696447848003
0.921311937139665673696447848003
-0.922036779588746183299820237593
0.922036779588746183299820237593
-0.922758403533324732215062855154
0.922758403533324732215062855154
-0.923476806454467189360912169
0.923476806454467189360912169
-0.92419198584448287799841839317
0.92419198584448287799841839317
-0.92490393920693332919285089972
0.92490393920693332919285089972
-0.925612664056640995998126697297
0.925612664056640995998126697297
-0.926318157919697928333343969847
0.926318157919697928333343969847
-0.927020418333474408521139885068
0.927020418333474408521139885068
-0.927719442846627547457729203903
0.927719442846627547457729203903
-0.928415229019109841384617649638
0.928415229019109841384617649638
-0.929107774422177689232121527445
0.929107774422177689232121527445
-0.929797076638399870504962722081
0.929797076638399870504962722081
-0.930483133261665983680345942493
0.930483133261665983680345942493
-0.931165941897194845089062926733
0.931165941897194845089062926733
-0.931845500161542848250306268482
0.931845500161542848250306268482
-0.932521805682612283631013577117
0.932521805682612283631013577117
-0.93319485609965961880070083617
0.93319485609965961880070083617
-0.933864649063303738952882079779
0.933864649063303738952882079779
-0.934531182235534147764310862861
0.934531182235534147764310862861
-0.935194453289719128563417457765
0.935194453289719128563417457765
-0.935854459910613865779454267694
0.935854459910613865779454267694
-0.936511199794368526644000604673
0.936511199794368526644000604673
-0.93716467064853630311661673694
0.93716467064853630311661673694
-0.937814870192081414006575966817
0.937814870192081414006575966817
-0.938461796155387067262742454972
0.938461796155387067262742454972
-0.939105446280263382403801560059
0.939105446280263382403801560059
-0.939745818319955273061188613564
0.939745818319955273061188613564
-0.940382910039150289607201297881
0.940382910039150289607201297881
-0.941016719213986421840920140689
0.941016719213986421840920140689
-0.941647243632059861704701080298
0.941647243632059861704701080298
-0.94227448109243272600414359414
0.94227448109243272600414359414
-0.942898429405640739104577515798
0.942898429405640739104577515798
-0.94351908639370087557725139429
0.94351908639370087557725139429
-0.944136449890118962768545072433
0.944136449890118962768545072433
-0.944750517739897243265669078538
0.944750517739897243265669078538
-0.945361287799541897232453437066
0.945361287799541897232453437066
-0.945968757937070524588968608713
0.945968757937070524588968608713
-0.946572926032019587008861468417
0.946572926032019587008861468417
-0.947173789975451809708429520451
0.947173789975451809708429520451
-0.947771347669963543001596932798
0.947771347669963543001596932798
-0.94836559702969208359509644796
0.94836559702969208359509644796
-0.948956535980322955598301793876
0.948956535980322955598301793876
-0.949544162459097151222295876338
0.949544162459097151222295876338
-0.950128474414818331142900782814
0.950128474414818331142900782814
-0.950709469807859984502536466621
0.950709469807859984502536466621
-0.951287146610172548525915909522
0.951287146610172548525915909522
-0.951861502805290487724725579761
0.951861502805290487724725579761
-0.95243253638833933266658111097
0.95243253638833933266658111097
-0.953000245366042678283689324976
0.953000245366042678283689324976
-0.953564627756729141696789007967
0.953564627756729141696789007967
-0.95412568159033927953008422453
0.95412568159033927953008422453
-0.954683404908432464693025417445
0.954683404908432464693025417445
-0.955237795764193722604935092518
0.955237795764193722604935092518
-0.955788852222440526838616527031
0.955788852222440526838616527031
-0.956336572359629554159225667257
0.956336572359629554159225667257
-0.956880954263863398934828194832
0.956880954263863398934828194832
-0.95742199603489724689520564333
0.95742199603489724689520564333
-0.957959695784145508215616435121
0.957959695784145508215616435121
-0.958494051634688409902359784289
0.958494051634688409902359784289
-0.959025061721278547457132573998
0.959025061721278547457132573998
-0.959552724190347395797311566186
0.959552724190347395797311566186
-0.960077037200011779409435637793
0.960077037200011779409435637793
-0.960597998920080301713305160883
0.960597998920080301713305160883
-0.96111560753205973361425815412
0.96111560753205973361425815412
-0.961629861229161361221325430151
0.961629861229161361221325430151
-0.962140758216307292709109647731
0.962140758216307292709109647731
-0.962648296710136724301375949017
0.962648296710136724301375949017
-0.963152474939012165354484721792
0.963152474939012165354484721792
-0.963653291143025622518939973506
0.963653291143025622518939973506
-0.964150743574004742957469839688
0.964150743574004742957469839688
-0.964644830495518916598198873565
0.964644830495518916598198873565
-0.965135550182885337401614977542
0.965135550182885337401614977542
-0.965622900923175023620177140902
0.965622900923175023620177140902
-0.966106881015218797029553542575
0.966106881015218797029553542575
-0.966587488769613221110623063911
0.966587488769613221110623063911
-0.967064722508726498161516834978
0.967064722508726498161516834978
-0.967538580566704325319120110184
0.967538580566704325319120110184
-0.96800906128947570946959853608
0.96800906128947570946959853608
-0.968476163034758741027656737621
0.968476163034758741027656737621
-0.968939884172066326564381110257
0.968939884172066326564381110257
-0.969400223082711880263662765968
0.969400223082711880263662765968
-0.969857178159814974187340743521
0.969857178159814974187340743521
-0.970310747808306947329349859062
0.970310747808306947329349859062
-0.970760930444936473439301945094
0.970760930444936473439301945094
-0.971207724498275087596073706537
0.971207724498275087596073706537
-0.971651128408722671512119015028
0.971651128408722671512119015028
-0.972091140628512897549368170099
0.972091140628512897549368170099
-0.972527759621718631427721482182
0.972527759621718631427721482182
-0.972960983864257293607289481486
0.972960983864257293607289481486
-0.973390811843896179325677133373
0.973390811843896179325677133373
-0.973817242060257737271754649805
0.973817242060257737271754649805
-0.974240273024824806877502833444
0.974240273024824806877502833444
-0.974659903260945814209666382201
0.974659903260945814209666382201
-0.975076131303839926443094224309
0.975076131303839926443094224309
-0.975488955700602164897791754969
0.975488955700602164897791754969
-0.975898375010208476621855813739
0.975898375010208476621855813739
-0.976304387803520764502609386415
0.976304387803520764502609386415
-0.976706992663291875888399346652
0.976706992663291875888399346652
-0.97710618818417054970366708249
0.97710618818417054970366708249
-0.977501972972706322040048594086
0.977501972972706322040048594086
-0.97789434564735439020640761559
0.97789434564735439020640761559
-0.97828330483848043522085252199
0.97828330483848043522085252199
-0.978668849188365402727935248619
0.978668849188365402727935248619
-0.979050977351210242324378196248
0.979050977351210242324378196248
-0.979429687993140605276823140365
0.979429687993140605276823140365
-0.979804979792211500615244533433
0.979804979792211500615244533433
-0.980176851438411909585818310882
0.980176851438411909585818310882
-0.980545301633669358447186415582
0.980545301633669358447186415582
-0.980910329091854449594206775296
0.980910329091854449594206775296
-0.981271932538785350993428441012
0.981271932538785350993428441012
-0.981630110712232243914682063299
0.981630110712232243914682063299
-0.981984862361921728943326896375
0.981984862361921728943326896375
-0.98233618624954119025784712841
0.98233618624954119025784712841
-0.982684081148743118157642601336
0.982684081148743118157642601336
-0.983028545845149389826011971007
0.983028545845149389826011971007
-0.983369579136355508313480144092
0.983369579136355508313480144092
-0.983707179831934799726776496323
0.983707179831934799726776496323
-0.984041346753442568608926023002
0.984041346753442568608926023002
-0.984372078734420211496072304568
0.984372078734420211496072304568
-0.984699374620399288636809109075
0.984699374620399288636809109075
-0.985023233268905553859956736903
0.985023233268905553859956736903
-0.985343653549462942576879996533
0.985343653549462942576879996533
-0.985660634343597517904607159843
0.985660634343597517904607159843
-0.985974174544841374896173581153
0.985974174544841374896173581153
-0.986284273058736502864780103454
0.986284273058736502864780103454
-0.986590928802838605788525176271
0.986590928802838605788525176271
-0.986894140706720880782641067186
0.986894140706720880782641067186
-0.987193907711977754626338999112
0.987193907711977754626338999112
-0.987490228772228578331545872078
0.987490228772228578331545872078
-0.987783102853121279740996870953
0.987783102853121279740996870953
-0.988072528932335974143334222721
0.988072528932335974143334222721
-0.988358505999588532893053226776
0.988358505999588532893053226776
-0.988641033056634110023333103545
0.988641033056634110023333103545
-0.988920109117270626839992955835
0.988920109117270626839992955835
-0.989195733207342214485023096108
0.989195733207342214485023096108
-0.989467904364742614458360181018
0.989467904364742614458360181018
-0.98973662163941853708680219215
0.98973662163941853708680219215
-0.990001884093372977929197677247
0.990001884093372977929197677247
-0.990263690800668492107294408742
0.990263690800668492107294408742
-0.990522040847430426551897575971
0.990522040847430426551897575971
-0.990776933331850110154268960847
0.990776933331850110154268960847
-0.991028367364188001812998774422
0.991028367364188001812998774422
-0.991276342066776796366903903974
0.991276342066776796366903903974
-0.991520856574024488404853698839
0.991520856574024488404853698839
-0.991761910032417393943801178272
0.991761910032417393943801178272
-0.99199950160052312996670847217
0.99199950160052312996670847217
-0.992233630448993551812506070102
0.992233630448993551812506070102
-0.992464295760567648410722761421
0.992464295760567648410722761421
-0.992691496730074395353974956893
0.992691496730074395353974956893
-0.992915232564435565802119856784
0.992915232564435565802119856784
-0.993135502482668499212567962138
0.993135502482668499212567962138
-0.993352305715888827892030216289
0.993352305715888827892030216289
-0.993565641507313161365859801056
0.993565641507313161365859801056
-0.993775509112261728562157761953
0.993775509112261728562157761953
-0.993981907798160977808968671894
0.993981907798160977808968671894
-0.994184836844546134644225852779
0.994184836844546134644225852779
-0.994384295543063717439649700818
0.994384295543063717439649700818
-0.994580283197474010841599321327
0.994580283197474010841599321327
-0.994772799123653497033978153844
0.994772799123653497033978153844
-0.994961842649597244830761265482
0.994961842649597244830761265482
-0.995147413115421256608622605944
0.995147413115421256608622605944
-0.995329509873364773093589884597
0.995329509873364773093589884597
-0.995508132287792536019760679888
0.995508132287792536019760679888
-0.995683279735197008683022439262
0.995683279735197008683022439262
-0.995854951604200554418614093183
0.995854951604200554418614093183
-0.996023147295557573038477418824
0.996023147295557573038477418824
-0.996187866222156595272960816363
0.996187866222156595272960816363
-0.996349107809022335271922069666
0.996349107809022335271922069666
-0.996506871493317701233094162732
0.996506871493317701233094162732
-0.996661156724345764241322169642
0.996661156724345764241322169642
-0.996811962963551685421710662814
0.996811962963551685421710662814
-0.996959289684524601533822132979
0.996959289684524601533822132979
-0.997103136372999469164112142883
0.997103136372999469164112142883
-0.997243502526858867711440027508
0.997243502526858867711440027508
-0.99738038765613476140793975427
0.99738038765613476140793975427
-0.997513791283010220677661662463
0.997513791283010220677661662463
-0.997643712941821103212044134534
0.997643712941821103212044134534
-0.997770152179057695239592365674
0.997770152179057695239592365674
-0.997893108553366313594077083735
0.997893108553366313594077083735
-0.998012581635550869350569769278
0.998012581635550869350569769278
-0.998128571008574394014662360493
0.998128571008574394014662360493
-0.998241076267560529535204122396
0.998241076267560529535204122396
-0.998350097019794983789846497878
0.998350097019794983789846497878
-0.998455632884726953700878202809
0.998455632884726953700878202809
-0.998557683493970518826456183575
0.998557683493970518826456183575
-0.998656248491306009211636415566
0.998656248491306009211636415566
-0.99875132753268135257975232016
0.99875132753268135257975232016
-0.998842920286213407752670960251
0.998842920286213407752670960251
-0.998931026432189293739705949155
0.998931026432189293739705949155
-0.99901564566306772757991370061
0.99901564566306772757991370061
-0.999096777683480389299819382887
0.999096777683480389299819382887
-0.999174422210233340099853215144
0.999174422210233340099853215144
-0.999248578972308531445798157941
0.999248578972308531445798157941
-0.99931924771086546028390300126
0.99931924771086546028390300126
-0.999386428179243052704665039859
0.999386428179243052704665039859
-0.999450120142961901113297536919
0.999450120142961901113297536919
-0.999510323379727048833030286305
0.999510323379727048833030286305
-0.999567037679431629783631475979
0.999567037679431629783631475979
-0.999620262844161863775185272498
0.999620262844161863775185272498
-0.999669998688204245155537648692
0.999669998688204245155537648692
-0.999716245038056372236422904504
0.999716245038056372236422904504
-0.999759001732444010233837509789
0.999759001732444010233837509789
-0.999798268622349227898922482304
0.999798268622349227898922482304
-0.999834045571059085790231797484
0.999834045571059085790231797484
-0.99986633245425450368017288808
0.99986633245425450368017288808
-0.999895129160182746941214442155
0.999895129160182746941214442155
-0.999920435590017727173902119162
0.999920435590017727173902119162
-0.999942251658684207286939625048
0.999942251658684207286939625048
-0.99996057729697649735840562701
0.99996057729697649735840562701
-0.999975412457928955372498703042
0.999975412457928955372498703042
-0.999986757140787405766200710753
0.999986757140787405766200710753
-0.999994611519637592323756112258
0.999994611519637592323756112258
-0.999998977311595530248190001804
0.999998977311595530248190001804