0
-0.00264110023011565556869822345227
0.00264110023011565556869822345227
-0.00528218203743784934974954830187
0.00528218203743784934974954830187
-0.00792322699930162634789098832357
0.00792322699930162634789098832357
-0.0105642166932990442562380411936
0.0105642166932990442562380411936
-0.0132051326974076775595068310019
0.0132051326974076775595068310019
-0.0158459565901191189480932389429
0.0158459565901191189480932389429
-0.0184866699505674771466571972862
0.0184866699505674771466571972862
-0.0211272543586578702608853320745
0.0211272543586578702608853320745
-0.023767691395194913746136402604
0.023767691395194913746136402604
-0.0264079626420112021017115003863
0.0264079626420112021017115003863
-0.0290480496820957833945347367194
0.0290480496820957833945347367194
-0.0316879340997226257160801658957
0.0316879340997226257160801658957
-0.0343275974805790746764369601025
0.0343275974805790746764369601025
-0.0369670214118943010394673718272
0.0369670214118943010394673718272
-0.0396061874825677376030807896396
0.0396061874825677376030807896396
-0.0422450772832975044287222130938
0.0422450772832975044287222130938
-0.0448836724067088215242547416619
0.0448836724067088215242547416619
-0.047521954447482408084503190505
0.047521954447482408084503190505
-0.0501599050024828673938197118981
0.0501599050024828673938197118981
-0.0527975056708870564951323146002
0.0527975056708870564951323146002
-0.0554347380543124397300434336969
0.0554347380543124397300434336969
-0.0580715837569454252546582097064
0.0580715837569454252546582097064
-0.0607080243856696836359408872407
0.0607080243856696836359408872407
-0.0633440415501944476335227394245
0.0633440415501944476335227394245
-0.0659796168631827922720161637226
0.0659796168631827922720161637226
-0.0686147319403798943090270769039
0.0686147319403798943090270769039
-0.0712493684007412702042014606029
0.0712493684007412702042014606029
-0.0738835078665609916947918733398
0.0738835078665609916947918733398
-0.0765171319635998780833859488775
0.0765171319635998780833859488775
-0.0791502223212136643436013433287
0.0791502223212136643436013433287
-0.0817827605724811441497202733649
0.0817827605724811441497202733649
-0.084414728354332286936411704025
0.084414728354332286936411704025
-0.0870461073076763280948703957694
0.0870461073076763280948703957694
-0.0896768790775298314118894053004
0.0896768790775298314118894053004
-0.0923070253131447228585762519774
0.0923070253131447228585762519774
-0.0949365276681362948356228100302
0.0949365276681362948356228100302
-0.0975653678006111799822450648359
0.0975653678006111799822450648359
-0.100193527373295293656121177825
0.100193527373295293656121177825
-0.10282098805366174419187483765
0.10282098805366174419187483765
-0.10544773151405871004587563355
0.10544773151405871004587563355
-0.108073739431837282935359168826
0.108073739431837282935359168826
-0.110698993489479276080106836358
0.110698993489479276080106836358
-0.11332347537472499665516860255
0.11332347537472499665516860255
-0.115947166780700981563361789231
0.115947166780700981563361789231
-0.118570049406047695636534703126
0.118570049406047695636534703126
-0.121192104955047191374846037837
0.121192104955047191374846037837
-0.12381331513775072933357926188
0.12381331513775072933357926188
-0.126433661670106358267285706472
0.126433661670106358267285706472
-0.129053126274086454141330776444
0.129053126274086454141330776444
-0.131671690677815217121204624937
0.131671690677815217121204624937
-0.13428933661569612565025175547
0.13428933661569612565025175547
-0.136906045828539346726773341404
0.136906045828539346726773341404
-0.139521800063689101491761580794
0.139521800063689101491761580794
-0.142136581075150985238837131884
0.142136581075150985238837131884
-0.144750370623719240958278598957
0.144750370623719240958278598957
-0.14736315047710398552735715765
0.14736315047710398552735715765
-0.149974902410058387659519720957
0.149974902410058387659519720957
-0.15258560820450579672530054958
0.15258560820450579672530054958
-0.155195249649666821558183900849
0.155195249649666821558183900849
-0.157803808542186358358989186568
0.157803808542186358358989186568
-0.160411266686260566812705169525
0.160411266686260566812705169525
-0.163017605893763793532060968547
0.163017605893763793532060968547
-0.165622807984375441942489060278
0.165622807984375441942489060278
-0.168226854785706787723509059883
0.168226854785706787723509059883
-0.1708297281334277389219408299
0.1708297281334277389219408299
-0.173431409871393539852741403913
0.173431409871393539852741403913
-0.176031881851771417903652316868
0.176031881851771417903652316868
-0.178631125935167172360242203966
0.178631125935167172360242203966
-0.181229123990751704368333962396
0.181229123990751704368333962396
-0.183825857896387487151216361859
0.183825857896387487151216361859
-0.186421309538754975599456738026
0.186421309538754975599456738026
-0.189015460813478954351554304892
0.189015460813478954351554304892
-0.191608293625254823484102674428
0.191608293625254823484102674428
-0.194199789887974820930565372065
0.194199789887974820930565372065
-0.196789931524854180748209481275
0.196789931524854180748209481275
-0.199378700468557226353190036809
0.199378700468557226353190036809
-0.20196607866132339784423141085
0.20196607866132339784423141085
-0.204552048055093212535811696332
0.204552048055093212535811696332
-0.20713659061163415782222198368
0.20713659061163415782222198368
-0.209719688302666515494344448073
0.209719688302666515494344448073
-0.212301323109989116631471310651
0.212301323109989116631471310651
-0.214881477025605026190971005624
0.214881477025605026190971005624
-0.217460132051847156419098272539
0.217460132051847156419098272539
-0.220037270201503808206741395653
0.220037270201503808206741395653
-0.222612873497944139514402426966
0.222612873497944139514402426966
-0.225186923975243559991214952487
0.225186923975243559991214952487
-0.227759403678309050913318789151
0.227759403678309050913318789151
-0.230330294663004409567431928973
0.230330294663004409567431928973
-0.232899578996275417205987073781
0.232899578996275417205987073781
-0.2354672387562749297007332246
0.2354672387562749297007332246
-0.238033256032487890022242000739
0.238033256032487890022242000739
-0.240597612925856261673303661068
0.240597612925856261673303661068
-0.243160291548903882204749180114
0.243160291548903882204749180114
-0.245721274025861235942792190519
0.245721274025861235942792190519
-0.248280542492790145057548137352
0.248280542492790145057548137352
-0.250838079097708378102957594598
0.250838079097708378102957594598
-0.253393866000714175158916366144
0.253393866000714175158916366144
-0.255947885374110688706996728491
0.255947885374110688706996728491
-0.258500119402530339371731966372
0.258500119402530339371731966372
-0.26105055028305908566003020121
0.26105055028305908566003020121
-0.263599160225360606831883411871
0.263599160225360606831883411871
-0.266145931451800398036143493184
0.266145931451800398036143493184
-0.268690846197569776845749186056
0.268690846197569776845749186056
-0.271233886710809800327405739394
0.271233886710809800327405739394
-0.273775035252735091781343224139
0.273775035252735091781343224139
-0.276314274097757576287409509232
0.276314274097757576287409509232
-0.278851585533610124194390023782
0.278851585533610124194390023782
-0.281386951861470101690088564714
0.281386951861470101690088564714
-0.283920355396082827590351560269
0.283920355396082827590351560269
-0.286451778465884935485872362328
0.286451778465884935485872362328
-0.288981203413127640386272310139
0.288981203413127640386272310139
-0.291508612593999909001621479997
0.291508612593999909001621479997
-0.29403398837875153280223420513
0.29403398837875153280223420513
-0.29655731315181610299825261278
0.29655731315181610299825261278
-0.299078569311933886581215576529
0.299078569311933886581215576529
-0.301597739272274602570500616487
0.301597739272274602570500616487
-0.304114805460560097608222393298
0.304114805460560097608222393298
-0.306629750319186920046873529056
0.306629750319186920046873529056
-0.309142556305348791674701544415
0.309142556305348791674701544415
-0.311653205891158976224529721315
0.311653205891158976224529721315
-0.314161681563772543812449679998
0.314161681563772543812449679998
-0.316667965825508530453539392232
0.316667965825508530453539392232
-0.319172041193971991802492234876
0.319172041193971991802492234876
-0.321673890202175950267780514023
0.321673890202175950267780514023
-0.324173495398663234648720654703
0.324173495398663234648720654703
-0.326670839347628211445556949505
0.326670839347628211445556949505
-0.329165904629038406993436386016
0.329165904629038406993436386016
-0.33165867383875601957190862268
0.33165867383875601957190862268
-0.334149129588659320642352649974
0.334149129588659320642352649974
-0.336637254506763944366505053525
0.336637254506763944366505053525
-0.339123031237344064560044082471
0.339123031237344064560044082471
-0.341606442441053458235968914536
0.341606442441053458235968914536
-0.344087470795046454893304593568
0.344087470795046454893304593568
-0.346566098993098770707460090053
0.346566098993098770707460090053
-0.349042309745728226779369794878
0.349042309745728226779369794878
-0.351516085780315350601357495738
0.351516085780315350601357495738
-0.353987409841223859898476498463
0.353987409841223859898476498463
-0.356456264689921028004900036416
0.356456264689921028004900036416
-0.358922633105097929935762454379
0.358922633105097929935762454379
-0.361386497882789568315683853145
0.361386497882789568315683853145
-0.36384784183649487832604893156
0.36384784183649487832604893156
-0.36630664779729661083395465826
0.36630664779729661083395465826
-0.368762898613981092866591139833
0.368762898613981092866591139833
-0.371216577153157864595675619713
0.371216577153157864595675619713
-0.373667666299379191997420936862
0.373667666299379191997420936862
-0.376116148955259454354386989117
0.376116148955259454354386989117
-0.378562008041594405766436777003
0.378562008041594405766436777003
-0.381005226497480309838897443724
0.381005226497480309838897443724
-0.38344578728043294671691136977
0.38344578728043294671691136977
-0.385883673366506491635852820029
0.385883673366506491635852820029
-0.388318867750412264158581871199
0.388318867750412264158581871199
-0.3907513534456373472712093614
0.3907513534456373472712093614
-0.39318111348456307550995439595
0.39318111348456307550995439595
-0.395608130918583391292589506902
0.395608130918583391292589506902
-0.398032388818223068628887892814
0.398032388818223068628887892814
-0.400453870273255803385412252887
0.400453870273255803385412252887
-0.402872558392822169280915569651
0.402872558392822169280915569651
-0.405288436305547438789560780263
0.405288436305547438789560780263
-0.407701487159659268130108601711
0.407701487159659268130108601711
-0.410111694123105245520170833198
0.410111694123105245520170833198
-0.412519040383670301875580243119
0.412519040383670301875580243119
-0.414923509149093983135887651632
0.414923509149093983135887651632
-0.417325083647187583397962036291
0.417325083647187583397962036291
-0.419723747125951138040640410627
0.419723747125951138040640410627
-0.422119482853690276024350847399
0.422119482853690276024350847399
-0.424512274119132930550614332453
0.424512274119132930550614332453
-0.426902104231545907267319135022
0.426902104231545907267319135022
-0.429288956520851309206655058929
0.429288956520851309206655058929
-0.431672814337742817643594289566
0.431672814337742817643594289566
-0.434053661053801828063810566798
0.434053661053801828063810566798
-0.43643148006161344043093908701
0.43643148006161344043093908701
-0.438806254774882302944095861394
0.438806254774882302944095861394
-0.441177968628548308477597225097
0.441177968628548308477597225097
-0.443546605078902142895847795961
0.443546605078902142895847795961
-0.44591214760370068443739841508
0.44591214760370068443739841508
-0.448274579702282253363214457059
0.448274579702282253363214457059
-0.450633884895681711065239368469
0.450633884895681711065239368469
-0.452990046726745407832388371253
0.452990046726745407832388371253
-0.455343048760245978472162946395
0.455343048760245978472162946395
-0.457692874582996984987137984737
0.457692874582996984987137984737
-0.460039507803967405506640348889
0.460039507803967405506640348889
-0.462382932054395968675010025415
0.462382932054395968675010025415
-0.464723130987905332698913052313
0.464723130987905332698913052313
-0.467060088280616108257258975782
0.467060088280616108257258975782
-0.469393787631260724478364714771
0.469393787631260724478364714771
-0.471724212761297137190101384309
0.471724212761297137190101384309
-0.474051347415022378649860841406
0.474051347415022378649860841406
-0.47637517535968594796228446277
0.47637517535968594796228446277
-0.478695680385603041393807933992
0.478695680385603041393807933992
-0.481012846306267621794192617409
0.481012846306267621794192617409
-0.483326656958465326336336362852
0.483326656958465326336336362852
-0.485637096202386211786784424002
0.485637096202386211786784424002
-0.487944147921737336520494435339
0.487944147921737336520494435339
-0.490247796023855178494548182694
0.490247796023855178494548182694
-0.492548024439817888396647156293
0.492548024439817888396647156293
-0.494844817124557377185378600973
0.494844817124557377185378600973
-0.4971381580569712372403939658
0.4971381580569712372403939658
-0.499428031240034496341802296777
0.499428031240034496341802296777
-0.501714420700911203699247203386
0.501714420700911203699247203386
-0.503997310491065847252307554374
0.503997310491065847252307554374
-0.506276684686374601465039012256
0.506276684686374601465039012256
-0.50855252738723640483865589121
0.50855252738723640483865589121
-0.510824822718683866367540611222
0.510824822718683866367540611222
-0.513093554830494000164961214134
0.513093554830494000164961214134
-0.51535870789729878748607599639
0.51535870789729878748607599639
-0.517620266118695565377008290362
0.517620266118695565377008290362
-0.519878213719357241179983782814
0.519878213719357241179983782814
-0.522132534949142332125737486848
0.522132534949142332125737486848
-0.524383214083204829245617574114
0.524383214083204829245617574114
-0.526630235422103884837038718692
0.526630235422103884837038718692
-0.528873583291913322717168394221
0.528873583291913322717168394221
-0.531113242044330970500965693056
0.531113242044330970500965693056
-0.533349196056787813140933691867
0.533349196056787813140933691867
-0.535581429732556966967193163372
0.535581429732556966967193163372
-0.537809927500862473467737520296
0.537809927500862473467737520296
-0.540034673816987912049986266297
0.540034673816987912049986266297
-0.542255653162384831026016910787
0.542255653162384831026016910787
-0.544472850044780996065123271507
0.544472850044780996065123271507
-0.546686248998288455358621331473
0.546686248998288455358621331473
-0.548895834583511420743102326742
0.548895834583511420743102326742
-0.551101591387653964029616509267
0.551101591387653964029616509267
-0.553303504024627527787560046127
0.553303504024627527787560046127
-0.555501557135158249833331773515
0.555501557135158249833331773515
-0.55769573538689410067512601211
0.55769573538689410067512601211
-0.559886023474511833166532360696
0.559886023474511833166532360696
-0.562072406119823743622923308107
0.562072406119823743622923308107
-0.564254868071884243655925630576
0.564254868071884243655925630576
-0.566433394107096241982591863169
0.566433394107096241982591863169
-0.568607969029317335467213641074
0.568607969029317335467213641074
-0.57077857766996580865504938967
0.57077857766996580865504938967
-0.572945204888126441058574692479
0.572945204888126441058574692479
-0.575107835570656121458204673703
0.575107835570656121458204673703
-0.577266454632289268480783888009
0.577266454632289268480783888009
-0.579421047015743056720490504908
0.579421047015743056720490504908
-0.581571597691822447668157999199
0.581571597691822447668157999199
-0.583718091659525024716379103037
0.583718091659525024716379103037
-0.585860513946145631509123429663
0.585860513946145631509123429663
-0.587998849607380812905971934253
0.587998849607380812905971934253
-0.590133083727433057832448224119
0.590133083727433057832448224119
-0.592263201419114843289308658977
0.592263201419114843289308658977
-0.594389187823952478795040182567
0.594389187823952478795040182567
-0.59651102811228975053720688997
0.59651102811228975053720688997
-0.598628707483391364509683450654
0.598628707483391364509683450654
-0.600742211165546187914215665995
0.600742211165546187914215665995
-0.602851524416170288106155631888
0.602851524416170288106155631888
-0.604956632521909768365631192338
0.604956632521909768365631192338
-0.607057520798743399776826598653
0.607057520798743399776826598653
-0.609154174592085048499473521313
0.609154174592085048499473521313
-0.611246579276885897718078787668
0.611246579276885897718078787668
-0.61333472025773646355584742853
0.61333472025773646355584742853
-0.615418582968968404241696800346
0.615418582968968404241696800346
-0.617498152874756121820199697042
0.617498152874756121820199697042
-0.619573415469218155695741466703
0.619573415469218155695741466703
-0.6216443562765183673036281929
0.6216443562765183673036281929
-0.623710960850966915202339978633
0.623710960850966915202339978633
-0.625773214777121019882585272234
0.625773214777121019882585272234
-0.627831103669885517590278989157
0.627831103669885517590278989157
-0.629884613174613202462038900909
0.629884613174613202462038900909
-0.631933728967204956273271372438
0.631933728967204956273271372438
-0.633978436754209665100399021534
0.633978436754209665100399021534
-0.636018722272923922200269238118
0.636018722272923922200269238118
-0.638054571291491516411273727131
0.638054571291491516411273727131
-0.640085969609002705382205315832
0.640085969609002705382205315832
-0.642112903055593272936379184127
0.642112903055593272936379184127
-0.644135357492543369880051424693
0.644135357492543369880051424693
-0.646153318812376137565678407594
0.646153318812376137565678407594
-0.648166772938956113522075801241
0.648166772938956113522075801241
-0.650175705827587418465056277422
0.650175705827587418465056277422
-0.652180103465111724003649892077
0.652180103465111724003649892077
-0.654179951870006000358540874865
0.654179951870006000358540874865
-0.656175237092480043410889068744
0.656175237092480043410889068744
-0.658165945214573780401243525003
0.658165945214573780401243525003
-0.660152062350254353599799768758
0.660152062350254353599799768758
-0.662133574645512981270800994043
0.662133574645512981270800994043
-0.664110468278461595255436915515
0.664110468278461595255436915515
-0.666082729459429254499152184589
0.666082729459429254499152184589
-0.668050344431058333850839160718
0.668050344431058333850839160718
-0.670013299468400487462957402496
0.670013299468400487462957402496
-0.67197158087901238612319449755
0.67197158087901238612319449755
-0.673925175003051227849859773649
0.673925175003051227849859773649
-0.675874068213370021084784015199
0.675874068213370021084784015199
-0.677818246915612639819084538266
0.677818246915612639819084538266
-0.679757697548308649988745842388
0.679757697548308649988745842388
-0.681692406582967906478561547589
0.681692406582967906478561547589
-0.683622360524174920074583429164
0.683622360524174920074583429164
-0.68554754590968299370682806963
0.68554754590968299370682806963
-0.687467949310508127325600945726
0.687467949310508127325600945726
-0.689383557331022690756411647143
0.689383557331022690756411647143
-0.691294356609048863880072371546
0.691294356609048863880072371546
-0.693200333815951843486194846178
0.693200333815951843486194846178
-0.695101475656732816149928378505
0.695101475656732816149928378505
-0.696997768870121696483413825673
0.696997768870121696483413825673
-0.698889200228669630115064883642
0.698889200228669630115064883642
-0.700775756538841260751429220209
0.700775756538841260751429220209
-0.702657424641106760678027600464
0.702657424641106760678027600464
-0.704534191410033624057219266852
0.704534191410033624057219266852
-0.706406043754378222382796427656
0.706406043754378222382796427656
-0.708272968617177121452669765574
0.708272968617177121452669765574
-0.710134952975838159222670390861
0.710134952975838159222670390861
-0.711991983842231283906161619325
0.711991983842231283906161619325
-0.713844048262779151685826342963
0.713844048262779151685826342963
-0.715691133318547483405672568304
0.715691133318547483405672568304
-0.717533226125335179612980913049
0.717533226125335179612980913049
-0.719370313833764193321603463539
0.719370313833764193321603463539
-0.721202383629369159869713392256
0.721202383629369159869713392256
-0.723029422732686783246799104109
0.723029422732686783246799104109
-0.724851418399344978266395410948
0.724851418399344978266395410948
-0.726668357920151767962747313614
0.726668357920151767962747313614
-0.728480228621183935591309388144
0.728480228621183935591309388144
-0.73028701786387543061469551544
0.73028701786387543061469551544
-0.732088713045105528057409749982
0.732088713045105528057409749982
-0.733885301597286740614409480928
0.733885301597286740614409480928
-0.735676770988452482900276686291
0.735676770988452482900276686291
-0.737463108722344487227502005742
0.737463108722344487227502005742
-0.739244302338499970304119547871
0.739244302338499970304119547871
-0.741020339412338550242667791457
0.741020339412338550242667791457
-0.742791207555248913274193625191
0.742791207555248913274193625191
-0.744556894414675229562762484349
0.744556894414675229562762484349
-0.746317387674203317517687673864
0.746317387674203317517687673864
-0.748072675053646556002446302927
0.748072675053646556002446302927
-0.749822744309131543841007784386
0.749822744309131543841007784386
-0.751567583233183506024063560608
0.751567583233183506024063560608
-0.753307179654811446019413593753
0.753307179654811446019413593753
-0.755041521439593043592536190284
0.755041521439593043592536190284
-0.756770596489759297545142904719
0.756770596489759297545142904719
-0.758494392744278912781299573581
0.758494392744278912781299573581
-0.760212898178942431112477954985
0.760212898178942431112477954985
-0.761926100806446105214689979785
0.761926100806446105214689979785
-0.763633988676475515152648244174
0.763633988676475515152648244174
-0.76533654987578892688769207875
0.76533654987578892688769207875
-0.767033772528300392188018302629
0.767033772528300392188018302629
-0.768725644795162589361559600761
0.768725644795162589361559600761
-0.770412154874849404233661335568
0.770412154874849404233661335568
-0.772093291003238250793519507787
0.772093291003238250793519507787
-0.773769041453692130935158503269
0.773769041453692130935158503269
-0.775439394537141432720547189892
0.775439394537141432720547189892
-0.777104338602165466594275848908
0.777104338602165466594275848908
-0.778763862035073738981044325264
0.778763862035073738981044325264
-0.780417953259986962699043649021
0.780417953259986962699043649021
-0.78206660073891780362414920209
0.78206660073891780362414920209
-0.783709792971851363041683268345
0.783709792971851363041683268345
-0.785347518496825395124348497938
0.785347518496825395124348497938
-0.786979765890010258976781425452
0.786979765890010258976781425452
-0.788606523765788604689026693495
0.788606523765788604689026693495
-0.790227780776834792843088035593
0.790227780776834792843088035593
-0.791843525614194046918571351775
0.791843525614194046918571351775
-0.793453747007361338045298354137
0.793453747007361338045298354137
-0.795058433724360001552636254965
0.795058433724360001552636254965
-0.796657574571820084767159803553
0.796657574571820084767159803553
-0.798251158395056425512136636756
0.798251158395056425512136636756
-0.799839174078146460764205379432
0.799839174078146460764205379432
-0.801421610544007764924498201144
0.801421610544007764924498201144
-0.802998456754475317163345591704
0.802998456754475317163345591704
-0.804569701710378497299590947213
0.804569701710378497299590947213
-0.806135334451617809677436146977
0.806135334451617809677436146977
-0.807695344057241334505636636857
0.807695344057241334505636636857
-0.809249719645520906125765603022
0.809249719645520906125765603022
-0.81079845037402801767817160849
0.81079845037402801767817160849
-0.812341525439709451636162559886
0.812341525439709451636162559886
-0.813878934078962635680861060371
0.813878934078962635680861060371
-0.815410665567710723391092073162
0.815410665567710723391092073162
-0.816936709221477399224583355351
0.816936709221477399224583355351
-0.818457054395461407268682310216
0.818457054395461407268682310216
-0.819971690484610803240719734691
0.819971690484610803240719734691
-0.821480606923696929220081393589
0.821480606923696929220081393589
-0.822983793187388110595982420079
0.822983793187388110595982420079
-0.824481238790323074716877209402
0.824481238790323074716877209402
-0.82597293328718409072937872632
0.82597293328718409072937872632
-0.827458866272769830096505972753
0.827458866272769830096505972753
-0.828939027382067947287026746994
0.828939027382067947287026746994
-0.83041340629032738012961475619
0.83041340629032738012961475619
-0.831881992713130369327495605787
0.831881992713130369327495605787
-0.833344776406464196631215169818
0.833344776406464196631215169818
-0.834801747166792641169126330525
0.834801747166792641169126330525
-0.836252894831127153437156051237
0.836252894831127153437156051237
-0.837698209277097746451384198943
0.837698209277097746451384198943
-0.839137680423023603568938448882
0.839137680423023603568938448882
-0.84057129822798340248468596899
0.84057129822798340248468596899
-0.841999052691885354913182383388
0.841999052691885354913182383388
-0.843420933855536961467321737543
0.843420933855536961467321737543
-0.844836931800714481247117819375
0.844836931800714481247117819375
-0.846247036650232115654037216662
0.846247036650232115654037216662
-0.847651238568010905948297897708
0.847651238568010905948297897708
-0.849049527759147344068543875491
0.849049527759147344068543875491
-0.850441894469981696235306641543
0.850441894469981696235306641543
-0.851828328988166038861667520653
0.851828328988166038861667520653
-0.853208821642732006296541887174
0.853208821642732006296541887174
-0.854583362804158249928016284354
0.854583362804158249928016284354
-0.855951942884437608176182885619
0.855951942884437608176182885619
-0.857314552337143986906932417119
0.857314552337143986906932417119
-0.858671181657498949800186610149
0.858671181657498949800186610149
-0.860021821382438018208074456062
0.860021821382438018208074456062
-0.861366462090676680040582981109
0.861366462090676680040582981109
-0.86270509440277610721824292999
0.86270509440277610721824292999
-0.864037708981208581233442630809
0.864037708981208581233442630809
-0.865364296530422626363999396376
0.865364296530422626363999396376
-0.866684847796907850084657083219
0.866684847796907850084657083219
-0.867999353569259490224220866181
0.867999353569259490224220866181
-0.869307804678242668418085878715
0.869307804678242668418085878715
-0.870610191996856349407965102944
0.870610191996856349407965102944
-0.871906506440397005742673754772
0.871906506440397005742673754772
-0.873196738966521987435882383753
0.873196738966521987435882383753
-0.874480880575312596138808980639
0.874480880575312596138808980639
-0.87575892230933686338788154331
0.87575892230933686338788154331
-0.877030855253712032489466779836
0.877030855253712032489466779836
-0.878296670536166743605827911353
0.878296670536166743605827911353
-0.879556359327102921608544863001
0.879556359327102921608544863001
-0.880809912839657366267703483917
0.880809912839657366267703483917
-0.882057322329763044347236802887
0.882057322329763044347236802887
-0.883298579096210083178880690385
0.883298579096210083178880690385
-0.884533674480706465289288645817
0.884533674480706465289288645817
-0.885762599867938423656935746638
0.885762599867938423656935746638
-0.886985346685630537177530068987
0.886985346685630537177530068987
-0.888201906404605525918741103302
0.888201906404605525918741103302
-0.889412270538843745747148828462
0.889412270538843745747148828462
-0.890616430645542381912414159995
0.890616430645542381912414159995
-0.891814378325174341175771437214
0.891814378325174341175771437214
-0.893006105221546842072046446379
0.893006105221546842072046446379
-0.89419160302185970289650917763
0.89419160302185970289650917763
-0.895370863456763327009979067926
0.895370863456763327009979067926
-0.896543878300416385057711876136
0.896543878300416385057711876136
-0.897710639370543193699711555192
0.897710639370543193699711555192
-0.898871138528490790452227515304
0.898871138528490790452227515304
-0.900025367679285704242317497128
0.900025367679285704242317497128
-0.90117331877169042127947888001
0.90117331877169042127947888001
-0.902314983798259545850476623341
0.902314983798259545850476623341
-0.903450354795395655645624164243
0.903450354795395655645624164243
-0.904579423843404851226904457668
0.904579423843404851226904457668
-0.905702183066551999250451931058
0.905702183066551999250451931058
-0.906818624633115669058052420375
0.906818624633115669058052420375
-0.907928740755442762254457143205
0.907928740755442762254457143205
-0.9090325236900028348894484331
0.9090325236900028348894484331
-0.910129965737442111865739293014
0.910129965737442111865739293014
-0.911221059242637193195935810021
0.911221059242637193195935810021
-0.912305796594748451733941094107
0.912305796594748451733941094107
-0.913384170227273122008331646234
0.913384170227273122008331646234
-0.914456172618098079787391910658
0.914456172618098079787391910658
-0.915521796289552312007650209316
0.915521796289552312007650209316
-0.916581033808459076699919277607
0.916581033808459076699919277607
-0.917633877786187752549007206721
0.917633877786187752549007206721
-0.918680320878705377725429733685
0.918680320878705377725429733685
-0.919720355786627877629622492067
0.919720355786627877629622492067
-0.920753975255270981191322029895
0.920753975255270981191322029895
-0.921781172074700825368957102415
0.921781172074700825368957102415
-0.922801939079784247496066942066
0.922801939079784247496066942066
-0.923816269150238765123940882263
0.923816269150238765123940882263
-0.924824155210682243011853851548
0.924824155210682243011853851548
-0.925825590230682246918454846496
0.925825590230682246918454846496
-0.926820567224805083850050521738
0.926820567224805083850050521738
-0.927809079252664528423713490055
0.927809079252664528423713490055
-0.92879111941897023500533479115
0.92879111941897023500533479115
-0.929766680873575835284932251152
0.929766680873575835284932251152
-0.930735756811526720953721102885
0.930735756811526720953721102885
-0.931698340473107511149650256484
0.931698340473107511149650256484
-0.932654425143889204340306988119
0.932654425143889204340306988119
-0.933604004154776014314294538862
0.933604004154776014314294538862
-0.934547070882051889954391173538
0.934547070882051889954391173538
-0.935483618747426718468005628626
0.935483618747426718468005628626
-0.936413641218082211752652567004
0.936413641218082211752652567004
-0.937337131806717475576382643831
0.937337131806717475576382643831
-0.938254084071594261255315060941
0.938254084071594261255315060941
-0.939164491616581899512636035746
0.939164491616581899512636035746
-0.940068348091201916205644424282
0.940068348091201916205644424282
-0.940965647190672329609645806543
0.940965647190672329609645806543
-0.941856382655951628949718656027
0.941856382655951628949718656027
-0.942740548273782433873600765282
0.942740548273782433873600765282
-0.943618137876734834561170876716
0.943618137876734834561170876716
-0.944489145343249412168229465155
0.944489145343249412168229465155
-0.945353564597679939304513828334
0.945353564597679939304513828334
-0.946211389610335760248116057484
0.946211389610335760248116057484
-0.947062614397523850600708076777
0.947062614397523850600708076777
-0.947907233021590556090215753212
0.947907233021590556090215753212
-0.948745239590963010229824084103
0.948745239590963010229824084103
-0.949576628260190230544437665383
0.949576628260190230544437665383
-0.95040139322998389307796502968
0.95040139322998389307796502968
-0.951219528747258784897042018966
0.951219528747258784897042018966
-0.952031029105172934309058124957
0.952031029105172934309058124957
-0.952835888643167418514600695168
0.952835888643167418514600695168
-0.953634101747005848416685069962
0.953634101747005848416685069962
-0.954425662848813530311394094166
0.954425662848813530311394094166
-0.95521056642711630418680804704
0.95521056642711630418680804704
-0.955988807006879058359365870071
0.955988807006879058359365870071
-0.956760379159543920179060660292
0.956760379159543920179060660292
-0.957525277503068122537136757946
0.957525277503068122537136757946
-0.958283496701961545912222415753
0.958283496701961545912222415753
-0.959035031467323935693101021623
0.959035031467323935693101021623
-0.959779876556881794518595191219
0.959779876556881794518595191219
-0.960518026775024949377311790682
0.960518026775024949377311790682
-0.961249476972842793212272138778
0.961249476972842793212272138778
-0.961974222048160200777730324514
0.961974222048160200777730324514
-0.962692256945573118497763821471
0.962692256945573118497763821471
-0.963403576656483828078504453529
0.963403576656483828078504453529
-0.964108176219135883628164348011
0.964108176219135883628164348011
-0.96480605071864872204130089279
0.96480605071864872204130089279
-0.965497195287051946406056997769
0.965497195287051946406056997769
-0.966181605103319282195408267145
0.966181605103319282195408267145
-0.966859275393402206005747152408
0.966859275393402206005747152408
-0.967530201430263246608435931385
0.967530201430263246608435931385
-0.968194378533908958082265621499
0.968194378533908958082265621499
-0.968851802071422564797066885778
0.968851802071422564797066885778
-0.969502467456996278021031855999
0.969502467456996278021031855999
-0.970146370151963283926622838019
0.970146370151963283926622838019
-0.970783505664829402772265375777
0.970783505664829402772265375777
-0.971413869551304419039349469662
0.971413869551304419039349469662
-0.972037457414333082306394256632
0.972037457414333082306394256632
-0.972654264904125778644568602716
0.972654264904125778644568602716
-0.973264287718188872321103334886
0.973264287718188872321103334886
-0.973867521601354717599480822537
0.973867521601354717599480822537
-0.974463962345811340427644965319
0.974463962345811340427644965319
-0.975053605791131789807840106421
0.975053605791131789807840106421
-0.975636447824303158644061831466
0.975636447824303158644061831466
-0.976212484379755273865487024345
0.976212484379755273865487024345
-0.976781711439389055626646072528
0.976781711439389055626646072528
-0.97734412503260454538750805842
0.97734412503260454538750805842
-0.977899721236328602679071654099
0.977899721236328602679071654099
-0.978448496175042270362492002763
0.978448496175042270362492002763
-0.978990446020807808192229143813
0.978990446020807808192229143813
-0.979525566993295394496178862871
0.979525566993295394496178862871
-0.980053855359809495788244942373
0.980053855359809495788244942373
-0.980575307435314904131335813712
0.980575307435314904131335813712
-0.981089919582462442071322249651
0.981089919582462442071322249651
-0.981597688211614334965080280926
0.981597688211614334965080280926
-0.982098609780869250528369994734
0.982098609780869250528369994734
-0.982592680796087005431972155957
0.982592680796087005431972155957
-0.983079897810912938777227586995
0.983079897810912938777227586995
-0.983560257426801952284907067117
0.983560257426801952284907067117
-0.98403375629304221703419173627
0.98403375629304221703419173627
-0.984500391106778546591476915484
0.984500391106778546591476915484
-0.984960158613035436371739271456
0.984960158613035436371739271456
-0.985413055604739769078344243028
0.985413055604739769078344243028
-0.985859078922743186070436514198
0.985859078922743186070436514198
-0.986298225455844124510473608546
0.986298225455844124510473608546
-0.986730492140809520148058358086
0.986730492140809520148058358086
-0.987155875962396175600032400414
0.987155875962396175600032400414
-0.987574373953371793990848864209
0.987574373953371793990848864209
-0.987985983194535677821594905744
0.987985983194535677821594905744
-0.988390700814739092940740473879
0.988390700814739092940740473879
-0.988788523990905297494817418745
0.988788523990905297494817418745
-0.989179449948049235742866567703
0.989179449948049235742866567703
-0.989563475959296896624731933764
0.989563475959296896624731933764
-0.989940599345904336980256089104
0.989940599345904336980256089104
-0.990310817477276369324292977731
0.990310817477276369324292977731
-0.990674127770984914091394147794
0.990674127770984914091394147794
-0.991030527692787016274277004708
0.991030527692787016274277004708
-0.991380014756642526392041990213
0.991380014756642526392041990213
-0.991722586524731445737935095854
0.991722586524731445737935095854
-0.992058240607470935872711079281
0.992058240607470935872711079281
-0.99238697466353199234891820583
0.99238697466353199234891820583
-0.992708786399855782674427188299
0.992708786399855782674427188299
-0.993023673571669648551192868473
0.993023673571669648551192868473
-0.993331633982502772458751774605
0.993331633982502772458751774605
-0.993632665484201508692842773588
0.993632665484201508692842773588
-0.993926765976944379019754230571
0.993926765976944379019754230571
-0.994213933409256733169096351997
0.994213933409256733169096351997
-0.99449416577802507446499627337
0.99449416577802507446499627337
-0.99476746112851105099258196896
0.99476746112851105099258196896
-0.995033817554365112818829529422
0.995033817554365112818829529422
-0.995293233197639835942074147623
0.995293233197639835942074147623
-0.99554570624880291384301471294
0.99554570624880291384301471294
-0.995791234946749817765759130502
0.995791234946749817765759130502
-0.996029817578816127189247337865
0.996029817578816127189247337865
-0.996261452480789532383149142638
0.996261452480789532383149142638
-0.996486138036921511513885355013
0.996486138036921511513885355013
-0.996703872679938685525761543656
0.996703872679938685525761543656
-0.996914654891053855039794555772
0.996914654891053855039794555772
-0.997118483199976724888965545696
0.997118483199976724888965545696
-0.997315356184924323787714411383
0.997315356184924323787714411383
-0.997505272472631129225663353867
0.997505272472631129225663353867
-0.997688230738358911290547549542
0.997688230738358911290547549542
-0.997864229705906314225605332331
0.997864229705906314225605332331
-0.998033268147618201812514935466
0.998033268147618201812514935466
-0.998195344884394803218800699954
0.998195344884394803218800699954
-0.998350458785700711440139433803
0.998350458785700711440139433803
-0.998498608769573809576672107074
0.998498608769573809576672107074
-0.99863979380263423523971737619
0.99863979380263423523971737619
-0.998774012900093547554496666527
0.998774012900093547554496666527
-0.998901265125764346620754169433
0.998901265125764346620754169433
-0.999021549592070732915751499787
0.999021549592070732915751499787
-0.999134865460060221367556848179
0.999134865460060221367556848179
-0.999241211939418110299731878838
0.999241211939418110299731878838
-0.999340588288485979280659948154
0.999340588288485979280659948154
-0.999432993814287208261408184228
0.999432993814287208261408184228
-0.999518427872564699084419745728
0.999518427872564699084419745728
-0.999596889867840471551807515486
0.999596889867840471551807515486
-0.999668379253516073999203022149
0.999668379253516073999203022149
-0.999732895532053030349924846066
0.999732895532053030349924846066
-0.999790438255320130313364003492
0.999790438255320130313364003492
-0.999841007025315778121838241818
0.999841007025315778121838241818
-0.99988460149581711621358138356
0.99988460149581711621358138356
-0.999921221376615700623017141094
0.999921221376615700623017141094
-0.999950866446249386164639423584
0.999950866446249386164639423584
-0.99997353659990621235876502376
0.99997353659990621235876502376
-0.999989232106466210932508626334
0.999989232106466210932508626334
-0.999997956342583380016154137522
0.999997956342583380016154137522