-0.00122479205823775792084589484813
0.00122479205823775792084589484813
-0.00367436882539353240959967755252
0.00367436882539353240959967755252
-0.00612392354463418216260204838707
0.00612392354463418216260204838707
-0.00857344151749662150161106216205
0.00857344151749662150161106216205
-0.0110229080457382600406175688922
0.0110229080457382600406175688922
-0.0134723084314251989504326502622
0.0134723084314251989504326502622
-0.0159216279770204253709827121135
0.0159216279770204253709827121135
-0.0183708519854720044421049026361
0.0183708519854720044421049026361
-0.0208199657603012684236498160517
0.0208199657603012684236498160517
-0.023268954605691002375715907077
0.023268954605691002375715907077
-0.0257178038265736258698606822612
0.0257178038265736258698606822612
-0.0281664987287193702021575502698
0.0281664987287193702021575502698
-0.0306150246188244505789942041949
0.0306150246188244505789942041949
-0.0330633668045992327465385748534
0.0330633668045992327465385748534
-0.0355115105948563935348317346031
0.0355115105948563935348317346031
-0.0379594412995990747875036462641
0.0379594412995990747875036462641
-0.0404071442301090301481473410588
0.0404071442301090301481473410588
-0.0428546046990347641744299728446
0.0428546046990347641744299728446
-0.0453018080204796632510652330437
0.0453018080204796632510652330437
-0.0477487395100901177728208213095
0.0477487395100901177728208213095
-0.0501953844851436350687870507983
0.0501953844851436350687870507983
-0.0526417282646369425391882236408
0.0526417282646369425391882236408
-0.055087756169374080476077141485
0.055087756169374080476077141485
-0.0575334535220544840393150174608
0.0575334535220544840393150174608
-0.0599788056473610538593041292294
0.0599788056473610538593041292294
-0.0624237978720482147380087975338
0.0624237978720482147380087975338
-0.0648684155250299619198716904474
0.0648684155250299619198716904474
-0.0673126439374678944043070399086
0.0673126439374678944043070399086
-0.0697564684428592347715301136659
0.0697564684428592347715301136659
-0.072199874377124834993563211993
0.072199874377124834993563211993
-0.0746428470786971677023425539639
0.0746428470786971677023425539639
-0.0770853718886083023869376822108
0.0770853718886083023869376822108
-0.0795274341505778659919854473945
0.0795274341505778659919854473945
-0.0819690192111009873895342335556
0.0819690192111009873895342335556
-0.0844101124195362251965908525239
0.0844101124195362251965908525239
-0.0868506991281934784107624690637
0.0868506991281934784107624690637
-0.0892907646924218793364890178219
0.0892907646924218793364890178219
-0.0917302944706976682744678378048
0.0917302944706976682744678378048
-0.0941692738247120494469816794105
0.0941692738247120494469816794105
-0.0966076881194590276319538323078
0.0966076881194590276319538323078
-0.0990455227233232249786698790355
0.0990455227233232249786698790355
-0.10148276300816767747822449837
0.10148276300816767747822449837
-0.103919394349421610561873823592
0.103919394349421610561873823592
-0.106355402126168193300599103005
0.106355402126168193300599103005
-0.108790771721232270679315812728
0.108790771721232270679315812728
-0.111225488521268073419293934038
0.111225488521268073419293934038
-0.113659537916846904822489828703
0.113659537916846904822489828703
-0.116092905302544804111628024897
0.116092905302544804111628024897
-0.118525576077030185740012262692
0.118525576077030185740012262692
-0.120957535643151454145189340875
0.120957535643151454145189340875
-0.123388769408024593420736655097
0.123388769408024593420736655097
-0.125819262783120731380594820237
0.125819262783120731380594820237
-0.128249001184353677490520426459
0.128249001184353677490520426459
-0.13067797003216743414139078782
0.13067797003216743414139078782
-0.133106154751623680739252503541
0.133106154751623680739252503541
-0.135533540772489230087168764156
0.135533540772489230087168764156
-0.137960113529323456534086596824
0.137960113529323456534086596824
-0.14038585846156569536611465504
0.14038585846156569536611465504
-0.142810761013622612915774716825
0.142810761013622612915774716825
-0.145234806634955546864965761224
0.145234806634955546864965761224
-0.147657980780167816217558344458
0.147657980780167816217558344458
-0.150080268909092000417718993345
0.150080268909092000417718993345
-0.152501656486877187090249473522
0.152501656486877187090249473522
-0.154922128984076187879414072456
0.154922128984076187879414072456
-0.157341671876732721862919461056
0.157341671876732721862919461056
-0.159760270646468566017906261842
0.159760270646468566017906261842
-0.162177910780570672216009154783
0.162177910780570672216009154783
-0.164594577772078250224743193042
0.164594577772078250224743193042
-0.167010257119869816192677978633
0.167010257119869816192677978633
-0.169424934328750206096068461264
0.169424934328750206096068461264
-0.171838594909537553624821371158
0.171838594909537553624821371158
-0.174251224379150231985889677048
0.174251224379150231985889677048
-0.176662808260693759102403972762
0.176662808260693759102403972762
-0.17907333208354766568706933828
0.17907333208354766568706933828
-0.181482781383452325668578992802
0.181482781383452325668578992802
-0.18389114170259574845002195668
0.18389114170259574845002195668
-0.186298398589700332478490964797
0.186298398589700332478490964797
-0.188704537600109579605329024688
0.188704537600109579605329024688
-0.191109544295874769716688287033
0.191109544295874769716688287033
-0.1935134042458415951143132927
0.1935134042458415951143132927
-0.195916103025736754126702177778
0.195916103025736754126702177778
-0.198317626218254503431044054713
0.198317626218254503431044054713
-0.200717959413143168566578542076
0.200717959413143168566578542076
-0.203117088207291612120274286363
0.203117088207291612120274286363
-0.20551499820481565906597730492
0.20551499820481565906597730492
-0.207911675017144478738437078094
0.207911675017144478738437078094
-0.21030710426310692292387852956
0.21030710426310692292387852956
-0.212701271569017819549051354809
0.212701271569017819549051354809
-0.215094162568764221450954587505
0.215094162568764221450954587505
-0.217485762903891609709703830163
0.217485762903891609709703830163
-0.219876058223690051027281217795
0.219876058223690051027281217795
-0.222265034185280308635183929177
0.222265034185280308635183929177
-0.224652676453699906214265908509
0.224652676453699906214265908509
-0.227038970701989144310349408863
0.227038970701989144310349408863
-0.229423902611277068729468016195
0.229423902611277068729468016195
-0.231807457870867390396890957151
0.231807457870867390396890957151
-0.234189622178324356164369733713
0.234189622178324356164369733713
-0.236570381239558570050342461096
0.236570381239558570050342461096
-0.238949720768912764398128710532
0.238949720768912764398128710532
-0.241327626489247520437448173861
0.241327626489247520437448173861
-0.243704084132026937734900070297
0.243704084132026937734900070297
-0.246079079437404252019346905697
0.246079079437404252019346905697
-0.248452598154307400868455969124
0.248452598154307400868455969124
-0.250824626040524536742964808708
0.250824626040524536742964808708
-0.253195148862789486855552866874
0.253195148862789486855552866874
-0.255564152396867159361520471965
0.255564152396867159361520471965
-0.257931622427638895358798477351
0.257931622427638895358798477351
-0.260297544749187766185137008202
0.260297544749187766185137008202
-0.262661905164883815500650018397
0.262661905164883815500650018397
-0.265024689487469245644223673462
0.265024689487469245644223673462
-0.267385883539143547752630958085
0.267385883539143547752630958085
-0.269745473151648575131532356557
0.269745473151648575131532356557
-0.27210344416635355936788296947
0.27210344416635355936788296947
-0.274459782434340068673610008073
0.274459782434340068673610008073
-0.276814473816486907950771246866
0.276814473816486907950771246866
-0.279167504183554960068754713079
0.279167504183554960068754713079
-0.281518859416271967844432646694
0.281518859416271967844432646694
-0.283868525405417256216538574424
0.283868525405417256216538574424
-0.286216488051906394105895203405
0.286216488051906394105895203405
-0.288562733266875795453482753203
0.288562733266875795453482753203
-0.290907246971767258928702305895
0.290907246971767258928702305895
-0.29325001509841244580055676118
0.29325001509841244580055676118
-0.295591023589117295464843034667
0.295591023589117295464843034667
-0.297930258396746378120823230265
0.297930258396746378120823230265
-0.300267705484807184091219649862
0.300267705484807184091219649862
-0.302603350827534349279758672881
0.302603350827534349279758672881
-0.304937180409973816260871742599
0.304937180409973816260871742599
-0.307269180228066930496547932989
0.307269180228066930496547932989
-0.309599336288734471175721836983
0.309599336288734471175721836983
-0.311927634609960616171972812146
0.311927634609960616171972812146
-0.314254061220876840615706940391
0.314254061220876840615706940391
-0.316578602161845748577391402224
0.316578602161845748577391402224
-0.31890124348454483735881233069
0.31890124348454483735881233069
-0.321221971252050193889731593258
0.321221971252050193889731593258
-0.32354077153892012272772534896
0.32354077153892012272772534896
-0.325857630431278705159397640685
0.325857630431278705159397640685
-0.328172534026899288901575706189
0.328172534026899288901575706189
-0.330485468435287907901510123662
0.330485468435287907901510123662
-0.332796419777766631735522346046
0.332796419777766631735522346046
-0.335105374187556844105964620196
0.335105374187556844105964620196
-0.337412317809862449936782730008
0.337412317809862449936782730008
-0.339717236801953010568400444034
0.339717236801953010568400444034
-0.342020117333246806553075985542
0.342020117333246806553075985542
-0.344320945585393827552315273647
0.344320945585393827552315273647
-0.346619707752358688838364105586
0.346619707752358688838364105586
-0.348916390040503473902241859749
0.348916390040503473902241859749
-0.351210978668670502671222694039
0.351210978668670502671222694039
-0.353503459868265024839116591932
0.353503459868265024839116591932
-0.355793819883337837813151966497
0.355793819883337837813151966497
-0.358082044970667828781713867942
0.358082044970667828781713867942
-0.360368121399844440407647150292
0.360368121399844440407647150292
-0.362652035453350059652292234768
0.362652035453350059652292234768
-0.364933773426642329235882358684
0.364933773426642329235882358684
-0.367213321628236381240395416331
0.367213321628236381240395416331
-0.369490666379786992361420679662
0.369490666379786992361420679662
-0.371765794016170660316070828809
0.371765794016170660316070828809
-0.374038690885567600914442822716
0.374038690885567600914442822716
-0.376309343349543665302607195622
0.376309343349543665302607195622
-0.378577737783132176885584372962
0.378577737783132176885584372962
-0.380843860574915687439248557523
0.380843860574915687439248557523
-0.383107698127107651920584640577
0.383107698127107651920584640577
-0.385369236855634021486211440259
0.385369236855634021486211440259
-0.387628463190214754229575357743
0.387628463190214754229575357743
-0.389885363574445243147712267888
0.389885363574445243147712267888
-0.392139924465877660848972121931
0.392139924465877660848972121931
-0.394392132336102220513600332638
0.394392132336102220513600332638
-0.39664197367082835261957253395
0.39664197367082835261957253395
-0.398889434969965796946584754677
0.398889434969965796946584754677
-0.401134502747705609371609416129
0.401134502747705609371609416129
-0.403377163532601082969938853619
0.403377163532601082969938853619
-0.405617403867648582936152268575
0.405617403867648582936152268575
-0.407855210310368294839959138387
0.407855210310368294839959138387
-0.410090569432884885732392141976
0.410090569432884885732392141976
-0.412323467822008077618345597393
0.412323467822008077618345597393
-0.414553892079313132811981250244
0.414553892079313132811981250244
-0.416781828821221250692051995393
0.416781828821221250692051995393
-0.419007264679079875374725755894
0.419007264679079875374725755894
-0.421230186299242913822026279412
0.421230186299242913822026279412
-0.423450580343150863904545040169
0.423450580343150863904545040169
-0.425668433487410851937618750533
0.425668433487410851937618750533
-0.427883732423876579210710187533
0.427883732423876579210710187533
-0.430096463859728177030276122514
0.430096463859728177030276122514
-0.432306614517551969796955103617
0.432306614517551969796955103617
-0.434514171135420145638459677444
0.434514171135420145638459677444
-0.436719120466970334120112344891
0.436719120466970334120112344891
-0.438921449281485090555522123293
0.438921449281485090555522123293
-0.441121144363971286440459029487
0.441121144363971286440459029487
-0.443318192515239405533547102676
0.443318192515239405533547102676
-0.445512580551982745107962748782
0.445512580551982745107962748782
-0.44770429530685652189889420591
0.44770429530685652189889420591
-0.449893323628556882272089800089
0.449893323628556882272089800089
-0.452079652381899816139397378318
0.452079652381899816139397378318
-0.454263268447899974147774868614
0.454263268447899974147774868614
-0.456444158723849387668832320693
0.456444158723849387668832320693
-0.458622310123396091116549022825
0.458622310123396091116549022825
-0.460797709576622646121395366536
0.460797709576622646121395366536
-0.462970344030124567089678037937
0.462970344030124567089678037937
-0.465140200447088647677518848762
0.465140200447088647677518848762
-0.467307265807371187709472078323
0.467307265807371187709472078323
-0.469471527107576120072382575888
0.469471527107576120072382575888
-0.471632971361133037115687067859
0.471632971361133037115687067859
-0.473791585598375116089964122077
0.473791585598375116089964122077
-0.475947356866616943156144038803
0.475947356866616943156144038803
-0.478100272230232235498398561013
0.478100272230232235498398561013
-0.480250318770731461074341721747
0.480250318770731461074341721747
-0.482397483586839355536787369816
0.482397483586839355536787369816
-0.484541753794572335861925933479
0.484541753794572335861925933479
-0.486683116527315810219402791037
0.486683116527315810219402791037
-0.488821558935901383620403213962
0.488821558935901383620403213962
-0.490957068188683958880474228418
0.490957068188683958880474228418
-0.493089631471618732434441901128
0.493089631471618732434441901128
-0.495219235988338084541413491664
0.495219235988338084541413491664
-0.497345868960228363418487621677
0.497345868960228363418487621677
-0.499469517626506562842432088482
0.499469517626506562842432088482
-0.501590169244296892759228191946
0.501590169244296892759228191946
-0.503707811088707242442022446025
0.503707811088707242442022446025
-0.505822430452905535738671305627
0.505822430452905535738671305627
-0.507934014648195977950712051904
0.507934014648195977950712051904
-0.510042551004095193886243240768
0.510042551004095193886243240768
-0.512148026868408256629851126334
0.512148026868408256629851126334
-0.514250429607304606573374219417
0.514250429607304606573374219417
-0.516349746605393860251956626967
0.516349746605393860251956626967
-0.518445965265801508530502037702
0.518445965265801508530502037702
-0.520539073010244503686304168019
0.520539073010244503686304168019
-0.522629057279106734934296156722
0.522629057279106734934296156722
-0.524715905531514391942030793044
0.524715905531514391942030793044
-0.526799605245411215882175575997
0.526799605245411215882175575997
-0.528880143917633637570981430065
0.528880143917633637570981430065
-0.530957509063985802241861438748
0.530957509063985802241861438748
-0.533031688219314480503896199338
0.533031688219314480503896199338
-0.535102668937583865035765345488
0.535102668937583865035765345488
-0.537170438791950252566290424484
0.537170438791950252566290424484
-0.539234985374836610693462649679
0.539234985374836610693462649679
-0.54129629629800702909452007095
0.54129629629800702909452007095
-0.543354359192641054680332413317
0.543354359192641054680332413317
-0.545409161709407910248048221828
0.545409161709407910248048221828
-0.547460691518540596186658015171
0.547460691518540596186658015171
-0.549508936309909874790828887214
0.549508936309909874790828887214
-0.551553883793098136739070400408
0.551553883793098136739070400408
-0.553595521697473149292998683625
0.553595521697473149292998683625
-0.555633837772261685775175375202
0.555633837772261685775175375202
-0.557668819786623035883710435538
0.557668819786623035883710435538
-0.55970045552972239640253288823
0.55970045552972239640253288823
-0.561728732810804141866951230125
0.561728732810804141866951230125
-0.563753639459264974744845574591
0.563753639459264974744845574591
-0.565775163324726954694556554302
0.565775163324726954694556554302
-0.567793292277110406461261605748
0.567793292277110406461261605748
-0.569808014206706705974357482929
0.569808014206706705974357482929
-0.571819317024250944209098698143
0.571819317024250944209098698143
-0.573827188660994468376475058875
0.573827188660994468376475058875
-0.575831617068777300006047557182
0.575831617068777300006047557182
-0.577832590220100429487200567312
0.577832590220100429487200567312
-0.579830096108197986635009614
0.579830096108197986635009614
-0.581824122747109286847667883678
0.581824122747109286847667883678
-0.583814658171750752423161159117
0.583814658171750752423161159117
-0.585801690437987708603629960392
0.585801690437987708603629960392
-0.587785207622706053916609366977
0.587785207622706053916609366977
-0.589765197823883804383091272797
0.589765197823883804383091272797
-0.591741649160662511163110683535
0.591741649160662511163110683535
-0.593714549773418551210317099053
0.593714549773418551210317099053
-0.595683887823834290507754028681
0.595683887823834290507754028681
-0.597649651494969119457834258977
0.597649651494969119457834258977
-0.59961182899133036000026562759
0.59961182899133036000026562759
-0.601570408538944044032451748634
0.601570408538944044032451748634
-0.603525378385425562707664379774
0.603525378385425562707664379774
-0.605476726800050186187058914417
0.605476726800050186187058914417
-0.607424442073823453422381819415
0.607424442073823453422381819415
-0.609368512519551431546998714737
0.609368512519551431546998714737
-0.611308926471910844453654202108
0.611308926471910844453654202108
-0.613245672287519070138159489833
0.613245672287519070138159489833
-0.61517873834500400638899132628
0.61517873834500400638899132628
-0.617108113045073804403575740073
0.617108113045073804403575740073
-0.619033784810586469912822586113
0.619033784810586469912822586113
-0.620955742086619331396271908502
0.620955742086619331396271908502
-0.622873973340538374971010649313
0.622873973340538374971010649313
-0.624788467062067445538318251403
0.624788467062067445538318251403
-0.626699211763357313772802219011
0.626699211763357313772802219011
-0.628606195979054608539589707178
0.628606195979054608539589707178
-0.630509408266370614325948705055
0.630509408266370614325948705055
-0.632408837205149933274522354147
0.632408837205149933274522354147
-0.634304471397939011406172395645
0.634304471397939011406172395645
-0.636196299470054528621242666278
0.636196299470054528621242666278
-0.638084310069651652068870954769
0.638084310069651652068870954769
-0.639968491867792152474797386
0.639968491867792152474797386
-0.641848833558512383018939812566
0.641848833558512383018939812566
-0.643725323858891120354831458494
0.643725323858891120354831458494
-0.64559795150911726736384327266
0.64559795150911726736384327266
-0.647466705272557417237943104813
0.647466705272557417237943104813
-0.649331573935823278485575910191
0.649331573935823278485575910191
-0.651192546308838960456083714467
0.651192546308838960456083714467
-0.653049611224908118978921024192
0.653049611224908118978921024192
-0.654902757540780961714760743981
0.654902757540780961714760743981
-0.656751974136721112816427455395
0.656751974136721112816427455395
-0.658597249916572336498439118735
0.658597249916572336498439118735
-0.660438573807825119114784872747
0.660438573807825119114784872747
-0.662275934761683109345415623401
0.662275934761683109345415623401
-0.664109321753129416092775526451
0.664109321753129416092775526451
-0.665938723780992763690556274207
0.665938723780992763690556274207
-0.667764129868013504027712289768
0.667764129868013504027712289768
-0.669585529060909485191633506783
0.669585529060909485191633506783
-0.671402910430441776235233364356
0.671402910430441776235233364356
-0.673216263071480247673572969988
0.673216263071480247673572969988
-0.675025576103069007316508073103
0.675025576103069007316508073103
-0.676830838668491691044713542681
0.676830838668491691044713542681
-0.678632039935336608137310449527
0.678632039935336608137310449527
-0.680429169095561740760193611545
0.680429169095561740760193611545
-0.682222215365559597225032563834
0.682222215365559597225032563834
-0.684011167986221918629796359209
0.684011167986221918629796359209
-0.685796016223004238492532383605
0.685796016223004238492532383605
-0.6875767493659902949910114795
0.6875767493659902949910114795
-0.689353356729956295421736103686
0.689353356729956295421736103686
-0.691125827654435032492694998044
0.691125827654435032492694998044
-0.692894151503779852065136918299
0.692894151503779852065136918299
-0.694658317667228471960527340503
0.694658317667228471960527340503
-0.696418315558966651449745742978
0.696418315558966651449745742978
-0.698174134618191711042477037345
0.698174134618191711042477037345
-0.699925764309175902195648990499
0.699925764309175902195648990499
-0.701673194121329626560668034794
0.701673194121329626560668034794
-0.703416413569264504390108700719
0.703416413569264504390108700719
-0.705155412192856291725417019626
0.705155412192856291725417019626
-0.706890179557307645988095628167
0.706890179557307645988095628167
-0.708620705253210739597747955557
0.708620705253210739597747955557
-0.710346978896609721241270784185
0.710346978896609721241270784185
-0.712068990129063024418398637885
0.712068990129063024418398637885
-0.713786728617705522889719864987
0.713786728617705522889719864987
-0.715500184055310532654202939508
0.715500184055310532654202939508
-0.71720934616035166008419239801
0.71720934616035166008419239801
-0.718914204677064495846756956279
0.718914204677064495846756956279
-0.720614749375508154241197703457
0.720614749375508154241197703457
-0.722310970051626657583451846083
0.722310970051626657583451846083
-0.724002856527310165269057265085
0.724002856527310165269057265085
-0.725690398650456047147275149503
0.725690398650456047147275149503
-0.727373586295029800839902176137
0.727373586295029800839902176137
-0.729052409361125812639240108599
0.729052409361125812639240108599
-0.730726857775027961620629287003
0.730726857775027961620629287003
-0.732396921489270066605893264964
0.732396921489270066605893264964
-0.734062590482696175614984818113
0.734062590482696175614984818113
-0.735723854760520697444068692334
0.735723854760520697444068692334
-0.737380704354388375009223774618
0.737380704354388375009223774618
-0.739033129322434100095896849325
0.739033129322434100095896849325
-0.740681119749342569155191741744
0.740681119749342569155191741744
-0.742324665746407779789031443808
0.742324665746407779789031443808
-0.743963757451592367567186757564
0.743963757451592367567186757564
-0.745598385029586782820123075067
0.745598385029586782820123075067
-0.747228538671868307052577132859
0.747228538671868307052577132859
-0.748854208596759908623737929374
0.748854208596759908623737929374
-0.750475385049488937340870468753
0.750475385049488937340870468753
-0.752092058302245657614187588813
0.752092058302245657614187588813
-0.753704218654241619821743838521
0.753704218654241619821743838521
-0.755311856431767869534096185469
0.755311856431767869534096185469
-0.756914961988252994249449250687
0.756914961988252994249449250687
-0.758513525704321007290977780831
0.758513525704321007290977780831
-0.760107537987849068518996170533
0.760107537987849068518996170533
-0.761696989274025041511624034553
0.761696989274025041511624034553
-0.763281870025404886868578094568
0.763281870025404886868578094568
-0.764862170731969891293703982943
0.764862170731969891293703982943
-0.766437881911183732112846969918
0.766437881911183732112846969918
-0.768008994108049376884648085239
0.768008994108049376884648085239
-0.769575497895165817762841624544
0.769575497895165817762841624544
-0.771137383872784640269621598829
0.771137383872784640269621598829
-0.772694642668866426140638296053
0.772694642668866426140638296053
-0.774247264939136989903181771551
0.774247264939136989903181771551
-0.775795241367143448850106762288
0.775795241367143448850106762288
-0.777338562664310126073053223272
0.777338562664310126073053223272
-0.778877219569994286219518406536
0.778877219569994286219518406536
-0.780411202851541703639340138025
0.780411202851541703639340138025
-0.781940503304342062587156689511
0.781940503304342062587156689511
-0.783465111751884189148416385181
0.783465111751884189148416385181
-0.784985019045811114557519819816
0.784985019045811114557519819816
-0.786500216065974969577689291474
0.786500216065974969577689291474
-0.788010693720491709613173760107
0.788010693720491709613173760107
-0.789516442945795670225413328676
0.789516442945795670225413328676
-0.791017454706693952725804898847
0.791017454706693952725804898847
-0.792513719996420639518730273196
0.792513719996420639518730273196
-0.794005229836690838869529553937
0.794005229836690838869529553937
-0.795491975277754558773126218337
0.795491975277754558773126218337
-0.79697394739845040960003572706
0.79697394739845040960003572706
-0.798451137306259135197516937592
0.798451137306259135197516937592
-0.799923536137356972124654944398
0.799923536137356972124654944398
-0.801391135056668836701195244407
0.801391135056668836701195244407
-0.802853925257921339550982324699
0.802853925257921339550982324699
-0.804311897963695627321890882495
0.804311897963695627321890882495
-0.805765044425480051265174909768
0.805765044425480051265174909768
-0.807213355923722662358198799527
0.807213355923722662358198799527
-0.808656823767883532655555452062
0.808656823767883532655555452062
-0.810095439296486902554619070743
0.810095439296486902554619070743
-0.811529193877173153662624932276
0.811529193877173153662624932276
-0.812958078906750606953414889167
0.812958078906750606953414889167
-0.814382085811247145903035706431
0.814382085811247145903035706431
-0.815801206045961664294427543907
0.815801206045961664294427543907
-0.817215431095515338382491963652
0.817215431095515338382491963652
-0.818624752473902723111882762446
0.818624752473902723111882762446
-0.82002916172454267208091869616
0.82002916172454267208091869616
-0.821428650420329080946074769262
0.821428650420329080946074769262
-0.822823210163681453962568202731
0.822823210163681453962568202731
-0.824212832586595293357616460728
0.824212832586595293357616460728
-0.82559750935069231123400780424
0.82559750935069231123400780424
-0.82697723214727046370268974215
0.82697723214727046370268974215
-0.828351992697353806944147460334
0.828351992697353806944147460334
-0.829721782751742174899412821245
0.829721782751742174899412821245
-0.831086594091060678292614833381
0.831086594091060678292614833381
-0.832446418525809024688054585754
0.832446418525809024688054585754
-0.833801247896410659285861520592
0.833801247896410659285861520592
-0.835151074073261726161363571415
0.835151074073261726161363571415
-0.836495888956779849654381117058
0.836495888956779849654381117058
-0.837835684477452735615733888592
0.837835684477452735615733888592
-0.839170452595886592219330908985
0.839170452595886592219330908985
-0.840500185302854370049296238285
0.840500185302854370049296238285
-0.841824874619343821172667733562
0.841824874619343821172667733562
-0.843144512596605376909292206377
0.843144512596605376909292206377
-0.844459091316199844011628264539
0.844459091316199844011628264539
-0.845768602890045918968257753003
0.845768602890045918968257753003
-0.847073039460467520145998054239
0.847073039460467520145998054239
-0.848372393200240937486600564866
0.848372393200240937486600564866
-0.849666656312641799475115426165
0.849666656312641799475115426165
-0.850955821031491857098099044751
0.850955821031491857098099044751
-0.85223987962120558451093908957
0.85223987962120558451093908957
-0.853518824376836596134671485949
0.853518824376836596134671485949
-0.854792647624123879903765440097
0.854792647624123879903765440097
-0.856061341719537846387455711559
0.856061341719537846387455711559
-0.857324899050326193508306200118
0.857324899050326193508306200118
-0.858583312034559586582795420919
0.858583312034559586582795420919
-0.859836573121177153409822600397
0.859836573121177153409822600397
-0.861084674790031794134142929508
0.861084674790031794134142929508
-0.862327609551935305612851952907
0.862327609551935305612851952907
-0.863565369948703320014152146607
0.863565369948703320014152146607
-0.864797948553200057378749435554
0.864797948553200057378749435554
-0.866025337969382891875343719763
0.866025337969382891875343719763
-0.867247530832346731482795406594
0.867247530832346731482795406594
-0.868464519808368210832669480575
0.868464519808368210832669480575
-0.869676297594949696946979774345
0.869676297594949696946979774345
-0.870882856920863107607078827987
0.870882856920863107607078827987
-0.872084190546193542090763032547
0.872084190546193542090763032547
-0.873280291262382724015788640212
0.873280291262382724015788640212
-0.874471151892272256029121681684
0.874471151892272256029121681684
-0.875656765290146686082373853937
0.875656765290146686082373853937
-0.876837124341776385035007022174
0.876837124341776385035007022174
-0.878012221964460235328021111502
0.878012221964460235328021111502
-0.879182051107068130471973839926
0.879182051107068130471973839926
-0.880346604750083285094315957986
0.880346604750083285094315957986
-0.881505875905644355292162404828
0.881505875905644355292162404828
-0.882659857617587369037758059072
0.882659857617587369037758059072
-0.883808542961487466385036548576
0.883808542961487466385036548576
-0.884951925044700449226811879438
0.884951925044700449226811879438
-0.886089997006404140353285444355
0.886089997006404140353285444355
-0.887222752017639551563695267146
0.887222752017639551563695267146
-0.888350183281351860584080126809
0.888350183281351860584080126809
-0.889472284032431196545278474314
0.889472284032431196545278474314
-0.890589047537753233776430801404
0.890589047537753233776430801404
-0.891700467096219593670404336264
0.891700467096219593670404336264
-0.892806536038798054378710619179
0.892806536038798054378710619179
-0.893907247728562568094639645267
0.893907247728562568094639645267
-0.895002595560733085684488844393
0.895002595560733085684488844393
-0.896092572962715188427921193331
0.896092572962715188427921193331
-0.89717717339413952662964421553
0.89717717339413952662964421553
-0.898256390346901064865760512406
0.898256390346901064865760512406
-0.899330217345198133629300780137
0.899330217345198133629300780137
-0.900398647945571287140611990594
0.900398647945571287140611990594
-0.901461675736941967089436547419
0.901461675736941967089436547419
-0.902519294340650972076682761481
0.902519294340650972076682761481
-0.9035714974104967325250529171
0.9035714974104967325250529171
-0.904618278632773390828862514718
0.904618278632773390828862514718
-0.905659631726308686514552970106
0.905659631726308686514552970106
-0.906695550442501646184570117999
0.906695550442501646184570117999
-0.907726028565360078018452302213
0.907726028565360078018452302213
-0.908751059911537870606144628047
0.908751059911537870606144628047
-0.909770638330372095889730099206
0.909770638330372095889730099206
-0.91078475770391991599094385364
0.91078475770391991599094385364
-0.911793411946995293703013543861
0.911793411946995293703013543861
-0.912796595007205506426547070457
0.912796595007205506426547070457
-0.913794300864987463330368365875
0.913794300864987463330368365875
-0.914786523533643825519382732278
0.914786523533643825519382732278
-0.91577325705937892899273535544
0.91577325705937892899273535544
-0.916754495521334510176710039492
0.916754495521334510176710039492
-0.917730233031625233817999927981
0.917730233031625233817999927981
-0.918700463735374023024167988374
0.918700463735374023024167988374
-0.919665181810747191239302332993
0.919665181810747191239302332993
-0.920624381468989375944060022636
0.920624381468989375944060022636
-0.921578056954458273870482843096
0.921578056954458273870482843096
-0.922526202544659177523159652548
0.922526202544659177523159652548
-0.923468812550279312799502262832
0.923468812550279312799502262832
-0.924405881315221977503095433039
0.924405881315221977503095433039
-0.925337403216640480545276413078
0.925337403216640480545276413078
-0.926263372664971881631295571255
0.926263372664971881631295571255
-0.927183784103970531228606966768
0.927183784103970531228606966768
-0.928098632010741410616036278874
0.928098632010741410616036278874
-0.929007910895773271813773272649
0.929007910895773271813773272649
-0.929911615302971577195336960463
0.929911615302971577195336960463
-0.930809739809691238583863801776
0.930809739809691238583863801776
-0.931702279026769155636272665581
0.931702279026769155636272665581
-0.932589227598556553320064853093
0.932589227598556553320064853093
-0.933470580202951118288723237133
0.933470580202951118288723237133
-0.934346331551428933962881512678
0.934346331551428933962881512678
-0.935216476389076214125642664171
0.935216476389076214125642664171
-0.936081009494620834841635033465
0.936081009494620834841635033465
-0.936939925680463664510604811565
0.936939925680463664510604811565
-0.937793219792709691867555371994
0.937793219792709691867555371994
-0.938640886711198951742656607742
0.938640886711198951742656607742
-0.939482921349537248395361321849
0.939482921349537248395361321849
-0.940319318655126676238380748201
0.940319318655126676238380748201
-0.941150073609195937768387438757
0.941150073609195937768387438757
-0.941975181226830458521531040984
0.941975181226830458521531040984
-0.942794636557002298873070899846
0.942794636557002298873070899846
-0.943608434682599862501648947321
0.943608434682599862501648947321
-0.944416570720457401339946984722
0.944416570720457401339946984722
-0.945219039821384316834694214528
0.945219039821384316834694214528
-0.946015837170194257340213735064
0.946015837170194257340213735064
-0.946806957985734011470920669288
0.946806957985734011470920669288
-0.947592397520912197239409654768
0.947592397520912197239409654768
-0.948372151062727746807995572365
0.948372151062727746807995572365
-0.949146213932298186682798633637
0.949146213932298186682798633637
-0.949914581484887713180693278961
0.949914581484887713180693278961
-0.950677249109935063000669758174
0.950677249109935063000669758174
-0.951434212231081178732387771635
0.951434212231081178732387771635
-0.952185466306196669135933141296
0.952185466306196669135933141296
-0.952931006827409064028021158443
0.952931006827409064028021158443
-0.953670829321129863611124017716
0.953670829321129863611124017716
-0.954404929348081382083234597142
0.954404929348081382083234597142
-0.955133302503323385367214783354
0.955133302503323385367214783354
-0.955855944416279522799913572904
0.955855944416279522799913572904
-0.95657285075076355262247830883
0.95657285075076355262247830883
-0.95728401720500536111452164149
0.95728401720500536111452164149
-0.957989439511676775216047140865
0.957989439511676775216047140865
-0.958689113437917168482277941758
0.958689113437917168482277941758
-0.959383034785358860217775383358
0.959383034785358860217775383358
-0.960071199390152307637478321604
0.960071199390152307637478321604
-0.960753603122991090903538660018
0.960753603122991090903538660018
-0.961430241889136690888074677582
0.961430241889136690888074677582
-0.962101111628443059513210948739
0.962101111628443059513210948739
-0.962766208315380982521022071251
0.962766208315380982521022071251
-0.96342552795906223452724706614
0.96342552795906223452724706614
-0.964079066603263526213892217366
0.964079066603263526213892217366
-0.964726820326450243517092308103
0.964726820326450243517092308103
-0.965368785241799978667853720688
0.965368785241799978667853720688
-0.966004957497225852944557738502
0.966004957497225852944557738502
-0.966635333275399630997358665646
0.966635333275399630997358665646
-0.967259908793774626605869115703
0.967259908793774626605869115703
-0.967878680304608399732784072597
0.967878680304608399732784072597
-0.968491644094985244737356160457
0.968491644094985244737356160457
-0.969098796486838469613897050399
0.969098796486838469613897050399
-0.969700133836972466121744164772
0.969700133836972466121744164772
-0.970295652537084570674397909404
0.970295652537084570674397909404
-0.970885349013786715856802680154
0.970885349013786715856802680154
-0.97146921972862687244101497419
0.97146921972862687244101497419
-0.972047261178110281771774227757
0.972047261178110281771774227757
-0.972619469893720478394766658072
0.972619469893720478394766658072
-0.973185842441940102801649585614
0.973185842441940102801649585614
-0.973746375424271504167183656714
0.973746375424271504167183656714
-0.974301065477257132955103304283
0.974301065477257132955103304283
-0.97484990927249972327064193755
0.97484990927249972327064193755
-0.975392903516682264838918035786
0.975392903516682264838918035786
-0.975930044951587764489681873488
0.975930044951587764489681873488
-0.976461330354118797030220409054
0.976461330354118797030220409054
-0.97698675653631684538952036351
0.97698675653631684538952036351
-0.977506320345381429918097199854
0.977506320345381429918097199854
-0.978020018663689026729211158246
0.978020018663689026729211158246
-0.978527848408811774968511360791
0.978527848408811774968511360791
-0.979029806533535972900476020976
0.979029806533535972900476020976
-0.979525890025880362701351835568
0.979525890025880362701351835568
-0.980016095909114203849639688072
0.980016095909114203849639688072
-0.980500421241775135006527988126
0.980500421241775135006527988126
-0.98097886311768682428004061896
0.98097886311768682428004061896
-0.981451418665976407768045075756
0.981451418665976407768045075756
-0.981918085051091716276659697202
0.981918085051091716276659697202
-0.982378859472818290112008942832
0.982378859472818290112008942832
-0.982833739166296181844704795116
0.982833739166296181844704795116
-0.983282721402036546947883293276
0.983282721402036546947883293276
-0.983725803485938022211101108508
0.983725803485938022211101108508
-0.984162982759302891833901648792
0.984162982759302891833901648792
-0.984594256598853041104397761194
0.984594256598853041104397761194
-0.98501962241674569756979374577
0.98501962241674569756979374577
-0.985439077660588959607389051805
0.985439077660588959607389051805
-0.985852619813457112306276683921
0.985852619813457112306276683921
-0.986260246393905730571679240337
0.986260246393905730571679240337
-0.986661954955986569365664368846
0.986661954955986569365664368846
-0.987057743089262240999860778234
0.987057743089262240999860778234
-0.987447608418820679397769456405
0.987447608418820679397769456405
-0.987831548605289391246348687612
0.987831548605289391246348687612
-0.988209561344849493958765231582
0.988209561344849493958765231582
-0.988581644369249540372570828945
0.988581644369249540372570828945
-0.988947795445819130110110851778
0.988947795445819130110110851778
-0.989308012377482307530733879805
0.989308012377482307530733879805
-0.989662293002770746207387594869
0.989662293002770746207387594869
-0.99001063519583671986350644403
0.99001063519583671986350644403
-0.990353036866465859709779223966
0.990353036866465859709779223966
-0.990689495960089698124502135096
0.990689495960089698124502135096
-0.991020010457797998625862918431
0.991020010457797998625862918431
-0.991344578376350872089772208351
0.991344578376350872089772208351
-0.991663197768190679172891733317
0.991663197768190679172891733317
-0.991975866721453718907469002099
0.991975866721453718907469002099
-0.992282583359981703442677172151
0.992282583359981703442677172151
-0.992583345843333018916628763974
0.992583345843333018916628763974
-0.992878152366793772454397194679
0.992878152366793772454397194679
-0.993167001161388625300634968072
0.993167001161388625300634968072
-0.993449890493891412111218168109
0.993449890493891412111218168109
-0.993726818666835546447401547255
0.993726818666835546447401547255
-0.993997784018524212539034956274
0.993997784018524212539034956274
-0.994262784923040343411489247016
0.994262784923040343411489247016
-0.994521819790256385505376315117
0.994521819790256385505376315117
-0.994774887065843849960611940561
0.994774887065843849960611940561
-0.995021985231282650789052506085
0.995021985231282650789052506085
-0.995263112803870230225697409879
0.995263112803870230225697409879
-0.995498268336730471631043813824
0.995498268336730471631043813824
-0.995727450418822400421573087225
0.995727450418822400421573087225
-0.995950657674948673638143224224
0.995950657674948673638143224224
-0.996167888765763858932107332412
0.996167888765763858932107332412
-0.996379142387782503968218343541
0.996379142387782503968218343541
-0.99658441727338699752805980339
0.99658441727338699752805980339
-0.996783712190835223970139879722
0.996783712190835223970139879722
-0.996977025944268013193714775404
0.996977025944268013193714775404
-0.99716435737371638890587855092
0.99716435737371638890587855092
-0.997345705355108618866081085672
0.997345705355108618866081085672
-0.99752106880027707196530656463
0.99752106880027707196530656463
-0.997690446656964888612848240012
0.997690446656964888612848240012
-0.997853837908832473132740574396
0.997853837908832473132740574396
-0.998011241575463819980892372161
0.998011241575463819980892372161
-0.998162656712372689980631444767
0.998162656712372689980631444767
-0.998308082411008659041120626259
0.998308082411008659041120626259
-0.998447517798763070895922397821
0.998447517798763070895922397821
-0.998580962038974938724497079352
0.998580962038974938724497079352
-0.998708414330936860397435526816
0.998708414330936860397435526816
-0.998829873909901042242790932525
0.998829873909901042242790932525
-0.998945340047085572828069156027
0.998945340047085572828069156027
-0.999054812049681161712057633385
0.999054812049681161712057633385
-0.99915828926085867650689582038
0.99915828926085867650689582038
-0.999255771059778007071470280419
0.999255771059778007071470280419
-0.999347256861599117251726678848
0.999347256861599117251726678848
-0.999432746117496724232764943434
0.999432746117496724232764943434
-0.999512238314681093627522540068
0.999512238314681093627522540068
-0.999585732976429407231071843298
0.999585732976429407231071843298
-0.999653229662136023749285016081
0.999653229662136023749285016081
-0.999714727967397925204273956533
0.999714727967397925204273956533
-0.999770227524169088909612080278
0.999770227524169088909612080278
-0.99981972800105845864181325006
0.99981972800105845864181325006
-0.999863229103950627956466941481
0.999863229103950627956466941481
-0.999900730577423838164063108214
0.999900730577423838164063108214
-0.999932232208393079240855379301
0.999932232208393079240855379301
-0.999957733837061953545402550406
0.999957733837061953545402550406
-0.999977235398130594088304888258
0.999977235398130594088304888258
-0.999990737141910186311870378577
0.999990737141910186311870378577
-0.999998241986259640787279960769
0.999998241986259640787279960769