-0.001615213816113911
0.001615213816113911
-0.004845624592510726
0.004845624592510726
-0.008075984801590417
0.008075984801590417
-0.01130626073239458
0.01130626073239458
-0.01453641867484429
0.01453641867484429
-0.01776642492009194
0.01776642492009194
-0.02099624576087295
0.02099624576087295
-0.0242258474918576
0.0242258474918576
-0.02745519641000268
0.02745519641000268
-0.03068425881490328
0.03068425881490328
-0.03391300100914444
0.03391300100914444
-0.03714138929865282
0.03714138929865282
-0.04036938999304829
0.04036938999304829
-0.04359696940599555
0.04359696940599555
-0.04682409385555565
0.04682409385555565
-0.05005072966453747
0.05005072966453747
-0.05327684316084921
0.05327684316084921
-0.05650240067784973
0.05650240067784973
-0.05972736855469989
0.05972736855469989
-0.06295171313671388
0.06295171313671388
-0.06617540077571034
0.06617540077571034
-0.06939839783036358
0.06939839783036358
-0.07262067066655459
0.07262067066655459
-0.0758421856577221
0.0758421856577221
-0.07906290918521342
0.07906290918521342
-0.08228280763863533
0.08228280763863533
-0.08550184741620479
0.08550184741620479
-0.08871999492509964
0.08871999492509964
-0.09193721658180912
0.09193721658180912
-0.09515347881248434
0.09515347881248434
-0.0983687480532887
0.0983687480532887
-0.1015829907507481
0.1015829907507481
-0.104796173362101
0.104796173362101
-0.1080082623556487
0.1080082623556487
-0.1112192242111052
0.1112192242111052
-0.1144290254199466
0.1144290254199466
-0.1176376324857615
0.1176376324857615
-0.1208450119246
0.1208450119246
-0.1240511302653232
0.1240511302653232
-0.1272559540499529
0.1272559540499529
-0.1304594498340201
0.1304594498340201
-0.1336615841869147
0.1336615841869147
-0.1368623236922337
0.1368623236922337
-0.1400616349481306
0.1400616349481306
-0.1432594845676634
0.1432594845676634
-0.1464558391791433
0.1464558391791433
-0.149650665426483
0.149650665426483
-0.1528439299695446
0.1528439299695446
-0.1560355994844877
0.1560355994844877
-0.1592256406641169
0.1592256406641169
-0.1624140202182298
0.1624140202182298
-0.165600704873964
0.165600704873964
-0.1687856613761446
0.1687856613761446
-0.1719688564876311
0.1719688564876311
-0.1751502569896642
0.1751502569896642
-0.1783298296822126
0.1783298296822126
-0.1815075413843195
0.1815075413843195
-0.1846833589344487
0.1846833589344487
-0.1878572491908306
0.1878572491908306
-0.1910291790318085
0.1910291790318085
-0.1941991153561837
0.1941991153561837
-0.1973670250835611
0.1973670250835611
-0.2005328751546948
0.2005328751546948
-0.2036966325318325
0.2036966325318325
-0.2068582641990608
0.2068582641990608
-0.2100177371626492
0.2100177371626492
-0.2131750184513949
0.2131750184513949
-0.2163300751169667
0.2163300751169667
-0.2194828742342487
0.2194828742342487
-0.2226333829016842
0.2226333829016842
-0.2257815682416188
0.2257815682416188
-0.2289273974006433
0.2289273974006433
-0.2320708375499373
0.2320708375499373
-0.2352118558856109
0.2352118558856109
-0.2383504196290477
0.2383504196290477
-0.2414864960272463
0.2414864960272463
-0.2446200523531628
0.2446200523531628
-0.2477510559060517
0.2477510559060517
-0.2508794740118073
0.2508794740118073
-0.254005274023305
0.254005274023305
-0.2571284233207416
0.2571284233207416
-0.2602488893119758
0.2602488893119758
-0.2633666394328686
0.2633666394328686
-0.2664816411476227
0.2664816411476227
-0.2695938619491224
0.2695938619491224
-0.2727032693592726
0.2727032693592726
-0.2758098309293379
0.2758098309293379
-0.278913514240281
0.278913514240281
-0.2820142869031012
0.2820142869031012
-0.2851121165591724
0.2851121165591724
-0.2882069708805807
0.2882069708805807
-0.2912988175704618
0.2912988175704618
-0.294387624363338
0.294387624363338
-0.2974733590254551
0.2974733590254551
-0.3005559893551184
0.3005559893551184
-0.3036354831830291
0.3036354831830291
-0.3067118083726199
0.3067118083726199
-0.3097849328203903
0.3097849328203903
-0.3128548244562417
0.3128548244562417
-0.315921451243812
0.315921451243812
-0.3189847811808101
0.3189847811808101
-0.3220447822993495
0.3220447822993495
-0.3251014226662823
0.3251014226662823
-0.3281546703835323
0.3281546703835323
-0.3312044935884278
0.3312044935884278
-0.3342508604540341
0.3342508604540341
-0.3372937391894858
0.3372937391894858
-0.3403330980403184
0.3403330980403184
-0.3433689052887998
0.3433689052887998
-0.3464011292542612
0.3464011292542612
-0.3494297382934277
0.3494297382934277
-0.3524547008007487
0.3524547008007487
-0.3554759852087273
0.3554759852087273
-0.3584935599882504
0.3584935599882504
-0.361507393648917
0.361507393648917
-0.3645174547393674
0.3645174547393674
-0.3675237118476111
0.3675237118476111
-0.3705261336013546
0.3705261336013546
-0.3735246886683289
0.3735246886683289
-0.3765193457566167
0.3765193457566167
-0.3795100736149783
0.3795100736149783
-0.3824968410331785
0.3824968410331785
-0.3854796168423116
0.3854796168423116
-0.3884583699151273
0.3884583699151273
-0.391433069166355
0.391433069166355
-0.3944036835530285
0.3944036835530285
-0.39737018207481
0.39737018207481
-0.4003325337743133
0.4003325337743133
-0.4032907077374271
0.4032907077374271
-0.4062446730936376
0.4062446730936376
-0.4091943990163507
0.4091943990163507
-0.4121398547232134
0.4121398547232134
-0.4150810094764354
0.4150810094764354
-0.4180178325831098
0.4180178325831098
-0.4209502933955329
0.4209502933955329
-0.423878361311525
0.423878361311525
-0.4268020057747488
0.4268020057747488
-0.4297211962750288
0.4297211962750288
-0.4326359023486697
0.4326359023486697
-0.4355460935787738
0.4355460935787738
-0.4384517395955592
0.4384517395955592
-0.4413528100766762
0.4413528100766762
-0.4442492747475237
0.4442492747475237
-0.4471411033815655
0.4471411033815655
-0.4500282658006455
0.4500282658006455
-0.4529107318753025
0.4529107318753025
-0.4557884715250849
0.4557884715250849
-0.4586614547188645
0.4586614547188645
-0.4615296514751499
0.4615296514751499
-0.4643930318623992
0.4643930318623992
-0.4672515659993328
0.4672515659993328
-0.4701052240552446
0.4701052240552446
-0.472953976250314
0.472953976250314
-0.4757977928559161
0.4757977928559161
-0.4786366441949322
0.4786366441949322
-0.4814705006420595
0.4814705006420595
-0.4842993326241201
0.4842993326241201
-0.4871231106203699
0.4871231106203699
-0.4899418051628065
0.4899418051628065
-0.4927553868364766
0.4927553868364766
-0.4955638262797832
0.4955638262797832
-0.4983670941847917
0.4983670941847917
-0.5011651612975363
0.5011651612975363
-0.5039579984183245
0.5039579984183245
-0.5067455764020426
0.5067455764020426
-0.5095278661584594
0.5095278661584594
-0.5123048386525297
0.5123048386525297
-0.5150764649046977
0.5150764649046977
-0.517842715991199
0.517842715991199
-0.5206035630443628
0.5206035630443628
-0.5233589772529129
0.5233589772529129
-0.5261089298622684
0.5261089298622684
-0.528853392174844
0.528853392174844
-0.531592335550349
0.531592335550349
-0.5343257314060868
0.5343257314060868
-0.5370535512172526
0.5370535512172526
-0.5397757665172316
0.5397757665172316
-0.5424923488978956
0.5424923488978956
-0.5452032700098996
0.5452032700098996
-0.547908501562978
0.547908501562978
-0.5506080153262393
0.5506080153262393
-0.553301783128461
0.553301783128461
-0.5559897768583835
0.5559897768583835
-0.5586719684650035
0.5586719684650035
-0.5613483299578668
0.5613483299578668
-0.5640188334073602
0.5640188334073602
-0.5666834509450032
0.5666834509450032
-0.5693421547637385
0.5693421547637385
-0.5719949171182226
0.5719949171182226
-0.5746417103251151
0.5746417103251151
-0.5772825067633676
0.5772825067633676
-0.5799172788745119
0.5799172788745119
-0.5825459991629477
0.5825459991629477
-0.5851686401962297
0.5851686401962297
-0.5877851746053532
0.5877851746053532
-0.5903955750850407
0.5903955750850407
-0.5929998143940261
0.5929998143940261
-0.5955978653553391
0.5955978653553391
-0.5981897008565892
0.5981897008565892
-0.6007752938502481
0.6007752938502481
-0.6033546173539324
0.6033546173539324
-0.605927644450685
0.605927644450685
-0.6084943482892558
0.6084943482892558
-0.6110547020843824
0.6110547020843824
-0.613608679117069
0.613608679117069
-0.6161562527348659
0.6161562527348659
-0.618697396352147
0.618697396352147
-0.6212320834503877
0.6212320834503877
-0.6237602875784415
0.6237602875784415
-0.6262819823528158
0.6262819823528158
-0.6287971414579477
0.6287971414579477
-0.6313057386464783
0.6313057386464783
-0.6338077477395264
0.6338077477395264
-0.6363031426269622
0.6363031426269622
-0.6387918972676797
0.6387918972676797
-0.6412739856898679
0.6412739856898679
-0.6437493819912824
0.6437493819912824
-0.6462180603395157
0.6462180603395157
-0.6486799949722664
0.6486799949722664
-0.6511351601976083
0.6511351601976083
-0.6535835303942586
0.6535835303942586
-0.6560250800118449
0.6560250800118449
-0.6584597835711722
0.6584597835711722
-0.6608876156644889
0.6608876156644889
-0.6633085509557513
0.6633085509557513
-0.6657225641808887
0.6657225641808887
-0.6681296301480668
0.6681296301480668
-0.6705297237379504
0.6705297237379504
-0.6729228199039657
0.6729228199039657
-0.6753088936725618
0.6753088936725618
-0.6776879201434711
0.6776879201434711
-0.6800598744899692
0.6800598744899692
-0.6824247319591342
0.6824247319591342
-0.6847824678721047
0.6847824678721047
-0.6871330576243375
0.6871330576243375
-0.6894764766858643
0.6894764766858643
-0.6918127006015477
0.6918127006015477
-0.6941417049913367
0.6941417049913367
-0.6964634655505206
0.6964634655505206
-0.6987779580499829
0.6987779580499829
-0.7010851583364543
0.7010851583364543
-0.7033850423327644
0.7033850423327644
-0.7056775860380933
0.7056775860380933
-0.7079627655282218
0.7079627655282218
-0.7102405569557813
0.7102405569557813
-0.7125109365505026
0.7125109365505026
-0.7147738806194637
0.7147738806194637
-0.7170293655473374
0.7170293655473374
-0.7192773677966376
0.7192773677966376
-0.7215178639079649
0.7215178639079649
-0.7237508305002514
0.7237508305002514
-0.7259762442710049
0.7259762442710049
-0.7281940819965517
0.7281940819965517
-0.7304043205322793
0.7304043205322793
-0.7326069368128779
0.7326069368128779
-0.7348019078525807
0.7348019078525807
-0.7369892107454044
0.7369892107454044
-0.7391688226653878
0.7391688226653878
-0.7413407208668301
0.7413407208668301
-0.7435048826845281
0.7435048826845281
-0.7456612855340134
0.7456612855340134
-0.747809906911787
0.747809906911787
-0.7499507243955553
0.7499507243955553
-0.7520837156444631
0.7520837156444631
-0.7542088583993273
0.7542088583993273
-0.7563261304828692
0.7563261304828692
-0.7584355097999457
0.7584355097999457
-0.7605369743377798
0.7605369743377798
-0.7626305021661907
0.7626305021661907
-0.7647160714378224
0.7647160714378224
-0.7667936603883718
0.7667936603883718
-0.7688632473368155
0.7688632473368155
-0.7709248106856366
0.7709248106856366
-0.7729783289210498
0.7729783289210498
-0.7750237806132256
0.7750237806132256
-0.7770611444165145
0.7770611444165145
-0.7790903990696696
0.7790903990696696
-0.7811115233960682
0.7811115233960682
-0.7831244963039328
0.7831244963039328
-0.7851292967865519
0.7851292967865519
-0.7871259039224981
0.7871259039224981
-0.7891142968758475
0.7891142968758475
-0.7910944548963963
0.7910944548963963
-0.793066357319878
0.793066357319878
-0.7950299835681786
0.7950299835681786
-0.7969853131495514
0.7969853131495514
-0.7989323256588312
0.7989323256588312
-0.8008710007776468
0.8008710007776468
-0.8028013182746332
0.8028013182746332
-0.8047232580056428
0.8047232580056428
-0.8066367999139556
0.8066367999139556
-0.8085419240304884
0.8085419240304884
-0.8104386104740033
0.8104386104740033
-0.8123268394513151
0.8123268394513151
-0.814206591257498
0.814206591257498
-0.816077846276091
0.816077846276091
-0.8179405849793026
0.8179405849793026
-0.8197947879282151
0.8197947879282151
-0.8216404357729867
0.8216404357729867
-0.8234775092530541
0.8234775092530541
-0.8253059891973329
0.8253059891973329
-0.8271258565244183
0.8271258565244183
-0.8289370922427836
0.8289370922427836
-0.8307396774509789
0.8307396774509789
-0.8325335933378279
0.8325335933378279
-0.8343188211826247
0.8343188211826247
-0.8360953423553287
0.8360953423553287
-0.8378631383167593
0.8378631383167593
-0.8396221906187892
0.8396221906187892
-0.8413724809045372
0.8413724809045372
-0.8431139909085594
0.8431139909085594
-0.8448467024570399
0.8448467024570399
-0.8465705974679809
0.8465705974679809
-0.8482856579513907
0.8482856579513907
-0.8499918660094718
0.8499918660094718
-0.8516892038368078
0.8516892038368078
-0.853377653720549
0.853377653720549
-0.8550571980405973
0.8550571980405973
-0.85672781926979
0.85672781926979
-0.858389499974083
0.858389499974083
-0.8600422228127322
0.8600422228127322
-0.8616859705384751
0.8616859705384751
-0.8633207259977104
0.8633207259977104
-0.864946472130677
0.864946472130677
-0.8665631919716322
0.8665631919716322
-0.8681708686490285
0.8681708686490285
-0.86976948538569
0.86976948538569
-0.8713590254989874
0.8713590254989874
-0.8729394724010116
0.8729394724010116
-0.8745108095987478
0.8745108095987478
-0.8760730206942464
0.8760730206942464
-0.8776260893847953
0.8776260893847953
-0.8791699994630891
0.8791699994630891
-0.8807047348173987
0.8807047348173987
-0.8822302794317396
0.8822302794317396
-0.8837466173860383
0.8837466173860383
-0.8852537328562995
0.8852537328562995
-0.8867516101147702
0.8867516101147702
-0.8882402335301044
0.8882402335301044
-0.8897195875675264
0.8897195875675264
-0.8911896567889921
0.8911896567889921
-0.8926504258533512
0.8926504258533512
-0.8941018795165062
0.8941018795165062
-0.8955440026315725
0.8955440026315725
-0.8969767801490355
0.8969767801490355
-0.8984001971169086
0.8984001971169086
-0.8998142386808884
0.8998142386808884
-0.9012188900845103
0.9012188900845103
-0.9026141366693021
0.9026141366693021
-0.9039999638749373
0.9039999638749373
-0.9053763572393868
0.9053763572393868
-0.90674330239907
0.90674330239907
-0.9081007850890044
0.9081007850890044
-0.9094487911429548
0.9094487911429548
-0.9107873064935811
0.9107873064935811
-0.912116317172585
0.912116317172585
-0.9134358093108554
0.9134358093108554
-0.9147457691386141
0.9147457691386141
-0.9160461829855584
0.9160461829855584
-0.9173370372810045
0.9173370372810045
-0.9186183185540289
0.9186183185540289
-0.9198900134336088
0.9198900134336088
-0.921152108648762
0.921152108648762
-0.922404591028685
0.922404591028685
-0.9236474475028908
0.9236474475028908
-0.9248806651013449
0.9248806651013449
-0.9261042309546011
0.9261042309546011
-0.9273181322939356
0.9273181322939356
-0.9285223564514801
0.9285223564514801
-0.9297168908603541
0.9297168908603541
-0.9309017230547962
0.9309017230547962
-0.932076840670294
0.932076840670294
-0.9332422314437133
0.9332422314437133
-0.9343978832134258
0.9343978832134258
-0.9355437839194363
0.9355437839194363
-0.9366799216035084
0.9366799216035084
-0.9378062844092894
0.9378062844092894
-0.9389228605824338
0.9389228605824338
-0.9400296384707262
0.9400296384707262
-0.941126606524203
0.941126606524203
-0.9422137532952725
0.9422137532952725
-0.9432910674388348
0.9432910674388348
-0.9443585377123998
0.9443585377123998
-0.9454161529762049
0.9454161529762049
-0.9464639021933312
0.9464639021933312
-0.9475017744298182
0.9475017744298182
-0.9485297588547787
0.9485297588547787
-0.949547844740511
0.949547844740511
-0.9505560214626115
0.9505560214626115
-0.9515542785000852
0.9515542785000852
-0.9525426054354558
0.9525426054354558
-0.9535209919548738
0.9535209919548738
-0.9544894278482251
0.9544894278482251
-0.9554479030092365
0.9554479030092365
-0.9563964074355821
0.9563964074355821
-0.957334931228987
0.957334931228987
-0.9582634645953309
0.9582634645953309
-0.9591819978447503
0.9591819978447503
-0.9600905213917394
0.9600905213917394
-0.9609890257552506
0.9609890257552506
-0.961877501558793
0.961877501558793
-0.9627559395305303
0.9627559395305303
-0.9636243305033779
0.9636243305033779
-0.964482665415098
0.964482665415098
-0.9653309353083947
0.9653309353083947
-0.9661691313310074
0.9661691313310074
-0.9669972447358027
0.9669972447358027
-0.9678152668808663
0.9678152668808663
-0.9686231892295928
0.9686231892295928
-0.969421003350775
0.969421003350775
-0.9702087009186915
0.9702087009186915
-0.9709862737131944
0.9709862737131944
-0.971753713619794
0.971753713619794
-0.9725110126297443
0.9725110126297443
-0.9732581628401263
0.9732581628401263
-0.9739951564539305
0.9739951564539305
-0.9747219857801382
0.9747219857801382
-0.9754386432338019
0.9754386432338019
-0.9761451213361241
0.9761451213361241
-0.9768414127145359
0.9768414127145359
-0.9775275101027737
0.9775275101027737
-0.9782034063409546
0.9782034063409546
-0.9788690943756519
0.9788690943756519
-0.9795245672599681
0.9795245672599681
-0.9801698181536076
0.9801698181536076
-0.9808048403229483
0.9808048403229483
-0.9814296271411114
0.9814296271411114
-0.9820441720880309
0.9820441720880309
-0.9826484687505217
0.9826484687505217
-0.9832425108223462
0.9832425108223462
-0.9838262921042804
0.9838262921042804
-0.9843998065041785
0.9843998065041785
-0.9849630480370364
0.9849630480370364
-0.9855160108250544
0.9855160108250544
-0.9860586890976981
0.9860586890976981
-0.9865910771917593
0.9865910771917593
-0.9871131695514144
0.9871131695514144
-0.9876249607282828
0.9876249607282828
-0.9881264453814836
0.9881264453814836
-0.9886176182776916
0.9886176182776916
-0.9890984742911914
0.9890984742911914
-0.9895690084039314
0.9895690084039314
-0.9900292157055762
0.9900292157055762
-0.9904790913935573
0.9904790913935573
-0.9909186307731238
0.9909186307731238
-0.9913478292573913
0.9913478292573913
-0.9917666823673894
0.9917666823673894
-0.9921751857321091
0.9921751857321091
-0.9925733350885479
0.9925733350885479
-0.9929611262817546
0.9929611262817546
-0.9933385552648727
0.9933385552648727
-0.9937056180991826
0.9937056180991826
-0.9940623109541429
0.9940623109541429
-0.9944086301074301
0.9944086301074301
-0.9947445719449782
0.9947445719449782
-0.9950701329610158
0.9950701329610158
-0.9953853097581035
0.9953853097581035
-0.995690099047169
0.995690099047169
-0.9959844976475422
0.9959844976475422
-0.996268502486988
0.996268502486988
-0.9965421106017397
0.9965421106017397
-0.9968053191365294
0.9968053191365294
-0.9970581253446194
0.9970581253446194
-0.9973005265878311
0.9973005265878311
-0.9975325203365739
0.9975325203365739
-0.9977541041698733
0.9977541041698733
-0.9979652757753979
0.9979652757753979
-0.9981660329494869
0.9981660329494869
-0.9983563735971769
0.9983563735971769
-0.9985362957322298
0.9985362957322298
-0.9987057974771622
0.9987057974771622
-0.9988648770632773
0.9988648770632773
-0.9990135328307032
0.9990135328307032
-0.9991517632284405
0.9991517632284405
-0.9992795668144278
0.9992795668144278
-0.9993969422556389
0.9993969422556389
-0.9995038883282412
0.9995038883282412
-0.9996004039178721
0.9996004039178721
-0.9996864880201658
0.9996864880201658
-0.9997621397418389
0.9997621397418389
-0.9998273583031636
0.9998273583031636
-0.9998821430443085
0.9998821430443085
-0.9999264934443905
0.9999264934443905
-0.9999604091931453
0.9999604091931453
-0.9999838905754806
0.9999838905754806
-0.9999969425618353
0.9999969425618353