-0.00117530554076777560405187311824
0.00117530554076777560405187311824
-0.00352591012830155482482973519196
0.00352591012830155482482973519196
-0.0058764952338658998671762852155
0.0058764952338658998671762852155
-0.00822704786960079369236487037178
0.00822704786960079369236487037178
-0.0105775550478256271881004042768
0.0105775550478256271881004042768
-0.0129280037811109609512764044268
0.0129280037811109609512764044268
-0.0152783810823502856829256423617
0.0152783810823502856829256423617
-0.0176286739648317807988614413276
0.0176286739648317807988614413276
-0.0199788694423100708595165151926
0.0199788694423100708595165151926
-0.0223289545290779794224982921215
0.0223289545290779794224982921215
-0.0246789162400382799213939069645
0.0246789162400382799213939069645
-0.0270287415907754431743744773999
0.0270287415907754431743744773999
-0.0293784175976273811261669004826
0.0293784175976273811261669004826
-0.0317279312777571864269822183057
0.0317279312777571864269822183057
-0.0340772696492248674520126038464
0.0340772696492248674520126038464
-0.0364264197310590783651342106315
0.0364264197310590783651342106315
-0.0387753685433288438304805124674
0.0387753685433288438304805124674
-0.0411241031072152779755803319944
0.0411241031072152779755803319944
-0.0434726104450832972097865190737
0.0434726104450832972097865190737
-0.0458208775805533265017551918312
0.0458208775805533265017551918312
-0.0481688915385729987197715943656
0.0481688915385729987197715943656
-0.0505166393454888466387569554928
0.0505166393454888466387569554928
-0.052864108029117987217831252221
0.052864108029117987217831252221
-0.0552112846188197977523494897168
0.0552112846188197977523494897168
-0.0575581561455675835043740060861
0.0575581561455675835043740060861
-0.0599047096420202364155923951186
0.0599047096420202364155923951186
-0.0622509321425938845067399129576
0.0622509321425938845067399129576
-0.0645968106835335315676366951981
0.0645968106835335315676366951981
-0.0669423323029846867420037588933
0.0669423323029846867420037588933
-0.0692874840410649836112775990655
0.0692874840410649836112775990655
-0.0716322529399357883817012112739
0.0716322529399357883817012112739
-0.0739766260438737967790295802526
0.0739766260438737967790295802526
-0.0763205903993426192552500692799
0.0763205903993426192552500692799
-0.0786641330550643541117827254184
0.0786641330550643541117827254184
-0.0810072410620911481436922817238
0.0810072410620911481436922817238
-0.0833499014738767444095125885898
0.0833499014738767444095125885898
-0.0856921013463480167313553421906
0.0856921013463480167313553421906
-0.0880338277379764905300482981181
0.0880338277379764905300482981181
-0.0903750677098498496001236623686
0.0903750677098498496001236623686
-0.0927158083257434284295550394136
0.0927158083257434284295550394136
-0.095056036652191689669221187746
0.095056036652191689669221187746
-0.0973957397585596863571568865974
0.0973957397585596863571568865974
-0.0997349047171145085027354530099
0.0997349047171145085027354530099
-0.102073518603096713636013865665
0.102073518603096713636013865665
-0.104411568494791740927560050333
0.104411568494791740927560050333
-0.106749041473601308484172661015
0.106749041473601308484172661015
-0.109085924624114793425996650347
0.109085924624114793425996650347
-0.111422205034180594350633062017
0.111422205034180594350633062017
-0.113757869794977475789938796406
0.113757869794977475789938796406
-0.116092906001085894265311597757
0.116092906001085894265311597757
-0.118427300750559305547357186418
0.118427300750559305547357186418
-0.120761041144995452725939312506
0.120761041144995452725939312506
-0.123094114289607634696719537143
0.123094114289607634696719537143
-0.125426507293295954670401753611
0.125426507293295954670401753611
-0.127758207268718548311006842785
0.127758207268718548311006842785
-0.130089201332362791109615414421
0.130089201332362791109615414421
-0.132419476604616484600131317665
0.132419476604616484600131317665
-0.134749020209839021023735509869
0.134749020209839021023735509869
-0.137077819276432526048818951846
0.137077819276432526048818951846
-0.139405860936912979153304449357
0.139405860936912979153304449357
-0.141733132327981311276390784257
0.141733132327981311276390784257
-0.14405962059059447934687807366
0.14405962059059447934687807366
-0.146385312870036517295361061003
0.146385312870036517295361061003
-0.148710196315989563157706978285
0.148710196315989563157706978285
-0.151034258082604861877366723348
0.151034258082604861877366723348
-0.153357485328573743414202369073
0.153357485328573743414202369073
-0.15567986521719857576765046208
0.15567986521719857576765046208
-0.158001384916463692522179176179
0.158001384916463692522179176179
-0.160322031599106294523138159659
0.160322031599106294523138159659
-0.162641792442687325291242854728
0.162641792442687325291242854728
-0.164960654629662319784080171273
0.164960654629662319784080171273
-0.167278605347452226113169664767
0.167278605347452226113169664767
-0.169595631788514199825263798769
0.169595631788514199825263798769
-0.171911721150412370356722465342
0.171911721150412370356722465342
-0.174226860635888579269950690799
0.174226860635888579269950690799
-0.176541037452933089881044368857
0.176541037452933089881044368857
-0.178854238814855267887946937545
0.178854238814855267887946937545
-0.181166451940354232608580149158
0.181166451940354232608580149158
-0.183477664053589478438574473481
0.183477664053589478438574473481
-0.185787862384251466138389222277
0.185787862384251466138389222277
-0.188097034167632183559779186952
0.188097034167632183559779186952
-0.190405166644695675421733440307
0.190405166644695675421733440307
-0.192712247062148541746182966509
0.192712247062148541746182966509
-0.195018262672510404563946949902
0.195018262672510404563946949902
-0.19732320073418434250156287203
0.19732320073418434250156287203
-0.199627048511527292859823036369
0.199627048511527292859823036369
-0.201929793274920420795019760703
0.201929793274920420795019760703
-0.204231422300839455214083246909
0.204231422300839455214083246909
-0.20653192287192499099498005608
0.20653192287192499099498005608
-0.208831282277052757143926182389
0.208831282277052757143926182389
-0.211129487811403850501156930973
0.211129487811403850501156930973
-0.213426526776534934607186162122
0.213426526776534934607186162122
-0.215722386480448403341679965422
0.215722386480448403341679965422
-0.21801705423766250894726447192
0.21801705423766250894726447192
-0.220310517369281454050784298913
0.220310517369281454050784298913
-0.222602763203065447294727049503
0.222602763203065447294727049503
-0.224893779073500722191730356458
0.224893779073500722191730356458
-0.22718355232186951881529116612
0.22718355232186951881529116612
-0.229472070296320027940002301953
0.229472070296320027940002301953
-0.231759320351936297244848827713
0.231759320351936297244848827713
-0.234045289850808099193306345953
0.234045289850808099193306345953
-0.236329966162100760204195117572
0.236329966162100760204195117572
-0.238613336662124950727457771128
0.238613336662124950727457771128
-0.240895388734406435839244385514
0.240895388734406435839244385514
-0.243176109769755785970906875192
0.243176109769755785970906875192
-0.245455487166338047386724882168
0.245455487166338047386724882168
-0.247733508329742372025407782203
0.247733508329742372025407782203
-0.250010160673051606320641943046
0.250010160673051606320641943046
-0.252285431616911838616179028573
0.252285431616911838616179028573
-0.254559308589601904791189923307
0.254559308589601904791189923307
-0.256831779027102851711839755704
0.256831779027102851711839755704
-0.259102830373167358125272524434
0.259102830373167358125272524434
-0.261372450079389112612428978474
0.261372450079389112612428978474
-0.2636406256052721482163586678
0.2636406256052721482163586678
-0.265907344418300133362926465515
0.265907344418300133362926465515
-0.268172593994005618691055363114
0.268172593994005618691055363114
-0.270436361816039239409890956825
0.270436361816039239409890956825
-0.272698635376238872800518773345
0.272698635376238872800518773345
-0.274959402174698750480113426355
0.274959402174698750480113426355
-0.277218649719838525046648549679
0.277218649719838525046648549679
-0.27947636552847229072254851734
0.27947636552847229072254851734
-0.281732537125877557615917133815
0.281732537125877557615917133815
-0.283987152045864179218234757987
0.283987152045864179218234757987
-0.286240197830843232757673710224
0.286240197830843232757673710224
-0.288491662031895852027442302373
0.288491662031895852027442302373
-0.290741532208842012308830423621
0.290741532208842012308830423621
-0.292989795930309267008894309848
0.292989795930309267008894309848
-0.295236440773801435632984918722
0.295236440773801435632984918722
-0.297481454325767242712593225978
0.297481454325767242712593225978
-0.299724824181668907309256748436
0.299724824181668907309256748436
-0.301966537946050682715544685098
0.301966537946050682715544685098
-0.304206583232607345974414247331
0.304206583232607345974414247331
-0.306444947664252636838508021404
0.306444947664252636838508021404
-0.308681618873187645791241569845
0.308681618873187645791241569845
-0.310916584500969150751811930689
0.310916584500969150751811930689
-0.313149832198577902086541214183
0.313149832198577902086541214183
-0.31538134962648685554925512333
0.31538134962648685554925512333
-0.317611124454729352773683936129
0.317611124454729352773683936129
-0.319839144362967248941163282061
0.319839144362967248941163282061
-0.322065397040558987247203921523
0.322065397040558987247203921523
-0.324289870186627619790793693053
0.324289870186627619790793693053
-0.326512551510128774510590827553
0.326512551510128774510590827553
-0.328733428729918567792465939807
0.328733428729918567792465939807
-0.330952489574821462373150193657
0.330952489574821462373150193657
-0.333169721783698070165049396639
0.333169721783698070165049396639
-0.335385113105512899627588110981
0.335385113105512899627588110981
-0.337598651299402047310754269005
0.337598651299402047310754269005
-0.339810324134740833196823250392
0.339810324134740833196823250392
-0.3420201193912113794665509148
0.3420201193912113794665509148
-0.344228024858870132316437684276
0.344228024858870132316437684276
-0.346434028338215326453980433956
0.346434028338215326453980433956
-0.348638117640254391898145675082
0.348638117640254391898145675082
-0.350840280586571302712616299557
0.350840280586571302712616299557
-0.353040505009393867299684998339
0.353040505009393867299684998339
-0.355238778751660959882990365224
0.355238778751660959882990365224
-0.35743508966708969280761665117
0.35743508966708969280761665117
-0.359629425620242529286405140463
0.359629425620242529286405140463
-0.361821774486594336221654176928
0.361821774486594336221654176928
-0.364012124152599376731715974249
0.364012124152599376731715974249
-0.366200462515758242012331497398
0.366200462515758242012331497398
-0.368386777484684722162879900401
0.368386777484684722162879900401
-0.370571056979172615608056247282
0.370571056979172615608056247282
-0.372753288930262476745830526218
0.372753288930262476745830526218
-0.374933461280308301452882289782
0.374933461280308301452882289782
-0.377111561983044150079048614808
0.377111561983044150079048614808
-0.379287579003650707562668471914
0.379287579003650707562668471914
-0.381461500318821780299054025274
0.381461500318821780299054025274
-0.383633313916830729394668845787
0.383633313916830729394668845787
-0.385803007797596839939944513513
0.385803007797596839939944513513
-0.387970569972751625934020606137
0.387970569972751625934020606137
-0.390135988465705070495048617394
0.390135988465705070495048617394
-0.392299251311711800990057920762
0.392299251311711800990057920762
-0.394460346557937198718741487478
0.394460346557937198718741487478
-0.396619262263523442785880681926
0.396619262263523442785880681926
-0.398775986499655487797492089798
0.398775986499655487797492089798
-0.400930507349626975016144983049
0.400930507349626975016144983049
-0.403082812908906076611265688608
0.403082812908906076611265688608
-0.405232891285201272640614802951
0.405232891285201272640614802951
-0.407380730598527060399494880043
0.407380730598527060399494880043
-0.409526318981269595774619913671
0.409526318981269595774619913671
-0.411669644578252266239953634834
0.411669644578252266239953634834
-0.413810695546801195132201348469
0.413810695546801195132201348469
-0.415949460056810676844019739376
0.415949460056810676844019739376
-0.418085926290808542573390782596
0.418085926290808542573390782596
-0.420220082444021456267989596592
0.420220082444021456267989596592
-0.422351916724440140403761776329
0.422351916724440140403761776329
-0.424481417352884531237313435493
0.424481417352884531237313435493
-0.426608572563068863172106870643
0.426608572563068863172106870643
-0.428733370601666681878846432721
0.428733370601666681878846432721
-0.430855799728375785810832851087
0.430855799728375785810832851087
-0.432975848215983095755459899746
0.432975848215983095755459899746
-0.435093504350429452063424922601
0.435093504350429452063424922601
-0.437208756430874339197624342223
0.437208756430874339197624342223
-0.439321592769760537244106862464
0.439321592769760537244106862464
-0.44143200169287870002786063717
0.44143200169287870002786063717
-0.443539971539431859476616212883
0.443539971539431859476616212883
-0.445645490662099855876254560743
0.445645490662099855876254560743
-0.447748547427103693661818989259
0.447748547427103693661818989259
-0.449849130214269822388541173263
0.449849130214269822388541173263
-0.451947227417094342527704942696
0.451947227417094342527704942696
-0.454042827442807135732586845676
0.454042827442807135732586845676
-0.456135918712435919220129831372
0.456135918712435919220129831372
-0.458226489660870223914425687051
0.458226489660870223914425687051
-0.460314528736925295998503108176
0.460314528736925295998503108176
-0.462400024403405921521341478096
0.462400024403405921521341478096
-0.464482965137170173707455582501
0.464482965137170173707455582501
-0.466563339429193082616823580933
0.466563339429193082616823580933
-0.468641135784630226803359601007
0.468641135784630226803359601007
-0.47071634272288124662056330814
0.47071634272288124662056330814
-0.472788948777653278823411732178
0.472788948777653278823411732178
-0.474858942497024312115993499965
0.474858942497024312115993499965
-0.476926312443506463294822427152
0.476926312443506463294822427152
-0.478991047194109173638206161103
0.478991047194109173638206161103
-0.481053135340402325192486237005
0.481053135340402325192486237005
-0.483112565488579276606408509051
0.483112565488579276606408509051
-0.485169326259519818165327445095
0.485169326259519818165327445095
-0.487223406288853045677394224342
0.487223406288853045677394224342
-0.489274794227020152864326950628
0.489274794227020152864326950628
-0.491323478739337141909811586538
0.491323478739337141909811586538
-0.493369448506057451819034423164
0.493369448506057451819034423164
-0.495412692222434504243301024562
0.495412692222434504243301024562
-0.497453198598784166424152622115
0.497453198598784166424152622115
-0.499490956360547130911848879751
0.499490956360547130911848879751
-0.501525954248351211713545803648
0.501525954248351211713545803648
-0.503558181018073556526959327208
0.503558181018073556526959327208
-0.505587625440902774715768761056
0.505587625440902774715768761056
-0.507614276303400980683479856207
0.507614276303400980683479856207
-0.509638122407565752302934683601
0.509638122407565752302934683601
-0.511659152570892004059124882494
0.511659152570892004059124882494
-0.513677355626433774563436070993
0.513677355626433774563436070993
-0.515692720422865928097924341871
0.515692720422865928097924341871
-0.517705235824545769848700782929
0.517705235824545769848700782929
-0.519714890711574574487976861098
0.519714890711574574487976861098
-0.52172167397985902776480229044
0.52172167397985902776480229044
-0.52372557454117258076500766368
0.52372557454117258076500766368
-0.525726581323216716501346662133
0.525726581323216716501346662133
-0.527724683269682128495317067262
0.527724683269682128495317067262
-0.529719869340309811012626075942
0.529719869340309811012626075942
-0.531712128510952060614753568091
0.531712128510952060614753568091
-0.533701449773633388689556986998
0.533701449773633388689556986998
-0.535687822136611344624353366701
0.535687822136611344624353366701
-0.537671234624437249285407774444
0.537671234624437249285407774444
-0.539651676278016838468253026834
0.539651676278016838468253026834
-0.54162913615467081598376298307
0.54162913615467081598376298307
-0.54360360332819531604540101483
0.54360360332819531604540101483
-0.54557506688892227462356639725
0.54557506688892227462356639725
-0.547543515943779709433464356221
0.547543515943779709433464356221
-0.549508939616351908223430341086
0.549508939616351908223430341086
-0.551471327046939525031145766084
0.551471327046939525031145766084
-0.553430667392619584075690975601
0.553430667392619584075690975601
-0.555386949827305390953891534818
0.555386949827305390953891534818
-0.557340163541806350809926125674
0.557340163541806350809926125674
-0.559290297743887693147678335579
0.559290297743887693147678335579
-0.561237341658330102955830459961
0.561237341658330102955830459961
-0.563181284526989257816215096826
0.563181284526989257816215096826
-0.565122115608855270666459789116
0.565122115608855270666459789116
-0.567059824180112037888481265887
0.567059824180112037888481265887
-0.568994399534196492394908943366
0.568994399534196492394908943366
-0.570925830981857761386042268856
0.570925830981857761386042268856
-0.572854107851216228450473221339
0.572854107851216228450473221339
-0.574779219487822499683033819608
0.574779219487822499683033819608
-0.576701155254716273494258828847
0.576701155254716273494258828847
-0.578619904532485113786085996935
0.578619904532485113786085996935
-0.58053545671932312616905008936
0.58053545671932312616905008936
-0.582447801231089536896762723569
0.582447801231089536896762723569
-0.584356927501367174194007526908
0.584356927501367174194007526908
-0.586262824981520851655319454008
0.586262824981520851655319454008
-0.588165483140755653391458196635
0.588165483140755653391458196635
-0.590064891466175120601728498555
0.590064891466175120601728498555
-0.591961039462839339250644847019
0.591961039462839339250644847019
-0.593853916653822928527984447822
0.593853916653822928527984447822
-0.595743512580272929771820599794
0.595743512580272929771820599794
-0.597629816801466595534678563718
0.597629816801466595534678563718
-0.599512818894869078473507767227
0.599512818894869078473507767227
-0.601392508456191019744717698058
0.601392508456191019744717698058
-0.603268875099446036586080110071
0.603268875099446036586080110071
-0.605141908457008108767857196659
0.605141908457008108767857196659
-0.607011598179668863596074171453
0.607011598179668863596074171453
-0.608877933936694759151415233526
0.608877933936694759151415233526
-0.61074090541588416544778418045
0.61074090541588416544778418045
-0.612600502323624343195134964572
0.612600502323624343195134964572
-0.614456714384948319851743262467
0.614456714384948319851743262467
-0.616309531343591662651657641776
0.616309531343591662651657641776
-0.618158942962049148293638160183
0.618158942962049148293638160183
-0.62000493902163132897846121521
0.62000493902163132897846121521
-0.621847509322520994482042177438
0.621847509322520994482042177438
-0.623686643683829529952401780742
0.623686643683829529952401780742
-0.625522331943653169119078407803
0.625522331943653169119078407803
-0.627354563959129142604166294451
0.627354563959129142604166294451
-0.629183329606491721024739279099
0.629183329606491721024739279099
-0.63100861878112815257700104041
0.63100861878112815257700104041
-0.632830421397634494793085794193
0.632830421397634494793085794193
-0.634648727389871340162018156171
0.634648727389871340162018156171
-0.636463526711019435306927317407
0.636463526711019435306927317407
-0.63827480933363519341119882063
0.63827480933363519341119882063
-0.6400825652497060995868370652
0.6400825652497060995868370652
-0.641886784470706008878903202695
0.641886784470706008878903202695
-0.643687457027650336600486310919
0.643687457027650336600486310919
-0.645484572971151140693260648126
0.645484572971151140693260648126
-0.647278122371472095809278388218
0.647278122371472095809278388218
-0.649068095318583358810245518309
0.649068095318583358810245518309
-0.650854481922216325381128539001
0.650854481922216325381128539001
-0.652637272311918277455541241704
0.652637272311918277455541241704
-0.65441645663710692115096414304
0.65441645663710692115096414304
-0.656192025067124814912454130451
0.656192025067124814912454130451
-0.657963967791293687564108512216
0.657963967791293687564108512216
-0.659732275018968645968155965882
0.659732275018968645968155965882
-0.661496936979592271992156838202
0.661496936979592271992156838202
-0.663257943922748608485406863725
0.663257943922748608485406863725
-0.665015286118217033966251634798
0.665015286118217033966251634798
-0.666768953856026025722634069529
0.666768953856026025722634069529
-0.668518937446506811028813682845
0.668518937446506811028813682845
-0.670265227220346906181814665714
0.670265227220346906181814665714
-0.672007813528643543061779615535
0.672007813528643543061779615535
-0.673746686742956982921027233118
0.673746686742956982921027233118
-0.675481837255363717107235405239
0.675481837255363717107235405239
-0.677213255478509554426795822951
0.677213255478509554426795822951
-0.678940931845662594855012641256
0.678940931845662594855012641256
-0.680664856810766089300445661862
0.680664856810766089300445661862
-0.682385020848491185131328114227
0.682385020848491185131328114227
-0.684101414454289557172620317284
0.684101414454289557172620317284
-0.685814028144445923882893321787
0.685814028144445923882893321787
-0.687522852456130448420871057579
0.687522852456130448420871057579
-0.689227877947451024312095537714
0.689227877947451024312095537714
-0.690929095197505445426817298844
0.690929095197505445426817298844
-0.692626494806433459980852480974
0.692626494806433459980852480974
-0.694320067395468708271788766175
0.694320067395468708271788766175
-0.696009803606990543863564801461
0.696009803606990543863564801461
-0.697695694104575737933091722379
0.697695694104575737933091722379
-0.69937772957305006649323096723
0.69937772957305006649323096723
-0.701055900718539780207089723756
0.701055900718539780207089723756
-0.702730198268522956509244076997
0.702730198268522956509244076997
-0.704400612971880733750150225249
0.704400612971880733750150225249
-0.70606713559894842708065599703
0.70606713559894842708065599703
-0.707729756941566525794178332154
0.707729756941566525794178332154
-0.7093884678131315718447673807
0.7093884678131315718447673807
-0.711043259048646919259934421348
0.711043259048646919259934421348
-0.712694121504773374167778901509
0.712694121504773374167778901509
-0.714341046059879715158609552318
0.714341046059879715158609552318
-0.71598402361409309370191572825
0.71598402361409309370191572825
-0.717623045089349314340207860142
0.717623045089349314340207860142
-0.719258101429442994381910188202
0.719258101429442994381910188202
-0.720889183600077602816154754369
0.720889183600077602816154754369
-0.722516282588915378172992977579
0.722516282588915378172992977579
-0.72413938940562712505321000734
0.72413938940562712505321000734
-0.725758495081941889052597446867
0.725758495081941889052597446867
-0.727373590671696509806211953128
0.727373590671696509806211953128
-0.728984667250885051878820653854
0.728984667250885051878820653854
-0.730591715917708113228409267079
0.730591715917708113228409267079
-0.732194727792622010970305263434
0.732194727792622010970305263434
-0.733793694018387844170146371433
0.733793694018387844170146371433
-0.73538860576012043339460418765
0.73538860576012043339460418765
-0.736979454205337136749453613235
0.736979454205337136749453613235
-0.738566230564006542135261291836
0.738566230564006542135261291836
-0.740148926068597035451650168038
0.740148926068597035451650168038
-0.741727531974125244481782715954
0.741727531974125244481782715954
-0.743302039558204358189392300973
0.743302039558204358189392300973
-0.744872440121092321161380529994
0.744872440121092321161380529994
-0.746438724985739902929688312983
0.746438724985739902929688312983
-0.748000885497838641906839697573
0.748000885497838641906839697573
-0.749558913025868663670250344854
0.749558913025868663670250344854
-0.751112798961146373331086784657
0.751112798961146373331086784657
-0.752662534717872021724158318679
0.752662534717872021724158318679
-0.754208111733177145156020625851
0.754208111733177145156020625851
-0.755749521467171878449168762667
0.755749521467171878449168762667
-0.757286755402992141020897337739
0.757286755402992141020897337739
-0.75881980504684669573610717096
0.75881980504684669573610717096
-0.76034866192806408027404071925
0.76034866192806408027404071925
-0.76187331759913941074963295927
0.76187331759913941074963295927
-0.763393763635781057330870258599
0.763393763635781057330870258599
-0.764909991636957191594257036981
0.764909991636957191594257036981
-0.766421993224942205361198714286
0.766421993224942205361198714286
-0.76792976004536300075881955804
0.76792976004536300075881955804
-0.769433283767245151249445576653
0.769433283767245151249445576653
-0.770932556083058933373695551078
0.770932556083058933373695551078
-0.772427568708765228952837653461
0.772427568708765228952837653461
-0.773918313383861297496784862556
0.773918313383861297496784862556
-0.775404781871426418564819548266
0.775404781871426418564819548266
-0.776886965958167403826856157705
0.776886965958167403826856157705
-0.778364857454463978573770888652
0.778364857454463978573770888652
-0.779838448194414032426048579236
0.779838448194414032426048579236
-0.781307730035878738990719771174
0.781307730035878738990719771174
-0.782772694860527544217285013834
0.782772694860527544217285013834
-0.784233334573883023204048963881
0.784233334573883023204048963881
-0.78568964110536560520701369624
0.78568964110536560520701369624
-0.787141606408338166604208872558
0.787141606408338166604208872558
-0.788589222460150491569066009257
0.788589222460150491569066009257
-0.790032481262183600207175044608
0.790032481262183600207175044608
-0.791471374839893943911493718987
0.791471374839893943911493718987
-0.792905895242857467691813950534
0.792905895242857467691813950534
-0.794336034544813539235024405808
0.794336034544813539235024405808
-0.795761784843708744453444827593
0.795761784843708744453444827593
-0.797183138261740549279245385798
0.797183138261740549279245385798
-0.798600086945400827463703358182
0.798600086945400827463703358182
-0.800012623065519254140789821523
0.800012623065519254140789821523
-0.801420738817306564915320736545
0.801420738817306564915320736545
-0.80282442642039768023664983754
0.80282442642039768023664983754
-0.804223678118894694819625085854
0.804223678118894694819625085854
-0.805618486181409731875276111298
0.805618486181409731875276111298
-0.807008842901107661914447042924
0.807008842901107661914447042924
-0.808394740595748685888337416261
0.808394740595748685888337416261
-0.809776171607730782430663434106
0.809776171607730782430663434106
-0.811153128304132018966902747904
0.811153128304132018966902747904
-0.812525603076752726456838112746
0.812525603076752726456838112746
-0.813893588342157537537368746705
0.813893588342157537537368746705
-0.815257076541717287833312990562
0.815257076541717287833312990562
-0.816616060141650780204681912758
0.816616060141650780204681912758
-0.817970531633066411699660832459
0.817970531633066411699660832459
-0.819320483532003662983294336732
0.819320483532003662983294336732
-0.820665908379474450012630241897
0.820665908379474450012630241897
-0.822006798741504337729839089796
0.822006798741504337729839089796
-0.823343147209173615545588173002
0.823343147209173615545588173002
-0.824674946398658234385712744446
0.824674946398658234385712744446
-0.826002188951270605074991982545
0.826002188951270605074991982545
-0.827324867533500257832603448325
0.827324867533500257832603448325
-0.828642974837054362654597182044
0.828642974837054362654597182044
-0.829956503578898110359499239237
0.829956503578898110359499239237
-0.831265446501294954073924355624
0.831265446501294954073924355624
-0.832569796371846710935848552709
0.832569796371846710935848552709
-0.833869545983533523793964846946
0.833869545983533523793964846946
-0.835164688154753682682318800688
0.835164688154753682682318800688
-0.836455215729363305850195448596
0.836455215729363305850195448596
-0.837741121576715880128005144456
0.837741121576715880128005144456
-0.839022398591701660410693096085
0.839022398591701660410693096085
-0.840299039694786928040975786036
0.840299039694786928040975786036
-0.841571037832053107875487108708
0.841571037832053107875487108708
-0.842838385975235743817697886038
0.842838385975235743817697886038
-0.844101077121763332602254449783
0.844101077121763332602254449783
-0.845359104294796015616165194273
0.845359104294796015616165194273
-0.84661246054326412854304840503
0.84661246054326412854304840503
-0.847861138941906608617440251503
0.847861138941906608617440251503
-0.849105132591309259276948592062
0.849105132591309259276948592062
-0.850344434617942872000826171894
0.850344434617942872000826171894
-0.851579038174201205124325895296
0.851579038174201205124325895296
-0.852808936438438819418991118682
0.852808936438438819418991118682
-0.854034122615008770229825334968
0.854034122615008770229825334968
-0.855254589934300155961078199667
0.855254589934300155961078199667
-0.856470331652775522703178579476
0.856470331652775522703178579476
-0.857681341053008124794140181098
0.857681341053008124794140181098
-0.858887611443719041109561337087
0.858887611443719041109561337087
-0.860089136159814146876137682229
0.860089136159814146876137682229
-0.861285908562420940804404744026
0.861285908562420940804404744026
-0.862477922038925227337226889765
0.862477922038925227337226889765
-0.863665170003007653811349616095
0.863665170003007653811349616095
-0.864847645894680102330133830511
0.864847645894680102330133830511
-0.866025343180321936146393553282
0.866025343180321936146393553282
-0.867198255352716100355062358754
0.867198255352716100355062358754
-0.868366375931085076696218872074
0.868366375931085076696218872074
-0.869529698461126692269807736924
0.869529698461126692269807736924
-0.870688216515049781964199667265
0.870688216515049781964199667265
-0.871841923691609704401542486959
0.871841923691609704401542486959
-0.872990813616143711203664441042
0.872990813616143711203664441042
-0.874134879940606169383101526854
0.874134879940606169383101526854
-0.87527411634360363666463213773
0.87527411634360363666463213773
-0.8764085165304297895435149321
0.8764085165304297895435149321
-0.877538074233100203887439532117
0.877538074233100203887439532117
-0.878662783210386987890014413815
0.878662783210386987890014413815
-0.879782637247853267184432170946
0.879782637247853267184432170946
-0.880897630157887521926769212343
0.880897630157887521926769212343
-0.882007755779737775659194883675
0.882007755779737775659194883675
-0.883113007979545635764183984052
0.883113007979545635764183984052
-0.884213380650380185321646671768
0.884213380650380185321646671768
-0.885308867712271726181710816966
0.885308867712271726181710816966
-0.886399463112245373066713957625
0.886399463112245373066713957625
-0.887485160824354498516785144581
0.887485160824354498516785144581
-0.888565954849714028494221116658
0.888565954849714028494221116658
-0.889641839216533588462686423987
0.889641839216533588462686423987
-0.890712807980150499758093311629
0.890712807980150499758093311629
-0.891778855223062626068844382177
0.891778855223062626068844382177
-0.892839975054961069843949270572
0.892839975054961069843949270572
-0.893896161612762718448355782357
0.893896161612762718448355782357
-0.894947409060642639885666163472
0.894947409060642639885666163472
-0.895993711590066327909240380974
0.895993711590066327909240380974
-0.897035063419821796343520495051
0.897035063419821796343520495051
-0.89807145879605152243824338903
0.89807145879605152243824338903
-0.899102891992284239079043291021
0.899102891992284239079043291021
-0.900129357309466575678780663935
0.900129357309466575678780663935
-0.901150849075994547574770155292
0.901150849075994547574770155292
-0.902167361647744893757917379872
0.902167361647744893757917379872
-0.903178889408106262760612352356
0.903178889408106262760612352356
-0.904185426768010246531066389087
0.904185426768010246531066389087
-0.905186968165962262122619253304
0.905186968165962262122619253304
-0.906183508068072281027384222199
0.906183508068072281027384222199
-0.907175040968085405984440602312
0.907175040968085405984440602312
-0.908161561387412295093626007458
0.908161561387412295093626007458
-0.909143063875159433066824436166
0.909143063875159433066824436166
-0.9101195430081592494494908388
0.9101195430081592494494908388
-0.911090993391000083645998443561
0.911090993391000083645998443561
-0.912057409656055996583241611014
0.912057409656055996583241611014
-0.913018786463516428847774403846
0.913018786463516428847774403846
-0.913975118501415705132613387916
0.913975118501415705132613387916
-0.914926400485662384830682417564
0.914926400485662384830682417564
-0.915872627160068458612727298144
0.915872627160068458612727298144
-0.916813793296378390828379257278
0.916813793296378390828379257278
-0.917749893694298007569898088773
0.917749893694298007569898088773
-0.918680923181523230238978655086
0.918680923181523230238978655086
-0.91960687661376865445785814099
0.91960687661376865445785814099
-0.920527748874795974166816038286
0.920527748874795974166816038286
-0.92144353487644225075101430441
0.92144353487644225075101430441
-0.922354229558648027040481472136
0.922354229558648027040481472136
-0.923259827889485286027901688803
0.923259827889485286027901688803
-0.924160324865185254149727727008
0.924160324865185254149727727008
-0.925055715510166048976995930233
0.925055715510166048976995930233
-0.925945994877060171163080831654
0.925945994877060171163080831654
-0.926831158046741840496487808365
0.926831158046741840496487808365
-0.927711200128354175907643601588
0.927711200128354175907643601588
-0.928586116259336219279506842137
0.928586116259336219279506842137
-0.929455901605449802912683864748
0.929455901605449802912683864748
-0.930320551360806260496599070748
0.930320551360806260496599070748
-0.931180060747892981439133901484
0.931180060747892981439133901484
-0.932034425017599808408014110655
0.932034425017599808408014110655
-0.932883639449245277938091468014
0.932883639449245277938091468014
-0.933727699350602703959533285488
0.933727699350602703959533285488
-0.934566600057926104102801225479
0.934566600057926104102801225479
-0.935400336935975968637169725837
0.935400336935975968637169725837
-0.936228905378044871900404052482
0.936228905378044871900404052482
-0.937052300805982926078088465096
0.937052300805982926078088465096
-0.937870518670223077191966249422
0.937870518670223077191966249422
-0.938683554449806243157525427827
0.938683554449806243157525427827
-0.939491403652406293771936803814
0.939491403652406293771936803814
-0.940294061814354872494324622503
0.940294061814354872494324622503
-0.941091524500666059881224533862
0.941091524500666059881224533862
-0.941883787305060878540958725154
0.941883787305060878540958725154
-0.942670845849991639471534040052
0.942670845849991639471534040052
-0.94345269578666612964754562081
0.94345269578666612964754562081
-0.944229332795071640722446093371
0.944229332795071640722446093371
-0.945000752583998838713418560213
0.945000752583998838713418560213
-0.945766950891065474536970669053
0.945766950891065474536970669053
-0.946527923482739935264246784221
0.946527923482739935264246784221
-0.947283666154364635965935799045
0.947283666154364635965935799045
-0.948034174730179252017533389219
0.948034174730179252017533389219
-0.948779445063343791736599516614
0.948779445063343791736599516614
-0.949519473035961509224534748188
0.949519473035961509224534748188
-0.950254254559101657286282453634
0.950254254559101657286282453634
-0.950983785572822080302248186583
0.950983785572822080302248186583
-0.951708062046191646927612536191
0.951708062046191646927612536191
-0.952427079977312522495099457797
0.952427079977312522495099457797
-0.953140835393342280998148552351
0.953140835393342280998148552351
-0.953849324350515856532326964249
0.953849324350515856532326964249
-0.954552542934167334073704506153
0.954552542934167334073704506153
-0.955250487258751579473804298057
0.955250487258751579473804298057
-0.955943153467865708551630627337
0.955943153467865708551630627337
-0.956630537734270395164165898569
0.956630537734270395164165898569
-0.957312636259911018137619448869
0.957312636259911018137619448869
-0.957989445275938646942602659478
0.957989445275938646942602659478
-0.958660961042730865997297201121
0.958660961042730865997297201121
-0.959327179849912437483576414019
0.959327179849912437483576414019
-0.959988098016375802561933749021
0.959988098016375802561933749021
-0.960643711890301420871966890879
0.960643711890301420871966890879
-0.96129401784917794820606165608
0.96129401784917794820606165608
-0.961939012299822252244816015178
0.961939012299822252244816015178
-0.962578691678399266243641643853
0.962578691678399266243641643853
-0.963213052450441680560878270304
0.963213052450441680560878270304
-0.963842091110869471918654773143
0.963842091110869471918654773143
-0.964465804184009270288630509887
0.964465804184009270288630509887
-0.965084188223613563295650739724
0.965084188223613563295650739724
-0.965697239812879738033251266475
0.965697239812879738033251266475
-0.96630495556446896018584959216
0.96630495556446896018584959216
-0.966907332120524890353362965275
0.966907332120524890353362965275
-0.967504366152692237474897761041
0.967504366152692237474897761041
-0.968096054362135149249059677958
0.968096054362135149249059677958
-0.968682393479555439449340314578
0.968682393479555439449340314578
-0.969263380265210652033942846384
0.969263380265210652033942846384
-0.969839011508931961950317804263
0.969839011508931961950317804263
-0.970409284030141912535589418997
0.970409284030141912535589418997
-0.970974194677871989414963703147
0.970974194677871989414963703147
-0.971533740330780030801121463568
0.971533740330780030801121463568
-0.972087917897167474098512854269
0.972087917897167474098512854269
-0.972636724314996438717384980655
0.972636724314996438717384980655
-0.973180156551906645003290553927
0.973180156551906645003290553927
-0.973718211605232169188743783577
0.973718211605232169188743783577
-0.974250886502018034274609716157
0.974250886502018034274609716157
-0.974778178299036636749735226687
0.974778178299036636749735226687
-0.97530008408280400905825401133
0.97530008408280400905825401133
-0.975816600969595917724924404221
0.975816600969595917724924404221
-0.976327726105463797049787861073
0.976327726105463797049787861073
-0.976833456666250518284367759041
0.976833456666250518284367759041
-0.977333789857605994202563031238
0.977333789857605994202563031238
-0.977828722915002618980329397393
0.977828722915002618980329397393
-0.978318253103750543299182925075
0.978318253103750543299182925075
-0.978802377719012784589506763508
0.978802377719012784589506763508
-0.97928109408582017233059259646
0.97928109408582017233059259646
-0.979754399559086128325304189678
0.979754399559086128325304189678
-0.980222291523621281868211965568
0.980222291523621281868211965568
-0.980684767394147919727015514528
0.980684767394147919727015514528
-0.981141824615314270858046141548
0.981141824615314270858046141548
-0.981593460661708625777624858955
0.981593460661708625777624858955
-0.982039673037873290512043719223
0.982039673037873290512043719223
-0.98248045927831837504994124237
0.98248045927831837504994124237
-0.982915816947535416221857323436
0.982915816947535416221857323436
-0.983345743640010834932781016519
0.983345743640010834932781016519
-0.983770236980239227674547846635
0.983770236980239227674547846635
-0.984189294622736492246003960977
0.984189294622736492246003960977
-0.98460291425205278760993500849
0.98460291425205278760993500849
-0.985011093582785327816861055087
0.985011093582785327816861055087
-0.985413830359591009926928511067
0.985413830359591009926928511067
-0.985811122357198875862289952593
0.985811122357198875862289952593
-0.986202967380422408123557526336
0.986202967380422408123557526336
-0.98658936326417165930515081113
0.98658936326417165930515081113
-0.986970307873465215345642010825
0.986970307873465215345642010825
-0.987345799103441992450537756193
0.987345799103441992450537756193
-0.987715834879372867626336562633
0.987715834879372867626336562633
-0.988080413156672142766174734958
0.988080413156672142766174734958
-0.988439531920908842228933822511
0.988439531920908842228933822511
-0.988793189187817843855344587645
0.988793189187817843855344587645
-0.989141383003310843366403725701
0.989141383003310843366403725701
-0.989484111443487152091341631889
0.989484111443487152091341631889
-0.989821372614644327974467970802
0.989821372614644327974467970802
-0.99015316465328863981250747523
0.99015316465328863981250747523
-0.990479485726145364676558433532
0.990479485726145364676558433532
-0.990800334030168918475605652717
0.990800334030168918475605652717
-0.991115707792552819621652821618
0.991115707792552819621652821618
-0.991425605270739485760072491265
0.991425605270739485760072491265
-0.991730024752429863532786349744
0.991730024752429863532786349744
-0.992028964555592891346483351109
0.992028964555592891346483351109
-0.992322423028474795123380594757
0.992322423028474795123380594757
-0.992610398549608217018182225676
0.992610398549608217018182225676
-0.992892889527821177092081549191
0.992892889527821177092081549191
-0.993169894402245867943112942093
0.993169894402245867943112942093
-0.993441411642327282302182535928
0.993441411642327282302182535928
-0.993707439747831673616053050144
0.993707439747831673616053050144
-0.993967977248854849652885653594
0.993967977248854849652885653594
-0.994223022705830299183228510523
0.994223022705830299183228510523
-0.994472574709537151810322518777
0.994472574709537151810322518777
-0.994716631881107971049208105806
0.994716631881107971049208105806
-0.99495519287203638078556745513
0.99495519287203638078556745513
-0.995188256364184525284078827222
0.995188256364184525284078827222
-0.995415821069790362964311219611
0.995415821069790362964311219611
-0.995637885731474794222481933803
0.995637885731474794222481933803
-0.995854449122248623653195091753
0.995854449122248623653195091753
-0.99606551004551935712114656704
0.99606551004551935712114656704
-0.996271067335097834254801573552
0.996271067335097834254801573552
-0.996471119855204697090373389371
0.996471119855204697090373389371
-0.996665666500476695796053100069
0.996665666500476695796053100069
-0.996854706195972832668320003396
0.996854706195972832668320003396
-0.99703823789718034593481448325
0.99703823789718034593481448325
-0.997216260590020535350054194883
0.997216260590020535350054194883
-0.997388773290854432170824967057
0.997388773290854432170824967057
-0.997555775046488316903193057985
0.997555775046488316903193057985
-0.997717264934179089302225102686
0.997717264934179089302225102686
-0.997873242061639496593020471709
0.997873242061639496593020471709
-0.99802370556704322793403301233
0.99802370556704322793403301233
-0.998168654619029886006225249137
0.998168654619029886006225249137
-0.998308088416709850650687158222
0.998308088416709850650687158222
-0.998442006189669055247666271883
0.998442006189669055247666271883
-0.998570407197973704884166464345
0.998570407197973704884166464345
-0.998693290732174977627464211322
0.998693290732174977627464211322
-0.998810656113313768525791933929
0.998810656113313768525791933929
-0.998922502692925563726076178106
0.998922502692925563726076178106
-0.999028829853045575006190607839
0.999028829853045575006190607839
-0.999129637006214332662332754792
0.999129637006214332662332754792
-0.99922492359548404370479343752
0.99922492359548404370479343752
-0.999314689094426202318504097242
0.999314689094426202318504097242
-0.999398933007141244884796868471
0.999398933007141244884796868471
-0.999477654868271575615738773236
0.999477654868271575615738773236
-0.999550854243020253931291660997
0.999550854243020253931291660997
-0.999618530727179447632230204377
0.999618530727179447632230204377
-0.999680683947176313415762766531
0.999680683947176313415762766531
-0.999737313560151307455048817385
0.999737313560151307455048817385
-0.999788419254099994562160332742
0.999788419254099994562160332742
-0.999834000748147117233874342014
0.999834000748147117233874342014
-0.999874057793117856154227836083
0.999874057793117856154227836083
-0.999908590172843307727298789773
0.999908590172843307727298789773
-0.999937597707514920909767220387
0.999937597707514920909767220387
-0.999961080263769051347505579595
0.999961080263769051347505579595
-0.9999790377926320587865145969
0.9999790377926320587865145969
-0.999991470533127823841469523692
0.999991470533127823841469523692
-0.999998381177998320753795263547
0.999998381177998320753795263547