0
-0.01485327825533462
0.01485327825533462
-0.0297032793832042
0.0297032793832042
-0.04454672697918706
0.04454672697918706
-0.05938034608478875
0.05938034608478875
-0.07420086391000688
0.07420086391000688
-0.0890050105554175
0.0890050105554175
-0.1037895197336237
0.1037895197336237
-0.1185511294899074
0.1185511294899074
-0.133286582921925
0.133286582921925
-0.1479926288982885
0.1479926288982885
-0.1626660227758731
0.1626660227758731
-0.1773035271156938
0.1773035271156938
-0.191901912397192
0.191901912397192
-0.2064579577307749
0.2064579577307749
-0.2209684515684515
0.2209684515684515
-0.2354301924124065
0.2354301924124065
-0.2498399895213575
0.2498399895213575
-0.2641946636145387
0.2641946636145387
-0.2784910475731558
0.2784910475731558
-0.2927259871391582
0.2927259871391582
-0.3068963416111729
0.3068963416111729
-0.320998984537448
0.320998984537448
-0.335030804405652
0.335030804405652
-0.3489887053293769
0.3489887053293769
-0.3628696077311935
0.3628696077311935
-0.3766704490221093
0.3766704490221093
-0.3903881842772768
0.3903881842772768
-0.4040197869078061
0.4040197869078061
-0.4175622493285302
0.4175622493285302
-0.4310125836215793
0.4310125836215793
-0.444367822195614
0.444367822195614
-0.4576250184405756
0.4576250184405756
-0.4707812473778057
0.4707812473778057
-0.4838336063053942
0.4838336063053942
-0.4967792154386117
0.4967792154386117
-0.509615218545286
0.509615218545286
-0.5223387835759821
0.5223387835759821
-0.5349471032888462
0.5349471032888462
-0.5474373958689771
0.5474373958689771
-0.5598069055421867
0.5598069055421867
-0.5720529031830162
0.5720529031830162
-0.5841726869168711
0.5841726869168711
-0.5961635827161455
0.5961635827161455
-0.6080229449902012
0.6080229449902012
-0.619748157169073
0.619748157169073
-0.6313366322807715
0.6313366322807715
-0.6427858135220548
0.6427858135220548
-0.6540931748225447
0.6540931748225447
-0.6652562214020619
0.6652562214020619
-0.6762724903210577
0.6762724903210577
-0.6871395510240201
0.6871395510240201
-0.6978550058757357
0.6978550058757357
-0.7084164906902877
0.7084164906902877
-0.718821675252674
0.718821675252674
-0.7290682638329305
0.7290682638329305
-0.7391539956926456
0.7391539956926456
-0.7490766455837542
0.7490766455837542
-0.758834024239502
0.758834024239502
-0.7684239788574705
0.7684239788574705
-0.777844393574557
0.777844393574557
-0.7870931899338049
0.7870931899338049
-0.7961683273429807
0.7961683273429807
-0.8050678035247966
0.8050678035247966
-0.8137896549586802
0.8137896549586802
-0.8223319573139926
0.8223319573139926
-0.8306928258746006
0.8306928258746006
-0.8388704159547082
0.8388704159547082
-0.8468629233058562
0.8468629233058562
-0.8546685845150007
0.8546685845150007
-0.8622856773935815
0.8622856773935815
-0.8697125213574954
0.8697125213574954
-0.8769474777978904
0.8769474777978904
-0.8839889504426994
0.8839889504426994
-0.8908353857088327
0.8908353857088327
-0.8974852730449532
0.8974852730449532
-0.9039371452647575
0.9039371452647575
-0.9101895788706899
0.9101895788706899
-0.9162411943680192
0.9162411943680192
-0.922090656569207
0.922090656569207
-0.9277366748885034
0.9277366748885034
-0.9331780036267037
0.9331780036267037
-0.9384134422460057
0.9384134422460057
-0.9434418356349061
0.9434418356349061
-0.9482620743630816
0.9482620743630816
-0.9528730949261991
0.9528730949261991
-0.957273879980605
0.957273879980605
-0.9614634585678472
0.9614634585678472
-0.9654409063289884
0.9654409063289884
-0.9692053457086747
0.9692053457086747
-0.972755946148935
0.972755946148935
-0.9760919242726998
0.9760919242726998
-0.9792125440570519
0.9792125440570519
-0.9821171169962616
0.9821171169962616
-0.9848050022547363
0.9848050022547363
-0.9872756068101548
0.9872756068101548
-0.9895283855873556
0.9895283855873556
-0.9915628415841909
0.9915628415841909
-0.9933785259920641
0.9933785259920641
-0.994975038317715
0.994975038317715
-0.9963520265236801
0.9963520265236801
-0.9975091872399095
0.9975091872399095
-0.9984462662334513
0.9984462662334513
-0.9991630599799668
0.9991630599799668
-0.9996594238397495
0.9996594238397495
-0.9999353585736985
0.9999353585736985