0.003715661861929214
0.003715636212470118
0.003715636212470118
0.003715559264446947
0.003715559264446947
0.003715431018922057
0.003715431018922057
0.003715251477666023
0.003715251477666023
0.003715020643157615
0.003715020643157615
0.003714738518583764
0.003714738518583764
0.00371440510783952
0.00371440510783952
0.003714020415527995
0.003714020415527995
0.003713584446960303
0.003713584446960303
0.003713097208155482
0.003713097208155482
0.003712558705840416
0.003712558705840416
0.00371196894744974
0.00371196894744974
0.003711327941125734
0.003711327941125734
0.003710635695718218
0.003710635695718218
0.003709892220784423
0.003709892220784423
0.003709097526588862
0.003709097526588862
0.003708251624103187
0.003708251624103187
0.00370735452500604
0.00370735452500604
0.003706406241682891
0.003706406241682891
0.003705406787225862
0.003705406787225862
0.003704356175433556
0.003704356175433556
0.003703254420810856
0.003703254420810856
0.003702101538568733
0.003702101538568733
0.00370089754462403
0.00370089754462403
0.003699642455599248
0.003699642455599248
0.003698336288822312
0.003698336288822312
0.003696979062326331
0.003696979062326331
0.003695570794849354
0.003695570794849354
0.003694111505834109
0.003694111505834109
0.003692601215427731
0.003692601215427731
0.003691039944481489
0.003691039944481489
0.003689427714550497
0.003689427714550497
0.003687764547893414
0.003687764547893414
0.003686050467472137
0.003686050467472137
0.003684285496951488
0.003684285496951488
0.003682469660698882
0.003682469660698882
0.003680602983783995
0.003680602983783995
0.003678685491978415
0.003678685491978415
0.003676717211755286
0.003676717211755286
0.003674698170288945
0.003674698170288945
0.003672628395454546
0.003672628395454546
0.003670507915827672
0.003670507915827672
0.003668336760683945
0.003668336760683945
0.003666114959998621
0.003666114959998621
0.003663842544446172
0.003663842544446172
0.003661519545399868
0.003661519545399868
0.003659145994931339
0.003659145994931339
0.003656721925810139
0.003656721925810139
0.003654247371503283
0.003654247371503283
0.003651722366174797
0.003651722366174797
0.003649146944685237
0.003649146944685237
0.003646521142591211
0.003646521142591211
0.003643844996144892
0.003643844996144892
0.003641118542293508
0.003641118542293508
0.003638341818678843
0.003638341818678843
0.003635514863636709
0.003635514863636709
0.003632637716196421
0.003632637716196421
0.003629710416080255
0.003629710416080255
0.003626733003702905
0.003626733003702905
0.003623705520170918
0.003623705520170918
0.003620628007282131
0.003620628007282131
0.003617500507525094
0.003617500507525094
0.003614323064078482
0.003614323064078482
0.003611095720810497
0.003611095720810497
0.003607818522278268
0.003607818522278268
0.003604491513727229
0.003604491513727229
0.0036011147410905
0.0036011147410905
0.003597688250988251
0.003597688250988251
0.003594212090727055
0.003594212090727055
0.00359068630829924
0.00359068630829924
0.003587110952382223
0.003587110952382223
0.003583486072337842
0.003583486072337842
0.003579811718211667
0.003579811718211667
0.003576087940732317
0.003576087940732317
0.003572314791310756
0.003572314791310756
0.003568492322039583
0.003568492322039583
0.003564620585692312
0.003564620585692312
0.003560699635722648
0.003560699635722648
0.003556729526263742
0.003556729526263742
0.003552710312127451
0.003552710312127451
0.003548642048803576
0.003548642048803576
0.003544524792459096
0.003544524792459096
0.003540358599937397
0.003540358599937397
0.003536143528757482
0.003536143528757482
0.003531879637113181
0.003531879637113181
0.003527566983872344
0.003527566983872344
0.003523205628576032
0.003523205628576032
0.003518795631437691
0.003518795631437691
0.003514337053342325
0.003514337053342325
0.003509829955845651
0.003509829955845651
0.003505274401173252
0.003505274401173252
0.003500670452219717
0.003500670452219717
0.003496018172547773
0.003496018172547773
0.003491317626387408
0.003491317626387408
0.003486568878634983
0.003486568878634983
0.003481771994852335
0.003481771994852335
0.003476927041265876
0.003476927041265876
0.003472034084765675
0.003472034084765675
0.003467093192904534
0.003467093192904534
0.00346210443389706
0.00346210443389706
0.003457067876618717
0.003457067876618717
0.003451983590604881
0.003451983590604881
0.003446851646049874
0.003446851646049874
0.003441672113806002
0.003441672113806002
0.003436445065382571
0.003436445065382571
0.0034311705729449
0.0034311705729449
0.003425848709313329
0.003425848709313329
0.003420479547962209
0.003420479547962209
0.003415063163018892
0.003415063163018892
0.003409599629262702
0.003409599629262702
0.003404089022123908
0.003404089022123908
0.00339853141768268
0.00339853141768268
0.003392926892668038
0.003392926892668038
0.003387275524456794
0.003387275524456794
0.003381577391072484
0.003381577391072484
0.00337583257118429
0.00337583257118429
0.003370041144105954
0.003370041144105954
0.003364203189794682
0.003364203189794682
0.003358318788850042
0.003358318788850042
0.003352388022512851
0.003352388022512851
0.003346410972664051
0.003346410972664051
0.003340387721823583
0.003340387721823583
0.003334318353149241
0.003334318353149241
0.003328202950435532
0.003328202950435532
0.003322041598112512
0.003322041598112512
0.003315834381244626
0.003315834381244626
0.003309581385529528
0.003309581385529528
0.003303282697296903
0.003303282697296903
0.003296938403507272
0.003296938403507272
0.003290548591750793
0.003290548591750793
0.003284113350246051
0.003284113350246051
0.003277632767838838
0.003277632767838838
0.003271106934000933
0.003271106934000933
0.003264535938828857
0.003264535938828857
0.003257919873042639
0.003257919873042639
0.003251258827984555
0.003251258827984555
0.003244552895617872
0.003244552895617872
0.00323780216852558
0.00323780216852558
0.003231006739909106
0.003231006739909106
0.003224166703587036
0.003224166703587036
0.003217282153993814
0.003217282153993814
0.003210353186178441
0.003210353186178441
0.00320337989580316
0.00320337989580316
0.00319636237914214
0.00319636237914214
0.003189300733080142
0.003189300733080142
0.003182195055111184
0.003182195055111184
0.003175045443337193
0.003175045443337193
0.003167851996466654
0.003167851996466654
0.003160614813813245
0.003160614813813245
0.003153333995294463
0.003153333995294463
0.003146009641430251
0.003146009641430251
0.003138641853341606
0.003138641853341606
0.003131230732749182
0.003131230732749182
0.003123776381971888
0.003123776381971888
0.003116278903925475
0.003116278903925475
0.003108738402121116
0.003108738402121116
0.003101154980663973
0.003101154980663973
0.003093528744251765
0.003093528744251765
0.003085859798173318
0.003085859798173318
0.003078148248307113
0.003078148248307113
0.003070394201119827
0.003070394201119827
0.003062597763664859
0.003062597763664859
0.003054759043580853
0.003054759043580853
0.003046878149090214
0.003046878149090214
0.003038955188997611
0.003038955188997611
0.003030990272688477
0.003030990272688477
0.003022983510127499
0.003022983510127499
0.003014935011857098
0.003014935011857098
0.003006844888995903
0.003006844888995903
0.002998713253237218
0.002998713253237218
0.00299054021684748
0.00299054021684748
0.002982325892664709
0.002982325892664709
0.002974070394096949
0.002974070394096949
0.002965773835120702
0.002965773835120702
0.002957436330279357
0.002957436330279357
0.002949057994681608
0.002949057994681608
0.00294063894399986
0.00294063894399986
0.00293217929446864
0.00293217929446864
0.002923679162882985
0.002923679162882985
0.002915138666596835
0.002915138666596835
0.002906557923521408
0.002906557923521408
0.002897937052123577
0.002897937052123577
0.002889276171424229
0.002889276171424229
0.002880575400996628
0.002880575400996628
0.002871834860964758
0.002871834860964758
0.002863054672001669
0.002863054672001669
0.002854234955327809
0.002854234955327809
0.002845375832709351
0.002845375832709351
0.00283647742645651
0.00283647742645651
0.00282753985942186
0.00282753985942186
0.002818563254998629
0.002818563254998629
0.002809547737119004
0.002809547737119004
0.002800493430252415
0.002800493430252415
0.002791400459403818
0.002791400459403818
0.002782268950111968
0.002782268950111968
0.002773099028447689
0.002773099028447689
0.002763890821012129
0.002763890821012129
0.002754644454935017
0.002754644454935017
0.002745360057872902
0.002745360057872902
0.002736037758007396
0.002736037758007396
0.002726677684043403
0.002726677684043403
0.002717279965207338
0.002717279965207338
0.002707844731245349
0.002707844731245349
0.002698372112421521
0.002698372112421521
0.002688862239516081
0.002688862239516081
0.002679315243823589
0.002679315243823589
0.002669731257151128
0.002669731257151128
0.002660110411816484
0.002660110411816484
0.002650452840646317
0.002650452840646317
0.002640758676974329
0.002640758676974329
0.002631028054639425
0.002631028054639425
0.002621261107983861
0.002621261107983861
0.002611457971851391
0.002611457971851391
0.002601618781585408
0.002601618781585408
0.002591743673027071
0.002591743673027071
0.002581832782513432
0.002581832782513432
0.002571886246875555
0.002571886246875555
0.002561904203436624
0.002561904203436624
0.002551886790010047
0.002551886790010047
0.002541834144897558
0.002541834144897558
0.002531746406887302
0.002531746406887302
0.002521623715251921
0.002521623715251921
0.002511466209746633
0.002511466209746633
0.0025012740306073
0.0025012740306073
0.002491047318548492
0.002491047318548492
0.002480786214761547
0.002480786214761547
0.002470490860912617
0.002470490860912617
0.002460161399140717
0.002460161399140717
0.002449797972055761
0.002449797972055761
0.00243940072273659
0.00243940072273659
0.002428969794729001
0.002428969794729001
0.002418505332043764
0.002418505332043764
0.002408007479154632
0.002408007479154632
0.002397476380996347
0.002397476380996347
0.002386912182962642
0.002386912182962642
0.002376315030904228
0.002376315030904228
0.002365685071126787
0.002365685071126787
0.002355022450388946
0.002355022450388946
0.002344327315900255
0.002344327315900255
0.002333599815319153
0.002333599815319153
0.002322840096750928
0.002322840096750928
0.002312048308745676
0.002312048308745676
0.002301224600296248
0.002301224600296248
0.002290369120836189
0.002290369120836189
0.002279482020237684
0.002279482020237684
0.002268563448809481
0.002268563448809481
0.002257613557294817
0.002257613557294817
0.002246632496869341
0.002246632496869341
0.002235620419139023
0.002235620419139023
0.002224577476138062
0.002224577476138062
0.002213503820326787
0.002213503820326787
0.002202399604589551
0.002202399604589551
0.002191264982232623
0.002191264982232623
0.00218010010698207
0.00218010010698207
0.002168905132981634
0.002168905132981634
0.002157680214790602
0.002157680214790602
0.002146425507381678
0.002146425507381678
0.002135141166138839
0.002135141166138839
0.002123827346855188
0.002123827346855188
0.002112484205730809
0.002112484205730809
0.002101111899370606
0.002101111899370606
0.002089710584782142
0.002089710584782142
0.00207828041937347
0.00207828041937347
0.002066821560950965
0.002066821560950965
0.002055334167717137
0.002055334167717137
0.002043818398268455
0.002043818398268455
0.002032274411593152
0.002032274411593152
0.002020702367069032
0.002020702367069032
0.002009102424461269
0.002009102424461269
0.001997474743920204
0.001997474743920204
0.001985819485979127
0.001985819485979127
0.00197413681155207
0.00197413681155207
0.001962426881931578
0.001962426881931578
0.001950689858786485
0.001950689858786485
0.001938925904159682
0.001938925904159682
0.00192713518046588
0.00192713518046588
0.001915317850489368
0.001915317850489368
0.001903474077381762
0.001903474077381762
0.001891604024659758
0.001891604024659758
0.001879707856202872
0.001879707856202872
0.001867785736251175
0.001867785736251175
0.00185583782940303
0.00185583782940303
0.001843864300612816
0.001843864300612816
0.001831865315188652
0.001831865315188652
0.001819841038790116
0.001819841038790116
0.001807791637425955
0.001807791637425955
0.001795717277451795
0.001795717277451795
0.001783618125567844
0.001783618125567844
0.001771494348816591
0.001771494348816591
0.001759346114580497
0.001759346114580497
0.00174717359057969
0.00174717359057969
0.001734976944869642
0.001734976944869642
0.001722756345838855
0.001722756345838855
0.001710511962206532
0.001710511962206532
0.001698243963020251
0.001698243963020251
0.001685952517653627
0.001685952517653627
0.00167363779580398
0.00167363779580398
0.001661299967489985
0.001661299967489985
0.001648939203049328
0.001648939203049328
0.001636555673136355
0.001636555673136355
0.001624149548719717
0.001624149548719717
0.001611721001080004
0.001611721001080004
0.001599270201807387
0.001599270201807387
0.001586797322799244
0.001586797322799244
0.00157430253625779
0.00157430253625779
0.001561786014687698
0.001561786014687698
0.001549247930893718
0.001549247930893718
0.00153668845797829
0.00153668845797829
0.001524107769339156
0.001524107769339156
0.001511506038666965
0.001511506038666965
0.001498883439942875
0.001498883439942875
0.00148624014743615
0.00148624014743615
0.001473576335701757
0.001473576335701757
0.001460892179577952
0.001460892179577952
0.001448187854183872
0.001448187854183872
0.00143546353491711
0.00143546353491711
0.001422719397451298
0.001422719397451298
0.001409955617733682
0.001409955617733682
0.001397172371982691
0.001397172371982691
0.001384369836685503
0.001384369836685503
0.001371548188595613
0.001371548188595613
0.001358707604730387
0.001358707604730387
0.001345848262368623
0.001345848262368623
0.0013329703390481
0.0013329703390481
0.001320074012563129
0.001320074012563129
0.001307159460962098
0.001307159460962098
0.001294226862545012
0.001294226862545012
0.001281276395861034
0.001281276395861034
0.001268308239706018
0.001268308239706018
0.001255322573120042
0.001255322573120042
0.001242319575384935
0.001242319575384935
0.001229299426021803
0.001229299426021803
0.001216262304788548
0.001216262304788548
0.001203208391677389
0.001203208391677389
0.001190137866912378
0.001190137866912378
0.001177050910946906
0.001177050910946906
0.00116394770446122
0.00116394770446122
0.001150828428359919
0.001150828428359919
0.001137693263769465
0.001137693263769465
0.001124542392035679
0.001124542392035679
0.001111375994721234
0.001111375994721234
0.001098194253603156
0.001098194253603156
0.001084997350670305
0.001084997350670305
0.001071785468120871
0.001071785468120871
0.001058558788359854
0.001058558788359854
0.001045317493996545
0.001045317493996545
0.00103206176784201
0.00103206176784201
0.001018791792906558
0.001018791792906558
0.001005507752397224
0.001005507752397224
0.000992209829715231
0.000992209829715231
0.0009788982084534638
0.0009788982084534638
0.0009655730723939314
0.0009655730723939314
0.0009522346055052309
0.0009522346055052309
0.0009388829919400075
0.0009388829919400075
0.000925518416032412
0.000925518416032412
0.0009121410622955559
0.0009121410622955559
0.0008987511154189645
0.0008987511154189645
0.0008853487602660268
0.0008853487602660268
0.0008719341818714435
0.0008719341818714435
0.0008585075654386724
0.0008585075654386724
0.0008450690963373721
0.0008450690963373721
0.0008316189601008425
0.0008316189601008425
0.0008181573424234636
0.0008181573424234636
0.0008046844291581323
0.0008046844291581323
0.0007912004063136964
0.0007912004063136964
0.0007777054600523874
0.0007777054600523874
0.0007641997766872502
0.0007641997766872502
0.0007506835426795716
0.0007506835426795716
0.0007371569446363065
0.0007371569446363065
0.0007236201693075018
0.0007236201693075018
0.0007100734035837195
0.0007100734035837195
0.0006965168344934566
0.0006965168344934566
0.0006829506492005644
0.0006829506492005644
0.0006693750350016652
0.0006693750350016652
0.0006557901793235679
0.0006557901793235679
0.0006421962697206822
0.0006421962697206822
0.0006285934938724302
0.0006285934938724302
0.0006149820395806584
0.0006149820395806584
0.0006013620947670463
0.0006013620947670463
0.0005877338474705159
0.0005877338474705159
0.0005740974858446385
0.0005740974858446385
0.0005604531981550416
0.0005604531981550416
0.0005468011727768147
0.0005468011727768147
0.0005331415981919151
0.0005331415981919151
0.0005194746629865729
0.0005194746629865729
0.0005058005558486971
0.0005058005558486971
0.0004921194655652817
0.0004921194655652817
0.0004784315810198135
0.0004784315810198135
0.000464737091189682
0.000464737091189682
0.0004510361851435928
0.0004510361851435928
0.0004373290520389841
0.0004373290520389841
0.0004236158811194517
0.0004236158811194517
0.0004098968617121799
0.0004098968617121799
0.0003961721832253868
0.0003961721832253868
0.0003824420351457838
0.0003824420351457838
0.000368706607036058
0.000368706607036058
0.0003549660885323858
0.0003549660885323858
0.0003412206693419884
0.0003412206693419884
0.0003274705392407474
0.0003274705392407474
0.0003137158880709057
0.0003137158880709057
0.0002999569057388906
0.0002999569057388906
0.0002861937822133145
0.0002861937822133145
0.0002724267075232394
0.0002724267075232394
0.000258655871756837
0.000258655871756837
0.000244881465060658
0.000244881465060658
0.0002311036776398533
0.0002311036776398533
0.0002173226997599258
0.0002173226997599258
0.000203538721751001
0.000203538721751001
0.0001897519340163756
0.0001897519340163756
0.0001759625270485723
0.0001759625270485723
0.000162170691459081
0.000162170691459081
0.0001483766180341701
0.0001483766180341701
0.0001345804978429534
0.0001345804978429534
0.000120782522456647
0.000120782522456647
0.0001069828844219642
0.0001069828844219642
0.00009318177836817483
0.00009318177836817483
0.00007937940387526075
0.00007937940387526075
0.0000655759739700339
0.0000655759739700339
0.00005177174531811887
0.00005177174531811887
0.00003796715780335142
0.00003796715780335142
0.00002416381882455305
0.00002416381882455305
0.00001038055577346383
0.00001038055577346383