-0.002268295408450983
0.002268295408450983
-0.00680483954232056
0.00680483954232056
-0.01134124362805374
0.01134124362805374
-0.0158774143034288
0.0158774143034288
-0.02041325821102774
0.02041325821102774
-0.0249486820001577
0.0249486820001577
-0.0294835923287721
0.0294835923287721
-0.03401789586539173
0.03401789586539173
-0.03855149929102557
0.03855149929102557
-0.04308430930109135
0.04308430930109135
-0.04761623260733581
0.04761623260733581
-0.05214717593975466
0.05214717593975466
-0.05667704604851213
0.05667704604851213
-0.06120574970586009
0.06120574970586009
-0.06573319370805677
0.06573319370805677
-0.07025928487728493
0.07025928487728493
-0.07478393006356956
0.07478393006356956
-0.07930703614669492
0.07930703614669492
-0.08382851003812105
0.08382851003812105
-0.08834825868289959
0.08834825868289959
-0.09286618906158888
0.09286618906158888
-0.09738220819216842
0.09738220819216842
-0.1018962231319525
0.1018962231319525
-0.1064081409795028
0.1064081409795028
-0.1109178688765409
0.1109178688765409
-0.1154253140098587
0.1154253140098587
-0.1199303836132291
0.1199303836132291
-0.1244329849693149
0.1244329849693149
-0.1289330254115771
0.1289330254115771
-0.133430412326182
0.133430412326182
-0.1379250531539072
0.1379250531539072
-0.1424168553920469
0.1424168553920469
-0.1469057265963149
0.1469057265963149
-0.1513915743827481
0.1513915743827481
-0.1558743064296069
0.1558743064296069
-0.1603538304792761
0.1603538304792761
-0.1648300543401631
0.1648300543401631
-0.1693028858885951
0.1693028858885951
-0.1737722330707159
0.1737722330707159
-0.1782380039043793
0.1782380039043793
-0.1827001064810432
0.1827001064810432
-0.1871584489676604
0.1871584489676604
-0.1916129396085689
0.1916129396085689
-0.1960634867273804
0.1960634867273804
-0.2005099987288669
0.2005099987288669
-0.2049523841008455
0.2049523841008455
-0.2093905514160625
0.2093905514160625
-0.2138244093340743
0.2138244093340743
-0.2182538666031278
0.2182538666031278
-0.222678832062038
0.222678832062038
-0.2270992146420646
0.2270992146420646
-0.2315149233687857
0.2315149233687857
-0.2359258673639705
0.2359258673639705
-0.2403319558474498
0.2403319558474498
-0.2447330981389838
0.2447330981389838
-0.2491292036601288
0.2491292036601288
-0.2535201819361009
0.2535201819361009
-0.2579059425976388
0.2579059425976388
-0.2622863953828627
0.2622863953828627
-0.2666614501391327
0.2666614501391327
-0.271031016824904
0.271031016824904
-0.2753950055115797
0.2753950055115797
-0.2797533263853621
0.2797533263853621
-0.2841058897491007
0.2841058897491007
-0.2884526060241385
0.2884526060241385
-0.2927933857521554
0.2927933857521554
-0.2971281395970093
0.2971281395970093
-0.3014567783465751
0.3014567783465751
-0.3057792129145803
0.3057792129145803
-0.3100953543424384
0.3100953543424384
-0.3144051138010802
0.3144051138010802
-0.3187084025927815
0.3187084025927815
-0.3230051321529888
0.3230051321529888
-0.3272952140521421
0.3272952140521421
-0.3315785599974943
0.3315785599974943
-0.3358550818349293
0.3358550818349293
-0.3401246915507752
0.3401246915507752
-0.3443873012736163
0.3443873012736163
-0.3486428232761016
0.3486428232761016
-0.3528911699767499
0.3528911699767499
-0.3571322539417527
0.3571322539417527
-0.3613659878867732
0.3613659878867732
-0.3655922846787431
0.3655922846787431
-0.3698110573376557
0.3698110573376557
-0.3740222190383557
0.3740222190383557
-0.3782256831123267
0.3782256831123267
-0.3824213630494745
0.3824213630494745
-0.3866091724999075
0.3866091724999075
-0.3907890252757142
0.3907890252757142
-0.3949608353527366
0.3949608353527366
-0.3991245168723408
0.3991245168723408
-0.4032799841431841
0.4032799841431841
-0.4074271516429785
0.4074271516429785
-0.4115659340202509
0.4115659340202509
-0.4156962460960994
0.4156962460960994
-0.4198180028659467
0.4198180028659467
-0.4239311195012896
0.4239311195012896
-0.4280355113514442
0.4280355113514442
-0.4321310939452888
0.4321310939452888
-0.4362177829930019
0.4362177829930019
-0.4402954943877974
0.4402954943877974
-0.444364144207655
0.444364144207655
-0.4484236487170476
0.4484236487170476
-0.4524739243686651
0.4524739243686651
-0.456514887805133
0.456514887805133
-0.4605464558607286
0.4605464558607286
-0.4645685455630924
0.4645685455630924
-0.4685810741349357
0.4685810741349357
-0.4725839589957443
0.4725839589957443
-0.476577117763478
0.476577117763478
-0.4805604682562659
0.4805604682562659
-0.4845339284940983
0.4845339284940983
-0.4884974167005131
0.4884974167005131
-0.4924508513042797
0.4924508513042797
-0.496394150941077
0.496394150941077
-0.5003272344551684
0.5003272344551684
-0.5042500209010721
0.5042500209010721
-0.5081624295452265
0.5081624295452265
-0.5120643798676523
0.5120643798676523
-0.5159557915636094
0.5159557915636094
-0.5198365845452497
0.5198365845452497
-0.5237066789432652
0.5237066789432652
-0.5275659951085319
0.5275659951085319
-0.5314144536137492
0.5314144536137492
-0.5352519752550741
0.5352519752550741
-0.5390784810537519
0.5390784810537519
-0.542893892257741
0.542893892257741
-0.5466981303433341
0.5466981303433341
-0.5504911170167741
0.5504911170167741
-0.5542727742158654
0.5542727742158654
-0.5580430241115806
0.5580430241115806
-0.5618017891096623
0.5618017891096623
-0.5655489918522198
0.5655489918522198
-0.5692845552193213
0.5692845552193213
-0.5730084023305813
0.5730084023305813
-0.5767204565467426
0.5767204565467426
-0.5804206414712535
0.5804206414712535
-0.5841088809518404
0.5841088809518404
-0.5877850990820749
0.5877850990820749
-0.5914492202029359
0.5914492202029359
-0.5951011689043669
0.5951011689043669
-0.5987408700268278
0.5987408700268278
-0.602368248662842
0.602368248662842
-0.6059832301585379
0.6059832301585379
-0.6095857401151851
0.6095857401151851
-0.6131757043907261
0.6131757043907261
-0.6167530491013015
0.6167530491013015
-0.6203177006227714
0.6203177006227714
-0.6238695855922298
0.6238695855922298
-0.6274086309095151
0.6274086309095151
-0.6309347637387143
0.6309347637387143
-0.6344479115096618
0.6344479115096618
-0.6379480019194335
0.6379480019194335
-0.6414349629338342
0.6414349629338342
-0.6449087227888806
0.6449087227888806
-0.6483692099922779
0.6483692099922779
-0.6518163533248915
0.6518163533248915
-0.6552500818422124
0.6552500818422124
-0.6586703248758177
0.6586703248758177
-0.6620770120348243
0.6620770120348243
-0.6654700732073386
0.6654700732073386
-0.6688494385618984
0.6688494385618984
-0.6722150385489108
0.6722150385489108
-0.6755668039020834
0.6755668039020834
-0.6789046656398497
0.6789046656398497
-0.6822285550667888
0.6822285550667888
-0.6855384037750394
0.6855384037750394
-0.6888341436457076
0.6888341436457076
-0.6921157068502687
0.6921157068502687
-0.6953830258519631
0.6953830258519631
-0.6986360334071867
0.6986360334071867
-0.7018746625668743
0.7018746625668743
-0.7050988466778778
0.7050988466778778
-0.7083085193843376
0.7083085193843376
-0.7115036146290488
0.7115036146290488
-0.7146840666548202
0.7146840666548202
-0.7178498100058279
0.7178498100058279
-0.7210007795289621
0.7210007795289621
-0.7241369103751687
0.7241369103751687
-0.7272581380007829
0.7272581380007829
-0.7303643981688586
0.7303643981688586
-0.7334556269504897
0.7334556269504897
-0.7365317607261262
0.7365317607261262
-0.7395927361868831
0.7395927361868831
-0.7426384903358441
0.7426384903358441
-0.7456689604893573
0.7456689604893573
-0.7486840842783256
0.7486840842783256
-0.7516837996494906
0.7516837996494906
-0.7546680448667091
0.7546680448667091
-0.7576367585122243
0.7576367585122243
-0.7605898794879292
0.7605898794879292
-0.7635273470166246
0.7635273470166246
-0.7664491006432694
0.7664491006432694
-0.7693550802362254
0.7693550802362254
-0.7722452259884944
0.7722452259884944
-0.775119478418949
0.775119478418949
-0.7779777783735573
0.7779777783735573
-0.7808200670265998
0.7808200670265998
-0.7836462858818804
0.7836462858818804
-0.7864563767739299
0.7864563767739299
-0.7892502818692036
0.7892502818692036
-0.7920279436672712
0.7920279436672712
-0.7947893050020002
0.7947893050020002
-0.7975343090427327
0.7975343090427327
-0.8002628992954547
0.8002628992954547
-0.8029750196039589
0.8029750196039589
-0.8056706141510004
0.8056706141510004
-0.8083496274594457
0.8083496274594457
-0.8110120043934139
0.8110120043934139
-0.8136576901594122
0.8136576901594122
-0.8162866303074627
0.8162866303074627
-0.818898770732224
0.818898770732224
-0.8214940576741038
0.8214940576741038
-0.8240724377203659
0.8240724377203659
-0.8266338578062293
0.8266338578062293
-0.8291782652159601
0.8291782652159601
-0.831705607583957
0.831705607583957
-0.8342158328958283
0.8342158328958283
-0.8367088894894628
0.8367088894894628
-0.8391847260560931
0.8391847260560931
-0.8416432916413514
0.8416432916413514
-0.8440845356463181
0.8440845356463181
-0.8465084078285633
0.8465084078285633
-0.848914858303181
0.848914858303181
-0.8513038375438154
0.8513038375438154
-0.8536752963836803
0.8536752963836803
-0.856029186016571
0.856029186016571
-0.8583654579978692
0.8583654579978692
-0.860684064245539
0.860684064245539
-0.8629849570411176
0.8629849570411176
-0.8652680890306966
0.8652680890306966
-0.8675334132258969
0.8675334132258969
-0.8697808830048356
0.8697808830048356
-0.8720104521130859
0.8720104521130859
-0.8742220746646282
0.8742220746646282
-0.8764157051427956
0.8764157051427956
-0.8785912984012097
0.8785912984012097
-0.8807488096647102
0.8807488096647102
-0.8828881945302763
0.8828881945302763
-0.8850094089679406
0.8850094089679406
-0.8871124093216953
0.8871124093216953
-0.8891971523103904
0.8891971523103904
-0.8912635950286248
0.8912635950286248
-0.8933116949476292
0.8933116949476292
-0.8953414099161412
0.8953414099161412
-0.8973526981612731
0.8973526981612731
-0.8993455182893713
0.8993455182893713
-0.9013198292868685
0.9013198292868685
-0.9032755905211276
0.9032755905211276
-0.9052127617412779
0.9052127617412779
-0.9071313030790439
0.9071313030790439
-0.9090311750495652
0.9090311750495652
-0.9109123385522096
0.9109123385522096
-0.9127747548713775
0.9127747548713775
-0.9146183856772989
0.9146183856772989
-0.9164431930268223
0.9164431930268223
-0.9182491393641955
0.9182491393641955
-0.9200361875218383
0.9200361875218383
-0.9218043007211078
0.9218043007211078
-0.9235534425730551
0.9235534425730551
-0.9252835770791745
0.9252835770791745
-0.9269946686321439
0.9269946686321439
-0.9286866820165579
0.9286866820165579
-0.9303595824096528
0.9303595824096528
-0.9320133353820227
0.9320133353820227
-0.9336479068983285
0.9336479068983285
-0.9352632633179984
0.9352632633179984
-0.9368593713959199
0.9368593713959199
-0.9384361982831244
0.9384361982831244
-0.9399937115274629
0.9399937115274629
-0.9415318790742743
0.9415318790742743
-0.9430506692670446
0.9430506692670446
-0.9445500508480588
0.9445500508480588
-0.9460299929590442
0.9460299929590442
-0.9474904651418051
0.9474904651418051
-0.9489314373388502
0.9489314373388502
-0.9503528798940108
0.9503528798940108
-0.9517547635530512
0.9517547635530512
-0.953137059464271
0.953137059464271
-0.9544997391790986
0.9544997391790986
-0.9558427746526769
0.9558427746526769
-0.9571661382444403
0.9571661382444403
-0.9584698027186839
0.9584698027186839
-0.9597537412451235
0.9597537412451235
-0.9610179273994484
0.9610179273994484
-0.9622623351638647
0.9622623351638647
-0.963486938927631
0.963486938927631
-0.9646917134875856
0.9646917134875856
-0.965876634048665
0.965876634048665
-0.9670416762244143
0.9670416762244143
-0.9681868160374892
0.9681868160374892
-0.969312029920149
0.969312029920149
-0.9704172947147424
0.9704172947147424
-0.9715025876741835
0.9715025876741835
-0.9725678864624203
0.9725678864624203
-0.973613169154894
0.973613169154894
-0.9746384142389907
0.9746384142389907
-0.9756436006144841
0.9756436006144841
-0.9766287075939692
0.9766287075939692
-0.9775937149032889
0.9775937149032889
-0.9785386026819507
0.9785386026819507
-0.9794633514835357
0.9794633514835357
-0.9803679422760986
0.9803679422760986
-0.9812523564425599
0.9812523564425599
-0.9821165757810886
0.9821165757810886
-0.982960582505477
0.982960582505477
-0.9837843592455069
0.9837843592455069
-0.9845878890473071
0.9845878890473071
-0.9853711553737023
0.9853711553737023
-0.9861341421045537
0.9861341421045537
-0.9868768335370906
0.9868768335370906
-0.9875992143862339
0.9875992143862339
-0.9883012697849108
0.9883012697849108
-0.9889829852843607
0.9889829852843607
-0.9896443468544332
0.9896443468544332
-0.9902853408838766
0.9902853408838766
-0.9909059541806189
0.9909059541806189
-0.9915061739720389
0.9915061739720389
-0.9920859879052305
0.9920859879052305
-0.9926453840472569
0.9926453840472569
-0.9931843508853969
0.9931843508853969
-0.9937028773273835
0.9937028773273835
-0.9942009527016327
0.9942009527016327
-0.9946785667574655
0.9946785667574655
-0.9951357096653208
0.9951357096653208
-0.9955723720169607
0.9955723720169607
-0.9959885448256685
0.9959885448256685
-0.9963842195264397
0.9963842195264397
-0.9967593879761656
0.9967593879761656
-0.9971140424538132
0.9971140424538132
-0.9974481756606008
0.9974481756606008
-0.9977617807201733
0.9977617807201733
-0.9980548511787818
0.9980548511787818
-0.9983273810054769
0.9983273810054769
-0.9985793645923297
0.9985793645923297
-0.9988107967547096
0.9988107967547096
-0.9990216727316753
0.9990216727316753
-0.9992119881865938
0.9992119881865938
-0.9993817392082441
0.9993817392082441
-0.9995309223130201
0.9995309223130201
-0.9996595344498593
0.9996595344498593
-0.9997675730127968
0.9997675730127968
-0.9998550358785775
0.9998550358785775
-0.9999219215480357
0.9999219215480357
-0.9999682299045187
0.9999682299045187
-0.9999939702807062
0.9999939702807062