0
-0.00229062318448161175550013943681
0.00229062318448161175550013943681
-0.00458123435015006707672061731696
0.00458123435015006707672061731696
-0.00687182147825527178714119610293
0.00687182147825527178714119610293
-0.00916237255017325589487520654032
0.00916237255017325589487520654032
-0.0114528755474692348577748685539
0.0114528755474692348577748685539
-0.0137433184519606698558877174395
0.0137433184519606698558877174395
-0.016033689245780326740389272405
0.016033689245780326740389272405
-0.0183239759114393333281240289962
0.0183239759114393333281240289962
-0.0206141664318902347108955374695
0.0206141664318902347108955374695
-0.0229042487905900462486567457129
0.0229042487905900462486567457129
-0.0251942109715633039157639378036
0.0251942109715633039157639378036
-0.0274840409594651116694714876654
0.0274840409594651116694714876654
-0.0297737267396441855098602714789
0.0297737267396441855098602714789
-0.03206325629820589390040994242
0.03206325629820589390040994242
-0.0343526176220752942184443668666
0.0343526176220752942184443668666
-0.0366417986990601649047003523171
0.0366417986990601649047003523171
-0.0389307875179140329812923638046
0.0389307875179140329812923638046
-0.0412195720683991966073702274376
0.0412195720683991966073702274376
-0.0435081403413497423417928567394
0.0435081403413497423417928567394
-0.0457964803287345567821688095421
0.0457964803287345567821688095421
-0.0480845800237203322496439901816
0.0480845800237203322496439901816
-0.0503724274207345661888480534825
0.0503724274207345661888480534825
-0.0526600105155285539524440433413
0.0526600105155285539524440433413
-0.0549473173052403746397605094583
0.0549473173052403746397605094583
-0.0572343357884578696590217907291
0.0572343357884578696590217907291
-0.0595210539652816136827303328181
0.0595210539652816136827303328181
-0.061807459837387877665794820274
0.061807459837387877665794820274
-0.0640935414080915835960395500231
0.0640935414080915835960395500231
-0.0663792866824092506467738529584
0.0663792866824092506467738529584
-0.0686646836671219324011454834068
0.0686646836671219324011454834068
-0.0709497203708381448180487422705
0.0709497203708381448180487422705
-0.0732343848040567846094066783479
0.0732343848040567846094066783479
-0.0755186649792300376986970234999
0.0755186649792300376986970234999
-0.0778025489108262774306435606632
0.0778025489108262774306435606632
-0.0800860246153929522020483989617
0.0800860246153929522020483989617
-0.0823690801116194621837961370391
0.0823690801116194621837961370391
-0.0846517034204000248041181339445
0.0846517034204000248041181339445
-0.0869338825648965286632640761458
0.0869338825648965286632640761458
-0.0892156055706013755497887292141
0.0892156055706013755497887292141
-0.0914968604654003102287241930963
0.0914968604654003102287241930963
-0.0937776352796352376719721403484
0.0937776352796352376719721403484
-0.0960579180461670274013164068971
0.0960579180461670274013164068971
-0.0983376968004383046145239244921
0.0983376968004383046145239244921
-0.100616959580536227765071332646
0.100616959580536227765071332646
-0.102895694427255252266105685173
0.102895694427255252266105685173
-0.10517388938415987998932047205
0.10517388938415987998932047205
-0.107451532497647394229502710887
0.107451532497647394229502710887
-0.109728611817010579805583123326
0.109728611817010579805583123326
-0.112005115394500427969099399945
0.112005115394500427969099399945
-0.11428103128538882579106227213
0.11428103128538882579106227213
-0.116556347548031229698295550632
0.116556347548031229698295550632
-0.118831052243929322830404457638
0.118831052243929322830404457638
-0.121105133437793655888611471718
0.121105133437793655888611471718
-0.123378579197606271147785522577
0.123378579197606271147785522577
-0.125651377594683309303078714617
0.125651377594683309303078714617
-0.127923516703737598822674824488
0.127923516703737598822674824488
-0.130194984602941227478245607553
0.130194984602941227478245607553
-0.132465769373988095724804461122
0.132465769373988095724804461122
-0.134735859102156451601742227803
0.134735859102156451601742227803
-0.137005241876371406826926879991
0.137005241876371406826926879991
-0.139273905789267433755847505797
0.139273905789267433755847505797
-0.141541838937250842877883417101
0.141541838937250842877883417101
-0.143809029420562240521881321393
0.143809029420562240521881321393
-0.146075465343338966443327340062
0.146075465343338966443327340062
-0.148341134813677510965506216324
0.148341134813677510965506216324
-0.150606025943695911347147335404
0.150606025943695911347147335404
-0.15287012684959612704916617747
0.15287012684959612704916617747
-0.155133425651726393573220539416
0.155133425651726393573220539416
-0.157395910474643554544913294502
0.157395910474643554544913294502
-0.159657569447175371714587608368
0.159657569447175371714587608368
-0.161918390702482812548776395478
0.161918390702482812548776395478
-0.164178362378122315085485381074
0.164178362378122315085485381074
-0.16643747261610802972660842948
0.16643747261610802972660842948
-0.168695709562974037640894809642
0.168695709562974037640894809642
-0.170953061369836545451010792282
0.170953061369836545451010792282
-0.173209516192456055878362409561
0.173209516192456055878362409561
-0.175465062191299514019472356813
0.175465062191299514019472356813
-0.177719687531602428927831876265
0.177719687531602428927831876265
-0.179973380383430970175278033864
0.179973380383430970175278033864
-0.182226128921744039067078081848
0.182226128921744039067078081848
-0.184477921326455314185035590703
0.184477921326455314185035590703
-0.186728745782495270933067734076
0.186728745782495270933067734076
-0.188978590479873174759839518246
0.188978590479873174759839518246
-0.191227443613739047733178863252
0.191227443613739047733178863252
-0.193475293384445608141136264965
0.193475293384445608141136264965
-0.195722127997610182794694295574
0.195722127997610182794694295574
-0.197967935664176591707275433364
0.197967935664176591707275433364
-0.200212704600477004826341650552
0.200212704600477004826341650552
-0.202456423028293770492525829576
0.202456423028293770492525829576
-0.204699079174921215301883422794
0.204699079174921215301883422794
-0.206940661273227415047002817295
0.206940661273227415047002817295
-0.209181157561715936412864614665
0.209181157561715936412864614665
-0.211420556284587549103493484271
0.211420556284587549103493484271
-0.213658845691801908075601397137
0.213658845691801908075601397137
-0.215896014039139205555577894986
0.215896014039139205555577894986
-0.218132049588261792516341594633
0.218132049588261792516341594633
-0.220366940606775769290727370878
0.220366940606775769290727370878
-0.222600675368292544998245600496
0.222600675368292544998245600496
-0.224833242152490365462213484938
0.224833242152490365462213484938
-0.227064629245175809294423799216
0.227064629245175809294423799216
-0.229294824938345251824683438161
0.229294824938345251824683438161
-0.231523817530246296552722847991
0.231523817530246296552722847991
-0.233751595325439173800147840015
0.233751595325439173800147840015
-0.23597814663485810624027738345
0.23597814663485810624027738345
-0.238203459775872640983884764788
0.238203459775872640983884764788
-0.240427523072348947899034981079
0.240427523072348947899034981079
-0.24265032485471108384338840289
0.24265032485471108384338840289
-0.244871853460002222487519598734
0.244871853460002222487519598734
-0.24709209723194584940798075537
0.24709209723194584940798075537
-0.249311044521006922129021356728
0.249311044521006922129021356728
-0.251528683684452994792059697304
0.251528683684452994792059697304
-0.253745003086415307132187402669
0.253745003086415307132187402669
-0.25595999109794983744117540944
0.25595999109794983744117540944
-0.258173636097098319196638818488
0.258173636097098319196638818488
-0.26038592646894922103720867746
0.26038592646894922103720867746
-0.262596850605698689763751070801
0.262596850605698689763751070801
-0.264806396906711456046867896411
0.264806396906711456046867896411
-0.267014553778581702521109386767
0.267014553778581702521109386767
-0.269221309635193893946525787881
0.269221309635193893946525787881
-0.271426652897783569118384640667
0.271426652897783569118384640667
-0.273630571994998094206080815234
0.273630571994998094206080815234
-0.275833055362957377202468828192
0.275833055362957377202468828192
-0.278034091445314543165051025186
0.278034091445314543165051025186
-0.280233668693316569930660934538
0.280233668693316569930660934538
-0.282431775565864883985488491939
0.282431775565864883985488491939
-0.284628400529575916172502899552
0.284628400529575916172502899552
-0.286823532058841616918539614552
0.286823532058841616918539614552
-0.289017158635889930663530360897
0.289017158635889930663530360897
-0.29120926875084522917456912296
0.29120926875084522917456912296
-0.293399850901788703427722809339
0.293399850901788703427722809339
-0.295588893594818713740712668666
0.295588893594818713740712668666
-0.297776385344111097839811595305
0.297776385344111097839811595305
-0.299962314671979436544523180443
0.299962314671979436544523180443
-0.302146670108935276753830741929
0.302146670108935276753830741929
-0.30432944019374831141802860331
0.30432944019374831141802860331
-0.306510613473506516180373587509
0.306510613473506516180373587509
-0.30869017850367624237302204239
0.30869017850367624237302204239
-0.310868123848162266051946722921
0.310868123848162266051946722921
-0.313044438079367792755758516381
0.313044438079367792755758516381
-0.315219109778254417673590312123
0.315219109778254417673590312123
-0.317392127534402040907434284326
0.317392127534402040907434284326
-0.31956347994606873751455947388
0.31956347994606873751455947388
-0.321733155620250582015873822777
0.321733155620250582015873822777
-0.323901143172741427056333729814
0.323901143172741427056333729814
-0.326067431228192635903744758924
0.326067431228192635903744758924
-0.32823200842017276847253933962
0.32823200842017276847253933962
-0.330394863391227220559361151784
0.330394863391227220559361151784
-0.332555984792937815977531382846
0.332555984792937815977531382846
-0.334715361285982351277719183246
0.334715361285982351277719183246
-0.336872981540194092742387424414
0.336872981540194092742387424414
-0.339028834234621225341835281232
0.339028834234621225341835281232
-0.341182908057586253339911216612
0.341182908057586253339911216612
-0.343335191706745352237723638173
0.343335191706745352237723638173
-0.345485673889147671743931824691
0.345485673889147671743931824691
-0.347634343321294589460456681678
0.347634343321294589460456681678
-0.34978118872919891497270947976
0.34978118872919891497270947976
-0.351926198848444044033696955162
0.351926198848444044033696955162
-0.354069362424243062531623007132
0.354069362424243062531623007132
-0.356210668211497799930870711252
0.356210668211497799930870711252
-0.358350104974857831876513478807
0.358350104974857831876513478807
-0.36048766148877943165277092948
0.36048766148877943165277092948
-0.362623326537584470186093405995
0.362623326537584470186093405995
-0.364757088915519264283829043774
0.364757088915519264283829043774
-0.366888937426813372799698914562
0.366888937426813372799698914562
-0.369018860885738340417578989098
0.369018860885738340417578989098
-0.371146848116666388745362508614
0.371146848116666388745362508614
-0.373272887954129054410952817005
0.373272887954129054410952817005
-0.375396969242875773852714783308
0.375396969242875773852714783308
-0.377519080837932414496992636288
0.377519080837932414496992636288
-0.379639211604659752015583337974
0.379639211604659752015583337974
-0.381757350418811893356337539409
0.381757350418811893356337539409
-0.38387348616659464524034468823
0.38387348616659464524034468823
-0.385987607744723827819444992473
0.385987607744723827819444992473
-0.388099704060483533188098686682
0.388099704060483533188098686682
-0.390209764031784328443932393486
0.390209764031784328443932393486
-0.392317776587221402991573324844
0.392317776587221402991573324844
-0.394423730666132659784674620464
0.394423730666132659784674620464
-0.396527615218656750201329275144
0.396527615218656750201329275144
-0.398629419205791052248365860216
0.398629419205791052248365860216
-0.400729131599449591790316595523
0.400729131599449591790316595523
-0.402826741382520906499147275727
0.402826741382520906499147275727
-0.404922237548925852221139096751
0.404922237548925852221139096751
-0.407015609103675351457614563176
0.407015609103675351457614563176
-0.4091068450629280836565033839
0.4091068450629280836565033839
-0.411195934454048117012049579669
0.411195934454048117012049579669
-0.413282866315662481470267930669
0.413282866315662481470267930669
-0.415367629697718682638066383591
0.415367629697718682638066383591
-0.417450213661542156294261113776
0.417450213661542156294261113776
-0.419530607279893663201022597709
0.419530607279893663201022597709
-0.42160879963702662391460429249
0.42160879963702662391460429249
-0.423684779828744393294520340401
0.423684779828744393294520340401
-0.425758536962457474410655116655
0.425758536962457474410655116655
-0.427830060157240671548105415185
0.427830060157240671548105415185
-0.429899338543890182009875619182
0.429899338543890182009875619182
-0.431966361264980626417867328499
0.431966361264980626417867328499
-0.434031117474922017212927613112
0.434031117474922017212927613112
-0.436093596340016665055044329056
0.436093596340016665055044329056
-0.438153787038516022825102768833
0.438153787038516022825102768833
-0.440211678760677466929945320527
0.440211678760677466929945320527
-0.442267260708821015612804777069
0.442267260708821015612804777069
-0.444320522097385983971512467508
0.444320522097385983971512467508
-0.446371452152987575387214474063
0.446371452152987575387214474063
-0.448420040114473409066662850393
0.448420040114473409066662850393
-0.450466275232979983401483966165
0.450466275232979983401483966165
-0.452510146771989074848162868903
0.452510146771989074848162868903
-0.454551644007384072032820874476
0.454551644007384072032820874476
-0.456590756227506244785203470616
0.456590756227506244785203470616
-0.458627472733210947806637041857
0.458627472733210947806637041857
-0.460661782837923758677055897372
0.460661782837923758677055897372
-0.462693675867696549906545603583
0.462693675867696549906545603583
-0.464723141161263494737194689378
0.464723141161263494737194689378
-0.466750168070097006401394401372
0.466750168070097006401394401372
-0.468774745958463610543075338162
0.468774745958463610543075338162
-0.470796864203479750508720484066
0.470796864203479750508720484066
-0.472816512195167525215346392574
0.472816512195167525215346392574
-0.474833679336510359302998035857
0.474833679336510359302998035857
-0.476848355043508605279658137247
0.476848355043508605279658137247
-0.478860528745235077366828636872
0.478860528745235077366828636872
-0.480870189883890516754400304571
0.480870189883890516754400304571
-0.482877327914858987973786407131
0.482877327914858987973786407131
-0.484881932306763206098657756725
0.484881932306763206098657756725
-0.486883992541519794482979412404
0.486883992541519794482979412404
-0.488883498114394472746413774639
0.488883498114394472746413774639
-0.490880438534057174717520802343
0.490880438534057174717520802343
-0.492874803322637096045553590608
0.492874803322637096045553590608
-0.494866582015777671192016573588
0.494866582015777671192016573588
-0.496855764162691479513524158688
0.496855764162691479513524158688
-0.498842339326215080147869653496
0.498842339326215080147869653496
-0.500826297082863775415587913747
0.500826297082863775415587913747
-0.502807627022886302449670217093
0.502807627022886302449670217093
-0.504786318750319452766466451678
0.504786318750319452766466451678
-0.506762361883042619491187798318
0.506762361883042619491187798318
-0.508735746052832271951802678714
0.508735746052832271951802678714
-0.510706460905416357355499837401
0.510706460905416357355499837401
-0.512674496100528629262275020141
0.512674496100528629262275020141
-0.514639841311962902570581804215
0.514639841311962902570581804215
-0.516602486227627234730372724479
0.516602486227627234730372724479
-0.518562420549598032899243921147
0.518562420549598032899243921147
-0.520519633994174086757785108986
0.520519633994174086757785108986
-0.522474116291930526700626730993
0.522474116291930526700626730993
-0.524425857187772707120067710453
0.524425857187772707120067710453
-0.526374846440990014499560251748
0.526374846440990014499560251748
-0.528321073825309600034722660062
0.528321073825309600034722660062
-0.530264529128950036499947151396
0.530264529128950036499947151396
-0.532205202154674899079067104743
0.532205202154674899079067104743
-0.534143082719846269878947166042
0.534143082719846269878947166042
-0.536078160656478165845260046312
0.536078160656478165845260046312
-0.538010425811289889800115762209
0.538010425811289889800115762209
-0.539939868045759304321612443984
0.539939868045759304321612443984
-0.54186647723617602818578268136
0.54186647723617602818578268136
-0.543790243273694555091815689993
0.543790243273694555091815689993
-0.545711156064387294391843357941
0.545711156064387294391843357941
-0.547629205529297533546987470643
0.547629205529297533546987470643
-0.549544381604492322031776112274
0.549544381604492322031776112274
-0.551456674241115276409449398771
0.551456674241115276409449398771
-0.553366073405439306301088311214
0.553366073405439306301088311214
-0.555272569078919260971915465339
0.555272569078919260971915465339
-0.557176151258244496258533171678
0.557176151258244496258533171678
-0.55907680995539136156128210892
0.55907680995539136156128210892
-0.560974535197675606626323348365
0.560974535197675606626323348365
-0.562869317027804707842467327647
0.562869317027804707842467327647
-0.564761145503930113778195674976
0.564761145503930113778195674976
-0.566650010699699409684745528828
0.566650010699699409684745528828
-0.568535902704308400691551179992
0.568535902704308400691551179992
-0.570418811622553113420764481038
0.570418811622553113420764481038
-0.572298727574881715748003520285
0.572298727574881715748003520285
-0.574175640697446354436908540974
0.574175640697446354436908540974
-0.576049541142154910375514999415
0.576049541142154910375514999415
-0.577920419076722671142885996007
0.577920419076722671142885996007
-0.579788264684723920634880078062
0.579788264684723920634880078062
-0.581653068165643445478365600918
0.581653068165643445478365600918
-0.583514819734927957963629441755
0.583514819734927957963629441755
-0.585373509624037435225165886352
0.585373509624037435225165886352
-0.587229128080496374401470950665
0.587229128080496374401470950665
-0.58908166536794496350490825407
0.58908166536794496350490825407
-0.590931111766190167733154827179
0.590931111766190167733154827179
-0.592777457571256730954178912004
0.592777457571256730954178912004
-0.594620693095438092097146893495
0.594620693095438092097146893495
-0.596460808667347216182102986886
0.596460808667347216182102986886
-0.59829779463196733972171319238
0.59829779463196733972171319238
-0.600131641350702630228814315316
0.600131641350702630228814315316
-0.601962339201428759563959533489
0.601962339201428759563959533489
-0.603789878578543390857604071641
0.603789878578543390857604071641
-0.605614249893016578742028013729
0.605614249893016578742028013729
-0.607435443572441082628548144087
0.607435443572441082628548144087
-0.609253450061082592766026956743
0.609253450061082592766026956743
-0.611068259819929868817144605345
0.611068259819929868817144605345
-0.612879863326744790689358582191
0.612879863326744790689358582191
-0.61468825107611232135793631117
0.61468825107611232135793631117
-0.616493413579490381418907613732
0.616493413579490381418907613732
-0.618295341365259635110247156754
0.618295341365259635110247156754
-0.620094024978773187540061514061
0.620094024978773187540061514061
-0.621889454982406192861021366837
0.621889454982406192861021366837
-0.623681621955605373130746629882
0.623681621955605373130746629882
-0.625470516494938447598320918079
0.625470516494938447598320918079
-0.627256129214143472157581758203
0.627256129214143472157581758203
-0.629038450744178088708304302709
0.629038450744178088708304302709
-0.630817471733268684166869012043
0.630817471733268684166869012043
-0.632593182846959458868477837789
0.632593182846959458868477837789
-0.634365574768161404103458858058
0.634365574768161404103458858058
-0.636134638197201188530676086601
0.636134638197201188530676086601
-0.637900363851869953211539295468
0.637900363851869953211539295468
-0.639662742467472015008588155343
0.639662742467472015008588155343
-0.641421764796873478093105805313
0.641421764796873478093105805313
-0.643177421610550753306699112281
0.643177421610550753306699112281
-0.644929703696638985122266367003
0.644929703696638985122266367003
-0.646678601860980385950257986297
0.646678601860980385950257986297
-0.648424106927172477536621946679
0.648424106927172477536621946679
-0.650166209736616239199313161183
0.650166209736616239199313161183
-0.651904901148564162650734825616
0.651904901148564162650734825616
-0.653640172040168213153969900642
0.653640172040168213153969900642
-0.65537201330652769676115235916
0.65537201330652769676115235916
-0.657100415860737033382820611904
0.657100415860737033382820611904
-0.658825370633933435437589625529
0.658825370633933435437589625529
-0.660546868575344491831973663935
0.660546868575344491831973663935
-0.662264900652335657020688312739
0.662264900652335657020688312739
-0.663979457850457644898258485974
0.663979457850457644898258485974
-0.665690531173493727273258460626
0.665690531173493727273258460626
-0.667398111643506936677010636021
0.667398111643506936677010636021
-0.669102190300887173259071668512
0.669102190300887173259071668512
-0.670802758204398215522337885015
0.670802758204398215522337885015
-0.672499806431224634651106428788
0.672499806431224634651106428788
-0.674193326077018612185934435039
0.674193326077018612185934435039
-0.675883308255946660799645669649
0.675883308255946660799645669649
-0.67756974410073624792934248896
0.67756974410073624792934248896
-0.679252624762722322019790689459
0.679252624762722322019790689459
-0.680931941411893741134055810681
0.680931941411893741134055810681
-0.682607685236939603687781730023
0.682607685236939603687781730023
-0.684279847445295481064015941738
0.684279847445295481064015941738
-0.685948419263189551866000741491
0.685948419263189551866000741491
-0.68761339193568863756586563975
0.68761339193568863756586563975
-0.689274756726744139307673699319
0.689274756726744139307673699319
-0.690932504919237875623793131715
0.690932504919237875623793131715
-0.692586627815027820824085391178
0.692586627815027820824085391178
-0.69423711673499374381792217111
0.69423711673499374381792217111
-0.695883963019082747129566132967
0.695883963019082747129566132967
-0.697527158026354705867973879337
0.697527158026354705867973879337
-0.699166693135027606412604618311
0.699166693135027606412604618311
-0.700802559742522784577344152671
0.700802559742522784577344152671
-0.702434749265510063015181261949
0.702434749265510063015181261949
-0.704063253139952787626802225473
0.704063253139952787626802225473
-0.705688062821152762736799157148
0.705688062821152762736799157148
-0.707309169783795084801718985307
0.707309169783795084801718985307
-0.708926565521992874414712310589
0.708926565521992874414712310589
-0.710540241549331906372075008796
0.710540241549331906372075008796
-0.712150189398915137567510311074
0.712150189398915137567510311074
-0.713756400623407132480475187972
0.713756400623407132480475187972
-0.715358866795078386025512183926
0.715358866795078386025512183926
-0.716957579505849543530006391806
0.716957579505849543530006391806
-0.718552530367335517608347020528
0.718552530367335517608347020528
-0.720143711010889501701013989425
0.720143711010889501701013989425
-0.72173111308764688004765217841
0.72173111308764688004765217841
-0.723314728268569033863739369951
0.723314728268569033863739369951
-0.724894548244487043490998534821
0.724894548244487043490998534821
-0.72647056472614528629225093544
0.72647056472614528629225093544
-0.72804276944424493006195354572
0.72804276944424493006195354572
-0.729611154149487321724212511652
0.729611154149487321724212511652
-0.731175710612617271090613799604
0.731175710612617271090613799604
-0.732736430624466229450762796564
0.732736430624466229450762796564
-0.734293305995995362768976435463
0.734293305995995362768976435463
-0.735846328558338519261124416314
0.735846328558338519261124416314
-0.737395490162845091126170277395
0.737395490162845091126170277395
-0.738940782681122770207518437063
0.738940782681122770207518437063
-0.740482198005080197359829873208
0.740482198005080197359829873208
-0.742019728046969505297526830831
0.742019728046969505297526830831
-0.743553364739428754701765845915
0.743553364739428754701765845915
-0.745083100035524263363218442616
0.745083100035524263363218442616
-0.746608925908792828138560098028
0.746608925908792828138560098028
-0.748130834353283839499130471289
0.748130834353283839499130471289
-0.749648817383601288450791458759
0.749648817383601288450791458759
-0.751162867034945665604574361353
0.751162867034945665604574361353
-0.752672975363155752178273331017
0.752672975363155752178273331017
-0.754179134444750302709709297682
0.754179134444750302709709297682
-0.755681336376969619262956762948
0.755681336376969619262956762948
-0.75717957327781701690939517923
0.75717957327781701690939517923
-0.758673837286100180266017110118
0.758673837286100180266017110118
-0.760164120561472410873996986332
0.760164120561472410873996986332
-0.761650415284473765201097028812
0.761650415284473765201097028812
-0.763132713656572083052060803284
0.763132713656572083052060803284
-0.764611007900203906171719895907
0.764611007900203906171719895907
-0.766085290258815286826115354513
0.766085290258815286826115354513
-0.767555552996902486147512821315
0.767555552996902486147512821315
-0.769021788400052562029768687818
0.769021788400052562029768687818
-0.770483988774983846361084128021
0.770483988774983846361084128021
-0.771942146449586311381764508725
0.771942146449586311381764508725
-0.773396253772961824955183432888
0.773396253772961824955183432888
-0.774846303115464294540733540395
0.774846303115464294540733540395
-0.7762922868687396996581301673
0.7762922868687396996581301673
-0.777734197445766012633019046504
0.777734197445766012633019046504
-0.77917202728089300741442541682
0.77917202728089300741442541682
-0.78060576882988195625516919046
0.78060576882988195625516919046
-0.78203541456994521404695920802
0.78203541456994521404695920802
-0.783460956999785690102469081925
0.783460956999785690102469081925
-0.784882388639636207177287691052
0.784882388639636207177287691052
-0.786299702031298747525229037596
0.786299702031298747525229037596
-0.787712889738183585781078909283
0.787712889738183585781078909283
-0.789121944345348308465449602458
0.789121944345348308465449602458
-0.790526858459536719907008851429
0.790526858459536719907008851429
-0.791927624709217634377945073521
0.791927624709217634377945073521
-0.793324235744623554239128074454
0.793324235744623554239128074454
-0.794716684237789233892022461868
0.794716684237789233892022461868
-0.796104962882590129335010182798
0.796104962882590129335010182798
-0.797489064394780733122378830642
0.797489064394780733122378830642
-0.798868981512032794524833655417
0.798868981512032794524833655417
-0.800244706993973424690993554803
0.800244706993973424690993554803
-0.801616233622223086609934719321
0.801616233622223086609934719321
-0.80298355420043346967545005005
0.80298355420043346967545005005
-0.804346661554325248653297958107
0.804346661554325248653297958107
-0.805705548531725726853320688762
0.805705548531725726853320688762
-0.807060208002606363308919886213
0.807060208002606363308919886213
-0.808410632859120183766985724532
0.808410632859120183766985724532
-0.809756816015639075291985573011
0.809756816015639075291985573011
-0.811098750408790964288528836747
0.811098750408790964288528836747
-0.812436428997496877747336312731
0.812436428997496877747336312731
-0.813769844763007887520155124659
0.813769844763007887520155124659
-0.815098990708941937429774042993
0.815098990708941937429774042993
-0.816423859861320553021908757218
0.816423859861320553021908757218
-0.81774444526860543376634244155
0.81774444526860543376634244155
-0.819060740001734927515323740367
0.819060740001734927515323740367
-0.820372737154160387027842092014
0.820372737154160387027842092014
-0.82168042984188240836901910627
0.82168042984188240836901910627
-0.822983811203486950994474508292
0.822983811203486950994474508292
-0.824282874400181339330145957132
0.824282874400181339330145957132
-0.825577612615830145658663836558
0.825577612615830145658663836558
-0.82686801905699095412400489683
0.82686801905699095412400489683
-0.828154086952950005666772394794
0.828154086952950005666772394794
-0.829435809555757723703075133121
0.829435809555757723703075133121
-0.830713180140264120360603534238
0.830713180140264120360603534238
-0.83198619200415408308612759741
0.83198619200415408308612759741
-0.833254838467982541439269275016
0.833254838467982541439269275016
-0.834519112875209513888030463261
0.834519112875209513888030463261
-0.835779008592235034422187429892
0.835779008592235034422187429892
-0.837034519008433958801293093759
0.837034519008433958801293093759
-0.838285637536190650254660124893
0.838285637536190650254660124893
-0.83953235761093354445133034595
0.83953235761093354445133034595
-0.840774672691169593558669382933
0.840774672691169593558669382933
-0.842012576258518589208859931895
0.842012576258518589208859931895
-0.84324606181774736419320237537
0.84324606181774736419320237537
-0.84447512289680387270476779437
0.84447512289680387270476779437
-0.845699753046851148950585675482
0.845699753046851148950585675482
-0.846919945842301143955186804623
0.846919945842301143955186804623
-0.848135694880848440377960966032
0.848135694880848440377960966032
-0.849346993783503845167429123645
0.849346993783503845167429123645
-0.850553836194627859876170748916
0.850553836194627859876170748916
-0.851756215781964028460788870868
0.851756215781964028460788870868
-0.852954126236672162391938257505
0.852954126236672162391938257505
-0.854147561273361442900085889152
0.854147561273361442900085889152
-0.855336514630123400183317550578
0.855336514630123400183317550578
-0.856520980068564769404149946429
0.856520980068564769404149946429
-0.857700951373840223302954230184
0.857700951373840223302954230184
-0.858876422354684981256244227233
0.858876422354684981256244227233
-0.860047386843447294608730924242
0.860047386843447294608730924242
-0.861213838696120808108693986445
0.861213838696120808108693986445
-0.862375771792376797276871148409
0.862375771792376797276871148409
-0.863533180035596281539717298748
0.863533180035596281539717298748
-0.864686057352902012958536941896
0.864686057352902012958536941896
-0.86583439769519034038664646681
0.86583439769519034038664646681
-0.866978195037162948887376280134
0.866978195037162948887376280134
-0.86811744337735847424637736633
0.86811744337735847424637736633
-0.869252136738183992412352216234
0.869252136738183992412352216234
-0.870382269165946383700986314979
0.870382269165946383700986314979
-0.871507834730883571597513496772
0.871507834730883571597513496772
-0.872628827527195635994006454232
0.872628827527195635994006454232
-0.87374524167307580069814253039
0.87374524167307580069814253039
-0.874857071310741295050854618634
0.874857071310741295050854618634
-0.875964310606464089490937546328
0.875964310606464089490937546328
-0.877066953750601504905341718159
0.877066953750601504905341718159
-0.87816499495762669560454804197
0.87816499495762669560454804197
-0.879258428466159005763081249453
0.879258428466159005763081249453
-0.880347248538994199165882653153
0.880347248538994199165882653153
-0.881431449463134562101928146315
0.881431449463134562101928146315
-0.882511025549818879247142849658
0.882511025549818879247142849658
-0.883585971134552282379330235794
0.883585971134552282379330235794
-0.884656280577135971768500814138
0.884656280577135971768500814138
-0.885721948261696810086653533394
0.885721948261696810086653533394
-0.886782968596716788681731951483
0.886782968596716788681731951483
-0.887839336015062366061146930671
0.887839336015062366061146930671
-0.888891044974013678430928135106
0.888891044974013678430928135106
-0.889938089955293622137237935522
0.889938089955293622137237935522
-0.890980465465096807857653458019
0.890980465465096807857653458019
-0.892018166034118386390295447039
0.892018166034118386390295447039
-0.893051186217582745889556343439
0.893051186217582745889556343439
-0.894079520595272080397854503446
0.894079520595272080397854503446
-0.895103163771554829523516799635
0.895103163771554829523516799635
-0.89612211037541398911556794757
0.89612211037541398911556794757
-0.897136355060475292786881787625
0.897136355060475292786881787625
-0.898145892505035264137827417517
0.898145892505035264137827417517
-0.899150717412089139533221513447
0.899150717412089139533221513447
-0.90015082450935866128607739313
0.90015082450935866128607739313
-0.901146208549319741102321358765
0.901146208549319741102321358765
-0.902136864309229993641327608671
0.902136864309229993641327608671
-0.903122786591156140047804519333
0.903122786591156140047804519333
-0.904103970222001281311247371456
0.904103970222001281311247371456
-0.905080410053532041309855620793
0.905080410053532041309855620793
-0.906052100962405579396496593384
0.906052100962405579396496593384
-0.907019037850196472384982012009
0.907019037850196472384982012009
-0.907981215643423465795609032472
0.907981215643423465795609032472
-0.908938629293576094219603481286
0.908938629293576094219603481286
-0.909891273777141170662789736963
0.909891273777141170662789736963
-0.910839144095629144729499181753
0.910839144095629144729499181753
-0.911782235275600329508417365911
0.911782235275600329508417365911
-0.912720542368690997022758968825
0.912720542368690997022758968825
-0.913654060451639342107849307019
0.913654060451639342107849307019
-0.914582784626311314579881524747
0.914582784626311314579881524747
-0.91550671001972631956030970495
0.91550671001972631956030970495
-0.916425831784082785821029953346
0.916425831784082785821029953346
-0.917340145096783602016194032772
0.917340145096783602016194032772
-0.918249645160461420667193355061
0.918249645160461420667193355061
-0.91915432720300382976804507033
0.91915432720300382976804507033
-0.920054186477578391879106624827
0.920054186477578391879106624827
-0.920949218262657550577740485228
0.920949218262657550577740485228
-0.921839417862043404135246745697
0.921839417862043404135246745697
-0.922724780604892346290078040847
0.922724780604892346290078040847
-0.92360530184573957398804857938
0.92360530184573957398804857938
-0.92448097696452346196094718615
0.92448097696452346196094718615
-0.925351801366609804015662991299
0.925351801366609804015662991299
-0.926217770482815920906631830398
0.926217770482815920906631830398
-0.927078879769434634665111515818
0.927078879769434634665111515818
-0.927935124708258109259494903401
0.927935124708258109259494903401
-0.928786500806601557461571106444
0.928786500806601557461571106444
-0.929633003597326813794347297696
0.929633003597326813794347297696
-0.930474628638865773437746286081
0.930474628638865773437746286081
-0.931311371515243696969198454838
0.931311371515243696969198454838
-0.932143227836102380816850698324
0.932143227836102380816850698324
-0.932970193236723193303819692638
0.932970193236723193303819692638
-0.933792263378049976162622177023
0.933792263378049976162622177023
-0.934609433946711811399620905575
0.934609433946711811399620905575
-0.93542170065504565339003154878
0.93542170065504565339003154878
-0.936229059241118826084743078617
0.936229059241118826084743078617
-0.937031505468751385210912056273
0.937031505468751385210912056273
-0.937829035127538345348999754683
0.937829035127538345348999754683
-0.938621644032871771769630186127
0.938621644032871771769630186127
-0.939409328025962736914356864829
0.939409328025962736914356864829
-0.940192082973863141405136513015
0.940192082973863141405136513015
-0.940969904769487399468018913113
0.940969904769487399468018913113
-0.941742789331633988657273715945
0.941742789331633988657273715945
-0.942510732605006863766887231957
0.942510732605006863766887231957
-0.943273730560236734817075056992
0.943273730560236734817075056992
-0.944031779193902209004169813261
0.944031779193902209004169813261
-0.944784874528550796502957317202
0.944784874528550796502957317202
-0.945533012612719780011249116567
0.945533012612719780011249116567
-0.94627618952095694792719456671
0.94627618952095694792719456671
-0.947014401353841191050551438568
0.947014401353841191050551438568
-0.947747644238002962699850465857
0.947747644238002962699850465857
-0.948475914326144602138106244679
0.948475914326144602138106244679
-0.949199207797060521200444493028
0.949199207797060521200444493028
-0.949917520855657254017733858895
0.949917520855657254017733858895
-0.950630849732973369731029232244
0.950630849732973369731029232244
-0.951339190686199248092352866658
0.951339190686199248092352866658
-0.952042539998696717848059549777
0.952042539998696717848059549777
-0.952740893980018557801752576836
0.952740893980018557801752576836
-0.95343424896592786045443837795
0.95343424896592786045443837795
-0.954122601318417258120329326885
0.954122601318417258120329326885
-0.954805947425728011417426516808
0.954805947425728011417426516808
-0.955484283702368960032737127134
0.955484283702368960032737127134
-0.956157606589135335662704425654
0.956157606589135335662704425654
-0.956825912553127437030152452749
0.956825912553127437030152452749
-0.957489198087769166879772020973
0.957489198087769166879772020973
-0.958147459712826430854899835734
0.958147459712826430854899835734
-0.95880069397442539815906830357
0.95880069397442539815906830357
-0.959448897445070623906529946868
0.959448897445070623906529946868
-0.960092066723663033066687291412
0.960092066723663033066687291412
-0.960730198435517765908086640567
0.960730198435517765908086640567
-0.961363289232381884848362302413
0.961363289232381884848362302413
-0.961991335792451942617246600035
0.961991335792451942617246600035
-0.962614334820391411640490377773
0.962614334820391411640490377773
-0.963232283047347974553268725769
0.963232283047347974553268725769
-0.963845177230970675752377291448
0.963845177230970675752377291448
-0.964453014155426933897255840433
0.964453014155426933897255840433
-0.965055790631419415270607683583
0.965055790631419415270607683583
-0.965653503496202767910116215429
0.965653503496202767910116215429
-0.96624614961360021642349312866
0.96624614961360021642349312866
-0.966833725874020017399826897596
0.966833725874020017399826897596
-0.967416229194471775330934881674
0.967416229194471775330934881674
-0.967993656518582618957157911116
0.967993656518582618957157911116
-0.968566004816613237952772507582
0.968566004816613237952772507582
-0.969133271085473779866932992435
0.969133271085473779866932992435
-0.969695452348739607236793677686
0.969695452348739607236793677686
-0.970252545656666914790200157517
0.970252545656666914790200157517
-0.97080454808620820665607846375
0.97080454808620820665607846375
-0.97135145674102763350139156467
0.97135145674102763350139156467
-0.971893268751516189514274426703
0.971893268751516189514274426703
-0.972429981274806769153701683319
0.972429981274806769153701683319
-0.972961591494789083586785933023
0.972961591494789083586785933023
-0.973488096622124436735549895327
0.973488096622124436735549895327
-0.97400949389426036085576217642
0.97400949389426036085576217642
-0.974525780575445111571174332473
0.974525780575445111571174332473
-0.975036953956742022287246377999
0.975036953956742022287246377999
-0.975543011356043717909198993598
0.975543011356043717909198993598
-0.976043950118086187789983582039
0.976043950118086187789983582039
-0.976539767614462717834516162571
0.976539767614462717834516162571
-0.97703046124363768168727806006
0.97703046124363768168727806006
-0.977516028430960190931145641474
0.977516028430960190931145641474
-0.977996466628677604226073207924
0.977996466628677604226073207924
-0.978471773315948895317017827639
0.978471773315948895317017827639
-0.978941945998857879841262691504
0.978941945998857879841262691504
-0.979406982210426300866066826396
0.979406982210426300866066826396
-0.979866879510626773088344098158
0.979866879510626773088344098158
-0.980321635486395585628853815171
0.980321635486395585628853815171
-0.980771247751645363354169407322
0.980771247751645363354169407322
-0.98121571394727758666048117771
0.98121571394727758666048117771
-0.981655031741194969654084663105
0.981655031741194969654084663105
-0.982089198828313696664208447889
0.982089198828313696664208447889
-0.982518212930575517024645220522
0.982518212930575517024645220522
-0.982942071796959698061468437311
0.982942071796959698061468437311
-0.983360773203494836224945312294
0.983360773203494836224945312294
-0.983774314953270526304596307929
0.983774314953270526304596307929
-0.98418269487644888866720338833
0.98418269487644888866720338833
-0.984585910830275954458435785953
0.984585910830275954458435785953
-0.984983960699092908709644977417
0.984983960699092908709644977417
-0.985376842394347191292282350538
0.985376842394347191292282350538
-0.985764553854603455663316450178
0.985764553854603455663316450178
-0.986147093045554385345974954057
0.986147093045554385345974954057
-0.986524457960031368091113436481
0.986524457960031368091113436481
-0.986896646618015027665522959855
0.986896646618015027665522959855
-0.987263657066645613214536791175
0.987263657066645613214536791175
-0.987625487380233246147389188286
0.987625487380233246147389188286
-0.987982135660268024494923444632
0.987982135660268024494923444632
-0.988333600035429984690450732871
0.988333600035429984690450732871
-0.988679878661598920725835823726
0.988679878661598920725835823726
-0.989020969721864060636242434976
0.989020969721864060636242434976
-0.989356871426533600268424013044
0.989356871426533600268424013044
-0.989687582013144094289012134344
0.989687582013144094289012134344
-0.990013099746469704390954726433
0.990013099746469704390954726433
-0.990333422918531304658114280987
0.990333422918531304658114280987
-0.990648549848605444050081417742
0.990648549848605444050081417742
-0.990958478883233165971526840845
0.990958478883233165971526840845
-0.991263208396228684892947576962
0.991263208396228684892947576962
-0.991562736788687919992513166077
0.991562736788687919992513166077
-0.991857062488996885791947195277
0.991857062488996885791947195277
-0.992146183952839939763066153677
0.992146183952839939763066153677
-0.992430099663207886885835297496
0.992430099663207886885835297496
-0.992708808130405941143705932392
0.992708808130405941143705932392
-0.992982307892061543947713241627
0.992982307892061543947713241627
-0.993250597513132039487515628393
0.993250597513132039487515628393
-0.993513675585912207015465729773
0.993513675585912207015465729773
-0.99377154073004165007919475043
0.99377154073004165007919475043
-0.994024191592512042729410268788
0.994024191592512042729410268788
-0.994271626847674232743087246943
0.994271626847674232743087246943
-0.994513845197245201918521673787
0.994513845197245201918521673787
-0.994750845370314883518513861969
0.994750845370314883518513861969
-0.994982626123352836962145051014
0.994982626123352836962145051014
-0.99520918624021477989535058592
0.99520918624021477989535058592
-0.995430524532148977807251843982
0.995430524532148977807251843982
-0.995646639837802491404903121176
0.995646639837802491404903121176
-0.995857531023227282016239622705
0.995857531023227282016239622705
-0.996063196981886175362862679882
0.996063196981886175362862679882
-0.99626363663465868413520882111
0.99626363663465868413520882111
-0.99645884892984668991839533857
0.99645884892984668991839533857
-0.996648832843179985165354052556
0.996648832843179985165354052556
-0.996833587377821676105200646996
0.996833587377821676105200646996
-0.997013111564373447723344653661
0.997013111564373447723344653661
-0.997187404460880692275105298593
0.997187404460880692275105298593
-0.997356465152837503223505727814
0.997356465152837503223505727814
-0.997520292753191537062081671829
0.997520292753191537062081671829
-0.997678886402348746247961228807
0.997678886402348746247961228807
-0.997832245268177987504606145053
0.997832245268177987504606145053
-0.997980368546015511166043907269
0.997980368546015511166043907269
-0.99812325545866933918325100794
0.99812325545866933918325100794
-0.99826090525642354213154875415
0.99826090525642354213154875415
-0.998393317217042429393314531963
0.998393317217042429393314531963
-0.998520490645774672169745955073
0.998520490645774672169745955073
-0.998642424875357386908549003286
0.998642424875357386908549003286
-0.998759119266020218386218199293
0.998759119266020218386218199293
-0.998870573205489479065057982011
0.998870573205489479065057982011
-0.998976786108992427714405798837
0.998976786108992427714405798837
-0.999077757419261811030945677153
0.999077757419261811030945677153
-0.999173486606540856227635337462
0.999173486606540856227635337462
-0.999263973168589006080397625197
0.999263973168589006080397625197
-0.99934921663068885885476002346
0.99934921663068885885476002346
-0.999429216545655065489143147731
0.999429216545655065489143147731
-0.999503972493846443271576053945
0.999503972493846443271576053945
-0.999573484083183481697202407526
0.999573484083183481697202407526
-0.999637750949175137767357049775
0.999637750949175137767357049775
-0.999696772754962196230674204775
0.999696772754962196230674204775
-0.999750549191391441535383225673
0.999750549191391441535383225673
-0.999799079977150144540363585869
0.999799079977150144540363585869
-0.999842364859026160556990101973
0.999842364859026160556990101973
-0.999880403612450259762222178637
0.999880403612450259762222178637
-0.99991319604273569481209248356
0.99991319604273569481209248356
-0.999940741988263500991310500973
0.999940741988263500991310500973
-0.999963041330058813780039737178
0.999963041330058813780039737178
-0.999980094027823914730789605353
0.999980094027823914730789605353
-0.999991900313286352469190321168
0.999991900313286352469190321168
-0.999998462746793638869910309368
0.999998462746793638869910309368