-0.0028430652804205
0.0028430652804205
-0.008529103918969981
0.008529103918969981
-0.01421486679361694
0.01421486679361694
-0.01990017007166641
0.01990017007166641
-0.02558482993528315
0.02558482993528315
-0.03126866258743484
0.03126866258743484
-0.03695148425783469
0.03695148425783469
-0.04263311120888306
0.04263311120888306
-0.04831335974160809
0.04831335974160809
-0.05399204620160511
0.05399204620160511
-0.05966898698497455
0.05966898698497455
-0.06534399854425823
0.06534399854425823
-0.07101689739437387
0.07101689739437387
-0.07668750011854752
0.07668750011854752
-0.08235562337424381
0.08235562337424381
-0.08802108389909382
0.08802108389909382
-0.09368369851682035
0.09368369851682035
-0.09934328414316032
0.09934328414316032
-0.1049996577917844
0.1049996577917844
-0.1106526365802132
0.1106526365802132
-0.1163020377357303
0.1163020377357303
-0.1219476786012918
0.1219476786012918
-0.1275893766414318
0.1275893766414318
-0.1332269494481643
0.1332269494481643
-0.1388602147468808
0.1388602147468808
-0.1444889904022435
0.1444889904022435
-0.1501130944240743
0.1501130944240743
-0.155732344973239
0.155732344973239
-0.1613465603675262
0.1613465603675262
-0.1669555590875217
0.1669555590875217
-0.1725591597824774
0.1725591597824774
-0.1781571812761748
0.1781571812761748
-0.1837494425727827
0.1837494425727827
-0.189335762862709
0.189335762862709
-0.1949159615284472
0.1949159615284472
-0.2004898581504157
0.2004898581504157
-0.206057272512791
0.206057272512791
-0.2116180246093351
0.2116180246093351
-0.2171719346492148
0.2171719346492148
-0.2227188230628152
0.2227188230628152
-0.2282585105075453
0.2282585105075453
-0.2337908178736365
0.2337908178736365
-0.2393155662899338
0.2393155662899338
-0.2448325771296791
0.2448325771296791
-0.2503416720162862
0.2503416720162862
-0.2558426728291085
0.2558426728291085
-0.2613354017091978
0.2613354017091978
-0.2668196810650549
0.2668196810650549
-0.2722953335783717
0.2722953335783717
-0.2777621822097638
0.2777621822097638
-0.2832200502044951
0.2832200502044951
-0.2886687610981924
0.2886687610981924
-0.2941081387225507
0.2941081387225507
-0.2995380072110293
0.2995380072110293
-0.3049581910045381
0.3049581910045381
-0.3103685148571135
0.3103685148571135
-0.3157688038415843
0.3157688038415843
-0.3211588833552281
0.3211588833552281
-0.3265385791254161
0.3265385791254161
-0.3319077172152478
0.3319077172152478
-0.3372661240291745
0.3372661240291745
-0.3426136263186128
0.3426136263186128
-0.347950051187545
0.347950051187545
-0.35327522609811
0.35327522609811
-0.3585889788761818
0.3585889788761818
-0.3638911377169355
0.3638911377169355
-0.3691815311904029
0.3691815311904029
-0.3744599882470151
0.3744599882470151
-0.3797263382231324
0.3797263382231324
-0.3849804108465626
0.3849804108465626
-0.3902220362420663
0.3902220362420663
-0.3954510449368491
0.3954510449368491
-0.4006672678660411
0.4006672678660411
-0.4058705363781633
0.4058705363781633
-0.4110606822405801
0.4110606822405801
-0.416237537644939
0.416237537644939
-0.4214009352125959
0.4214009352125959
-0.426550708000027
0.426550708000027
-0.4316866895042262
0.4316866895042262
-0.4368087136680888
0.4368087136680888
-0.4419166148857803
0.4419166148857803
-0.4470102280080907
0.4470102280080907
-0.4520893883477745
0.4520893883477745
-0.4571539316848748
0.4571539316848748
-0.4622036942720334
0.4622036942720334
-0.4672385128397848
0.4672385128397848
-0.4722582246018351
0.4722582246018351
-0.4772626672603255
0.4772626672603255
-0.4822516790110791
0.4822516790110791
-0.4872250985488332
0.4872250985488332
-0.4921827650724538
0.4921827650724538
-0.4971245182901353
0.4971245182901353
-0.5020501984245828
0.5020501984245828
-0.506959646218178
0.506959646218178
-0.5118527029381282
0.5118527029381282
-0.5167292103815991
0.5167292103815991
-0.5215890108808289
0.5215890108808289
-0.5264319473082268
0.5264319473082268
-0.5312578630814528
0.5312578630814528
-0.5360666021684808
0.5360666021684808
-0.540858009092643
0.540858009092643
-0.5456319289376567
0.5456319289376567
-0.5503882073526337
0.5503882073526337
-0.5551266905570702
0.5551266905570702
-0.5598472253458192
0.5598472253458192
-0.5645496590940436
0.5645496590940436
-0.5692338397621513
0.5692338397621513
-0.5738996159007105
0.5738996159007105
-0.5785468366553469
0.5785468366553469
-0.5831753517716206
0.5831753517716206
-0.5877850115998847
0.5877850115998847
-0.5923756671001232
0.5923756671001232
-0.5969471698467701
0.5969471698467701
-0.6014993720335086
0.6014993720335086
-0.6060321264780493
0.6060321264780493
-0.6105452866268896
0.6105452866268896
-0.6150387065600514
0.6150387065600514
-0.6195122409957996
0.6195122409957996
-0.6239657452953393
0.6239657452953393
-0.6283990754674917
0.6283990754674917
-0.6328120881733505
0.6328120881733505
-0.6372046407309155
0.6372046407309155
-0.6415765911197064
0.6415765911197064
-0.6459277979853545
0.6459277979853545
-0.6502581206441727
0.6502581206441727
-0.6545674190877046
0.6545674190877046
-0.6588555539872508
0.6588555539872508
-0.6631223866983738
0.6631223866983738
-0.6673677792653809
0.6673677792653809
-0.6715915944257844
0.6715915944257844
-0.6757936956147395
0.6757936956147395
-0.6799739469694601
0.6799739469694601
-0.684132213333611
0.684132213333611
-0.6882683602616784
0.6882683602616784
-0.6923822540233162
0.6923822540233162
-0.6964737616076701
0.6964737616076701
-0.7005427507276781
0.7005427507276781
-0.7045890898243479
0.7045890898243479
-0.7086126480710097
0.7086126480710097
-0.7126132953775469
0.7126132953775469
-0.7165909023946017
0.7165909023946017
-0.7205453405177577
0.7205453405177577
-0.7244764818916973
0.7244764818916973
-0.7283841994143361
0.7283841994143361
-0.7322683667409321
0.7322683667409321
-0.7361288582881709
0.7361288582881709
-0.7399655492382257
0.7399655492382257
-0.7437783155427934
0.7437783155427934
-0.7475670339271049
0.7475670339271049
-0.7513315818939113
0.7513315818939113
-0.7550718377274438
0.7550718377274438
-0.75878768049735
0.75878768049735
-0.7624789900626029
0.7624789900626029
-0.7661456470753858
0.7661456470753858
-0.769787532984951
0.769787532984951
-0.7734045300414528
0.7734045300414528
-0.7769965212997544
0.7769965212997544
-0.7805633906232095
0.7805633906232095
-0.7841050226874165
0.7841050226874165
-0.7876213029839478
0.7876213029839478
-0.7911121178240517
0.7911121178240517
-0.7945773543423287
0.7945773543423287
-0.79801690050038
0.79801690050038
-0.8014306450904304
0.8014306450904304
-0.8048184777389237
0.8048184777389237
-0.8081802889100917
0.8081802889100917
-0.8115159699094949
0.8115159699094949
-0.8148254128875377
0.8148254128875377
-0.8181085108429548
0.8181085108429548
-0.8213651576262712
0.8213651576262712
-0.8245952479432338
0.8245952479432338
-0.8277986773582162
0.8277986773582162
-0.8309753422975951
0.8309753422975951
-0.834125140053099
0.834125140053099
-0.8372479687851292
0.8372479687851292
-0.8403437275260524
0.8403437275260524
-0.843412316183465
0.843412316183465
-0.8464536355434294
0.8464536355434294
-0.8494675872736822
0.8494675872736822
-0.8524540739268129
0.8524540739268129
-0.8554129989434147
0.8554129989434147
-0.8583442666552068
0.8583442666552068
-0.8612477822881273
0.8612477822881273
-0.8641234519653975
0.8641234519653975
-0.8669711827105571
0.8669711827105571
-0.8697908824504703
0.8697908824504703
-0.8725824600183029
0.8725824600183029
-0.8753458251564697
0.8753458251564697
-0.8780808885195529
0.8780808885195529
-0.8807875616771905
0.8807875616771905
-0.883465757116936
0.883465757116936
-0.8861153882470873
0.8861153882470873
-0.8887363693994867
0.8887363693994867
-0.8913286158322907
0.8913286158322907
-0.8938920437327097
0.8938920437327097
-0.8964265702197182
0.8964265702197182
-0.8989321133467342
0.8989321133467342
-0.9014085921042688
0.9014085921042688
-0.9038559264225453
0.9038559264225453
-0.9062740371740885
0.9062740371740885
-0.9086628461762824
0.9086628461762824
-0.9110222761938984
0.9110222761938984
-0.9133522509415924
0.9133522509415924
-0.9156526950863712
0.9156526950863712
-0.9179235342500285
0.9179235342500285
-0.920164695011549
0.920164695011549
-0.9223761049094831
0.9223761049094831
-0.9245576924442892
0.9245576924442892
-0.9267093870806455
0.9267093870806455
-0.9288311192497307
0.9288311192497307
-0.9309228203514732
0.9309228203514732
-0.9329844227567691
0.9329844227567691
-0.935015859809669
0.935015859809669
-0.9370170658295326
0.9370170658295326
-0.938987976113153
0.938987976113153
-0.9409285269368481
0.9409285269368481
-0.9428386555585213
0.9428386555585213
-0.9447183002196899
0.9447183002196899
-0.946567400147482
0.946567400147482
-0.9483858955566012
0.9483858955566012
-0.95017372765126
0.95017372765126
-0.9519308386270804
0.9519308386270804
-0.9536571716729631
0.9536571716729631
-0.9553526709729241
0.9553526709729241
-0.9570172817078996
0.9570172817078996
-0.9586509500575183
0.9586509500575183
-0.9602536232018417
0.9602536232018417
-0.9618252493230715
0.9618252493230715
-0.9633657776072256
0.9633657776072256
-0.9648751582457805
0.9648751582457805
-0.9663533424372819
0.9663533424372819
-0.967800282388923
0.967800282388923
-0.969215931318089
0.969215931318089
-0.9706002434538704
0.9706002434538704
-0.9719531740385428
0.9719531740385428
-0.9732746793290136
0.9732746793290136
-0.974564716598237
0.974564716598237
-0.9758232441365952
0.9758232441365952
-0.9770502212532472
0.9770502212532472
-0.9782456082774443
0.9782456082774443
-0.9794093665598134
0.9794093665598134
-0.980541458473606
0.980541458473606
-0.9816418474159158
0.9816418474159158
-0.9827104978088619
0.9827104978088619
-0.9837473751007396
0.9837473751007396
-0.9847524457671377
0.9847524457671377
-0.9857256773120234
0.9857256773120234
-0.9866670382687929
0.9866670382687929
-0.9875764982012902
0.9875764982012902
-0.9884540277047915
0.9884540277047915
-0.9892995984069579
0.9892995984069579
-0.9901131829687534
0.9901131829687534
-0.9908947550853316
0.9908947550853316
-0.9916442894868888
0.9916442894868888
-0.9923617619394841
0.9923617619394841
-0.9930471492458285
0.9930471492458285
-0.9937004292460409
0.9937004292460409
-0.9943215808183739
0.9943215808183739
-0.9949105838799095
0.9949105838799095
-0.9954674193872266
0.9954674193872266
-0.9959920693370432
0.9959920693370432
-0.9964845167668379
0.9964845167668379
-0.9969447457554588
0.9969447457554588
-0.9973727414237323
0.9973727414237323
-0.9977684899350967
0.9977684899350967
-0.9981319784963054
0.9981319784963054
-0.998463195358286
0.998463195358286
-0.9987621298173397
0.9987621298173397
-0.9990287722170807
0.9990287722170807
-0.9992631139520827
0.9992631139520827
-0.9994651474757883
0.9994651474757883
-0.9996348663203757
0.9996348663203757
-0.9997722651559746
0.9997722651559746
-0.9998773400128771
0.9998773400128771
-0.9999500894731048
0.9999500894731048
-0.9999905273434143
0.9999905273434143