0.004180428420815849
0.004180391892307416
0.004180391892307416
0.004180282307420488
0.004180282307420488
0.004180099668070166
0.004180099668070166
0.004179843977448249
0.004179843977448249
0.004179515240023177
0.004179515240023177
0.004179113461539954
0.004179113461539954
0.004178638649020046
0.004178638649020046
0.004178090810761259
0.004178090810761259
0.004177469956337596
0.004177469956337596
0.004176776096599085
0.004176776096599085
0.004176009243671595
0.004176009243671595
0.00417516941095662
0.00417516941095662
0.004174256613131046
0.004174256613131046
0.004173270866146895
0.004173270866146895
0.004172212187231046
0.004172212187231046
0.004171080594884935
0.004171080594884935
0.004169876108884227
0.004169876108884227
0.004168598750278477
0.004168598750278477
0.004167248541390758
0.004167248541390758
0.004165825505817272
0.004165825505817272
0.004164329668426938
0.004164329668426938
0.004162761055360957
0.004162761055360957
0.004161119694032353
0.004161119694032353
0.004159405613125498
0.004159405613125498
0.004157618842595609
0.004157618842595609
0.004155759413668223
0.004155759413668223
0.004153827358838654
0.004153827358838654
0.004151822711871421
0.004151822711871421
0.004149745507799665
0.004149745507799665
0.004147595782924527
0.004147595782924527
0.004145373574814523
0.004145373574814523
0.004143078922304883
0.004143078922304883
0.00414071186549687
0.00414071186549687
0.004138272445757085
0.004138272445757085
0.004135760705716739
0.004135760705716739
0.00413317668927091
0.00413317668927091
0.004130520441577779
0.004130520441577779
0.004127792009057833
0.004127792009057833
0.004124991439393061
0.004124991439393061
0.004122118781526119
0.004122118781526119
0.004119174085659471
0.004119174085659471
0.004116157403254518
0.004116157403254518
0.004113068787030691
0.004113068787030691
0.004109908290964539
0.004109908290964539
0.004106675970288775
0.004106675970288775
0.004103371881491321
0.004103371881491321
0.004099996082314313
0.004099996082314313
0.004096548631753096
0.004096548631753096
0.004093029590055193
0.004093029590055193
0.00408943901871925
0.00408943901871925
0.004085776980493962
0.004085776980493962
0.004082043539376977
0.004082043539376977
0.00407823876061378
0.00407823876061378
0.004074362710696546
0.004074362710696546
0.004070415457362985
0.004070415457362985
0.004066397069595154
0.004066397069595154
0.004062307617618253
0.004062307617618253
0.004058147172899398
0.004058147172899398
0.004053915808146372
0.004053915808146372
0.004049613597306353
0.004049613597306353
0.004045240615564623
0.004045240615564623
0.004040796939343254
0.004040796939343254
0.004036282646299771
0.004036282646299771
0.004031697815325799
0.004031697815325799
0.004027042526545677
0.004027042526545677
0.004022316861315066
0.004022316861315066
0.004017520902219521
0.004017520902219521
0.004012654733073051
0.004012654733073051
0.004007718438916654
0.004007718438916654
0.004002712106016828
0.004002712106016828
0.003997635821864068
0.003997635821864068
0.003992489675171332
0.003992489675171332
0.003987273755872496
0.003987273755872496
0.003981988155120778
0.003981988155120778
0.003976632965287147
0.003976632965287147
0.003971208279958708
0.003971208279958708
0.003965714193937066
0.003965714193937066
0.003960150803236671
0.003960150803236671
0.00395451820508314
0.00395451820508314
0.003948816497911556
0.003948816497911556
0.003943045781364747
0.003943045781364747
0.00393720615629155
0.00393720615629155
0.003931297724745042
0.003931297724745042
0.00392532058998076
0.00392532058998076
0.003919274856454897
0.003919274856454897
0.003913160629822475
0.003913160629822475
0.003906978016935498
0.003906978016935498
0.003900727125841088
0.003900727125841088
0.003894408065779592
0.003894408065779592
0.003888020947182677
0.003888020947182677
0.003881565881671398
0.003881565881671398
0.003875042982054248
0.003875042982054248
0.003868452362325186
0.003868452362325186
0.003861794137661647
0.003861794137661647
0.003855068424422524
0.003855068424422524
0.003848275340146141
0.003848275340146141
0.003841415003548194
0.003841415003548194
0.00383448753451968
0.00383448753451968
0.003827493054124798
0.003827493054124798
0.003820431684598836
0.003820431684598836
0.003813303549346034
0.003813303549346034
0.003806108772937429
0.003806108772937429
0.003798847481108673
0.003798847481108673
0.003791519800757842
0.003791519800757842
0.003784125859943215
0.003784125859943215
0.003776665787881035
0.003776665787881035
0.003769139714943254
0.003769139714943254
0.003761547772655252
0.003761547772655252
0.003753890093693539
0.003753890093693539
0.003746166811883439
0.003746166811883439
0.003738378062196745
0.003738378062196745
0.003730523980749369
0.003730523980749369
0.003722604704798955
0.003722604704798955
0.003714620372742485
0.003714620372742485
0.00370657112411386
0.00370657112411386
0.003698457099581458
0.003698457099581458
0.003690278440945682
0.003690278440945682
0.003682035291136475
0.003682035291136475
0.003673727794210828
0.003673727794210828
0.003665356095350259
0.003665356095350259
0.003656920340858275
0.003656920340858275
0.003648420678157819
0.003648420678157819
0.003639857255788691
0.003639857255788691
0.003631230223404953
0.003631230223404953
0.003622539731772313
0.003622539731772313
0.00361378593276549
0.00361378593276549
0.003604968979365561
0.003604968979365561
0.003596089025657286
0.003596089025657286
0.003587146226826419
0.003587146226826419
0.003578140739156989
0.003578140739156989
0.003569072720028576
0.003569072720028576
0.003559942327913557
0.003559942327913557
0.003550749722374335
0.003550749722374335
0.003541495064060555
0.003541495064060555
0.003532178514706293
0.003532178514706293
0.00352280023712723
0.00352280023712723
0.00351336039521781
0.00351336039521781
0.003503859153948369
0.003503859153948369
0.003494296679362259
0.003494296679362259
0.003484673138572942
0.003484673138572942
0.003474988699761071
0.003474988699761071
0.00346524353217155
0.00346524353217155
0.003455437806110579
0.003455437806110579
0.003445571692942674
0.003445571692942674
0.003435645365087674
0.003435645365087674
0.003425658996017727
0.003425658996017727
0.003415612760254261
0.003415612760254261
0.003405506833364932
0.003405506833364932
0.003395341391960553
0.003395341391960553
0.003385116613692015
0.003385116613692015
0.003374832677247174
0.003374832677247174
0.003364489762347735
0.003364489762347735
0.003354088049746106
0.003354088049746106
0.003343627721222244
0.003343627721222244
0.003333108959580473
0.003333108959580473
0.003322531948646294
0.003322531948646294
0.00331189687326317
0.00331189687326317
0.003301203919289297
0.003301203919289297
0.003290453273594353
0.003290453273594353
0.003279645124056238
0.003279645124056238
0.003268779659557783
0.003268779659557783
0.003257857069983456
0.003257857069983456
0.003246877546216039
0.003246877546216039
0.003235841280133297
0.003235841280133297
0.003224748464604617
0.003224748464604617
0.003213599293487646
0.003213599293487646
0.003202393961624898
0.003202393961624898
0.003191132664840349
0.003191132664840349
0.003179815599936018
0.003179815599936018
0.003168442964688525
0.003168442964688525
0.003157014957845633
0.003157014957845633
0.00314553177912278
0.00314553177912278
0.003133993629199586
0.003133993629199586
0.003122400709716342
0.003122400709716342
0.003110753223270495
0.003110753223270495
0.003099051373413097
0.003099051373413097
0.003087295364645258
0.003087295364645258
0.003075485402414564
0.003075485402414564
0.003063621693111489
0.003063621693111489
0.003051704444065793
0.003051704444065793
0.003039733863542891
0.003039733863542891
0.003027710160740218
0.003027710160740218
0.003015633545783572
0.003015633545783572
0.003003504229723442
0.003003504229723442
0.002991322424531321
0.002991322424531321
0.002979088343095997
0.002979088343095997
0.002966802199219839
0.002966802199219839
0.002954464207615055
0.002954464207615055
0.002942074583899944
0.002942074583899944
0.002929633544595123
0.002929633544595123
0.00291714130711975
0.00291714130711975
0.002904598089787718
0.002904598089787718
0.002892004111803841
0.002892004111803841
0.002879359593260026
0.002879359593260026
0.002866664755131426
0.002866664755131426
0.002853919819272575
0.002853919819272575
0.002841125008413515
0.002841125008413515
0.0028282805461559
0.0028282805461559
0.002815386656969092
0.002815386656969092
0.002802443566186233
0.002802443566186233
0.002789451500000315
0.002789451500000315
0.002776410685460219
0.002776410685460219
0.00276332135046675
0.00276332135046675
0.002750183723768658
0.002750183723768658
0.002736998034958634
0.002736998034958634
0.002723764514469303
0.002723764514469303
0.002710483393569192
0.002710483393569192
0.002697154904358694
0.002697154904358694
0.002683779279766008
0.002683779279766008
0.002670356753543067
0.002670356753543067
0.002656887560261458
0.002656887560261458
0.002643371935308319
0.002643371935308319
0.002629810114882226
0.002629810114882226
0.002616202335989066
0.002616202335989066
0.002602548836437893
0.002602548836437893
0.002588849854836776
0.002588849854836776
0.002575105630588624
0.002575105630588624
0.002561316403887006
0.002561316403887006
0.002547482415711954
0.002547482415711954
0.002533603907825748
0.002533603907825748
0.002519681122768692
0.002519681122768692
0.002505714303854878
0.002505714303854878
0.002491703695167933
0.002491703695167933
0.002477649541556749
0.002477649541556749
0.002463552088631211
0.002463552088631211
0.002449411582757899
0.002449411582757899
0.002435228271055786
0.002435228271055786
0.002421002401391918
0.002421002401391918
0.002406734222377083
0.002406734222377083
0.002392423983361463
0.002392423983361463
0.002378071934430283
0.002378071934430283
0.002363678326399433
0.002363678326399433
0.00234924341081109
0.00234924341081109
0.002334767439929322
0.002334767439929322
0.002320250666735674
0.002320250666735674
0.002305693344924754
0.002305693344924754
0.002291095728899795
0.002291095728899795
0.002276458073768211
0.002276458073768211
0.002261780635337136
0.002261780635337136
0.002247063670108958
0.002247063670108958
0.002232307435276832
0.002232307435276832
0.002217512188720188
0.002217512188720188
0.002202678189000224
0.002202678189000224
0.002187805695355386
0.002187805695355386
0.002172894967696838
0.002172894967696838
0.002157946266603923
0.002157946266603923
0.002142959853319603
0.002142959853319603
0.002127935989745899
0.002127935989745899
0.002112874938439311
0.002112874938439311
0.00209777696260623
0.00209777696260623
0.002082642326098342
0.002082642326098342
0.002067471293408008
0.002067471293408008
0.002052264129663654
0.002052264129663654
0.002037021100625124
0.002037021100625124
0.002021742472679049
0.002021742472679049
0.002006428512834182
0.002006428512834182
0.001991079488716734
0.001991079488716734
0.001975695668565701
0.001975695668565701
0.001960277321228172
0.001960277321228172
0.00194482471615463
0.00194482471615463
0.001929338123394248
0.001929338123394248
0.001913817813590164
0.001913817813590164
0.001898264057974757
0.001898264057974757
0.001882677128364901
0.001882677128364901
0.001867057297157218
0.001867057297157218
0.001851404837323318
0.001851404837323318
0.001835720022405029
0.001835720022405029
0.001820003126509612
0.001820003126509612
0.001804254424304976
0.001804254424304976
0.001788474191014877
0.001788474191014877
0.001772662702414106
0.001772662702414106
0.001756820234823669
0.001756820234823669
0.001740947065105964
0.001740947065105964
0.001725043470659934
0.001725043470659934
0.001709109729416227
0.001709109729416227
0.001693146119832332
0.001693146119832332
0.00167715292088772
0.00167715292088772
0.001661130412078962
0.001661130412078962
0.001645078873414847
0.001645078873414847
0.001628998585411491
0.001628998585411491
0.001612889829087431
0.001612889829087431
0.001596752885958716
0.001596752885958716
0.001580588038033986
0.001580588038033986
0.001564395567809545
0.001564395567809545
0.001548175758264424
0.001548175758264424
0.001531928892855434
0.001531928892855434
0.001515655255512214
0.001515655255512214
0.001499355130632268
0.001499355130632268
0.001483028803075997
0.001483028803075997
0.001466676558161718
0.001466676558161718
0.001450298681660679
0.001450298681660679
0.001433895459792066
0.001433895459792066
0.001417467179217999
0.001417467179217999
0.001401014127038524
0.001401014127038524
0.001384536590786595
0.001384536590786595
0.001368034858423047
0.001368034858423047
0.001351509218331571
0.001351509218331571
0.001334959959313663
0.001334959959313663
0.001318387370583587
0.001318387370583587
0.001301791741763315
0.001301791741763315
0.001285173362877469
0.001285173362877469
0.001268532524348249
0.001268532524348249
0.001251869516990361
0.001251869516990361
0.001235184632005933
0.001235184632005933
0.001218478160979427
0.001218478160979427
0.001201750395872541
0.001201750395872541
0.001185001629019112
0.001185001629019112
0.00116823215312
0.00116823215312
0.001151442261237981
0.001151442261237981
0.001134632246792617
0.001134632246792617
0.001117802403555136
0.001117802403555136
0.001100953025643295
0.001100953025643295
0.001084084407516238
0.001084084407516238
0.001067196843969355
0.001067196843969355
0.001050290630129126
0.001050290630129126
0.001033366061447966
0.001033366061447966
0.001016423433699064
0.001016423433699064
0.0009994630429712081
0.0009994630429712081
0.0009824851856636186
0.0009824851856636186
0.0009654901584807643
0.0009654901584807643
0.0009484782584271792
0.0009484782584271792
0.0009314497828022729
0.0009314497828022729
0.0009144050291951352
0.0009144050291951352
0.0008973442954793368
0.0008973442954793368
0.0008802678798077245
0.0008802678798077245
0.0008631760806072119
0.0008631760806072119
0.0008460691965735655
0.0008460691965735655
0.0008289475266661864
0.0008289475266661864
0.0008118113701028874
0.0008118113701028874
0.0007946610263546664
0.0007946610263546664
0.0007774967951404754
0.0007774967951404754
0.0007603189764219858
0.0007603189764219858
0.00074312787039835
0.00074312787039835
0.0007259237775009599
0.0007259237775009599
0.0007087069983882015
0.0007087069983882015
0.0006914778339402076
0.0006914778339402076
0.0006742365852536075
0.0006742365852536075
0.0006569835536362744
0.0006569835536362744
0.0006397190406020718
0.0006397190406020718
0.0006224433478655987
0.0006224433478655987
0.0006051567773369348
0.0006051567773369348
0.0005878596311163866
0.0005878596311163866
0.0005705522114892359
0.0005705522114892359
0.000553234820920492
0.000553234820920492
0.0005359077620496509
0.0005359077620496509
0.0005185713376854629
0.0005185713376854629
0.0005012258508007143
0.0005012258508007143
0.0004838716045270278
0.0004838716045270278
0.0004665089021496898
0.0004665089021496898
0.0004491380471025149
0.0004491380471025149
0.0004317593429627635
0.0004317593429627635
0.0004143730934461334
0.0004143730934461334
0.0003969796024018587
0.0003969796024018587
0.0003795791738079616
0.0003795791738079616
0.0003621721117667279
0.0003621721117667279
0.0003447587205005164
0.0003447587205005164
0.0003273393043480667
0.0003273393043480667
0.0003099141677615778
0.0003099141677615778
0.000292483615304991
0.000292483615304991
0.0002750479516542082
0.0002750479516542082
0.0002576074816004992
0.0002576074816004992
0.0002401625100593224
0.0002401625100593224
0.0002227133420886463
0.0002227133420886463
0.0002052602829245947
0.0002052602829245947
0.000187803638050092
0.000187803638050092
0.0001703437133296518
0.0001703437133296518
0.0001528808152849124
0.0001528808152849124
0.0001354152516918623
0.0001354152516918623
0.0001179473329801649
0.0001179473329801649
0.0001004773758617006
0.0001004773758617006
0.0000830057140830523
0.0000830057140830523
0.00006553273664088318
0.00006553273664088318
0.000048059064461247
0.000048059064461247
0.00003058679633249534
0.00003058679633249534
0.00001313982832543848
0.00001313982832543848