0
-0.005257869587458235
0.005257869587458235
-0.01051559381899267
0.01051559381899267
-0.01577302734269794
0.01577302734269794
-0.0210300248147054
0.0210300248147054
-0.02628644090320124
0.02628644090320124
-0.03154213029244422
0.03154213029244422
-0.03679694768678301
0.03679694768678301
-0.04205074781467292
0.04205074781467292
-0.04730338543269201
0.04730338543269201
-0.05255471532955637
0.05255471532955637
-0.0578045923301346
0.0578045923301346
-0.06305287129946118
0.06305287129946118
-0.06829940714674882
0.06829940714674882
-0.07354405482939955
0.07354405482939955
-0.07878666935701444
0.07878666935701444
-0.08402710579540198
0.08402710579540198
-0.08926521927058481
0.08926521927058481
-0.09450086497280482
0.09450086497280482
-0.09973389816052646
0.09973389816052646
-0.1049641741644382
0.1049641741644382
-0.1101915483914521
0.1101915483914521
-0.1154158763287007
0.1154158763287007
-0.1206370135475328
0.1206370135475328
-0.1258548157075057
0.1258548157075057
-0.1310691385603757
0.1310691385603757
-0.1362798379540861
0.1362798379540861
-0.1414867698367522
0.1414867698367522
-0.1466897902606434
0.1466897902606434
-0.1518887553861633
0.1518887553861633
-0.1570835214858256
0.1570835214858256
-0.1622739449482279
0.1622739449482279
-0.1674598822820217
0.1674598822820217
-0.1726411901198793
0.1726411901198793
-0.1778177252224574
0.1778177252224574
-0.1829893444823568
0.1829893444823568
-0.1881559049280788
0.1881559049280788
-0.1933172637279775
0.1933172637279775
-0.1984732781942089
0.1984732781942089
-0.2036238057866749
0.2036238057866749
-0.2087687041169645
0.2087687041169645
-0.2139078309522899
0.2139078309522899
-0.2190410442194185
0.2190410442194185
-0.2241682020086006
0.2241682020086006
-0.2292891625774929
0.2292891625774929
-0.2344037843550766
0.2344037843550766
-0.2395119259455712
0.2395119259455712
-0.2446134461323439
0.2446134461323439
-0.249708203881813
0.249708203881813
-0.2547960583473472
0.2547960583473472
-0.2598768688731592
0.2598768688731592
-0.2649504949981945
0.2649504949981945
-0.2700167964600139
0.2700167964600139
-0.2750756331986718
0.2750756331986718
-0.2801268653605876
0.2801268653605876
-0.2851703533024125
0.2851703533024125
-0.2902059575948897
0.2902059575948897
-0.295233539026709
0.295233539026709
-0.3002529586083554
0.3002529586083554
-0.3052640775759518
0.3052640775759518
-0.3102667573950946
0.3102667573950946
-0.3152608597646841
0.3152608597646841
-0.3202462466207475
0.3202462466207475
-0.3252227801402559
0.3252227801402559
-0.3301903227449345
0.3301903227449345
-0.335148737105066
0.335148737105066
-0.340097886143287
0.340097886143287
-0.3450376330383777
0.3450376330383777
-0.3499678412290444
0.3499678412290444
-0.3548883744176947
0.3548883744176947
-0.3597990965742054
0.3597990965742054
-0.3646998719396833
0.3646998719396833
-0.3695905650302185
0.3695905650302185
-0.3744710406406293
0.3744710406406293
-0.3793411638482004
0.3793411638482004
-0.3842008000164132
0.3842008000164132
-0.3890498147986671
0.3890498147986671
-0.3938880741419942
0.3938880741419942
-0.3987154442907651
0.3987154442907651
-0.4035317917903863
0.4035317917903863
-0.4083369834909903
0.4083369834909903
-0.4131308865511158
0.4131308865511158
-0.4179133684413806
0.4179133684413806
-0.4226842969481454
0.4226842969481454
-0.427443540177169
0.427443540177169
-0.432190966557254
0.432190966557254
-0.436926444843885
0.436926444843885
-0.4416498441228561
0.4416498441228561
-0.4463610338138906
0.4463610338138906
-0.4510598836742509
0.4510598836742509
-0.4557462638023387
0.4557462638023387
-0.4604200446412868
0.4604200446412868
-0.4650810969825401
0.4650810969825401
-0.4697292919694281
0.4697292919694281
-0.4743645011007272
0.4743645011007272
-0.4789865962342128
0.4789865962342128
-0.4835954495902021
0.4835954495902021
-0.4881909337550866
0.4881909337550866
-0.4927729216848544
0.4927729216848544
-0.4973412867086026
0.4973412867086026
-0.501895902532039
0.501895902532039
-0.5064366432409734
0.5064366432409734
-0.5109633833047991
0.5109633833047991
-0.5154759975799624
0.5154759975799624
-0.5199743613134231
0.5199743613134231
-0.5244583501461028
0.5244583501461028
-0.5289278401163231
0.5289278401163231
-0.5333827076632324
0.5333827076632324
-0.5378228296302221
0.5378228296302221
-0.5422480832683307
0.5422480832683307
-0.5466583462396381
0.5466583462396381
-0.5510534966206469
0.5510534966206469
-0.5554334129056535
0.5554334129056535
-0.559797974010107
0.559797974010107
-0.5641470592739567
0.5641470592739567
-0.5684805484649875
0.5684805484649875
-0.5727983217821444
0.5727983217821444
-0.5771002598588438
0.5771002598588438
-0.5813862437662739
0.5813862437662739
-0.585656155016682
0.585656155016682
-0.5899098755666509
0.5899098755666509
-0.5941472878203616
0.5941472878203616
-0.5983682746328445
0.5983682746328445
-0.602572719313218
0.602572719313218
-0.6067605056279146
0.6067605056279146
-0.6109315178038936
0.6109315178038936
-0.6150856405318426
0.6150856405318426
-0.6192227589693644
0.6192227589693644
-0.6233427587441526
0.6233427587441526
-0.6274455259571528
0.6274455259571528
-0.631530947185712
0.631530947185712
-0.6355989094867137
0.6355989094867137
-0.6396493003997008
0.6396493003997008
-0.6436820079499839
0.6436820079499839
-0.6476969206517377
0.6476969206517377
-0.6516939275110822
0.6516939275110822
-0.6556729180291521
0.6556729180291521
-0.6596337822051508
0.6596337822051508
-0.6635764105393919
0.6635764105393919
-0.667500694036326
0.667500694036326
-0.6714065242075544
0.6714065242075544
-0.6752937930748278
0.6752937930748278
-0.6791623931730317
0.6791623931730317
-0.6830122175531572
0.6830122175531572
-0.6868431597852579
0.6868431597852579
-0.6906551139613917
0.6906551139613917
-0.6944479746985491
0.6944479746985491
-0.6982216371415665
0.6982216371415665
-0.7019759969660247
0.7019759969660247
-0.7057109503811333
0.7057109503811333
-0.7094263941325999
0.7094263941325999
-0.7131222255054845
0.7131222255054845
-0.7167983423270393
0.7167983423270393
-0.7204546429695333
0.7204546429695333
-0.7240910263530616
0.7240910263530616
-0.72770739194834
0.72770739194834
-0.7313036397794842
0.7313036397794842
-0.7348796704267735
0.7348796704267735
-0.7384353850293994
0.7384353850293994
-0.7419706852881988
0.7419706852881988
-0.7454854734683711
0.7454854734683711
-0.7489796524021806
0.7489796524021806
-0.7524531254916424
0.7524531254916424
-0.7559057967111931
0.7559057967111931
-0.7593375706103454
0.7593375706103454
-0.7627483523163266
0.7627483523163266
-0.766138047536702
0.766138047536702
-0.769506562561981
0.769506562561981
-0.7728538042682081
0.7728538042682081
-0.7761796801195375
0.7761796801195375
-0.7794840981707908
0.7794840981707908
-0.7827669670699992
0.7827669670699992
-0.7860281960609289
0.7860281960609289
-0.7892676949855902
0.7892676949855902
-0.7924853742867297
0.7924853742867297
-0.7956811450103062
0.7956811450103062
-0.7988549188079503
0.7988549188079503
-0.8020066079394062
0.8020066079394062
-0.8051361252749576
0.8051361252749576
-0.8082433842978366
0.8082433842978366
-0.8113282991066152
0.8113282991066152
-0.8143907844175802
0.8143907844175802
-0.817430755567091
0.817430755567091
-0.8204481285139199
0.8204481285139199
-0.8234428198415759
0.8234428198415759
-0.8264147467606102
0.8264147467606102
-0.8293638271109055
0.8293638271109055
-0.8322899793639469
0.8322899793639469
-0.8351931226250761
0.8351931226250761
-0.8380731766357276
0.8380731766357276
-0.8409300617756477
0.8409300617756477
-0.8437636990650952
0.8437636990650952
-0.8465740101670253
0.8465740101670253
-0.8493609173892551
0.8493609173892551
-0.8521243436866111
0.8521243436866111
-0.8548642126630598
0.8548642126630598
-0.857580448573819
0.857580448573819
-0.8602729763274523
0.8602729763274523
-0.862941721487945
0.862941721487945
-0.8655866102767614
0.8655866102767614
-0.8682075695748852
0.8682075695748852
-0.8708045269248402
0.8708045269248402
-0.873377410532694
0.873377410532694
-0.8759261492700423
0.8759261492700423
-0.8784506726759757
0.8784506726759757
-0.880950910959027
0.880950910959027
-0.8834267949991016
0.8834267949991016
-0.8858782563493871
0.8858782563493871
-0.8883052272382469
0.8883052272382469
-0.8907076405710924
0.8907076405710924
-0.8930854299322391
0.8930854299322391
-0.8954385295867418
0.8954385295867418
-0.8977668744822123
0.8977668744822123
-0.9000704002506176
0.9000704002506176
-0.9023490432100597
0.9023490432100597
-0.9046027403665357
0.9046027403665357
-0.9068314294156795
0.9068314294156795
-0.9090350487444843
0.9090350487444843
-0.9112135374330057
0.9112135374330057
-0.9133668352560462
0.9133668352560462
-0.9154948826848196
0.9154948826848196
-0.9175976208885974
0.9175976208885974
-0.9196749917363346
0.9196749917363346
-0.9217269377982771
0.9217269377982771
-0.9237534023475492
0.9237534023475492
-0.9257543293617219
0.9257543293617219
-0.9277296635243618
0.9277296635243618
-0.92967935022656
0.92967935022656
-0.9316033355684422
0.9316033355684422
-0.9335015663606583
0.9335015663606583
-0.9353739901258535
0.9353739901258535
-0.9372205551001184
0.9372205551001184
-0.9390412102344205
0.9390412102344205
-0.9408359051960151
0.9408359051960151
-0.9426045903698371
0.9426045903698371
-0.9443472168598725
0.9443472168598725
-0.9460637364905101
0.9460637364905101
-0.9477541018078734
0.9477541018078734
-0.9494182660811326
0.9494182660811326
-0.951056183303796
0.951056183303796
-0.9526678081949827
0.9526678081949827
-0.9542530962006737
0.9542530962006737
-0.9558120034949438
0.9558120034949438
-0.9573444869811736
0.9573444869811736
-0.9588505042932402
0.9588505042932402
-0.9603300137966891
0.9603300137966891
-0.9617829745898848
0.9617829745898848
-0.9632093465051418
0.9632093465051418
-0.964609090109835
0.964609090109835
-0.9659821667074896
0.9659821667074896
-0.9673285383388513
0.9673285383388513
-0.9686481677829355
0.9686481677829355
-0.9699410185580562
0.9699410185580562
-0.9712070549228348
0.9712070549228348
-0.9724462418771882
0.9724462418771882
-0.9736585451632961
0.9736585451632961
-0.9748439312665487
0.9748439312665487
-0.9760023674164726
0.9760023674164726
-0.9771338215876373
0.9771338215876373
-0.9782382625005405
0.9782382625005405
-0.9793156596224726
0.9793156596224726
-0.9803659831683615
0.9803659831683615
-0.9813892041015954
0.9813892041015954
-0.9823852941348262
0.9823852941348262
-0.9833542257307515
0.9833542257307515
-0.9842959721028761
0.9842959721028761
-0.9852105072162523
0.9852105072162523
-0.9860978057882009
0.9860978057882009
-0.9869578432890093
0.9869578432890093
-0.9877905959426111
0.9877905959426111
-0.9885960407272432
0.9885960407272432
-0.9893741553760833
0.9893741553760833
-0.9901249183778659
0.9901249183778659
-0.9908483089774785
0.9908483089774785
-0.9915443071765365
0.9915443071765365
-0.9922128937339378
0.9922128937339378
-0.9928540501663971
0.9928540501663971
-0.9934677587489599
0.9934677587489599
-0.9940540025154966
0.9940540025154966
-0.9946127652591774
0.9946127652591774
-0.9951440315329277
0.9951440315329277
-0.9956477866498664
0.9956477866498664
-0.9961240166837273
0.9961240166837273
-0.996572708469267
0.996572708469267
-0.9969938496026624
0.9969938496026624
-0.997387428441905
0.997387428441905
-0.9977534341072037
0.9977534341072037
-0.9980918564814159
0.9980918564814159
-0.9984026862105452
0.9984026862105452
-0.998685914704382
0.998685914704382
-0.9989415341374408
0.9989415341374408
-0.9991695374505396
0.9991695374505396
-0.9993699183538453
0.9993699183538453
-0.9995426713335728
0.9995426713335728
-0.9996877916689159
0.9996877916689159
-0.9998052754826305
0.9998052754826305
-0.9998951199309942
0.9998951199309942
-0.9999573242226162
0.9999573242226162
-0.9999919004543952
0.9999919004543952