0.003354605217969709
0.003354605217969709
0.003354567467253729
0.003354567467253729
0.003354491966246595
0.003354491966246595
0.003354378715797948
0.003354378715797948
0.003354227717182241
0.003354227717182241
0.003354038972098723
0.003354038972098723
0.003353812482671416
0.003353812482671416
0.003353548251449099
0.003353548251449099
0.003353246281405269
0.003353246281405269
0.003352906575938118
0.003352906575938118
0.003352529138870487
0.003352529138870487
0.003352113974449825
0.003352113974449825
0.003351661087348146
0.003351661087348146
0.003351170482661968
0.003351170482661968
0.003350642165912263
0.003350642165912263
0.00335007614304439
0.00335007614304439
0.003349472420428032
0.003349472420428032
0.003348831004857121
0.003348831004857121
0.003348151903549764
0.003348151903549764
0.003347435124148158
0.003347435124148158
0.003346680674718511
0.003346680674718511
0.003345888563750943
0.003345888563750943
0.003345058800159397
0.003345058800159397
0.003344191393281534
0.003344191393281534
0.003343286352878632
0.003343286352878632
0.003342343689135472
0.003342343689135472
0.003341363412660228
0.003341363412660228
0.003340345534484342
0.003340345534484342
0.003339290066062407
0.003339290066062407
0.003338197019272029
0.003338197019272029
0.003337066406413704
0.003337066406413704
0.00333589824021067
0.00333589824021067
0.003334692533808769
0.003334692533808769
0.003333449300776298
0.003333449300776298
0.003332168555103857
0.003332168555103857
0.003330850311204189
0.003330850311204189
0.003329494583912021
0.003329494583912021
0.003328101388483895
0.003328101388483895
0.003326670740597998
0.003326670740597998
0.003325202656353982
0.003325202656353982
0.003323697152272788
0.003323697152272788
0.003322154245296456
0.003322154245296456
0.003320573952787937
0.003320573952787937
0.003318956292530894
0.003318956292530894
0.003317301282729507
0.003317301282729507
0.003315608942008263
0.003315608942008263
0.003313879289411751
0.003313879289411751
0.003312112344404443
0.003312112344404443
0.00331030812687048
0.00331030812687048
0.003308466657113444
0.003308466657113444
0.003306587955856132
0.003306587955856132
0.003304672044240321
0.003304672044240321
0.003302718943826532
0.003302718943826532
0.003300728676593787
0.003300728676593787
0.003298701264939359
0.003298701264939359
0.003296636731678523
0.003296636731678523
0.0032945351000443
0.0032945351000443
0.003292396393687192
0.003292396393687192
0.003290220636674917
0.003290220636674917
0.003288007853492142
0.003288007853492142
0.003285758069040201
0.003285758069040201
0.003283471308636819
0.003283471308636819
0.003281147598015828
0.003281147598015828
0.003278786963326873
0.003278786963326873
0.003276389431135123
0.003276389431135123
0.003273955028420966
0.003273955028420966
0.003271483782579712
0.003271483782579712
0.00326897572142128
0.00326897572142128
0.003266430873169887
0.003266430873169887
0.003263849266463729
0.003263849266463729
0.003261230930354659
0.003261230930354659
0.003258575894307864
0.003258575894307864
0.003255884188201527
0.003255884188201527
0.003253155842326495
0.003253155842326495
0.003250390887385936
0.003250390887385936
0.003247589354494996
0.003247589354494996
0.003244751275180446
0.003244751275180446
0.00324187668138033
0.00324187668138033
0.003238965605443602
0.003238965605443602
0.003236018080129767
0.003236018080129767
0.003233034138608507
0.003233034138608507
0.003230013814459311
0.003230013814459311
0.003226957141671095
0.003226957141671095
0.003223864154641824
0.003223864154641824
0.003220734888178119
0.003220734888178119
0.003217569377494868
0.003217569377494868
0.003214367658214832
0.003214367658214832
0.003211129766368238
0.003211129766368238
0.003207855738392382
0.003207855738392382
0.003204545611131211
0.003204545611131211
0.003201199421834912
0.003201199421834912
0.003197817208159495
0.003197817208159495
0.003194399008166364
0.003194399008166364
0.003190944860321892
0.003190944860321892
0.003187454803496988
0.003187454803496988
0.00318392887696666
0.00318392887696666
0.003180367120409571
0.003180367120409571
0.003176769573907594
0.003176769573907594
0.003173136277945361
0.003173136277945361
0.003169467273409805
0.003169467273409805
0.003165762601589705
0.003165762601589705
0.003162022304175216
0.003162022304175216
0.003158246423257403
0.003158246423257403
0.003154435001327765
0.003154435001327765
0.003150588081277761
0.003150588081277761
0.003146705706398322
0.003146705706398322
0.003142787920379368
0.003142787920379368
0.003138834767309314
0.003138834767309314
0.003134846291674573
0.003134846291674573
0.003130822538359061
0.003130822538359061
0.003126763552643684
0.003126763552643684
0.003122669380205835
0.003122669380205835
0.003118540067118875
0.003118540067118875
0.003114375659851618
0.003114375659851618
0.003110176205267807
0.003110176205267807
0.003105941750625587
0.003105941750625587
0.00310167234357697
0.00310167234357697
0.003097368032167305
0.003097368032167305
0.003093028864834732
0.003093028864834732
0.003088654890409638
0.003088654890409638
0.00308424615811411
0.00308424615811411
0.003079802717561377
0.003079802717561377
0.003075324618755255
0.003075324618755255
0.003070811912089584
0.003070811912089584
0.003066264648347659
0.003066264648347659
0.003061682878701661
0.003061682878701661
0.003057066654712077
0.003057066654712077
0.003052416028327125
0.003052416028327125
0.003047731051882167
0.003047731051882167
0.003043011778099118
0.003043011778099118
0.003038258260085856
0.003038258260085856
0.003033470551335624
0.003033470551335624
0.003028648705726425
0.003028648705726425
0.003023792777520419
0.003023792777520419
0.003018902821363311
0.003018902821363311
0.003013978892283736
0.003013978892283736
0.003009021045692639
0.003009021045692639
0.003004029337382654
0.003004029337382654
0.002999003823527474
0.002999003823527474
0.002993944560681218
0.002993944560681218
0.002988851605777798
0.002988851605777798
0.002983725016130275
0.002983725016130275
0.002978564849430215
0.002978564849430215
0.00297337116374704
0.00297337116374704
0.002968144017527376
0.002968144017527376
0.002962883469594393
0.002962883469594393
0.002957589579147142
0.002957589579147142
0.002952262405759894
0.002952262405759894
0.002946902009381463
0.002946902009381463
0.002941508450334538
0.002941508450334538
0.002936081789314998
0.002936081789314998
0.002930622087391232
0.002930622087391232
0.002925129406003454
0.002925129406003454
0.002919603806963006
0.002919603806963006
0.002914045352451668
0.002914045352451668
0.002908454105020953
0.002908454105020953
0.002902830127591409
0.002902830127591409
0.002897173483451906
0.002897173483451906
0.002891484236258926
0.002891484236258926
0.002885762450035846
0.002885762450035846
0.002880008189172218
0.002880008189172218
0.002874221518423043
0.002874221518423043
0.002868402502908045
0.002868402502908045
0.002862551208110937
0.002862551208110937
0.002856667699878681
0.002856667699878681
0.002850752044420753
0.002850752044420753
0.002844804308308392
0.002844804308308392
0.002838824558473854
0.002838824558473854
0.00283281286220966
0.00283281286220966
0.002826769287167835
0.002826769287167835
0.002820693901359149
0.002820693901359149
0.002814586773152352
0.002814586773152352
0.002808447971273404
0.002808447971273404
0.002802277564804699
0.002802277564804699
0.002796075623184295
0.002796075623184295
0.002789842216205122
0.002789842216205122
0.002783577414014207
0.002783577414014207
0.002777281287111878
0.002777281287111878
0.002770953906350972
0.002770953906350972
0.002764595342936038
0.002764595342936038
0.002758205668422538
0.002758205668422538
0.002751784954716037
0.002751784954716037
0.002745333274071398
0.002745333274071398
0.002738850699091968
0.002738850699091968
0.002732337302728759
0.002732337302728759
0.002725793158279628
0.002725793158279628
0.002719218339388454
0.002719218339388454
0.002712612920044308
0.002712612920044308
0.002705976974580617
0.002705976974580617
0.002699310577674334
0.002699310577674334
0.002692613804345094
0.002692613804345094
0.002685886729954368
0.002685886729954368
0.002679129430204619
0.002679129430204619
0.002672341981138446
0.002672341981138446
0.002665524459137734
0.002665524459137734
0.002658676940922786
0.002658676940922786
0.002651799503551468
0.002651799503551468
0.002644892224418336
0.002644892224418336
0.00263795518125377
0.00263795518125377
0.002630988452123094
0.002630988452123094
0.0026239921154257
0.0026239921154257
0.002616966249894169
0.002616966249894169
0.002609910934593377
0.002609910934593377
0.002602826248919615
0.002602826248919615
0.002595712272599686
0.002595712272599686
0.002588569085690016
0.002588569085690016
0.002581396768575748
0.002581396768575748
0.002574195401969838
0.002574195401969838
0.00256696506691215
0.00256696506691215
0.002559705844768538
0.002559705844768538
0.002552417817229937
0.002552417817229937
0.00254510106631144
0.00254510106631144
0.002537755674351375
0.002537755674351375
0.002530381724010379
0.002530381724010379
0.002522979298270469
0.002522979298270469
0.002515548480434106
0.002515548480434106
0.002508089354123259
0.002508089354123259
0.002500602003278464
0.002500602003278464
0.002493086512157878
0.002493086512157878
0.002485542965336333
0.002485542965336333
0.002477971447704383
0.002477971447704383
0.002470372044467346
0.002470372044467346
0.002462744841144352
0.002462744841144352
0.002455089923567374
0.002455089923567374
0.002447407377880266
0.002447407377880266
0.00243969729053779
0.00243969729053779
0.002431959748304647
0.002431959748304647
0.002424194838254498
0.002424194838254498
0.002416402647768987
0.002416402647768987
0.002408583264536753
0.002408583264536753
0.002400736776552448
0.002400736776552448
0.002392863272115743
0.002392863272115743
0.002384962839830336
0.002384962839830336
0.002377035568602957
0.002377035568602957
0.002369081547642363
0.002369081547642363
0.002361100866458337
0.002361100866458337
0.002353093614860681
0.002353093614860681
0.002345059882958204
0.002345059882958204
0.002336999761157708
0.002336999761157708
0.002328913340162972
0.002328913340162972
0.00232080071097373
0.00232080071097373
0.002312661964884648
0.002312661964884648
0.002304497193484293
0.002304497193484293
0.00229630648865411
0.00229630648865411
0.002288089942567378
0.002288089942567378
0.002279847647688183
0.002279847647688183
0.002271579696770369
0.002271579696770369
0.002263286182856499
0.002263286182856499
0.002254967199276807
0.002254967199276807
0.002246622839648147
0.002246622839648147
0.002238253197872939
0.002238253197872939
0.002229858368138113
0.002229858368138113
0.002221438444914052
0.002221438444914052
0.002212993522953522
0.002212993522953522
0.002204523697290614
0.002204523697290614
0.002196029063239667
0.002196029063239667
0.0021875097163942
0.0021875097163942
0.002178965752625835
0.002178965752625835
0.002170397268083217
0.002170397268083217
0.002161804359190936
0.002161804359190936
0.002153187122648437
0.002153187122648437
0.002144545655428932
0.002144545655428932
0.002135880054778314
0.002135880054778314
0.002127190418214057
0.002127190418214057
0.002118476843524121
0.002118476843524121
0.002109739428765852
0.002109739428765852
0.002100978272264878
0.002100978272264878
0.002092193472614001
0.002092193472614001
0.00208338512867209
0.00208338512867209
0.002074553339562967
0.002074553339562967
0.002065698204674291
0.002065698204674291
0.002056819823656443
0.002056819823656443
0.002047918296421399
0.002047918296421399
0.00203899372314161
0.00203899372314161
0.002030046204248873
0.002030046204248873
0.002021075840433202
0.002021075840433202
0.002012082732641694
0.002012082732641694
0.002003066982077392
0.002003066982077392
0.001994028690198147
0.001994028690198147
0.001984967958715479
0.001984967958715479
0.001975884889593426
0.001975884889593426
0.001966779585047404
0.001966779585047404
0.001957652147543051
0.001957652147543051
0.001948502679795077
0.001948502679795077
0.001939331284766106
0.001939331284766106
0.00193013806566552
0.00193013806566552
0.001920923125948295
0.001920923125948295
0.001911686569313839
0.001911686569313839
0.001902428499704821
0.001902428499704821
0.001893149021306008
0.001893149021306008
0.001883848238543086
0.001883848238543086
0.001874526256081487
0.001874526256081487
0.001865183178825215
0.001865183178825215
0.001855819111915659
0.001855819111915659
0.001846434160730414
0.001846434160730414
0.001837028430882095
0.001837028430882095
0.001827602028217147
0.001827602028217147
0.001818155058814653
0.001818155058814653
0.001808687628985144
0.001808687628985144
0.001799199845269399
0.001799199845269399
0.001789691814437249
0.001789691814437249
0.001780163643486371
0.001780163643486371
0.00177061543964109
0.00177061543964109
0.001761047310351168
0.001761047310351168
0.001751459363290595
0.001751459363290595
0.001741851706356379
0.001741851706356379
0.001732224447667332
0.001732224447667332
0.001722577695562851
0.001722577695562851
0.001712911558601702
0.001712911558601702
0.001703226145560794
0.001703226145560794
0.001693521565433959
0.001693521565433959
0.001683797927430724
0.001683797927430724
0.001674055340975082
0.001674055340975082
0.00166429391570426
0.00166429391570426
0.001654513761467487
0.001654513761467487
0.001644714988324753
0.001644714988324753
0.001634897706545578
0.001634897706545578
0.001625062026607766
0.001625062026607766
0.001615208059196162
0.001615208059196162
0.001605335915201407
0.001605335915201407
0.001595445705718692
0.001595445705718692
0.001585537542046506
0.001585537542046506
0.001575611535685381
0.001575611535685381
0.001565667798336643
0.001565667798336643
0.00155570644190115
0.00155570644190115
0.001545727578478037
0.001545727578478037
0.001535731320363449
0.001535731320363449
0.001525717780049283
0.001525717780049283
0.001515687070221918
0.001515687070221918
0.001505639303760949
0.001505639303760949
0.001495574593737917
0.001495574593737917
0.001485493053415033
0.001485493053415033
0.00147539479624391
0.00147539479624391
0.001465279935864278
0.001465279935864278
0.001455148586102714
0.001455148586102714
0.001445000860971353
0.001445000860971353
0.00143483687466661
0.00143483687466661
0.001424656741567895
0.001424656741567895
0.001414460576236322
0.001414460576236322
0.001404248493413423
0.001404248493413423
0.001394020608019856
0.001394020608019856
0.001383777035154112
0.001383777035154112
0.001373517890091218
0.001373517890091218
0.001363243288281444
0.001363243288281444
0.001352953345348998
0.001352953345348998
0.00134264817709073
0.00134264817709073
0.001332327899474825
0.001332327899474825
0.0013219926286395
0.0013219926286395
0.001311642480891698
0.001311642480891698
0.001301277572705776
0.001301277572705776
0.001290898020722199
0.001290898020722199
0.00128050394174622
0.00128050394174622
0.001270095452746576
0.001270095452746576
0.001259672670854159
0.001259672670854159
0.001249235713360711
0.001249235713360711
0.001238784697717494
0.001238784697717494
0.001228319741533973
0.001228319741533973
0.001217840962576491
0.001217840962576491
0.001207348478766945
0.001207348478766945
0.001196842408181458
0.001196842408181458
0.001186322869049051
0.001186322869049051
0.001175789979750311
0.001175789979750311
0.001165243858816059
0.001165243858816059
0.00115468462492602
0.00115468462492602
0.001144112396907481
0.001144112396907481
0.00113352729373396
0.00113352729373396
0.001122929434523862
0.001122929434523862
0.001112318938539142
0.001112318938539142
0.001101695925183962
0.001101695925183962
0.001091060514003346
0.001091060514003346
0.001080412824681837
0.001080412824681837
0.001069752977042148
0.001069752977042148
0.001059081091043815
0.001059081091043815
0.001048397286781846
0.001048397286781846
0.00103770168448537
0.00103770168448537
0.001026994404516285
0.001026994404516285
0.001016275567367903
0.001016275567367903
0.001005545293663591
0.001005545293663591
0.0009948037041554198
0.0009948037041554198
0.0009840509197227987
0.0009840509197227987
0.0009732870613711195
0.0009732870613711195
0.0009625122502303932
0.0009625122502303932
0.0009517266075538869
0.0009517266075538869
0.0009409302547167596
0.0009409302547167596
0.0009301233132146962
0.0009301233132146962
0.0009193059046625403
0.0009193059046625403
0.0009084781507929256
0.0009084781507929256
0.0008976401734549058
0.0008976401734549058
0.000886792094612584
0.000886792094612584
0.0008759340363437397
0.0008759340363437397
0.000865066120838455
0.000865066120838455
0.0008541884703977401
0.0008541884703977401
0.0008433012074321564
0.0008433012074321564
0.0008324044544604394
0.0008324044544604394
0.0008214983341081198
0.0008214983341081198
0.0008105829691061438
0.0008105829691061438
0.0007996584822894916
0.0007996584822894916
0.0007887249965957957
0.0007887249965957957
0.0007777826350639569
0.0007777826350639569
0.0007668315208327602
0.0007668315208327602
0.0007558717771394891
0.0007558717771394891
0.0007449035273185385
0.0007449035273185385
0.0007339268948000272
0.0007339268948000272
0.0007229420031084089
0.0007229420031084089
0.0007119489758610821
0.0007119489758610821
0.0007009479367669996
0.0007009479367669996
0.0006899390096252756
0.0006899390096252756
0.0006789223183237937
0.0006789223183237937
0.0006678979868378123
0.0006678979868378123
0.0006568661392285697
0.0006568661392285697
0.0006458268996418888
0.0006458268996418888
0.0006347803923067795
0.0006347803923067795
0.0006237267415340415
0.0006237267415340415
0.0006126660717148659
0.0006126660717148659
0.0006015985073194353
0.0006015985073194353
0.0005905241728955241
0.0005905241728955241
0.0005794431930670969
0.0005794431930670969
0.0005683556925329074
0.0005683556925329074
0.0005572617960650954
0.0005572617960650954
0.0005461616285077837
0.0005461616285077837
0.0005350553147756742
0.0005350553147756742
0.0005239429798526437
0.0005239429798526437
0.0005128247487903382
0.0005128247487903382
0.0005017007467067683
0.0005017007467067683
0.0004905710987849024
0.0004905710987849024
0.0004794359302712607
0.0004794359302712607
0.000468295366474509
0.000468295366474509
0.0004571495327640513
0.0004571495327640513
0.0004459985545686238
0.0004459985545686238
0.0004348425573748884
0.0004348425573748884
0.0004236816667260265
0.0004236816667260265
0.0004125160082203341
0.0004125160082203341
0.0004013457075098173
0.0004013457075098173
0.0003901708902987906
0.0003901708902987906
0.0003789916823424757
0.0003789916823424757
0.0003678082094456051
0.0003678082094456051
0.0003566205974610288
0.0003566205974610288
0.0003454289722883262
0.0003454289722883262
0.000334233459872427
0.000334233459872427
0.0003230341862022401
0.0003230341862022401
0.0003118312773092977
0.0003118312773092977
0.0003006248592664172
0.0003006248592664172
0.0002894150581863887
0.0002894150581863887
0.000278202000220697
0.000278202000220697
0.0002669858115582944
0.0002669858115582944
0.000255766618424441
0.000255766618424441
0.0002445445470796472
0.0002445445470796472
0.0002333197238187594
0.0002333197238187594
0.0002220922749702626
0.0002220922749702626
0.000210862326895905
0.000210862326895905
0.0001996300059908189
0.0001996300059908189
0.0001883954386844194
0.0001883954386844194
0.0001771587514425486
0.0001771587514425486
0.0001659200707716757
0.0001659200707716757
0.0001546795232265825
0.0001546795232265825
0.0001434372354241677
0.0001434372354241677
0.0001321933340684079
0.0001321933340684079
0.0001209479459965684
0.0001209479459965684
0.0001097011982680069
0.0001097011982680069
0.00009845321834360931
0.00009845321834360931
0.00008720413447237423
0.00008720413447237423
0.00007595407659449722
0.00007595407659449722
0.00006470317867992802
0.00006470317867992802
0.00005345158565428731
0.00005345158565428731
0.00004219947800911272
0.00004219947800911272
0.00003094718557393828
0.00003094718557393828
0.00001969598981868171
0.00001969598981868171
8.461208251868378e-6
8.461208251868378e-6