-0.00118416573546891447984333474797
0.00118416573546891447984333474797
-0.00355249056442734633945168832619
0.00355249056442734633945168832619
-0.00592079546748484172641399360309
0.00592079546748484172641399360309
-0.00828906716083162554196708408215
0.00828906716083162554196708408215
-0.0106572923608441957804828002515
0.0106572923608441957804828002515
-0.0130254577841598313039936286706
0.0130254577841598313039936286706
-0.0153935501477510981539998226766
0.0153935501477510981539998226766
-0.0177615561690003539826524927238
0.0177615561690003539826524927238
-0.0201294625657742501854177027766
0.0201294625657742501854177027766
-0.0224972560564982313173395015599
0.0224972560564982313173395015599
-0.0248649233602310313750350537495
0.0248649233602310313750350537495
-0.0272324511967391665265726162774
0.0272324511967391665265726162774
-0.0295998262865714238714030287321
0.0295998262865714238714030287321
-0.0319670353511333458125376542461
0.0319670353511333458125376542461
-0.0343340651127617096231903181449
0.0343340651127617096231903181449
-0.0367009022947990017901277458638
0.0367009022947990017901277458638
-0.0390675336216678867160022990473
0.0390675336216678867160022990473
-0.04143394581894566936297244919
0.04143394581894566936297244919
-0.0438001256134387514199504114594
0.0438001256134387514199504114594
-0.0461660597332570805758526872847
0.0461660597332570805758526872847
-0.0485317349078885924812679326881
0.0485317349078885924812679326881
-0.050897137868273644980997579964
0.050897137868273644980997579964
-0.0532622553468794441999679929468
0.0532622553468794441999679929468
-0.0556270740777744620650586305022
0.0556270740777744620650586305022
-0.0579915807967028448454387287825
0.0579915807967028448454387287825
-0.0603557622411588122940553899215
0.0603557622411588122940553899215
-0.062719605150461046972968682939
0.062719605150461046972968682939
-0.0650830962658270733452844213757
0.0650830962658270733452844213757
-0.0674462223304476262164926812794
0.0674462223304476262164926812794
-0.0698089700895610081080798622882
0.0698089700895610081080798622882
-0.0721713262905274351463441733808
0.0721713262905274351463441733808
-0.0745332776829033710494088430235
0.0745332776829033710494088430235
-0.0768948110185158487954941105923
0.0768948110185158487954941105923
-0.0792559130515367795555781517028
0.0792559130515367795555781517028
-0.081616570538557248473648524057
0.081616570538557248473648524057
-0.083976770238661796877819492211
0.083976770238661796877819492211
-0.08633649891350269050566669887
0.08633649891350269050566669887
-0.0886957433273741733272090964998
0.0886957433273741733272090964998
-0.0910544902472867065490488357626
0.0910544902472867065490488357626
-0.0934127264430411923832629260961
0.0934127264430411923832629260961
-0.0957704386873031821647259381772
0.0957704386873031821647259381772
-0.0981276137556770684006308075852
0.0981276137556770684006308075852
-0.100484238426780260336064923192
0.100484238426780260336064923192
-0.102840299482317342619591142171
0.102840299482317342619591142171
-0.105195783707154216652878165489
0.105195783707154216652878165489
-0.107550677889392224208521832842
0.107550677889392224208521832842
-0.109904968820442252900298353603
0.109904968820442252900298353603
-0.112258643295098823090192279956
0.112258643295098823090192279956
-0.114611688111614155816646149466
0.114611688111614155816646149466
-0.116964090071772221328585176141
0.116964090071772221328585176141
-0.119315835980962767809879151207
0.119315835980962767809879151207
-0.121666912648255329879014826508
0.121666912648255329879014826508
-0.124017306886473216448865494208
0.124017306886473216448865494208
-0.126367005512267477531560245563
0.126367005512267477531560245563
-0.128715995346190849573573488364
0.128715995346190849573573488364
-0.131064263212771678906275726537
0.131064263212771678906275726537
-0.133411795940587822897309355639
0.133411795940587822897309355639
-0.135758580362340528388278303954
0.135758580362340528388278303954
-0.138104603314928287004367749828
0.138104603314928287004367749828
-0.140449851639520666921639871132
0.140449851639520666921639871132
-0.142794312181632120677883631473
0.142794312181632120677883631473
-0.145137971791195768613030979386
0.145137971791195768613030979386
-0.147480817322637157525288530362
0.147480817322637157525288530362
-0.149822835634947994129272816495
0.149822835634947994129272816495
-0.152164013591759852902578523941
0.152164013591759852902578523941
-0.15450433806141785790735279356
0.15450433806141785790735279356
-0.156843795917054338173594634137
0.156843795917054338173594634137
-0.15918237403666245623104678974
0.15918237403666245623104678974
-0.161520059303169809376698012176
0.161520059303169809376698012176
-0.16385683860451200326506661531
0.16385683860451200326506661531
-0.166192698833706197408591429409
0.166192698833706197408591429409
-0.168527626888924622175613829719
0.168527626888924622175613829719
-0.170861609673568066873594383346
0.170861609673568066873594383346
-0.173194634096339338505369841283
0.173194634096339338505369841283
-0.175526687071316690786420697191
0.175526687071316690786420697191
-0.177857755518027223011286340368
0.177857755518027223011286340368
-0.180187826361520248357433946327
0.180187826361520248357433946327
-0.18251688653244063121505867355
0.18251688653244063121505867355
-0.18484492296710209313146646839
0.18484492296710209313146646839
-0.187171922607560486958866820724
0.187171922607560486958866820724
-0.189497872401687038794581159866
0.189497872401687038794581159866
-0.191822759303241557302853232432
0.191822759303241557302853232432
-0.194146570271945610007630760269
0.194146570271945610007630760269
-0.196469292273555666145872936187
0.196469292273555666145872936187
-0.198790912279936205671125877113
0.198790912279936205671125877113
-0.201111417269132793997298017213
0.201111417269132793997298017213
-0.203430794225445122072759586587
0.203430794225445122072759586587
-0.205749030139500011375084783173
0.205749030139500011375084783173
-0.208066112008324383416952005428
0.208066112008324383416952005428
-0.210382026835418193353916570066
0.210382026835418193353916570066
-0.212696761630827327284971691569
0.212696761630827327284971691569
-0.215010303411216462837017147127
0.215010303411216462837017147127
-0.217322639199941892624560991035
0.217322639199941892624560991035
-0.219633756027124310176187915218
0.219633756027124310176187915218
-0.221943640929721557919538376226
0.221943640929721557919538376226
-0.224252280951601336816755422699
0.224252280951601336816755422699
-0.226559663143613877242571259597
0.226559663143613877242571259597
-0.228865774563664570697422975333
0.228865774563664570697422975333
-0.231170602276786561948206534058
0.231170602276786561948206534058
-0.233474133355213301189500096528
0.233474133355213301189500096528
-0.235776354878451055818311977946
0.235776354878451055818311977946
-0.238077253933351381415635078708
0.238077253933351381415635078708
-0.240376817614183551528318432803
0.240376817614183551528318432803
-0.242675033022706945844997607386
0.242675033022706945844997607386
-0.244971887268243396360059054605
0.244971887268243396360059054605
-0.2472673674677494911198491616
0.2472673674677494911198491616
-0.249561460745888835145576665612
0.249561460745888835145576665612
-0.2518541542351042681275972968
0.2518541542351042681275972968
-0.254145435075690038486011980492
0.254145435075690038486011980492
-0.25643529041586393339275467168
0.25643529041586393339275467168
-0.258723707411839364350592906377
0.258723707411839364350592906377
-0.261010673227897407924713435465
0.261010673227897407924713435465
-0.263296175036458801222816855609
0.263296175036458801222816855609
-0.265580200018155891719898967158
0.265580200018155891719898967158
-0.2678627353619045410241526694
0.2678627353619045410241526694
-0.270143768264975982180682547523
0.270143768264975982180682547523
-0.272423285933068630109984911813
0.272423285933068630109984911813
-0.274701275580379844778408916476
0.274701275580379844778408916476
-0.276977724429677646698079511539
0.276977724429677646698079511539
-0.279252619712372384354030365082
0.279252619712372384354030365082
-0.281525948668588353156564533083
0.281525948668588353156564533083
-0.283797698547235365517132548905
0.283797698547235365517132548905
-0.286067856606080271646291752381
0.286067856606080271646291752381
-0.288336410111818430672587078049
0.288336410111818430672587078049
-0.290603346340145131681472171781
0.290603346340145131681472171781
-0.292868652575826964273670603269
0.292868652575826964273670603269
-0.295132316112773138242660087046
0.295132316112773138242660087046
-0.297394324254106751971248015283
0.297394324254106751971248015283
-0.29965466431223600914749423994
0.29965466431223600914749423994
-0.301913323608925383400526918396
0.301913323608925383400526918396
-0.304170289475366730457089353677
0.304170289475366730457089353677
-0.306425549252250347419950116401
0.306425549252250347419950116401
-0.308679090289835978769605328709
0.308679090289835978769605328709
-0.310930899948023768691000819252
0.310930899948023768691000819252
-0.31318096559642515932730292098
0.31318096559642515932730292098
-0.315429274614433734563049978364
0.315429274614433734563049978364
-0.317675814391296008939322156134
0.317675814391296008939322156134
-0.319920572326182161303874895808
0.319920572326182161303874895808
-0.3221635358282567127994913476
0.3221635358282567127994913476
-0.324404692316749148794121311934
0.324404692316749148794121311934
-0.326644029221024484356688655012
0.326644029221024484356688655012
-0.328881533980653772882765814942
0.328881533980653772882765814942
-0.331117194045484557474632887022
0.331117194045484557474632887022
-0.333350996875711264680559867135
0.333350996875711264680559867135
-0.335582929941945540198473939036
0.335582929941945540198473939036
-0.337812980725286526149499212758
0.337812980725286526149499212758
-0.340041136717391079527184055649
0.340041136717391079527184055649
-0.342267385420543931428561102823
0.342267385420543931428561102823
-0.344491714347727786673517188184
0.344491714347727786673517188184
-0.346714111022693363419284798844
0.346714111022693363419284798844
-0.348934562980029372377203222819
0.348934562980029372377203222819
-0.35115305776523243523923633041
0.35115305776523243523923633041
-0.353369582934776941922074901878
0.353369582934776941922074901878
-0.355584126056184846236994585826
0.355584126056184846236994585826
-0.357796674708095399593985942337
0.357796674708095399593985942337
-0.360007216480334822349020590372
0.360007216480334822349020590372
-0.362215738973985912403667238223
0.362215738973985912403667238223
-0.364422229801457590666623327103
0.364422229801457590666623327103
-0.366626676586554382987082159085
0.366626676586554382987082159085
-0.368829066964545838170211709795
0.368829066964545838170211709795
-0.371029388582235881685379841348
0.371029388582235881685379841348
-0.373227629098032104678121330036
0.373227629098032104678121330036
-0.375423776182014987897205004315
0.375423776182014987897205004315
-0.377617817516007060148524349429
0.377617817516007060148524349429
-0.379809740793641990887902173777
0.379809740793641990887902173777
-0.381999533720433616565269346569
0.381999533720433616565269346569
-0.384187184013844900333049204539
0.384187184013844900333049204539
-0.386372679403356824731952985313
0.386372679403356824731952985313
-0.388556007630537216967767574336
0.388556007630537216967767574336
-0.390737156449109506393094949106
0.390737156449109506393094949106
-0.39291611362502141380838296646
0.39291611362502141380838296646
-0.395092866936513572196969563949
0.395092866936513572196969563949
-0.397267404174188078509247032586
0.397267404174188078509247032586
-0.39943971314107697611143976335
0.39943971314107697611143976335
-0.401609781652710667514877771695
0.401609781652710667514877771695
-0.403777597537186257002039360617
0.403777597537186257002039360617
-0.40594314863523582276602949149
0.40594314863523582276602949149
-0.408106422800294618180555790669
0.408106422800294618180555790669
-0.410267407898569201817861626515
0.410267407898569201817861626515
-0.412426091809105495832475343828
0.412426091809105495832475343828
-0.414582462423856772329036538466
0.414582462423856772329036538466
-0.416736507647751567332864191814
0.416736507647751567332864191814
-0.418888215398761521982337560674
0.418888215398761521982337560674
-0.421037573607969150562568930554
0.421037573607969150562568930554
-0.423184570219635535000257687205
0.423184570219635535000257687205
-0.425329193191267945440027640062
0.425329193191267945440027640062
-0.427471430493687386522964139836
0.427471430493687386522964139836
-0.429611270111096068988484268492
0.429611270111096068988484268492
-0.431748700041144806221092240855
0.431748700041144806221092240855
-0.433883708295000335363993140858
0.433883708295000335363993140858
-0.43601628289741256262196121953
0.43601628289741256262196121953
-0.438146411886781732376284203906
0.438146411886781732376284203906
-0.440274083315225519735032403699
0.440274083315225519735032403699
-0.442399285248646046142330853458
0.442399285248646046142330853458
-0.444522005766796817670744289562
0.444522005766796817670744289562
-0.446642232963349585621318431441
0.446642232963349585621318431441
-0.448759954945961129056256812338
0.448759954945961129056256812338
-0.45087515983633995888965028441
0.45087515983633995888965028441
-0.452987835770312943162116303386
0.452987835770312943162116303386
-0.455097970897891853125647177082
0.455097970897891853125647177082
-0.457205553383339829765410637181
0.457205553383339829765410637181
-0.459310571405237770385692362413
0.459310571405237770385692362413
-0.461413013156550634887618441061
0.461413013156550634887618441061
-0.463512866844693671366746209149
0.463512866844693671366746209149
-0.465610120691598560659064435055
0.465610120691598560659064435055
-0.467704762933779479464398439292
0.467704762933779479464398439292
-0.469796781822399081676672437068
0.469796781822399081676672437068
-0.471886165623334397550940168587
0.471886165623334397550940168587
-0.473972902617242650337555735154
0.473972902617242650337555735154
-0.476056981099626990014319485572
0.476056981099626990014319485572
-0.478138389380902143747898794302
0.478138389380902143747898794302
-0.480217115786459982716290637952
0.480217115786459982716290637952
-0.482293148656735004924562007128
0.482293148656735004924562007128
-0.48436647634726973364657538396
0.48436647634726973364657538396
-0.486437087228780031125879769012
0.486437087228780031125879769012
-0.488504969687220327169423052186
0.488504969687220327169423052186
-0.490570112123848762268218887988
0.490570112123848762268218887988
-0.492632502955292244879580653324
0.492632502955292244879580653324
-0.494692130613611422506016533398
0.494692130613611422506016533398
-0.496748983546365566206363295298
0.496748983546365566206363295298
-0.498803050216677368175221867015
0.498803050216677368175221867015
-0.50085431910329765202724543908
0.50085431910329765202724543908
-0.502902778700669995423320444028
0.502902778700669995423320444028
-0.504948417518995264676172442759
0.504948417518995264676172442759
-0.506991224084296060973422653836
0.506991224084296060973422653836
-0.509031186938481077856616598996
0.509031186938481077856616598996
-0.511068294639409369595244102968
0.511068294639409369595244102968
-0.513102535760954530095269675197
0.513102535760954530095269675197
-0.515133898893068781982194112569
0.515133898893068781982194112569
-0.517162372641846975499171992789
0.517162372641846975499171992789
-0.519187945629590496861215574984
0.519187945629590496861215574984
-0.521210606494871085707023484413
0.521210606494871085707023484413
-0.523230343892594561290482429145
0.523230343892594561290482429145
-0.525247146494064457054402075235
0.525247146494064457054402075235
-0.527261002987045563229557090559
0.527261002987045563229557090559
-0.529271902075827377102626252981
0.529271902075827377102626252981
-0.531279832481287460597136403266
0.531279832481287460597136403266
-0.533284782940954704812038903981
0.533284782940954704812038903981
-0.535286742209072501163068139818
0.535286742209072501163068139818
-0.537285699056661818772555459264
0.537285699056661818772555459264
-0.539281642271584187753897809486
0.539281642271584187753897809486
-0.541274560658604588037408152692
0.541274560658604588037408152692
-0.54326444303945424338480457012
0.54326444303945424338480457012
-0.545251278252893320240126756262
0.545251278252893320240126756262
-0.547235055154773531065402377902
0.547235055154773531065402377902
-0.549215762618100641809921517106
0.549215762618100641809921517106
-0.551193389533096883162515131385
0.551193389533096883162515131385
-0.553167924807263265236773144897
0.553167924807263265236773144897
-0.555139357365441795339679428703
0.555139357365441795339679428703
-0.557107676149877598474684532689
0.557107676149877598474684532689
-0.559072870120280940230782593824
0.559072870120280940230782593824
-0.56103492825388915170970636182
0.56103492825388915170970636182
-0.56299383954552845614390375093
0.56299383954552845614390375093
-0.564949593007675696858510742564
0.564949593007675696858510742564
-0.566902177670519966231088824375
0.566902177670519966231088824375
-0.568851582582024135303450454527
0.568851582582024135303450454527
-0.570797796807986283700453281779
0.570797796807986283700453281779
-0.572740809432101029511203029707
0.572740809432101029511203029707
-0.574680609556020758788666063745
0.574680609556020758788666063745
-0.576617186299416754324255699529
0.576617186299416754324255699529
-0.578550528800040223354521277198
0.578550528800040223354521277198
-0.580480626213783223857635915629
0.580480626213783223857635915629
-0.582407467714739489097947669855
0.582407467714739489097947669855
-0.584331042495265150077429541048
0.584331042495265150077429541048
-0.586251339766039355553436428098
0.586251339766039355553436428098
-0.588168348756124789282751659897
0.588168348756124789282751659897
-0.590082058713028084152482204639
0.590082058713028084152482204639
-0.591992458902760132858940013619
0.591992458902760132858940013619
-0.593899538609896294796227218782
0.593899538609896294796227218782
-0.59580328713763649881682506256
0.59580328713763649881682506256
-0.597703693807865241527070491922
0.597703693807865241527070491922
-0.599600747961211480780990292824
0.599600747961211480780990292824
-0.601494438957108424036550473158
0.601494438957108424036550473158
-0.603384756173853211238968318462
0.603384756173853211238968318462
-0.605271689008666491896326141817
0.605271689008666491896326141817
-0.607155226877751896013319224207
0.607155226877751896013319224207
-0.609035359216355398549565790809
0.609035359216355398549565790809
-0.610912075478824577069504088869
0.610912075478824577069504088869
-0.612785365138667762251500720652
0.612785365138667762251500720652
-0.614655217688613080924395337124
0.614655217688613080924395337124
-0.616521622640667391300309611068
0.616521622640667391300309611068
-0.618384569526175110073153078956
0.618384569526175110073153078956
-0.62024404789587693105286496565
0.62024404789587693105286496565
-0.622100047319968435006039481533
0.622100047319968435006039481533
-0.623952557388158590374192304484
0.623952557388158590374192304484
-0.625801567709728144541538025931
0.625801567709728144541538025931
-0.627647067913587905324762247378
0.627647067913587905324762247378
-0.629489047648336912357887758169
0.629489047648336912357887758169
-0.631327496582320498045951803041
0.631327496582320498045951803041
-0.63316240440368823776183085607
0.63316240440368823776183085607
-0.634993760820451788961170552176
0.634993760820451788961170552176
-0.636821555560542618891001485219
0.636821555560542618891001485219
-0.638645778371869620568246459113
0.638645778371869620568246459113
-0.640466419022376616704951472054
0.640466419022376616704951472054
-0.642283467300099751257701220192
0.642283467300099751257701220192
-0.644096913013224768279310222494
0.644096913013224768279310222494
-0.645906745990144177751512789503
0.645906745990144177751512789503
-0.647712956079514308078008981723
0.647712956079514308078008981723
-0.649515533150312244917859424855
0.649515533150312244917859424855
-0.651314467091892656039859365547
0.651314467091892656039859365547
-0.653109747814044501879161659053
0.653109747814044501879161659053
-0.654901365247047631478059475761
0.654901365247047631478059475761
-0.656689309341729263493482393189
0.656689309341729263493482393189
-0.65847357006952035195440420033
0.65847357006952035195440420033
-0.660254137422511836453007178362
0.660254137422511836453007178362
-0.662031001413510776454095832285
0.662031001413510776454095832285
-0.663804152076096369407903028158
0.663804152076096369407903028158
-0.665573579464675852352083236878
0.665573579464675852352083236878
-0.667339273654540286689341093969
0.667339273654540286689341093969
-0.669101224741920225827798752177
0.669101224741920225827798752177
-0.67085942284404126537186252599
0.67085942284404126537186252599
-0.672613858099179475552008100862
0.672613858099179475552008100862
-0.674364520666716715582564101296
0.674364520666716715582564101296
-0.676111400727195829637236077187
0.676111400727195829637236077187
-0.677854488482375724132776973376
0.677854488482375724132776973376
-0.679593774155286326011875889404
0.679593774155286326011875889404
-0.681329247990283421717004411247
0.681329247990283421717004411247
-0.683060900253103376547629000687
0.683060900253103376547629000687
-0.684788721230917734093868857098
0.684788721230917734093868857098
-0.686512701232387695440351317056
0.686512701232387695440351317056
-0.688232830587718477834691225599
0.688232830587718477834691225599
-0.689949099648713552515696795308
0.689949099648713552515696795308
-0.691661498788828761397082261892
0.691661498788828761397082261892
-0.693370018403226312303147143878
0.693370018403226312303147143878
-0.695074648908828652453563115439
0.695074648908828652453563115439
-0.69677538074437221989509240159
0.69677538074437221989509240159
-0.698472204370461072578746200063
0.698472204370461072578746200063
-0.700165110269620394781577920357
0.700165110269620394781577920357
-0.701854088946349880572994003802
0.701854088946349880572994003802
-0.703539130927176994026154745242
0.703539130927176994026154745242
-0.705220226760710105875728873153
0.705220226760710105875728873153
-0.706897367017691506323958656846
0.706897367017691506323958656846
-0.708570542291050293697686992979
0.708570542291050293697686992979
-0.710239743195955138659694274994
0.710239743195955138659694274994
-0.711904960369866923678390864389
0.711904960369866923678390864389
-0.713566184472591257460610658103
0.713566184472591257460610658103
-0.715223406186330864052952577651
0.715223406186330864052952577651
-0.71687661621573784631781978924
0.71687661621573784631781978924
-0.718525805287965823491011095841
0.718525805287965823491011095841
-0.720170964152721942528425218231
0.720170964152721942528425218231
-0.721812083582318762950146598314
0.721812083582318762950146598314
-0.723449154371726014890890910679
0.723449154371726014890890910679
-0.725082167338622230066499653338
0.725082167338622230066499653338
-0.726711113323446245366886001912
0.726711113323446245366886001912
-0.728335983189448578786548549223
0.728335983189448578786548549223
-0.72995676782274267740448561031
0.72995676782274267740448561031
-0.731573458132356037126060447238
0.731573458132356037126060447238
-0.733186045050281193900087054767
0.733186045050281193900087054767
-0.734794519531526586125127042891
0.734794519531526586125127042891
-0.736398872554167287959710651465
0.736398872554167287959710651465
-0.737999095119395613251919031457
0.737999095119395613251919031457
-0.739595178251571589804490622905
0.739595178251571589804490622905
-0.741187112998273303692341747125
0.741187112998273303692341747125
-0.742774890430347113350120406241
0.742774890430347113350120406241
-0.744358501641957733148142742478
0.744358501641957733148142742478
-0.745937937750638186175793648801
0.745937937750638186175793648801
-0.747513189897339625952206637331
0.747513189897339625952206637331
-0.749084249246481026784773258336
0.749084249246481026784773258336
-0.750651106985998742496769116446
0.750651106985998742496769116446
-0.75221375432739593324612184788
0.75221375432739593324612184788
-0.753772182505791860158086298743
0.753772182505791860158086298743
-0.755326382779971047495333575803
0.755326382779971047495333575803
-0.756876346432432312089703623314
0.756876346432432312089703623314
-0.758422064769437659760615508304
0.758422064769437659760615508304
-0.759963529121061048445875668155
0.759963529121061048445875668155
-0.761500730841237017771371983959
0.761500730841237017771371983959
-0.763033661307809184786890687031
0.763033661307809184786890687031
-0.764562311922578605596043779692
0.764562311922578605596043779692
-0.766086674111352002609046850963
0.766086674111352002609046850963
-0.767606739323989857147840888804
0.767606739323989857147840888804
-0.76912249903445436713380692883
0.76912249903445436713380692883
-0.770633944740857269589079130758
0.770633944740857269589079130758
-0.772141067965507527683220133954
0.772141067965507527683220133954
-0.77364386025495888205778230815
0.77364386025495888205778230815
-0.775142313180057266162039780339
0.775142313180057266162039780339
-0.776636418335988085333938879828
0.776636418335988085333938879828
-0.778126167342323359361078896143
0.778126167342323359361078896143
-0.779611551843068728257300784654
0.779611551843068728257300784654
-0.78109256350671032099122867809
0.78109256350671032099122867809
-0.782569194026261486903877764279
0.782569194026261486903877764279
-0.784041435119309389553212267196
0.784041435119309389553212267196
-0.785509278528061462724308915298
0.785509278528061462724308915298
-0.78697271601939172834455439399
0.78697271601939172834455439399
-0.788431739384886976044079853447
0.788431739384886976044079853447
-0.789886340440892804102411574616
0.789886340440892804102411574616
-0.791336511028559521523094380717
0.791336511028559521523094380717
-0.79278224301388791097882331452
0.79278224301388791097882331452
-0.794223528287774852370399478798
0.794223528287774852370399478798
-0.795660358766058806743607754212
0.795660358766058806743607754212
-0.797092726389565160308897361146
0.797092726389565160308897361146
-0.798520623124151428309530915231
0.798520623124151428309530915231
-0.79994404096075231848465373609
0.79994404096075231848465373609
-0.801362971915424653874522700842
0.801362971915424653874522700842
-0.802777408029392154715922883626
0.802777408029392154715922883626
-0.804187341369090079176590585474
0.804187341369090079176590585474
-0.805592764026209722678253130838
0.805592764026209722678253130838
-0.806993668117742775558688983513
0.806993668117742775558688983513
-0.808390045786025538824006311128
0.808390045786025538824006311128
-0.80978188919878299774313409938
0.80978188919878299774313409938
-0.811169190549172753037317280297
0.811169190549172753037317280297
-0.812551942055828809418206088493
0.812551942055828809418206088493
-0.813930135962905221228929991289
0.813930135962905221228929991289
-0.815303764540119594943348048041
0.815303764540119594943348048041
-0.81667282008279644827947043672
0.81667282008279644827947043672
-0.818037294911910425683850137132
0.818037294911910425683850137132
-0.819397181374129369944549375629
0.819397181374129369944549375629
-0.82075247184185724969109241132
0.82075247184185724969109241132
-0.822103158713276942540624574003
0.822103158713276942540624574003
-0.823449234412392873650307144843
0.823449234412392873650307144843
-0.824790691389073509436788697702
0.824790691389073509436788697702
-0.826127522119093706224405887326
0.826127522119093706224405887326
-0.827459719104176913584580375905
0.827459719104176913584580375905
-0.828787274872037232129693627131
0.828787274872037232129693627131
-0.830110181976421325525537662391
0.830110181976421325525537662391
-0.831428432997150186487257562343
0.831428432997150186487257562343
-0.832742020540160756524520504516
0.832742020540160756524520504516
-0.83405093723754739920246644891
0.83405093723754739920246644891
-0.835355175747603226685817214423
0.835355175747603226685817214423
-0.836654728754861279334343624627
0.836654728754861279334343624627
-0.837949588970135558118714637303
0.837949588970135558118714637303
-0.839239749130561909626577903719
0.839239749130561909626577903719
-0.840525201999638763429548026128
0.840525201999638763429548026128
-0.841805940367267721582606890855
0.841805940367267721582606890855
-0.843081957049794000028249844953
0.843081957049794000028249844953
-0.844353244890046721678542152023
0.844353244890046721678542152023
-0.845619796757379060949082102912
0.845619796757379060949082102912
-0.846881605547708239519700364786
0.846881605547708239519700364786
-0.848138664183555373097559622976
0.848138664183555373097559622976
-0.849390965614085168959154299322
0.849390965614085168959154299322
-0.850638502815145474048547113709
0.850638502815145474048547113709
-0.851881268789306673410017487598
0.851881268789306673410017487598
-0.85311925656590093873413626469
0.85311925656590093873413626469
-0.854352459201061326797121939917
0.854352459201061326797121939917
-0.855580869777760727574175538868
0.855580869777760727574175538868
-0.856804481405850661808334470921
0.856804481405850661808334470921
-0.858023287222099927817230085975
0.858023287222099927817230085975
-0.859237280390233097320979292053
0.859237280390233097320979292053
-0.86044645410096886007528743447
0.86044645410096886007528743447
-0.861650801572058217094687691914
0.861650801572058217094687691914
-0.862850316048322522251691506014
0.862850316048322522251691506014
-0.864044990801691372038475023939
0.864044990801691372038475023939
-0.865234819131240343278578193552
0.865234819131240343278578193552
-0.866419794363228578576946002919
0.866419794363228578576946002919
-0.867599909851136219297495395625
0.867599909851136219297495395625
-0.86877515897570168585824661578
0.86877515897570168585824661578
-0.869945535144958805134914136903
0.869945535144958805134914136903
-0.871111031794273784764709902273
0.871111031794273784764709902273
-0.872271642386382034142970346079
0.872271642386382034142970346079
-0.873427360411424831906078569937
0.873427360411424831906078569937
-0.874578179386985839695014113317
0.874578179386985839695014113317
-0.875724092858127461994724974232
0.875724092858127461994724974232
-0.87686509439742705184537990347
0.87686509439742705184537990347
-0.878001177605012962222423506777
0.878001177605012962222423506777
-0.879132336108600442883222340004
0.879132336108600442883222340004
-0.880258563563527382478956967297
0.880258563563527382478956967297
-0.881379853652789895731282867345
0.881379853652789895731282867345
-0.882496200087077755474152112404
0.882496200087077755474152112404
-0.883607596604809669362057904603
0.883607596604809669362057904603
-0.884714036972168401046835329028
0.884714036972168401046835329028
-0.885815514983135735626024068288
0.885815514983135735626024068288
-0.886912024459527289166672314032
0.886912024459527289166672314032
-0.888003559251027162109335702145
0.888003559251027162109335702145
-0.889090113235222436357900785328
0.889090113235222436357900785328
-0.890171680317637515861739334574
0.890171680317637515861739334574
-0.891248254431768310497577624777
0.891248254431768310497577624777
-0.892319829539116263059343804467
0.892319829539116263059343804467
-0.893386399629222219165136470603
0.893386399629222219165136470603
-0.894447958719700139891338661486
0.894447958719700139891338661486
-0.895504500856270656944783639422
0.895504500856270656944783639422
-0.896556020112794470184762054691
0.896556020112794470184762054691
-0.897602510591305587307544358901
0.897602510591305587307544358901
-0.898643966422044405506977663948
0.898643966422044405506977663948
-0.899680381763490634925602617645
0.899680381763490634925602617645
-0.900711750802396063711623283765
0.900711750802396063711623283765
-0.901738067753817164497951467757
0.901738067753817164497951467757
-0.90275932686114754212043641492
0.90275932686114754212043641492
-0.903775522396150222393281320393
0.903775522396150222393281320393
-0.904786648658989781760539624945
0.904786648658989781760539624945
-0.905792699978264317643476622491
0.905792699978264317643476622491
-0.90679367071103725930447546936
0.90679367071103725930447546936
-0.907789555242869019049061256856
0.907789555242869019049061256856
-0.908780347987848483588512382614
0.908780347987848483588512382614
-0.909766043388624345386425027627
0.909766043388624345386425027627
-0.910746635916436273813494109887
0.910746635916436273813494109887
-0.911722120071145925935672637218
0.911722120071145925935672637218
-0.912692490381267796761770916315
0.912692490381267796761770916315
-0.913657741403999908777457587217
0.913657741403999908777457587217
-0.914617867725254340593525937617
0.914617867725254340593525937617
-0.915572863959687594537191404538
0.915572863959687594537191404538
-0.916522724750730803016089587183
0.916522724750730803016089587183
-0.917467444770619773485548469188
0.917467444770619773485548469188
-0.918407018720424871850613876307
0.918407018720424871850613876307
-0.919341441330080744135213471709
0.919341441330080744135213471709
-0.920270707358415876251751810838
0.920270707358415876251751810838
-0.92119481159318199170533713618
0.92119481159318199170533713618
-0.922113748851083287067749684542
0.922113748851083287067749684542
-0.923027513977805505057171300686
0.923027513977805505057171300686
-0.923936101848044845060607096517
0.923936101848044845060607096517
-0.924839507365536710936841759788
0.924839507365536710936841759788
-0.925737725463084295938685895495
0.925737725463084295938685895495
-0.926630751102587004594181472184
0.926630751102587004594181472184
-0.927518579275068711387350039402
0.927518579275068711387350039402
-0.92840120500070585607998287676
0.92840120500070585607998287676
-0.929278623328855375516888624938
0.929278623328855375516888624938
-0.930150829338082471757931229572
0.930150829338082471757931229572
-0.931017818136188216381109195876
0.931017818136188216381109195876
-0.931879584860236990801846200243
0.931879584860236990801846200243
-0.932736124676583762454583030521
0.932736124676583762454583030521
-0.933587432780901196683681624481
0.933587432780901196683681624481
-0.934433504398206604191573641762
0.934433504398206604191573641762
-0.93527433478288872389300853383
0.93527433478288872389300853383
-0.936109919218734341025179464744
0.936109919218734341025179464744
-0.936940253018954740364429678496
0.936940253018954740364429678496
-0.9377653315262119944011670021
0.9377653315262119944011670021
-0.938585150112645086325540113126
0.938585150112645086325540113126
-0.939399704179895867677356982004
0.939399704179895867677356982004
-0.940208989159134850514653518931
0.940208989159134850514653518931
-0.941013000511086833956248908766
0.941013000511086833956248908766
-0.941811733726056364954553400895
0.941811733726056364954553400895
-0.942605184323953033155824430991
0.942605184323953033155824430991
-0.943393347854316599705997884139
0.943393347854316599705997884139
-0.944176219896341959861153060528
0.944176219896341959861153060528
-0.94495379605890393926260247228
0.94495379605890393926260247228
-0.94572607198058192373753097991
0.94572607198058192373753097991
-0.946493043329684322487042966164
0.946493043329684322487042966164
-0.9472547058042728645244112408
0.9472547058042728645244112408
-0.948011055132186728227257169506
0.948011055132186728227257169506
-0.948762087071066503868328121102
0.948762087071066503868328121102
-0.949507797408377988990475727328
0.949507797408377988990475727328
-0.95024818196143581649237664679
0.95024818196143581649237664679
-0.950983236577426915292476517485
0.950983236577426915292476517485
-0.951712957133433803439577569339
0.951712957133433803439577569339
-0.952437339536457713539430948437
0.952437339536457713539430948437
-0.953156379723441550367636177505
0.953156379723441550367636177505
-0.953870073661292680540092342575
0.953870073661292680540092342575
-0.95457841734690555411318855398
0.95457841734690555411318855398
-0.955281406807184157986864981689
0.955281406807184157986864981689
-0.955979038099064300984620312076
0.955979038099064300984620312076
-0.95667130730953573048548681742
0.95667130730953573048548681742
-0.957358210555664080483940373803
0.957358210555664080483940373803
-0.958039743984612650954659711004
0.958039743984612650954659711004
-0.958715903773664018399996934059
0.958715903773664018399996934059
-0.959386686130241477458969925847
0.959386686130241477458969925847
-0.960052087291930313457536629789
0.960052087291930313457536629789
-0.960712103526498905780861429361
0.960712103526498905780861429361
-0.961366731131919661949234895596
0.961366731131919661949234895596
-0.962015966436389782280260075644
0.962015966436389782280260075644
-0.962659805798351855020871256994
0.962659805798351855020871256994
-0.96329824560651428183370477708
0.96329824560651428183370477708
-0.96393128227987153352329597286
0.96393128227987153352329597286
-0.964558912267724235888531797808
0.964558912267724235888531797808
-0.965181132049699085588744995628
0.965181132049699085588744995628
-0.965797938135768595911793034484
0.965797938135768595911793034484
-0.966409327066270672333423299744
0.966409327066270672333423299744
-0.967015295411928017758185347555
0.967015295411928017758185347555
-0.967615839773867367333111370586
0.967615839773867367333111370586
-0.96821095678363855272634746003
0.96821095678363855272634746003
-0.968800643103233395763880808511
0.968800643103233395763880808511
-0.969384895425104431318471736651
0.969384895425104431318471736651
-0.969963710472183459345864397987
0.969963710472183459345864397987
-0.970537084997899925964316285912
0.970537084997899925964316285912
-0.971105015786199133474454304078
0.971105015786199133474454304078
-0.971667499651560279217434248854
0.971667499651560279217434248854
-0.972224533439014323170351180155
0.972224533439014323170351180155
-0.972776114024161684178820428209
0.972776114024161684178820428209
-0.973322238313189764727623014875
0.973322238313189764727623014875
-0.973862903242890304151285190408
0.973862903242890304151285190408
-0.974398105780676560187439748799
0.974398105780676560187439748799
-0.974927842924600318776796955285
0.974927842924600318776796955285
-0.975452111703368732014535488932
0.975452111703368732014535488932
-0.975970909176360984158908987536
0.975970909176360984158908987536
-0.976484232433644785603851826658
0.976484232433644785603851826658
-0.976992078595992694723358947967
0.976992078595992694723358947967
-0.977494444814898267496409191036
0.977494444814898267496409191036
-0.977991328272592034822200037693
0.977991328272592034822200037693
-0.978482726182057307436464359947
0.978482726182057307436464359947
-0.978968635787045808340647140028
0.978968635787045808340647140028
-0.979449054362093132656732739661
0.979449054362093132656732739661
-0.979923979212534034821531747805
0.979923979212534034821531747805
-0.980393407674517543035261433193
0.980393407674517543035261433193
-0.980857337115021900880286174706
0.980857337115021900880286174706
-0.981315764931869336026924863031
0.981315764931869336026924863031
-0.981768688553740655944282224378
0.981768688553740655944282224378
-0.982216105440189670535121536047
0.982216105440189670535121536047
-0.982658013081657441614868697869
0.982658013081657441614868697869
-0.983094408999486359155923726704
0.983094408999486359155923726704
-0.98352529074593404421955734498
0.98352529074593404421955734498
-0.98395065590418707849878963272
0.98395065590418707849878963272
-0.984370502088374560396787254973
0.984370502088374560396787254973
-0.984784826943581487566478530854
0.984784826943581487566478530854
-0.98519362814586196583827503771
0.98519362814586196583827503771
-0.985596903402252244464008589337
0.985596903402252244464008589337
-0.985994650450783577606448027023
0.985994650450783577606448027023
-0.986386867060494912005056874431
0.986386867060494912005056874431
-0.986773551031445400749997067294
0.986773551031445400749997067294
-0.987154700194726743097783378754
0.987154700194726743097783378754
-0.987530312412475350263456918181
0.987530312412475350263456918181
-0.987900385577884337125684956112
0.987900385577884337125684956112
-0.988264917615215339782821102597
0.988264917615215339782821102597
-0.988623906479810158899689747546
0.988623906479810158899689747546
-0.988977350158102228786709797147
0.988977350158102228786709797147
-0.989325246667627912154966800058
0.989325246667627912154966800058
-0.989667594057037620493005559146
0.989667594057037620493005559146
-0.99000439040610676001347854251
0.99000439040610676001347854251
-0.990335633825746503120386554366
0.990335633825746503120386554366
-0.990661322458014385350532815563
0.990661322458014385350532815563
-0.990981454476124727746035173504
0.990981454476124727746035173504
-0.991296028084458884618370962351
0.991296028084458884618370962351
-0.991605041518575316668547303924
0.991605041518575316668547303924
-0.991908493045219489432697134446
0.991908493045219489432697134446
-0.992206380962333597027821840927
0.992206380962333597027821840927
-0.992498703599066111178687955009
0.992498703599066111178687955009
-0.992785459315781155514227215702
0.992785459315781155514227215702
-0.993066646504067705130421901174
0.993066646504067705130421901174
-0.993342263586748611426874565623
0.993342263586748611426874565623
-0.993612309017889452236431696297
0.993612309017889452236431696297
-0.993876781282807207281818335829
0.993876781282807207281818335829
-0.99413567889807875901083232435
0.99413567889807875901083232435
-0.994389000411549218882988421444
0.994389000411549218882988421444
-0.994636744402340079206546804257
0.994636744402340079206546804257
-0.994878909480857190656830178929
0.994878909480857190656830178929
-0.995115494288798565646207150471
0.995115494288798565646207150471
-0.995346497499162007765144609544
0.995346497499162007765144609544
-0.995571917816252567574982020352
0.995571917816252567574982020352
-0.995791753975689825110066381913
0.995791753975689825110066381913
-0.996006004744414999544248254986
0.996006004744414999544248254986
-0.996214668920697886600650043157
0.996214668920697886600650043157
-0.996417745334143624442349104875
0.996417745334143624442349104875
-0.99661523284569928898633440831
0.99661523284569928898633440831
-0.996807130347660319848981895873
0.996807130347660319848981895873
-0.996993436763676778479175018482
0.996993436763676778479175018482
-0.997174151048759440493876913039
0.997174151048759440493876913039
-0.997349272189285724840643472389
0.997349272189285724840643472389
-0.99751879920300546322890991459
0.99751879920300546322890991459
-0.997682731139046514377549752499
0.997682731139046514377549752499
-0.997841067077920229136279155984
0.997841067077920229136279155984
-0.99799380613152677462195622725
0.99799380613152677462195622725
-0.998140947443160328416756661782
0.998140947443160328416756661782
-0.998282490187514157975467782572
0.998282490187514157975467782572
-0.998418433570685606246829616013
0.998418433570685606246829616013
-0.998548776830181012994539272344
0.998548776830181012994539272344
-0.998673519234920613759468212649
0.998673519234920613759468212649
-0.99879266008524347698559948153
0.99879266008524347698559948153
-0.998906198712912568021127145888
0.998906198712912568021127145888
-0.99901413448112007226314366147
0.99901413448112007226314366147
-0.999116466784493178381251942713
0.999116466784493178381251942713
-0.999213195049100633217951522362
0.999213195049100633217951522362
-0.999304318732460562690994223751
0.999304318732460562690994223751
-0.999389837323550362984046416581
0.999389837323550362984046416581
-0.999469750342820008144868418314
0.999469750342820008144868418314
-0.999544057342211099894761111126
0.999544057342211099894761111126
-0.999612757905185825812717122648
0.999612757905185825812717122648
-0.999675851646773603391259437616
0.999675851646773603391259437616
-0.999733338213650639737347578314
0.999733338213650639737347578314
-0.999785217284283945631613867126
0.999785217284283945631613867126
-0.999831488569209605885575461756
0.999831488569209605885575461756
-0.999872151811612733662113358932
0.999872151811612733662113358932
-0.999907206788652748323293769769
0.999907206788652748323293769769
-0.999936653314868616522441041124
0.999936653314868616522441041124
-0.999960491252416059680993037402
0.999960491252416059680993037402
-0.999978720549586943899506191455
0.999978720549586943899506191455
-0.999991341447498236346980346485
0.999991341447498236346980346485
-0.999998356678588834295695728176
0.999998356678588834295695728176