0.00189423641951477545406664592676
0.00189423641951477545406664592676
0.00189422962274051369495793520079
0.00189422962274051369495793520079
0.00189421602921637791413666024577
0.00189421602921637791413666024577
0.00189419563899114349888864225158
0.00189419563899114349888864225158
0.00189416845213797331137674747802
0.00189416845213797331137674747802
0.00189413446875441742612272778149
0.00189413446875441742612272778149
0.00189409368896241277998447324181
0.00189409368896241277998447324181
0.00189404611290828273462993281769
0.00189404611290828273462993281769
0.00189399174076273655150927293308
0.00189399174076273655150927293308
0.00189393057272086877932715786466
0.00189393057272086877932715786466
0.00189386260900215855401734976219
0.00189386260900215855401734976219
0.00189378784985046881122214008655
0.00189378784985046881122214008655
0.001893706295534045411279438195
0.001893706295534045411279438195
0.00189361794634551617672065673724
0.00189361794634551617672065673724
0.00189352280260188984228284744894
0.00189352280260188984228284744894
0.00189342086464455491743885483997
0.00189342086464455491743885483997
0.00189331213283927846144956917173
0.00189331213283927846144956917173
0.00189319660757620477094267400019
0.00189319660757620477094267400019
0.00189307428926985398002259742829
0.00189307428926985398002259742829
0.00189294517835912057291669006066
0.00189294517835912057291669006066
0.00189280927530727180916296648581
0.00189280927530727180916296648581
0.00189266658060194606134506092323
0.00189266658060194606134506092323
0.00189251709475515106538036146531
0.00189251709475515106538036146531
0.00189236081830326208336760111479
0.00189236081830326208336760111479
0.00189219775180701997900049756707
0.00189219775180701997900049756707
0.0018920278958515292055543474111
0.0018920278958515292055543474111
0.00189185125104625570645279412299
0.00189185125104625570645279412299
0.00189166781802502472842230289998
0.00189166781802502472842230289998
0.00189147759744601854724218903002
0.00189147759744601854724218903002
0.00189128058999177410609836011064
0.00189128058999177410609836011064
0.00189107679636918056654924602059
0.00189107679636918056654924602059
0.00189086621730947677211270410688
0.00189086621730947677211270410688
0.00189064885356824862448300057751
0.00189064885356824862448300057751
0.00189042470592542637238728258518
0.00189042470592542637238728258518
0.00189019377518528181309126894847
0.00189019377518528181309126894847
0.00188995606217642540656420088329
0.00188995606217642540656420088329
0.00188971156775180330231340750775
0.00188971156775180330231340750775
0.00188946029278869427889915423674
0.00188946029278869427889915423674
0.00188920223818870659614075549714
0.00188920223818870659614075549714
0.00188893740487777476002524647043
0.00188893740487777476002524647043
0.00188866579380615620033022180395
0.00188866579380615620033022180395
0.00188838740594842786097276242579
0.00188838740594842786097276242579
0.00188810224230348270309668474827
0.00188810224230348270309668474827
0.0018878103038945261209106596521
0.0018878103038945261209106596521
0.00188751159176907227029006170453
0.00188751159176907227029006170453
0.0018872061069989403101557220803
0.0018872061069989403101557220803
0.00188689385068025055664307162246
0.00188689385068025055664307162246
0.00188657482393342055007547339991
0.00188657482393342055007547339991
0.00188624902790316103475585698857
0.00188624902790316103475585698857
0.00188591646375847185159107952294
0.00188591646375847185159107952294
0.00188557713269263774356375133259
0.00188557713269263774356375133259
0.00188523103592322407406657669309
0.00188523103592322407406657669309
0.00188487817469207245811457288189
0.00188487817469207245811457288189
0.0018845185502652963064508433354
0.0018845185502652963064508433354
0.00188415216393327628256189325344
0.00188415216393327628256189325344
0.00188377901701065567261878848909
0.00188377901701065567261878848909
0.00188339911083633566836077099594
0.00188339911083633566836077099594
0.00188301244677347056293825647885
0.00188301244677347056293825647885
0.00188261902620946285973245220772
0.00188261902620946285973245220772
0.00188221885055595829416914520529
0.00188221885055595829416914520529
0.00188181192124884076854452320863
0.00188181192124884076854452320863
0.00188139823974822719988120292851
0.00188139823974822719988120292851
0.00188097780753846228083295218988
0.00188097780753846228083295218988
0.00188055062612811315365690453
0.00188055062612811315365690453
0.00188011669704996399727237675602
0.00188011669704996399727237675602
0.00187967602186101052742571182065
0.00187967602186101052742571182065
0.00187922860214245440998088116211
0.00187922860214245440998088116211
0.0018787744394996975873558923706
0.0018787744394996975873558923706
0.00187831353556233651812535968843
0.00187831353556233651812535968843
0.0018778458919841563298099064219
0.0018778458919841563298099064219
0.00187737151044312488487337984086
0.00187737151044312488487337984086
0.00187689039264138675994917056341
0.00187689039264138675994917056341
0.00187640254030525713831723976922
0.00187640254030525713831723976922
0.00187590795518521561565376885254
0.00187590795518521561565376885254
0.00187540663905589991907565731607
0.00187540663905589991907565731607
0.00187489859371609953950240581599
0.00187489859371609953950240581599
0.00187438382098874927735823229755
0.00187438382098874927735823229755
0.00187386232272092270163758010762
0.00187386232272092270163758010762
0.001873334100783825522357487834
0.001873334100783825522357487834
0.00187279915707278887642060140125
0.00187279915707278887642060140125
0.00187225749350726252691291964671
0.00187225749350726252691291964671
0.00187170911203080797586067520828
0.00187170911203080797586067520828
0.00187115401461109149047106307586
0.00187115401461109149047106307586
0.00187059220323987704288183958973
0.00187059220323987704288183958973
0.00187002367993301916344512501101
0.00187002367993301916344512501101
0.00186944844673045570757105304017
0.00186944844673045570757105304017
0.00186886650569620053615722081858
0.00186886650569620053615722081858
0.00186827785891833610963020301349
0.00186827785891833610963020301349
0.00186768250850900599562570355869
0.00186768250850900599562570355869
0.00186708045660440729033422849906
0.00186708045660440729033422849906
0.00186647170536478295353947316687
0.00186647170536478295353947316687
0.00186585625697441405737692659995
0.00186585625697441405737692659995
0.00186523411364161194884050569512
0.00186523411364161194884050569512
0.00186460527759871032606534107409
0.00186460527759871032606534107409
0.00186396975110205722841514602158
0.00186396975110205722841514602158
0.0018633275364320069404029091362
0.0018633275364320069404029091362
0.00186267863589291180947396051228
0.00186267863589291180947396051228
0.00186202305181311397768077034416
0.00186202305181311397768077034416
0.0018613607865449370272791478123
0.0018613607865449370272791478123
0.00186069184246467754027581697247
0.00186069184246467754027581697247
0.00186001622197259657195765512289
0.00186001622197259657195765512289
0.00185933392749291103843318776984
0.00185933392749291103843318776984
0.00185864496147378501821724284757
0.00185864496147378501821724284757
0.00185794932638732096788997527323
0.00185794932638732096788997527323
0.00185724702472955085186178123002
0.00185724702472955085186178123002
0.00185653805902042718627592977146
0.00185653805902042718627592977146
0.00185582243180381399708104742505
0.00185582243180381399708104742505
0.00185510014564747769230589944365
0.00185510014564747769230589944365
0.00185437120314307784856921920657
0.00185437120314307784856921920657
0.00185363560690615791185764500854
0.00185363560690615791185764500854
0.0018528933595761358126051310922
0.0018528933595761358126051310922
0.00185214446381629449510750727757
0.00185214446381629449510750727757
0.00185138892231377236130616891903
0.00185138892231377236130616891903
0.00185062673777955362897518617521
0.00185062673777955362897518617521
0.00184985791294845860434642870933
0.00184985791294845860434642870933
0.00184908245057913386920760894533
0.00184908245057913386920760894533
0.00184830035345404238250845388792
0.00184830035345404238250845388792
0.00184751162437945349651052227063
0.00184751162437945349651052227063
0.00184671626618543288751649042528
0.00184671626618543288751649042528
0.00184591428172583240121503676613
0.00184591428172583240121503676613
0.00184510567387827981267776115311
0.00184510567387827981267776115311
0.00184429044554416850104488163799
0.00184429044554416850104488163799
0.00184346859964864703893675720595
0.00184346859964864703893675720595
0.00184264013914060869662859109973
0.00184264013914060869662859109973
0.00184180506699268086102597515503
0.00184180506699268086102597515503
0.00184096338620121436947924128166
0.00184096338620121436947924128166
0.0018401150997862727584748917947
0.0018401150997862727584748917947
0.00183926021079162142724268573247
0.00183926021079162142724268573247
0.00183839872228471671631726359214
0.00183839872228471671631726359214
0.00183753063735669490109349806831
0.00183753063735669490109349806831
0.00183665595912236110041506339365
0.00183665595912236110041506339365
0.00183577469072017810023602075328
0.00183577469072017810023602075328
0.00183488683531225509239552197354
0.00183488683531225509239552197354
0.00183399239608433632854603827154
0.00183399239608433632854603827154
0.00183309137624578968927582529248
0.00183309137624578968927582529248
0.00183218377902959516846663995596
0.00183218377902959516846663995596
0.00183126960769233327292802877993
0.00183126960769233327292802877993
0.00183034886551417333734981135002
0.00183034886551417333734981135002
0.0018294215557988617546146864514
0.0018294215557988617546146864514
0.00182848768187371012151319207985
0.00182848768187371012151319207985
0.00182754724708958329990355409623
0.00182754724708958329990355409623
0.00182660025482088739335926168364
0.00182660025482088739335926168364
0.00182564670846555763934751100806
0.00182564670846555763934751100806
0.0018246866114450462169819615696
0.0018246866114450462169819615696
0.0018237199672043099703935526624
0.0018237199672043099703935526624
0.00182274677921179804776343013477
0.00182274677921179804776343013477
0.00182176705095943945606233625704
0.00182176705095943945606233625704
0.0018207807859626305315411179607
0.0018207807859626305315411179607
0.00181978798776022232601731100922
0.00181978798776022232601731100922
0.00181878865991450790900305979542
0.00181878865991450790900305979542
0.00181778280601120958571993443323
0.00181778280601120958571993443323
0.00181677042965946603104650862039
0.00181677042965946603104650862039
0.00181575153449181933944486339362
0.00181575153449181933944486339362
0.00181472612416420199091248337619
0.00181472612416420199091248337619
0.00181369420235592373300631343033
0.00181369420235592373300631343033
0.00181265577276965837898604477111
0.00181265577276965837898604477111
0.00181161083913143052212400057389
0.00181161083913143052212400057389
0.00181055940519060216622929191293
0.00181055940519060216622929191293
0.00180950147471985927243421550317
0.00180950147471985927243421550317
0.00180843705151519822229116517957
0.00180843705151519822229116517957
0.00180736613939591219722862933734
0.00180736613939591219722862933734
0.0018062887422045774744151466714
0.0018062887422045774744151466714
0.00180520486380703963908039249273
0.00180520486380703963908039249273
0.00180411450809239971334286766225
0.00180411450809239971334286766225
0.00180301767897300020159396176858
0.00180301767897300020159396176858
0.00180191438038441105248846158283
0.00180191438038441105248846158283
0.00180080461628541553759187505057
0.00180080461628541553759187505057
0.00179968839065799604673524012827
0.00179968839065799604673524012827
0.00179856570750731980012838663555
0.00179856570750731980012838663555
0.00179743657086172447728291797684
0.00179743657086172447728291797684
0.00179630098477270376279647808375
0.00179630098477270376279647808375
0.00179515895331489280905016724238
0.00179515895331489280905016724238
0.00179401048058605361587126859658
0.00179401048058605361587126859658
0.00179285557070706032721374505756
0.00179285557070706032721374505756
0.00179169422782188444490926410201
0.00179169422782188444490926410201
0.0017905264560975799595418055026
0.0017905264560975799595418055026
0.00178935225972426839849920440649
0.00178935225972426839849920440649
0.00178817164291512379125527935805
0.00178817164291512379125527935805
0.00178698460990635755193649184922
0.00178698460990635755193649184922
0.00178579116495720327922738077571
0.00178579116495720327922738077571
0.00178459131234990147366931177621
0.00178459131234990147366931177621
0.0017833850563896841724073778363
0.0017833850563896841724073778363
0.00178217240140475950144058374513
0.00178217240140475950144058374513
0.00178095335174629614543074300294
0.00178095335174629614543074300294
0.00177972791178840773512581158723
0.00177972791178840773512581158723
0.00177849608592813715245367859641
0.00177849608592813715245367859641
0.00177725787858544075334272919876
0.00177725787858544075334272919876
0.00177601329420317250832579052211
0.00177601329420317250832579052211
0.00177476233724706806098436612399
0.00177476233724706806098436612399
0.00177350501220572870429035948171
0.00177350501220572870429035948171
0.00177224132359060527490278153716
0.00177224132359060527490278153716
0.0017709712759359819654772317191
0.0017709712759359819654772317191
0.00176969487379896005504623604734
0.00176969487379896005504623604734
0.00176841212175944155752881989556
0.00176841212175944155752881989556
0.00176712302442011278842798675316
0.00176712302442011278842798675316
0.00176582758640642784977506787911
0.00176582758640642784977506787911
0.00176452581236659203338020108186
0.00176452581236659203338020108186
0.0017632177069715451424484899882
0.0017632177069715451424484899882
0.00176190327491494473162168807864
0.00176190327491494473162168807864
0.00176058252091314926550554446712
0.00176058252091314926550554446712
0.00175925544970520119574324088715
0.00175925544970520119574324088715
0.00175792206605280995669564161425
0.00175792206605280995669564161425
0.00175658237474033487978937010389
0.00175658237474033487978937010389
0.0017552363805747680265940179552
0.0017552363805747680265940179552
0.00175388408838571694069008342128
0.00175388408838571694069008342128
0.00175252550302538731838952807679
0.00175252550302538731838952807679
0.00175116062936856559837113142119
0.00175116062936856559837113142119
0.00174978947231260147029311414045
0.00174978947231260147029311414045
0.00174841203677739030244579147077
0.00174841203677739030244579147077
0.00174702832770535548850730860265
0.00174702832770535548850730860265
0.00174563835006143071346580033307
0.00174563835006143071346580033307
0.00174424210883304213877160721502
0.00174424210883304213877160721502
0.00174283960903009050678347026689
0.00174283960903009050678347026689
0.00174143085568493316457291588872
0.00174143085568493316457291588872
0.00174001585385236600715133198529
0.00174001585385236600715133198529
0.00173859460860960534018452541885
0.00173859460860960534018452541885
0.00173716712505626966225983980357
0.00173716712505626966225983980357
0.00173573340831436136677120131014
0.00173573340831436136677120131014
0.00173429346352824836348774857066
0.00173429346352824836348774857066
0.00173284729586464561987199096002
0.00173284729586464561987199096002
0.00173139491051259662221372747922
0.00173139491051259662221372747922
0.0017299363126834547566462461782
0.0017299363126834547566462461782
0.00172847150761086461011161152871
0.00172847150761086461011161152871
0.001727000500550743191342134391
0.001727000500550743191342134391
0.00172552329678126107192540621123
0.00172552329678126107192540621123
0.00172403990160282344752056583679
0.00172403990160282344752056583679
0.00172255032033805111929375384538
0.00172255032033805111929375384538
0.00172105455833176139564099554747
0.00172105455833176139564099554747
0.00171955262095094891426703984161
0.00171955262095094891426703984161
0.0017180445135847663846889668751
0.0017180445135847663846889668751
0.00171653024164450525123366298959
0.00171653024164450525123366298959
0.00171500981056357627659854670944
0.00171500981056357627659854670944
0.00171348322579749004604521456073
0.00171348322579749004604521456073
0.0017119504928238373922959602883
0.0017119504928238373922959602883
0.00171041161714226974120340556697
0.00171041161714226974120340556697
0.00170886660427447937826376457992
0.00170886660427447937826376457992
0.00170731545976417963604454886068
0.00170731545976417963604454886068
0.00170575818917708500259780256498
0.00170575818917708500259780256498
0.00170419479810089115093024185292
0.00170419479810089115093024185292
0.00170262529214525488960195532081
0.00170262529214525488960195532081
0.00170104967694177403452560542278
0.00170104967694177403452560542278
0.00169946795814396720203835356584
0.00169946795814396720203835356584
0.00169788014142725352331901404602
0.00169788014142725352331901404602
0.00169628623248893228022322421683
0.00169628623248893228022322421683
0.0016946862370481624626097002444
0.0016946862370481624626097002444
0.00169308016084594224723092950375
0.00169308016084594224723092950375
0.00169146800964508839826193210833
0.00169146800964508839826193210833
0.00168984978923021558954100523783
0.00168984978923021558954100523783
0.00168822550540771564859664483728
0.00168822550540771564859664483728
0.00168659516400573672253511990209
0.00168659516400573672253511990209
0.00168495877087416236586345493828
0.00168495877087416236586345493828
0.00168331633188459055032285629313
0.00168331633188459055032285629313
0.00168166785293031259680789788871
0.00168166785293031259680789788871
0.00168001333992629202944706145738
0.00168001333992629202944706145738
0.00167835279880914335192050567385
0.00167835279880914335192050567385
0.0016766862355371107460912176016
0.0016766862355371107460912176016
0.0016750136560900466930259786217
0.0016750136560900466930259786217
0.00167333506646939051648285548744
0.00167333506646939051648285548744
0.00167165047269814684894220534908
0.00167165047269814684894220534908
0.00166995988082086402025846151698
0.00166995988082086402025846151698
0.00166826329690361236901024437859
0.00166826329690361236901024437859
0.00166656072703396247662661925353
0.00166656072703396247662661925353
0.00166485217732096332436760006034
0.00166485217732096332436760006034
0.00166313765389512037323727447814
0.00166313765389512037323727447814
0.00166141716290837356690820281421
0.00166141716290837356690820281421
0.00165969071053407525773601903453
0.00165969071053407525773601903453
0.00165795830296696805594343837707
0.00165795830296696805594343837707
0.00165621994642316260205315164584
0.00165621994642316260205315164584
0.00165447564714011526264936167729
0.00165447564714011526264936167729
0.00165272541137660574954799257755
0.00165272541137660574954799257755
0.00165096924541271466245587714912
0.00165096924541271466245587714912
0.0016492071555498009551995024573
0.0016492071555498009551995024573
0.00164743914811047932560416772937
0.00164743914811047932560416772937
0.00164566522943859752910468273222
0.00164566522943859752910468273222
0.0016438854058992136161690084353
0.0016438854058992136161690084353
0.00164209968387857309361651513552
0.00164209968387857309361651513552
0.00164030806978408600991280629671
0.00164030806978408600991280629671
0.00163851057004430396452332913879
0.00163851057004430396452332913879
0.00163670719110889704140826549885
0.00163670719110889704140826549885
0.00163489793944863066674146867786
0.00163489793944863066674146867786
0.00163308282155534239093648388071
0.00163308282155534239093648388071
0.00163126184394191859506296145385
0.00163126184394191859506296145385
0.00162943501314227112173704342221
0.00162943501314227112173704342221
0.00162760233571131383056957482441
0.00162760233571131383056957482441
0.00162576381822493907825626204211
0.00162576381822493907825626204211
0.00162391946727999412339417071414
0.00162391946727999412339417071414
0.00162206928949425745610922591784
0.00162206928949425745610922591784
0.00162021329150641505257964708857
0.00162021329150641505257964708857
0.00161835147997603655454051963155
0.00161835147997603655454051963155
0.00161648386158355137385497435805
0.00161648386158355137385497435805
0.00161461044303022472223771474904
0.00161461044303022472223771474904
0.00161273123103813356621690061278
0.00161273123103813356621690061278
0.00161084623235014250742066495761
0.00161084623235014250742066495761
0.00160895545372987958827480884657
0.00160895545372987958827480884657
0.00160705890196171202319848663499
0.00160705890196171202319848663499
0.00160515658385072185538496131565
0.00160515658385072185538496131565
0.00160324850622268153925477670651
0.00160324850622268153925477670651
0.00160133467592402944866895991383
0.00160133467592402944866895991383
0.00159941509982184531099013388592
0.00159941509982184531099013388592
0.00159748978480382556707968594101
0.00159748978480382556707968594101
0.00159555873777825865731940390345
0.00159555873777825865731940390345
0.00159362196567400023374625691733
0.00159362196567400023374625691733
0.00159167947544044829838926312174
0.00159167947544044829838926312174
0.00158973127404751826789765116953
0.00158973127404751826789765116953
0.00158777736848561796454978704745
0.00158777736848561796454978704745
0.00158581776576562253373260181181
0.00158581776576562253373260181181
0.00158385247291884928798151968709
0.00158385247291884928798151968709
0.00158188149699703247767114948598
0.00158188149699703247767114948598
0.00157990484507229798844726549615
0.00157990484507229798844726549615
0.00157792252423713796549086684107
0.00157792252423713796549086684107
0.0015759345416043853647053668587
0.0015759345416043853647053668587
0.00157394090430718843091822625129
0.00157394090430718843091822625129
0.0015719416194989851031886056416
0.0015719416194989851031886056416
0.00156993669435347734731287472434
0.00156993669435347734731287472434
0.00156792613606460541562007642527
0.00156792613606460541562007642527
0.00156590995184652203414970537402
0.00156590995184652203414970537402
0.00156388814893356651730442055849
0.00156388814893356651730442055849
0.00156186073458023881007057225868
0.00156186073458023881007057225868
0.00155982771606117345789968325378
0.00155982771606117345789968325378
0.00155778910067111350434428385894
0.00155778910067111350434428385894
0.00155574489572488431654175957502
0.00155574489572488431654175957502
0.00155369510855736733864012902572
0.00155369510855736733864012902572
0.00155163974652347377325992841043
0.00155163974652347377325992841043
0.0015495788169981181910866369174
0.0015495788169981181910866369174
0.00154751232737619206868833541897
0.00154751232737619206868833541897
0.00154544028507253725465354830819
0.00154544028507253725465354830819
0.00154336269752191936414447553285
0.00154336269752191936414447553285
0.00154127957217900110196107873837
0.00154127957217900110196107873837
0.00153919091651831551421174194339
0.00153919091651831551421174194339
0.00153709673803423916868648334126
0.00153709673803423916868648334126
0.00153499704424096526402895064545
0.00153499704424096526402895064545
0.00153289184267247666780368787634
0.00153289184267247666780368787634
0.00153078114088251888355541662033
0.00153078114088251888355541662033
0.00152866494644457294695732957816
0.00152866494644457294695732957816
0.00152654326695182825114564865777
0.00152654326695182825114564865777
0.00152441611001715530133795395598
0.00152441611001715530133795395598
0.00152228348327307839883304371279
0.00152228348327307839883304371279
0.00152014539437174825449033871053
0.00152014539437174825449033871053
0.00151800185098491453178709762701
0.00151800185098491453178709762701
0.00151585286080389831955196253611
0.00151585286080389831955196253611
0.00151369843153956453447360608004
0.00151369843153956453447360608004
0.00151153857092229425348350381383
0.00151153857092229425348350381383
0.00150937328670195697611210684371
0.00150937328670195697611210684371
0.00150720258664788281691794114589
0.00150720258664788281691794114589
0.00150502647854883462808941085998
0.00150502647854883462808941085998
0.00150284497021298005231933340106
0.00150284497021298005231933340106
0.00150065806946786350605248442515
0.00150065806946786350605248442515
0.00149846578416037809320668051386
0.00149846578416037809320668051386
0.0014962681221567374494681769144
0.0014962681221567374494681769144
0.00149406509134244751726240677962
0.00149406509134244751726240677962
0.00149185669962227825150133709918
0.00149185669962227825150133709918
0.00148964295492023525620896489556
0.00148964295492023525620896489556
0.00148742386517953135212672527728
0.00148742386517953135212672527728
0.00148519943836255807540083059505
0.00148519943836255807540083059505
0.00148296968245085710745380723381
0.00148296968245085710745380723381
0.00148073460544509163614274349396
0.00148073460544509163614274349396
0.00147849421536501764830700856786
0.00147849421536501764830700856786
0.00147624852024945515380844880105
0.00147624852024945515380844880105
0.00147399752815625934116731324228
0.00147399752815625934116731324228
0.00147174124716229166489740592994
0.00147174124716229166489740592994
0.00146947968536339086464420743486
0.00146947968536339086464420743486
0.00146721285087434391622995287965
0.00146721285087434391622995287965
0.00146494075182885691470989798183
0.00146494075182885691470989798183
0.00146266339637952588954424862065
0.00146266339637952588954424862065
0.00146038079269780755199047300628
0.00146038079269780755199047300628
0.00145809294897398997482095873167
0.00145809294897398997482095873167
0.00145579987341716320447121981396
0.00145579987341716320447121981396
0.00145350157425518980572410127981
0.00145350157425518980572410127981
0.00145119805973467533903567091978
0.00145119805973467533903567091978
0.0014488893381209387706087295268
0.0014488893381209387706087295268
0.00144657541769798281532011224493
0.00144657541769798281532011224493
0.00144425630676846421260819458415
0.00144425630676846421260819458415
0.00144193201365366393542725720444
0.00144193201365366393542725720444
0.00143960254669345733237560373802
0.00143960254669345733237560373802
0.00143726791424628420310456569982
0.00143726791424628420310456569982
0.0014349281246891188071157679336
0.0014349281246891188071157679336
0.00143258318641743980605426705306
0.00143258318641743980605426705306
0.00143023310784520013960541396301
0.00143023310784520013960541396301
0.00142787789740479683510352978439
0.00142787789740479683510352978439
0.00142551756354704075096072235813
0.00142551756354704075096072235813
0.00142315211474112625402440796482
0.00142315211474112625402440796482
0.00142078155947460083097233997012
0.00142078155947460083097233997012
0.00141840590625333463385418278799
0.00141840590625333463385418278799
0.0014160251636014899598889058451
0.0014160251636014899598889058451
0.00141363934006149066562750812858
0.00141363934006149066562750812858
0.00141124844419399151559081940546
0.00141124844419399151559081940546
0.00140885248457784746549235931443
0.00140885248457784746549235931443
0.00140645146981008288015647024816
0.00140645146981008288015647024816
0.00140404540850586068624217426654
0.00140404540850586068624217426654
0.00140163430929845145988343820731
0.00140163430929845145988343820731
0.00139921818083920244935676468898
0.00139921818083920244935676468898
0.00139679703179750653288725983193
0.00139679703179750653288725983193
0.00139437087086077111170456125539
0.00139437087086077111170456125539
0.00139193970673438693846024224022
0.00139193970673438693846024224022
0.00138950354814169688111853987933
0.00138950354814169688111853987933
0.00138706240382396462243248656794
0.00138706240382396462243248656794
0.0013846162825403432951177553141
0.0013846162825403432951177553141
0.00138216519306784405283676007547
0.00138216519306784405283676007547
0.00137970914420130457710578264948
0.00137970914420130457710578264948
0.00137724814475335752023812756121
0.00137724814475335752023812756121
0.00137478220355439888443653590464
0.00137478220355439888443653590464
0.00137231132945255633714831819777
0.00137231132945255633714831819777
0.00136983553131365746279689501065
0.00136983553131365746279689501065
0.00136735481802119795100366241492
0.00136735481802119795100366241492
0.00136486919847630972141432718512
0.00136486919847630972141432718512
0.00136237868159772898524408415373
0.00136237868159772898524408415373
0.00135988327632176424365623518319
0.00135988327632176424365623518319
0.00135738299160226422308907586858
0.00135738299160226422308907586858
0.00135487783641058574764610232254
0.00135487783641058574764610232254
0.00135236781973556154866481621956
0.00135236781973556154866481621956
0.00134985295058346801157963168861
0.00134985295058346801157963168861
0.00134733323797799286019461264004
0.00134733323797799286019461264004
0.00134480869096020277848199369509
0.00134480869096020277848199369509
0.00134227931858851097002266205218
0.00134227931858851097002266205218
0.00133974512993864465520500137325
0.00133974512993864465520500137325
0.00133720613410361250629872210512
0.00133720613410361250629872210512
0.00133466234019367202052052556357
0.00133466234019367202052052556357
0.00133211375733629683120867160188
0.00133211375733629683120867160188
0.00132956039467614395722374175913
0.00132956039467614395722374175913
0.00132700226137502099069311143646
0.00132700226137502099069311143646
0.00132443936661185322321686588064
0.00132443936661185322321686588064
0.00132187171958265071065311556318
0.00132187171958265071065311556318
0.00131929932950047527660088692864
0.00131929932950047527660088692864
0.00131672220559540745469898444726
0.00131672220559540745469898444726
0.00131414035711451336985943944386
0.00131414035711451336985943944386
0.00131155379332181155855438028595
0.00131155379332181155855438028595
0.00130896252349823972827537719856
0.00130896252349823972827537719856
0.00130636655694162145628453323118
0.00130636655694162145628453323118
0.00130376590296663282777681073122
0.00130376590296663282777681073122
0.00130116057090476901357330007983
0.00130116057090476901357330007983
0.00129855057010431078746535441668
0.00129855057010431078746535441668
0.00129593590993029098332973062173
0.00129593590993029098332973062173
0.00129331659976446089213509293158
0.00129331659976446089213509293158
0.00129069264900525659896045124647
0.00129069264900525659896045124647
0.0012880640670677652601463214291
0.0012880640670677652601463214291
0.00128543086338369132069960970879
0.00128543086338369132069960970879
0.0012827930474013226720734376822
0.0012827930474013226720734376822
0.00128015062858549675044333834491
0.00128015062858549675044333834491
0.00127750361641756657560146709545
0.00127750361641756657560146709545
0.00127485202039536673059068472408
0.00127485202039536673059068472408
0.00127219585003317928220058203223
0.00127219585003317928220058203223
0.00126953511486169964244772792419
0.00126953511486169964244772792419
0.00126686982442800237116263456927
0.00126686982442800237116263456927
0.00126419998829550691980614455002
0.00126419998829550691980614455002
0.00126152561604394331663815578941
0.00126152561604394331663815578941
0.00125884671726931779336181048528
0.00125884671726931779336181048528
0.00125616330158387835336648427528
0.00125616330158387835336648427528
0.00125347537861608028169312140664
0.00125347537861608028169312140664
0.00125078295801055159684567079387
0.00125078295801055159684567079387
0.00124808604942805844457258651162
0.00124808604942805844457258651162
0.0012453846625454704337425644897
0.0012453846625454704337425644897
0.00124267880705572591443889495102
0.00124267880705572591443889495102
0.00123996849266779719839701746139
0.00123996849266779719839701746139
0.0012372537291066557219100723403
0.0012372537291066557219100723403
0.00123453452611323715132744861527
0.00123453452611323715132744861527
0.00123181089344440643127153468663
0.00123181089344440643127153468663
0.00122908284087292277569808340462
0.00122908284087292277569808340462
0.00122635037818740460192580834634
0.00122635037818740460192580834634
0.00122361351519229440776103271422
0.00122361351519229440776103271422
0.00122087226170782359184341646105
0.00122087226170782359184341646105
0.00121812662756997721733899097731
0.00121812662756997721733899097731
0.00121537662263045871910693395451
0.00121537662263045871910693395451
0.00121262225675665455446671986288
0.00121262225675665455446671986288
0.00120986353983159879769248385125
0.00120986353983159879769248385125
0.00120710048175393767836163879226
0.00120710048175393767836163879226
0.00120433309243789406368498665487
0.00120433309243789406368498665487
0.00120156138181323188494576638867
0.00120156138181323188494576638867
0.00119878535982522050817528104991
0.00119878535982522050817528104991
0.00119600503643459904919294698615
0.00119600503643459904919294698615
0.00119322042161754063313880752533
0.00119322042161754063313880752533
0.00119043152536561659862675278398
0.00119043152536561659862675278398
0.00118763835768576064664688591853
0.00118763835768576064664688591853
0.00118484092860023293434567439161
0.00118484092860023293434567439161
0.00118203924814658411381272261219
0.00118203924814658411381272261219
0.00117923332637761931600319963258
0.00117923332637761931600319963258
0.00117642317336136207992515244686
0.00117642317336136207992515244686
0.00117360879918101822722113183285
0.00117360879918101822722113183285
0.00117079021393493968227375361353
0.00117079021393493968227375361353
0.00116796742773658823796501368159
0.00116796742773658823796501368159
0.00116514045071449926721937013368
0.00116514045071449926721937013368
0.001162309293012245380460800397
0.001162309293012245380460800397
0.00115947396478840002911423529932
0.00115947396478840002911423529932
0.00115663447621650105528196563503
0.00115663447621650105528196563503
0.00115379083748501418772580991206
0.00115379083748501418772580991206
0.00115094305879729648428602462743
0.00115094305879729648428602462743
0.00114809115037155972086813061297
0.00114809115037155972086813061297
0.00114523512244083372712902071487
0.00114523512244083372712902071487
0.00114237498525292966899390532216
0.00114237498525292966899390532216
0.0011395107490704032781358430388
0.0011395107490704032781358430388
0.0011366424241705180285497941
0.0011366424241705180285497941
0.00113377002084520826035332396733
0.00113377002084520826035332396733
0.00113089354940104225094627389586
0.00113089354940104225094627389586
0.00112801302015918523366190415121
0.00112801302015918523366190415121
0.00112512844345536236404220396342
0.00112512844345536236404220396342
0.00112223982963982163387025023753
0.00112223982963982163387025023753
0.00111934718907729673309268449682
0.00111934718907729673309268449682
0.00111645053214696985976556451379
0.00111645053214696985976556451379
0.00111354986924243447815703358422
0.00111354986924243447815703358422
0.00111064521077165802514043642205
0.00111064521077165802514043642205
0.00110773656715694456501169619491
0.00110773656715694456501169619491
0.00110482394883489739286495228298
0.00110482394883489739286495228298
0.00110190736625638158666064292514
0.00110190736625638158666064292514
0.00109898682988648650812040101707
0.00109898682988648650812040101707
0.00109606235020448825258331494369
0.00109606235020448825258331494369
0.00109313393770381204795828946436
0.00109313393770381204795828946436
0.00109020160289199460290742432081
0.00109020160289199460290742432081
0.00108726535629064640439551040634
0.00108726535629064640439551040634
0.00108432520843541396474092501786
0.00108432520843541396474092501786
0.00108138116987594201830338891055
0.00108138116987594201830338891055
0.00107843325117583566794422858715
0.00107843325117583566794422858715
0.00107548146291262248139496747899
0.00107548146291262248139496747899
0.00107252581567771453767024941433
0.00107252581567771453767024941433
0.00106956632007637042366127701999
0.00106956632007637042366127701999
0.0010666029867276571810461264634
0.0010666029867276571810461264634
0.00106363582626441220365347821563
0.00106363582626441220365347821563
0.00106066484933320508541648129771
0.00106066484933320508541648129771
0.00105769006659429941905364576567
0.00105769006659429941905364576567
0.0010547114887216145456138349903
0.0010547114887216145456138349903
0.00105172912640268725502260559752
0.00105172912640268725502260559752
0.00104874299033863343776731875194
0.00104874299033863343776731875194
0.00104575309124410968785862179074
0.00104575309124410968785862179074
0.00104275943984727485720607404523
0.00104275943984727485720607404523
0.00103976204688975156154586502397
0.00103976204688975156154586502397
0.00103676092312658763805874697265
0.00103676092312658763805874697265
0.001033756079326217554816477172
0.001033756079326217554816477172
0.00103074752627042377219523818506
0.00103074752627042377219523818506
0.00102773527475429805639467661816
0.00102773527475429805639467661816
0.00102471933558620274520137281609
0.00102471933558620274520137281609
0.00102169971958773196613572526988
0.00102169971958773196613572526988
0.00101867643759367280712140437525
0.00101867643759367280712140437525
0.0010156495004519664398167005399
0.0010156495004519664398167005399
0.00101261891902366919574726149881
0.00101261891902366919574726149881
0.00100958470418291359537988305675
0.00100958470418291359537988305675
0.00100654686681686933027718633677
0.00100654686681686933027718633677
0.00100350541782570419847318297123
0.00100350541782570419847318297123
0.00100046036812254499320989752756
0.00100046036812254499320989752756
0.00099741172863343834517538381419
0.00099741172863343834517538381419
0.00099435951029731151838363856151
0.00099435951029731151838363856151
0.00099130372406593315983708231868
0.00099130372406593315983708231868
0.00098824438090387400311244324844
0.00098824438090387400311244324844
0.00098518149178846752601104483811
0.00098518149178846752601104483811
0.00098211506770977056241466337589
0.00098211506770977056241466337589
0.00097904511967052386848828536551
0.00097904511967052386848828536551
0.0009759716586861126433712588702
0.0009759716586861126433712588702
0.00097289469578452700449849608684
0.00097289469578452700449849608684
0.00096981424200632241769354725346
0.00096981424200632241769354725346
0.00096673030840458008217552828694
0.00096673030840458008217552828694
0.00096364290604486727062204633231
0.00096364290604486727062204633231
0.00096055204600519762443042867985
0.00096055204600519762443042867985
0.00095745773937599140431972127106
0.00095745773937599140431972127106
0.00095435999726003569641608326842
0.00095435999726003569641608326842
0.00095125883077244457396436390627
0.00095125883077244457396436390627
0.00094815425104061921480880707092
0.00094815425104061921480880707092
0.00094504626920420797478598777646
0.00094504626920420797478598777646
0.00094193489641506641717324290759
0.00094193489641506641717324290759
0.00093882014383721729833601629275
0.00093882014383721729833601629275
0.00093570202264681050971769534838
0.00093570202264681050971769534838
0.00093258054403208297631567319788
0.00093258054403208297631567319788
0.00092945571919331851178752631696
0.00092945571919331851178752631696
0.00092632755934280763033135338877
0.00092632755934280763033135338877
0.00092319607570480731548447616836
0.00092319607570480731548447616836
0.0009200612795155007459848577549
0.0009200612795155007459848577549
0.00091692318202295697883974775199
0.00091692318202295697883974775199
0.00091378179448709058974621736034
0.00091378179448709058974621736034
0.00091063712817962127100840049269
0.00091063712817962127100840049269
0.00090748919438403338709640952776
0.00090748919438403338709640952776
0.00090433800439553548799204632741
0.00090433800439553548799204632741
0.00090118356952101978046658062865
0.00090118356952101978046658062865
0.00089802590107902155743601888975
0.00089802590107902155743601888975
0.00089486501039967858553943711545
0.00089486501039967858553943711545
0.00089170090882469045108610111181
0.00089170090882469045108610111181
0.00088853360770727786451724702407
0.00088853360770727786451724702407
0.0008853631184121419235285438916
0.0008853631184121419235285438916
0.0008821894523154233349994083123
0.0008821894523154233349994083123
0.00087901262080466159587548914297
0.00087901262080466159587548914297
0.00087583263527875413315078747347
0.00087583263527875413315078747347
0.00087264950714791540309602389872
0.00087264950714791540309602389872
0.00086946324783363594988001137468
0.00086946324783363594988001137468
0.000866273868768641423730937681
0.000866273868768641423730937681
0.00086308138139685155878460672422
0.00086308138139685155878460672422
0.00085988579717333911076683260008
0.00085988579717333911076683260008
0.00085668712756428875465732449232
0.00085668712756428875465732449232
0.00085348538404695594248254411642
0.00085348538404695594248254411642
0.00085028057810962572138516052102
0.00085028057810962572138516052102
0.00084707272125157151211786963599
0.00084707272125157151211786963599
0.00084386182498301384810948800382
0.00084386182498301384810948800382
0.00084064790082507907525137165078
0.00084064790082507907525137165078
0.00083743096030975801255235204413
0.00083743096030975801255235204413
0.00083421101497986457381052154264
0.00083421101497986457381052154264
0.00083098807638899435045034067871
0.00083098807638899435045034067871
0.00082776215610148315567367901087
0.00082776215610148315567367901087
0.00082453326569236553007354015573
0.00082453326569236553007354015573
0.00082130141674733320885935994744
0.00082130141674733320885935994744
0.0008180666208626935508429044807
0.0008180666208626935508429044807
0.00081482888964532792933393206924
0.00081482888964532792933393206924
0.00081158823471265008509491989609
0.00081158823471265008509491989609
0.00080834466769256444150429234353
0.00080834466769256444150429234353
0.00080509820022342438207772366991
0.00080509820022342438207772366991
0.00080184884395399049049722284665
0.00080184884395399049049722284665
0.00079859661054338875329784298177
0.00079859661054338875329784298177
0.00079534151166106872536199183566
0.00079534151166106872536199183566
0.00079208355898676165837145348066
0.00079208355898676165837145348066
0.00078882276421043859236736416744
0.00078882276421043859236736416744
0.00078555913903226841056851793893
0.00078555913903226841056851793893
0.00078229269516257585759850947515
0.00078229269516257585759850947515
0.00077902344432179952127235306085
0.00077902344432179952127235306085
0.0007757513982404497780933474412
0.0007757513982404497780933474412
0.0007724765686590667026110866693
0.0007724765686590667026110866693
0.000769198967328177940791646852
0.000769198967328177940791646852
0.0007659186060082565475511079705
0.0007659186060082565475511079705
0.0007626354964696787886036986807
0.0007626354964696787886036986807
0.0007593496504926819067759802016
0.0007593496504926819067759802016
0.0007560610798673218529386130553
0.0007560610798673218529386130553
0.0007527697963934309817073775536
0.0007527697963934309817073775536
0.000749475811880575712065245513
0.000749475811880575712065245513
0.0007461791381480141530574267383
0.0007461791381480141530574267383
0.000742879787024653694711439333
0.000742879787024653694711439333
0.0007395777703490085643343778789
0.0007395777703490085643343778789
0.0007362730999691573483396779786
0.0007362730999691573483396779786
0.0007329657877427004797557995675
0.0007329657877427004797557995675
0.0007296558455367176915693747812
0.0007296558455367176915693747812
0.0007263432852277254360554890116
0.0007263432852277254360554890116
0.0007230281187016342702478860933
0.0007230281187016342702478860933
0.0007197103578537062077020103405
0.0007197103578537062077020103405
0.0007163900145885120367039193988
0.0007163900145885120367039193988
0.0007130671008198886050782225852
0.0007130671008198886050782225852
0.0007097416284708960717483195699
0.0007097416284708960717483195699
0.0007064136094737751252023339
0.0007064136094737751252023339
0.0007030830557699041690182549771
0.0007030830557699041690182549771
0.0006997499793097564746019206923
0.0006997499793097564746019206923
0.00069641439205285730129159097
0.00069641439205285730129159097
0.0006930763059677409839829800046
0.0006930763059677409839829800046
0.0006897357330319079884287319686
0.0006897357330319079884287319686
0.0006863926852317819343664414454
0.0006863926852317819343664414454
0.0006830471745626665866294357866
0.0006830471745626665866294357866
0.0006796992130287028143946520138
0.0006796992130287028143946520138
0.0006763488126428255187220557879
0.0006763488126428255187220557879
0.0006729959854267205285401643437
0.0006729959854267205285401643437
0.0006696407434107814652323491515
0.0006696407434107814652323491515
0.0006662830986340665759787074016
0.0006662830986340665759787074016
0.0006629230631442555360084042403
0.0006629230631442555360084042403
0.0006595606489976062199174999919
0.0006595606489976062199174999919
0.0006561958682589114422073884055
0.0006561958682589114422073884055
0.0006528287330014556671990832538
0.0006528287330014556671990832538
0.0006494592553069716884787013991
0.0006494592553069716884787013991
0.0006460874472655972780296007237
0.0006460874472655972780296007237
0.0006427133209758318052067411019
0.0006427133209758318052067411019
0.0006393368885444928257089458796
0.0006393368885444928257089458796
0.0006359581620866726407048501202
0.0006359581620866726407048501202
0.0006325771537256948262684301766
0.0006325771537256948262684301766
0.0006291938755930707332801169738
0.0006291938755930707332801169738
0.0006258083398284559579496027243
0.0006258083398284559579496027243
0.0006224205585796067831165576621
0.0006224205585796067831165576621
0.0006190305440023365904855797829
0.0006190305440023365904855797829
0.0006156383082604722439518065051
0.0006156383082604722439518065051
0.0006122438635258104441737226488
0.0006122438635258104441737226488
0.00060884722197807405454980415
0.00060884722197807405454980415
0.000605448395804868398755741518
0.000605448395804868398755741518
0.0006020473972016375299990911883
0.0006020473972016375299990911883
0.0005986442383716204721483066508
0.0005986442383716204721483066508
0.0005952389315258074328932045395
0.0005952389315258074328932045395
0.0005918314888828959890940237732
0.0005918314888828959890940237732
0.0005884219226692472444763383428
0.0005884219226692472444763383428
0.0005850102451188419598291864644
0.0005850102451188419598291864644
0.0005815964684732366558638805745
0.0005815964684732366558638805745
0.0005781806049815196888910640376
0.0005781806049815196888910640376
0.000574762666900267299473681496
0.000574762666900267299473681496
0.0005713426664934996342136305247
0.0005713426664934996342136305247
0.0005679206160326367408299626758
0.0005679206160326367408299626758
0.0005644965277964545366866021417
0.0005644965277964545366866021417
0.0005610704140710407509276501296
0.0005610704140710407509276501296
0.0005576422871497508403784426743
0.0005576422871497508403784426743
0.0005542121593331638793706290189
0.0005542121593331638793706290189
0.0005507800429290384236496369085
0.0005507800429290384236496369085
0.0005473459502522683485229901951
0.0005473459502522683485229901951
0.0005439098936248386614080430652
0.0005439098936248386614080430652
0.0005404718853757812889377940241
0.0005404718853757812889377940241
0.0005370319378411308387835415265
0.0005370319378411308387835415265
0.0005335900633638803363532418796
0.0005335900633638803363532418796
0.0005301462742939369365245288051
0.0005301462742939369365245288051
0.0005267005829880776105714528722
0.0005267005829880776105714528722
0.0005232530018099048084440979704
0.0005232530018099048084440979704
0.0005198035431298020965603311168
0.0005198035431298020965603311168
0.000516352219324889771269041268
0.000516352219324889771269041268
0.0005128990427789804481443224843
0.0005128990427789804481443224843
0.0005094440258825346272701568588
0.0005094440258825346272701568588
0.0005059871810326162346752531442
0.0005059871810326162346752531442
0.0005025285206328481400777980906
0.0005025285206328481400777980906
0.0004990680570933676510999792229
0.0004990680570933676510999792229
0.0004956058028307819841122402633
0.0004956058028307819841122402633
0.0004921417702681237118673337405
0.0004921417702681237118673337405
0.0004886759718348061880843396587
0.0004886759718348061880843396587
0.0004852084199665789491429245634
0.0004852084199665789491429245634
0.0004817391271054830930482220797
0.0004817391271054830930482220797
0.0004782681056998066358268241961
0.0004782681056998066358268241961
0.0004747953682040398455144823834
0.0004747953682040398455144823834
0.0004713209270788305538962292955
0.0004713209270788305538962292955
0.0004678447947909394461597454998
0.0004678447947909394461597454998
0.0004643669838131953286229116867
0.0004643669838131953286229116867
0.0004608875066244503746966053646
0.0004608875066244503746966053646
0.0004574063757095353492439224638
0.0004574063757095353492439224638
0.0004539236035592148114971288665
0.0004539236035592148114971288665
0.0004504392026701422966937750143
0.0004504392026701422966937750143
0.0004469531855448154765935388103
0.0004469531855448154765935388103
0.0004434655646915312990374984707
0.0004434655646915312990374984707
0.000439976352624341106711678271
0.000439976352624341106711678271
0.0004364855618630057352768568125
0.0004364855618630057352768568125
0.0004329932049329505910267800932
0.0004329932049329505910267800932
0.0004294992943652207082370809697
0.0004294992943652207082370809697
0.0004260038426964357863673732571
0.0004260038426964357863673732571
0.00042250686246874520727916356
0.00042250686246874520727916356
0.0004190083662297830326324078421
0.0004190083662297830326324078421
0.0004155083665326229816237337341
0.0004155083665326229816237337341
0.0004120068759357333892295547639
0.0004120068759357333892295547639
0.0004085039070029321451175203021
0.0004085039070029321451175203021
0.0004049994723033416133899764461
0.0004049994723033416133899764461
0.0004014935844113435333233598486
0.0004014935844113435333233598486
0.0003979862559065339012677103718
0.0003979862559065339012677103718
0.0003944774993736778338707713354
0.0003944774993736778338707713354
0.0003909673274026644127914501918
0.0003909673274026644127914501918
0.0003874557525884615110677401333
0.0003874557525884615110677401333
0.000383942787531070601304557118
0.000383942787531070601304557118
0.0003804284448354815458473301554
0.0003804284448354815458473301554
0.0003769127371116273691075988485
0.0003769127371116273691075988485
0.0003733956769743390122073249978
0.0003733956769743390122073249978
0.0003698772770433000701091188911
0.0003698772770433000701091188911
0.0003663575499430015114001206292
0.0003663575499430015114001206292
0.0003628365083026963808978680081
0.0003628365083026963808978680081
0.0003593141647563544852471313487
0.0003593141647563544852471313487
0.0003557905319426170616774093172
0.0003557905319426170616774093172
0.0003522656225047514300915662332
0.0003522656225047514300915662332
0.0003487394490906056286569597159
0.0003487394490906056286569597159
0.0003452120243525630330713681059
0.0003452120243525630330713681059
0.0003416833609474969596770916728
0.0003416833609474969596770916728
0.0003381534715367252525977835547
0.0003381534715367252525977835547
0.0003346223687859648550738809256
0.0003346223687859648550738809256
0.0003310900653652863651739714783
0.0003310900653652863651739714783
0.0003275565739490685760610648284
0.0003275565739490685760610648284
0.0003240219072159530009945657058
0.0003240219072159530009945657058
0.0003204860778487983832507919101
0.0003204860778487983832507919101
0.0003169490985346351911471749721
0.0003169490985346351911471749721
0.0003134109819646200983578597735
0.0003134109819646200983578597735
0.0003098717408339904497113207397
0.0003098717408339904497113207397
0.0003063313878420187126638824469
0.0003063313878420187126638824469
0.0003027899356919669146467244847
0.0003027899356919669146467244847
0.0002992473970910410664881253992
0.0002992473970910410664881253992
0.0002957037847503455721174294679
0.0002957037847503455721174294679
0.0002921591113848376247625852825
0.0002921591113848376247625852825
0.0002886133897132815898592024247
0.0002886133897132815898592024247
0.0002850666324582033748960134974
0.0002850666324582033748960134974
0.000281518852345844786429543648
0.000281518852345844786429543648
0.0002779700621061178745098307743
0.0002779700621061178745098307743
0.0002744202744725592647693852216
0.0002744202744725592647693852216
0.0002708695021822844784394373712
0.0002708695021822844784394373712
0.0002673177579759422405711413587
0.0002673177579759422405711413587
0.0002637650545976687767550735262
0.0002637650545976687767550735262
0.0002602114047950420986504279105
0.0002602114047950420986504279105
0.0002566568213190362786561738876
0.0002566568213190362786561738876
0.000253101316923975714080584352
0.000253101316923975714080584352
0.0002495449043674893811935388197
0.0002495449043674893811935388197
0.0002459875964104650795785366085
0.0002459875964104650795785366085
0.0002424294058170036672392355153
0.0002424294058170036672392355153
0.0002388703453543732869595368811
0.0002388703453543732869595368811
0.0002353104277929635844679400287
0.0002353104277929635844679400287
0.000231749665906239919017497889
0.000231749665906239919017497889
0.0002281880724706975670639231647
0.0002281880724706975670639231647
0.0002246256602658159198082805766
0.0002246256602658159198082805766
0.0002210624420740126754697559526
0.0002210624420740126754697559526
0.0002174984306805980272712609771
0.0002174984306805980272712609771
0.000213933638873728848259830008
0.000213933638873728848259830008
0.0002103680794443628742494449523
0.0002103680794443628742494449523
0.0002068017651862128863716799636
0.0002068017651862128863716799636
0.0002032347088957008949562869103
0.0002032347088957008949562869103
0.0001996669233719123267480781884
0.0001996669233719123267480781884
0.0001960984214165502178087998823
0.0001960984214165502178087998823
0.0001925292158338894148663275808
0.0001925292158338894148663275808
0.0001889593194307307883749736163
0.0001889593194307307883749736163
0.0001853887450163554611607070066
0.0001853887450163554611607070066
0.0001818175054024790572698065803
0.0001818175054024790572698065803
0.0001782456134032059765520077667
0.0001782456134032059765520077667
0.0001746730818349837016316803455
0.0001746730818349837016316803455
0.000171099923516557145306797315
0.000171099923516557145306797315
0.0001675261512689230481344984799
0.0001675261512689230481344984799
0.0001639517779152844381030234388
0.0001639517779152844381030234388
0.0001603768162810051669682253378
0.0001603768162810051669682253378
0.0001568012791935645411993868451
0.0001568012791935645411993868451
0.0001532251794825120697310568489
0.0001532251794825120697310568489
0.0001496485299794223561153759795
0.0001496485299794223561153759795
0.0001460713435178501695580659668
0.0001460713435178501695580659668
0.0001424936329332857381616819096
0.0001424936329332857381616819096
0.000138915411063110319110932325
0.000138915411063110319110932325
0.0001353366907465521153543795994
0.0001353366907465521153543795994
0.0001317574848246426277059359577
0.0001317574848246426277059359577
0.0001281778061401735567753657495
0.0001281778061401735567753657495
0.0001245976675376544029084954626
0.0001245976675376544029084954626
0.0001210170818632709574024052839
0.0001210170818632709574024052839
0.0001174360619648449389215259203
0.0001174360619648449389215259203
0.0001138546206917951113364380667
0.0001138546206917951113364380667
0.0001102727708951003318356039777
0.0001102727708951003318356039777
0.0001066905254272651337362668543
0.0001066905254272651337362668543
0.000103107897142288665445006934
0.000103107897142288665445006934
0.0000995248988956381129434445921
0.0000995248988956381129434445921
0.0000959415435442281692476974669
0.0000959415435442281692476974669
0.0000923578439464087433155579222
0.0000923578439464087433155579222
0.0000887738129619640198486749141
0.0000887738129619640198486749141
0.0000851894634521273424573468321
0.0000851894634521273424573468321
0.0000816048082796184381581946556
0.0000816048082796184381581946556
0.0000780198603087126244411544524
0.0000780198603087126244411544524
0.0000744346324053564913855661162
0.0000744346324053564913855661162
0.000070849137437352227861169697
0.000070849137437352227861169697
0.000067263388274645156493715087
0.000067263388274645156493715087
0.000063677397789769505734082468
0.000063677397789769505734082468
0.000060091178858542061554908099
0.000060091178858542061554908099
0.000056504744361153482988023757
0.000056504744361153482988023757
0.000052918107183914718320180782
0.000052918107183914718320180782
0.000049331280222115165527425768
0.000049331280222115165527425768
0.000045744276384831870879512171
0.000045744276384831870879512171
0.000042157108603295837831864484
0.000042157108603295837831864484
0.00003856978984603412951688444
0.00003856978984603412951688444
0.000034982333147592606410055136
0.000034982333147592606410055136
0.000031394751666156790622366789
0.000031394751666156790622366789
0.000027807058807221481772697945
0.000027807058807221481772697945
0.000024219268511946067867559186
0.000024219268511946067867559186
0.000020631396003208149326860283
0.000020631396003208149326860283
0.00001704345999433034253755778
0.00001704345999433034253755778
0.000013455490536430576691132188
0.000013455490536430576691132188
9.867565294897969521458328e-6
9.867565294897969521458328e-6
6.28006536280254369827694e-6
6.28006536280254369827694e-6
2.69784720393321670260988e-6
2.69784720393321670260988e-6