0.005030555178185899
0.005030555178185899
0.00503042787189617
0.00503042787189617
0.005030173262538402
0.005030173262538402
0.005029791356555893
0.005029791356555893
0.005029282163613391
0.005029282163613391
0.00502864569659684
0.00502864569659684
0.005027881971613062
0.005027881971613062
0.005026991007989347
0.005026991007989347
0.005025972828272962
0.005025972828272962
0.005024827458230582
0.005024827458230582
0.005023554926847638
0.005023554926847638
0.005022155266327584
0.005022155266327584
0.00502062851209108
0.00502062851209108
0.005018974702775098
0.005018974702775098
0.005017193880231942
0.005017193880231942
0.005015286089528192
0.005015286089528192
0.005013251378943558
0.005013251378943558
0.005011089799969666
0.005011089799969666
0.005008801407308748
0.005008801407308748
0.00500638625887226
0.00500638625887226
0.005003844415779418
0.005003844415779418
0.005001175942355651
0.005001175942355651
0.004998380906130968
0.004998380906130968
0.004995459377838259
0.004995459377838259
0.004992411431411495
0.004992411431411495
0.004989237143983862
0.004989237143983862
0.00498593659588581
0.00498593659588581
0.004982509870643016
0.004982509870643016
0.004978957054974275
0.004978957054974275
0.0049752782387893
0.0049752782387893
0.004971473515186452
0.004971473515186452
0.004967542980450382
0.004967542980450382
0.004963486734049593
0.004963486734049593
0.004959304878633924
0.004959304878633924
0.004954997520031951
0.004954997520031951
0.004950564767248312
0.004950564767248312
0.004946006732460947
0.004946006732460947
0.004941323531018255
0.004941323531018255
0.004936515281436183
0.004936515281436183
0.004931582105395218
0.004931582105395218
0.004926524127737316
0.004926524127737316
0.004921341476462735
0.004921341476462735
0.004916034282726801
0.004916034282726801
0.004910602680836589
0.004910602680836589
0.00490504680824752
0.00490504680824752
0.004899366805559886
0.004899366805559886
0.00489356281651529
0.00489356281651529
0.00488763498799301
0.00488763498799301
0.00488158347000628
0.00488158347000628
0.004875408415698497
0.004875408415698497
0.004869109981339341
0.004869109981339341
0.004862688326320824
0.004862688326320824
0.004856143613153255
0.004856143613153255
0.004849476007461126
0.004849476007461126
0.004842685677978924
0.004842685677978924
0.004835772796546857
0.004835772796546857
0.004828737538106509
0.004828737538106509
0.004821580080696409
0.004821580080696409
0.004814300605447529
0.004814300605447529
0.004806899296578698
0.004806899296578698
0.004799376341391942
0.004799376341391942
0.00479173193026774
0.00479173193026774
0.004783966256660212
0.004783966256660212
0.004776079517092217
0.004776079517092217
0.004768071911150386
0.004768071911150386
0.004759943641480065
0.004759943641480065
0.004751694913780193
0.004751694913780193
0.00474332593679809
0.00474332593679809
0.00473483692232418
0.00473483692232418
0.004726228085186626
0.004726228085186626
0.0047174996432459
0.0047174996432459
0.004708651817389262
0.004708651817389262
0.004699684831525176
0.004699684831525176
0.004690598912577643
0.004690598912577643
0.004681394290480454
0.004681394290480454
0.004672071198171376
0.004672071198171376
0.004662629871586254
0.004662629871586254
0.004653070549653043
0.004653070549653043
0.00464339347428576
0.00464339347428576
0.004633598890378361
0.004633598890378361
0.004623687045798544
0.004623687045798544
0.004613658191381479
0.004613658191381479
0.004603512580923457
0.004603512580923457
0.004593250471175468
0.004593250471175468
0.004582872121836704
0.004582872121836704
0.004572377795547988
0.004572377795547988
0.004561767757885126
0.004561767757885126
0.004551042277352184
0.004551042277352184
0.004540201625374699
0.004540201625374699
0.004529246076292804
0.004529246076292804
0.004518175907354289
0.004518175907354289
0.004506991398707584
0.004506991398707584
0.00449569283339467
0.00449569283339467
0.004484280497343913
0.004484280497343913
0.004472754679362833
0.004472754679362833
0.004461115671130791
0.004461115671130791
0.00444936376719161
0.00444936376719161
0.004437499264946121
0.004437499264946121
0.004425522464644635
0.004425522464644635
0.004413433669379348
0.004413433669379348
0.004401233185076667
0.004401233185076667
0.004388921320489469
0.004388921320489469
0.00437649838718929
0.00437649838718929
0.004363964699558437
0.004363964699558437
0.004351320574782036
0.004351320574782036
0.004338566332839999
0.004338566332839999
0.004325702296498933
0.004325702296498933
0.004312728791303967
0.004312728791303967
0.004299646145570516
0.004299646145570516
0.004286454690375973
0.004286454690375973
0.004273154759551327
0.004273154759551327
0.004259746689672719
0.004259746689672719
0.004246230820052922
0.004246230820052922
0.004232607492732756
0.004232607492732756
0.00421887705247243
0.00421887705247243
0.004205039846742818
0.004205039846742818
0.004191096225716666
0.004191096225716666
0.004177046542259731
0.004177046542259731
0.004162891151921849
0.004162891151921849
0.004148630412927941
0.004148630412927941
0.004134264686168942
0.004134264686168942
0.004119794335192674
0.004119794335192674
0.004105219726194642
0.004105219726194642
0.004090541228008768
0.004090541228008768
0.004075759212098057
0.004075759212098057
0.004060874052545196
0.004060874052545196
0.004045886126043088
0.004045886126043088
0.00403079581188532
0.00403079581188532
0.004015603491956562
0.004015603491956562
0.004000309550722905
0.004000309550722905
0.003984914375222129
0.003984914375222129
0.003969418355053913
0.003969418355053913
0.003953821882369969
0.003953821882369969
0.003938125351864124
0.003938125351864124
0.003922329160762328
0.003922329160762328
0.003906433708812602
0.003906433708812602
0.003890439398274925
0.003890439398274925
0.003874346633911048
0.003874346633911048
0.003858155822974258
0.003858155822974258
0.003841867375199065
0.003841867375199065
0.003825481702790838
0.003825481702790838
0.003808999220415373
0.003808999220415373
0.003792420345188394
0.003792420345188394
0.003775745496665005
0.003775745496665005
0.003758975096829067
0.003758975096829067
0.003742109570082521
0.003742109570082521
0.003725149343234647
0.003725149343234647
0.003708094845491263
0.003708094845491263
0.003690946508443866
0.003690946508443866
0.003673704766058703
0.003673704766058703
0.003656370054665799
0.003656370054665799
0.003638942812947905
0.003638942812947905
0.003621423481929402
0.003621423481929402
0.00360381250496514
0.00360381250496514
0.003586110327729215
0.003586110327729215
0.003568317398203693
0.003568317398203693
0.003550434166667275
0.003550434166667275
0.003532461085683897
0.003532461085683897
0.00351439861009128
0.00351439861009128
0.003496247196989421
0.003496247196989421
0.003478007305729022
0.003478007305729022
0.003459679397899869
0.003459679397899869
0.003441263937319146
0.003441263937319146
0.003422761390019703
0.003422761390019703
0.003404172224238259
0.003404172224238259
0.003385496910403551
0.003385496910403551
0.003366735921124433
0.003366735921124433
0.003347889731177913
0.003347889731177913
0.003328958817497141
0.003328958817497141
0.003309943659159333
0.003309943659159333
0.003290844737373657
0.003290844737373657
0.003271662535469044
0.003271662535469044
0.003252397538881969
0.003252397538881969
0.003233050235144153
0.003233050235144153
0.003213621113870236
0.003213621113870236
0.003194110666745381
0.003194110666745381
0.003174519387512833
0.003174519387512833
0.003154847771961422
0.003154847771961422
0.003135096317913021
0.003135096317913021
0.003115265525209941
0.003115265525209941
0.003095355895702288
0.003095355895702288
0.003075367933235257
0.003075367933235257
0.003055302143636389
0.003055302143636389
0.003035159034702762
0.003035159034702762
0.003014939116188145
0.003014939116188145
0.002994642899790098
0.002994642899790098
0.002974270899137021
0.002974270899137021
0.002953823629775157
0.002953823629775157
0.002933301609155544
0.002933301609155544
0.002912705356620922
0.002912705356620922
0.002892035393392587
0.002892035393392587
0.002871292242557204
0.002871292242557204
0.002850476429053569
0.002850476429053569
0.002829588479659323
0.002829588479659323
0.00280862892297762
0.00280862892297762
0.002787598289423755
0.002787598289423755
0.002766497111211735
0.002766497111211735
0.002745325922340813
0.002745325922340813
0.002724085258581977
0.002724085258581977
0.002702775657464386
0.002702775657464386
0.002681397658261771
0.002681397658261771
0.002659951801978787
0.002659951801978787
0.00263843863133732
0.00263843863133732
0.002616858690762757
0.002616858690762757
0.002595212526370202
0.002595212526370202
0.002573500685950663
0.002573500685950663
0.002551723718957183
0.002551723718957183
0.002529882176490938
0.002529882176490938
0.002507976611287292
0.002507976611287292
0.002486007577701805
0.002486007577701805
0.00246397563169621
0.00246397563169621
0.002441881330824336
0.002441881330824336
0.002419725234218004
0.002419725234218004
0.002397507902572878
0.002397507902572878
0.00237522989813427
0.00237522989813427
0.002352891784682916
0.002352891784682916
0.002330494127520707
0.002330494127520707
0.002308037493456384
0.002308037493456384
0.002285522450791194
0.002285522450791194
0.002262949569304507
0.002262949569304507
0.002240319420239397
0.002240319420239397
0.002217632576288189
0.002217632576288189
0.00219488961157796
0.00219488961157796
0.002172091101656016
0.002172091101656016
0.002149237623475324
0.002149237623475324
0.002126329755379909
0.002126329755379909
0.002103368077090224
0.002103368077090224
0.002080353169688474
0.002080353169688474
0.002057285615603913
0.002057285615603913
0.002034165998598104
0.002034165998598104
0.002010994903750147
0.002010994903750147
0.001987772917441873
0.001987772917441873
0.001964500627343002
0.001964500627343002
0.001941178622396274
0.001941178622396274
0.001917807492802543
0.001917807492802543
0.001894387830005844
0.001894387830005844
0.00187092022667842
0.00187092022667842
0.001847405276705731
0.001847405276705731
0.001823843575171419
0.001823843575171419
0.00180023571834225
0.00180023571834225
0.001776582303653026
0.001776582303653026
0.001752883929691465
0.001752883929691465
0.001729141196183054
0.001729141196183054
0.001705354703975869
0.001705354703975869
0.001681525055025374
0.001681525055025374
0.001657652852379185
0.001657652852379185
0.00163373870016181
0.00163373870016181
0.00160978320355936
0.00160978320355936
0.001585786968804235
0.001585786968804235
0.001561750603159784
0.001561750603159784
0.001537674714904932
0.001537674714904932
0.001513559913318796
0.001513559913318796
0.001489406808665257
0.001489406808665257
0.001465216012177524
0.001465216012177524
0.001440988136042661
0.001440988136042661
0.001416723793386101
0.001416723793386101
0.001392423598256124
0.001392423598256124
0.001368088165608325
0.001368088165608325
0.001343718111290046
0.001343718111290046
0.001319314052024798
0.001319314052024798
0.001294876605396651
0.001294876605396651
0.001270406389834609
0.001270406389834609
0.001245904024596958
0.001245904024596958
0.001221370129755603
0.001221370129755603
0.001196805326180371
0.001196805326180371
0.001172210235523306
0.001172210235523306
0.001147585480202942
0.001147585480202942
0.001122931683388549
0.001122931683388549
0.001098249468984374
0.001098249468984374
0.001073539461613855
0.001073539461613855
0.001048802286603819
0.001048802286603819
0.001024038569968668
0.001024038569968668
0.0009992489383945427
0.0009992489383945427
0.0009744340192234783
0.0009744340192234783
0.0009495944404375395
0.0009495944404375395
0.0009247308306429472
0.0009247308306429472
0.0008998438190541911
0.0008998438190541911
0.0008749340354781325
0.0008749340354781325
0.0008500021102980984
0.0008500021102980984
0.0008250486744579687
0.0008250486744579687
0.0008000743594462608
0.0008000743594462608
0.0007750797972802126
0.0007750797972802126
0.0007500656204898712
0.0007500656204898712
0.000725032462102192
0.000725032462102192
0.0006999809556251568
0.0006999809556251568
0.0006749117350319221
0.0006749117350319221
0.0006498254347450148
0.0006498254347450148
0.0006247226896205955
0.0006247226896205955
0.0005996041349328232
0.0005996041349328232
0.000574470406358367
0.000574470406358367
0.0005493221399611328
0.0005493221399611328
0.0005241599721773087
0.0005241599721773087
0.000498984539800885
0.000498984539800885
0.0004737964799698932
0.0004737964799698932
0.0004485964301537524
0.0004485964301537524
0.0004233850281423564
0.0004233850281423564
0.0003981629120379573
0.0003981629120379573
0.0003729307202516624
0.0003729307202516624
0.0003476890915077654
0.0003476890915077654
0.0003224386648618314
0.0003224386648618314
0.0002971800797438638
0.0002971800797438638
0.0002719139760492545
0.0002719139760492545
0.0002466409943255111
0.0002466409943255111
0.0002213617761627951
0.0002213617761627951
0.0001960769650502888
0.0001960769650502888
0.0001707872083940665
0.0001707872083940665
0.0001454931627630536
0.0001454931627630536
0.0001201955094510376
0.0001201955094510376
0.00009489500980720203
0.00009489500980720203
0.00006959276107380194
0.00006959276107380194
0.00004429200059076119
0.00004429200059076119
0.00001902752997158276
0.00001902752997158276