0.003308680587686258
0.003308662477027036
0.003308662477027036
0.003308608145247633
0.003308608145247633
0.003308517592942839
0.003308517592942839
0.003308390821103962
0.003308390821103962
0.003308227831118819
0.003308227831118819
0.003308028624771721
0.003308028624771721
0.003307793204243452
0.003307793204243452
0.003307521572111244
0.003307521572111244
0.003307213731348752
0.003307213731348752
0.00330686968532602
0.00330686968532602
0.003306489437809444
0.003306489437809444
0.003306072992961731
0.003306072992961731
0.003305620355341852
0.003305620355341852
0.003305131529904994
0.003305131529904994
0.003304606522002506
0.003304606522002506
0.003304045337381838
0.003304045337381838
0.00330344798218648
0.00330344798218648
0.003302814462955895
0.003302814462955895
0.003302144786625446
0.003302144786625446
0.003301438960526321
0.003301438960526321
0.003300696992385454
0.003300696992385454
0.003299918890325435
0.003299918890325435
0.00329910466286443
0.00329910466286443
0.003298254318916079
0.003298254318916079
0.003297367867789404
0.003297367867789404
0.003296445319188704
0.003296445319188704
0.003295486683213453
0.003295486683213453
0.003294491970358182
0.003294491970358182
0.003293461191512372
0.003293461191512372
0.003292394357960331
0.003292394357960331
0.00329129148138107
0.00329129148138107
0.003290152573848175
0.003290152573848175
0.003288977647829679
0.003288977647829679
0.003287766716187919
0.003287766716187919
0.003286519792179401
0.003286519792179401
0.00328523688945465
0.00328523688945465
0.003283918022058065
0.003283918022058065
0.003282563204427763
0.003282563204427763
0.003281172451395421
0.003281172451395421
0.003279745778186112
0.003279745778186112
0.003278283200418143
0.003278283200418143
0.00327678473410288
0.00327678473410288
0.003275250395644572
0.003275250395644572
0.003273680201840176
0.003273680201840176
0.003272074169879169
0.003272074169879169
0.003270432317343361
0.003270432317343361
0.003268754662206705
0.003268754662206705
0.003267041222835094
0.003267041222835094
0.003265292017986168
0.003265292017986168
0.003263507066809102
0.003263507066809102
0.003261686388844398
0.003261686388844398
0.003259830004023676
0.003259830004023676
0.003257937932669449
0.003257937932669449
0.003256010195494903
0.003256010195494903
0.003254046813603672
0.003254046813603672
0.003252047808489604
0.003252047808489604
0.003250013202036529
0.003250013202036529
0.003247943016518017
0.003247943016518017
0.003245837274597134
0.003245837274597134
0.003243695999326196
0.003243695999326196
0.003241519214146515
0.003241519214146515
0.003239306942888142
0.003239306942888142
0.003237059209769608
0.003237059209769608
0.003234776039397657
0.003234776039397657
0.003232457456766978
0.003232457456766978
0.003230103487259929
0.003230103487259929
0.003227714156646265
0.003227714156646265
0.003225289491082847
0.003225289491082847
0.003222829517113362
0.003222829517113362
0.003220334261668033
0.003220334261668033
0.00321780375206332
0.00321780375206332
0.003215238016001623
0.003215238016001623
0.003212637081570979
0.003212637081570979
0.003210000977244754
0.003210000977244754
0.003207329731881332
0.003207329731881332
0.003204623374723798
0.003204623374723798
0.00320188193539962
0.00320188193539962
0.003199105443920321
0.003199105443920321
0.003196293930681154
0.003196293930681154
0.003193447426460768
0.003193447426460768
0.003190565962420868
0.003190565962420868
0.003187649570105881
0.003187649570105881
0.003184698281442604
0.003184698281442604
0.003181712128739857
0.003181712128739857
0.00317869114468813
0.00317869114468813
0.003175635362359223
0.003175635362359223
0.003172544815205886
0.003172544815205886
0.003169419537061453
0.003169419537061453
0.00316625956213947
0.00316625956213947
0.00316306492503332
0.00316306492503332
0.003159835660715847
0.003159835660715847
0.00315657180453897
0.00315657180453897
0.0031532733922333
0.0031532733922333
0.003149940459907743
0.003149940459907743
0.003146573044049112
0.003146573044049112
0.00314317118152172
0.00314317118152172
0.003139734909566983
0.003139734909566983
0.003136264265803007
0.003136264265803007
0.00313275928822418
0.00313275928822418
0.003129220015200754
0.003129220015200754
0.003125646485478427
0.003125646485478427
0.003122038738177916
0.003122038738177916
0.00311839681279453
0.00311839681279453
0.003114720749197738
0.003114720749197738
0.003111010587630733
0.003111010587630733
0.003107266368709991
0.003107266368709991
0.003103488133424825
0.003103488133424825
0.003099675923136937
0.003099675923136937
0.003095829779579968
0.003095829779579968
0.003091949744859037
0.003091949744859037
0.003088035861450281
0.003088035861450281
0.003084088172200392
0.003084088172200392
0.003080106720326147
0.003080106720326147
0.003076091549413934
0.003076091549413934
0.003072042703419276
0.003072042703419276
0.003067960226666347
0.003067960226666347
0.003063844163847493
0.003063844163847493
0.003059694560022736
0.003059694560022736
0.003055511460619283
0.003055511460619283
0.003051294911431031
0.003051294911431031
0.003047044958618064
0.003047044958618064
0.003042761648706146
0.003042761648706146
0.003038445028586213
0.003038445028586213
0.003034095145513861
0.003034095145513861
0.003029712047108828
0.003029712047108828
0.00302529578135447
0.00302529578135447
0.003020846396597241
0.003020846396597241
0.003016363941546157
0.003016363941546157
0.003011848465272271
0.003011848465272271
0.003007300017208126
0.003007300017208126
0.003002718647147223
0.003002718647147223
0.00299810440524347
0.00299810440524347
0.002993457342010636
0.002993457342010636
0.002988777508321797
0.002988777508321797
0.002984064955408777
0.002984064955408777
0.002979319734861592
0.002979319734861592
0.00297454189862788
0.00297454189862788
0.002969731499012336
0.002969731499012336
0.002964888588676137
0.002964888588676137
0.002960013220636369
0.002960013220636369
0.00295510544826544
0.00295510544826544
0.002950165325290505
0.002950165325290505
0.002945192905792868
0.002945192905792868
0.002940188244207397
0.002940188244207397
0.002935151395321926
0.002935151395321926
0.002930082414276654
0.002930082414276654
0.002924981356563544
0.002924981356563544
0.002919848278025711
0.002919848278025711
0.002914683234856815
0.002914683234856815
0.002909486283600446
0.002909486283600446
0.002904257481149501
0.002904257481149501
0.002898996884745563
0.002898996884745563
0.002893704551978278
0.002893704551978278
0.002888380540784719
0.002888380540784719
0.002883024909448754
0.002883024909448754
0.00287763771660041
0.00287763771660041
0.002872219021215226
0.002872219021215226
0.002866768882613615
0.002866768882613615
0.002861287360460206
0.002861287360460206
0.002855774514763198
0.002855774514763198
0.002850230405873698
0.002850230405873698
0.002844655094485065
0.002844655094485065
0.00283904864163224
0.00283904864163224
0.002833411108691083
0.002833411108691083
0.002827742557377698
0.002827742557377698
0.002822043049747758
0.002822043049747758
0.002816312648195827
0.002816312648195827
0.002810551415454676
0.002810551415454676
0.002804759414594594
0.002804759414594594
0.002798936709022702
0.002798936709022702
0.002793083362482256
0.002793083362482256
0.002787199439051949
0.002787199439051949
0.00278128500314521
0.00278128500314521
0.002775340119509501
0.002775340119509501
0.002769364853225604
0.002769364853225604
0.002763359269706912
0.002763359269706912
0.002757323434698712
0.002757323434698712
0.002751257414277464
0.002751257414277464
0.002745161274850079
0.002745161274850079
0.002739035083153192
0.002739035083153192
0.00273287890625243
0.00273287890625243
0.00272669281154168
0.00272669281154168
0.00272047686674235
0.00272047686674235
0.002714231139902626
0.002714231139902626
0.00270795569939673
0.00270795569939673
0.002701650613924171
0.002701650613924171
0.002695315952508991
0.002695315952508991
0.002688951784499011
0.002688951784499011
0.00268255817956507
0.00268255817956507
0.002676135207700266
0.002676135207700266
0.002669682939219185
0.002669682939219185
0.002663201444757136
0.002663201444757136
0.002656690795269373
0.002656690795269373
0.002650151062030321
0.002650151062030321
0.002643582316632798
0.002643582316632798
0.002636984630987224
0.002636984630987224
0.002630358077320843
0.002630358077320843
0.002623702728176924
0.002623702728176924
0.002617018656413972
0.002617018656413972
0.002610305935204929
0.002610305935204929
0.002603564638036373
0.002603564638036373
0.002596794838707712
0.002596794838707712
0.002589996611330379
0.002589996611330379
0.002583170030327017
0.002583170030327017
0.00257631517043067
0.00257631517043067
0.002569432106683957
0.002569432106683957
0.002562520914438258
0.002562520914438258
0.002555581669352883
0.002555581669352883
0.00254861444739425
0.00254861444739425
0.002541619324835046
0.002541619324835046
0.002534596378253399
0.002534596378253399
0.002527545684532035
0.002527545684532035
0.002520467320857438
0.002520467320857438
0.002513361364719006
0.002513361364719006
0.002506227893908202
0.002506227893908202
0.002499066986517699
0.002499066986517699
0.002491878720940531
0.002491878720940531
0.002484663175869231
0.002484663175869231
0.002477420430294971
0.002477420430294971
0.002470150563506695
0.002470150563506695
0.002462853655090256
0.002462853655090256
0.002455529784927537
0.002455529784927537
0.002448179033195585
0.002448179033195585
0.002440801480365727
0.002440801480365727
0.002433397207202691
0.002433397207202691
0.002425966294763724
0.002425966294763724
0.002418508824397702
0.002418508824397702
0.002411024877744239
0.002411024877744239
0.002403514536732796
0.002403514536732796
0.002395977883581781
0.002395977883581781
0.002388415000797651
0.002388415000797651
0.002380825971174011
0.002380825971174011
0.0023732108777907
0.0023732108777907
0.00236556980401289
0.00236556980401289
0.002357902833490168
0.002357902833490168
0.002350210050155623
0.002350210050155623
0.002342491538224926
0.002342491538224926
0.002334747382195408
0.002334747382195408
0.002326977666845134
0.002326977666845134
0.002319182477231978
0.002319182477231978
0.002311361898692689
0.002311361898692689
0.002303516016841958
0.002303516016841958
0.00229564491757148
0.00229564491757148
0.002287748687049015
0.002287748687049015
0.002279827411717443
0.002279827411717443
0.002271881178293819
0.002271881178293819
0.002263910073768424
0.002263910073768424
0.00225591418540381
0.00225591418540381
0.002247893600733848
0.002247893600733848
0.002239848407562768
0.002239848407562768
0.002231778693964198
0.002231778693964198
0.002223684548280201
0.002223684548280201
0.002215566059120305
0.002215566059120305
0.002207423315360536
0.002207423315360536
0.002199256406142444
0.002199256406142444
0.002191065420872126
0.002191065420872126
0.00218285044921925
0.00218285044921925
0.002174611581116069
0.002174611581116069
0.002166348906756441
0.002166348906756441
0.002158062516594839
0.002158062516594839
0.002149752501345362
0.002149752501345362
0.00214141895198074
0.00214141895198074
0.002133061959731341
0.002133061959731341
0.002124681616084169
0.002124681616084169
0.002116278012781867
0.002116278012781867
0.002107851241821707
0.002107851241821707
0.002099401395454586
0.002099401395454586
0.002090928566184018
0.002090928566184018
0.002082432846765117
0.002082432846765117
0.002073914330203583
0.002073914330203583
0.002065373109754688
0.002065373109754688
0.002056809278922248
0.002056809278922248
0.002048222931457606
0.002048222931457606
0.0020396141613586
0.0020396141613586
0.002030983062868537
0.002030983062868537
0.002022329730475164
0.002022329730475164
0.002013654258909627
0.002013654258909627
0.002004956743145439
0.002004956743145439
0.001996237278397439
0.001996237278397439
0.001987495960120749
0.001987495960120749
0.001978732884009728
0.001978732884009728
0.00196994814599693
0.00196994814599693
0.001961141842252045
0.001961141842252045
0.001952314069180854
0.001952314069180854
0.001943464923424169
0.001943464923424169
0.001934594501856776
0.001934594501856776
0.001925702901586377
0.001925702901586377
0.001916790219952523
0.001916790219952523
0.00190785655452555
0.00190785655452555
0.001898902003105514
0.001898902003105514
0.001889926663721114
0.001889926663721114
0.001880930634628625
0.001880930634628625
0.001871914014310818
0.001871914014310818
0.001862876901475884
0.001862876901475884
0.001853819395056354
0.001853819395056354
0.001844741594208013
0.001844741594208013
0.001835643598308818
0.001835643598308818
0.001826525506957807
0.001826525506957807
0.001817387419974013
0.001817387419974013
0.001808229437395365
0.001808229437395365
0.001799051659477598
0.001799051659477598
0.001789854186693154
0.001789854186693154
0.001780637119730082
0.001780637119730082
0.001771400559490932
0.001771400559490932
0.00176214460709166
0.00176214460709166
0.001752869363860509
0.001752869363860509
0.00174357493133691
0.00174357493133691
0.001734261411270365
0.001734261411270365
0.001724928905619332
0.001724928905619332
0.001715577516550113
0.001715577516550113
0.001706207346435734
0.001706207346435734
0.001696818497854823
0.001696818497854823
0.001687411073590489
0.001687411073590489
0.001677985176629193
0.001677985176629193
0.001668540910159626
0.001668540910159626
0.001659078377571575
0.001659078377571575
0.001649597682454795
0.001649597682454795
0.001640098928597869
0.001640098928597869
0.00163058221998708
0.00163058221998708
0.001621047660805265
0.001621047660805265
0.001611495355430678
0.001611495355430678
0.001601925408435848
0.001601925408435848
0.001592337924586432
0.001592337924586432
0.001582733008840071
0.001582733008840071
0.001573110766345239
0.001573110766345239
0.001563471302440089
0.001563471302440089
0.001553814722651307
0.001553814722651307
0.00154414113269295
0.00154414113269295
0.001534450638465294
0.001534450638465294
0.001524743346053669
0.001524743346053669
0.001515019361727305
0.001515019361727305
0.001505278791938159
0.001505278791938159
0.00149552174331976
0.00149552174331976
0.001485748322686033
0.001485748322686033
0.001475958637030136
0.001475958637030136
0.001466152793523286
0.001466152793523286
0.001456330899513583
0.001456330899513583
0.00144649306252484
0.00144649306252484
0.001436639390255403
0.001436639390255403
0.001426769990576973
0.001426769990576973
0.001416884971533425
0.001416884971533425
0.001406984441339622
0.001406984441339622
0.001397068508380236
0.001397068508380236
0.001387137281208559
0.001387137281208559
0.001377190868545311
0.001377190868545311
0.001367229379277457
0.001367229379277457
0.001357252922457008
0.001357252922457008
0.001347261607299832
0.001347261607299832
0.001337255543184455
0.001337255543184455
0.001327234839650867
0.001327234839650867
0.00131719960639932
0.00131719960639932
0.001307149953289128
0.001307149953289128
0.001297085990337465
0.001297085990337465
0.001287007827718158
0.001287007827718158
0.001276915575760487
0.001276915575760487
0.001266809344947968
0.001266809344947968
0.001256689245917153
0.001256689245917153
0.001246555389456411
0.001246555389456411
0.001236407886504721
0.001236407886504721
0.001226246848150455
0.001226246848150455
0.001216072385630159
0.001216072385630159
0.001205884610327342
0.001205884610327342
0.001195683633771251
0.001195683633771251
0.001185469567635651
0.001185469567635651
0.001175242523737605
0.001175242523737605
0.001165002614036248
0.001165002614036248
0.001154749950631561
0.001154749950631561
0.001144484645763145
0.001144484645763145
0.001134206811808992
0.001134206811808992
0.001123916561284252
0.001123916561284252
0.001113614006840007
0.001113614006840007
0.001103299261262033
0.001103299261262033
0.001092972437469567
0.001092972437469567
0.00108263364851407
0.00108263364851407
0.001072283007577991
0.001072283007577991
0.001061920627973525
0.001061920627973525
0.001051546623141378
0.001051546623141378
0.001041161106649518
0.001041161106649518
0.001030764192191937
0.001030764192191937
0.001020355993587406
0.001020355993587406
0.001009936624778225
0.001009936624778225
0.0009995061998289797
0.0009995061998289797
0.0009890648329252919
0.0009890648329252919
0.0009786126383725683
0.0009786126383725683
0.0009681497305947501
0.0009681497305947501
0.0009576762241330602
0.0009576762241330602
0.0009471922336447491
0.0009471922336447491
0.00093669787390184
0.00093669787390184
0.0009261932597898721
0.0009261932597898721
0.0009156785063066432
0.0009156785063066432
0.0009051537285609503
0.0009051537285609503
0.0008946190417713302
0.0008946190417713302
0.0008840745612647975
0.0008840745612647975
0.0008735204024755826
0.0008735204024755826
0.0008629566809438674
0.0008629566809438674
0.0008523835123145213
0.0008523835123145213
0.0008418010123358345
0.0008418010123358345
0.0008312092968582512
0.0008312092968582512
0.0008206084818331014
0.0008206084818331014
0.0008099986833113315
0.0008099986833113315
0.0007993800174422337
0.0007993800174422337
0.0007887526004721751
0.0007887526004721751
0.0007781165487433243
0.0007781165487433243
0.0007674719786923786
0.0007674719786923786
0.0007568190068492888
0.0007568190068492888
0.0007461577498359839
0.0007461577498359839
0.0007354883243650946
0.0007354883243650946
0.0007248108472386751
0.0007248108472386751
0.0007141254353469252
0.0007141254353469252
0.0007034322056669101
0.0007034322056669101
0.0006927312752612805
0.0006927312752612805
0.000682022761276991
0.000682022761276991
0.0006713067809440176
0.0006713067809440176
0.0006605834515740746
0.0006605834515740746
0.0006498528905593309
0.0006498528905593309
0.0006391152153711244
0.0006391152153711244
0.0006283705435586768
0.0006283705435586768
0.0006176189927478067
0.0006176189927478067
0.0006068606806396424
0.0006068606806396424
0.0005960957250093338
0.0005960957250093338
0.0005853242437047632
0.0005853242437047632
0.0005745463546452558
0.0005745463546452558
0.0005637621758202895
0.0005637621758202895
0.0005529718252882036
0.0005529718252882036
0.0005421754211749074
0.0005421754211749074
0.0005313730816725876
0.0005313730816725876
0.0005205649250384159
0.0005205649250384159
0.0005097510695932548
0.0005097510695932548
0.0004989316337203647
0.0004989316337203647
0.0004881067358641086
0.0004881067358641086
0.0004772764945286585
0.0004772764945286585
0.0004664410282766992
0.0004664410282766992
0.0004556004557281345
0.0004556004557281345
0.0004447548955587909
0.0004447548955587909
0.0004339044664991231
0.0004339044664991231
0.0004230492873329193
0.0004230492873329193
0.0004121894768960063
0.0004121894768960063
0.0004013251540749565
0.0004013251540749565
0.0003904564378057951
0.0003904564378057951
0.0003795834470727095
0.0003795834470727095
0.0003687063009067609
0.0003687063009067609
0.0003578251183845982
0.0003578251183845982
0.0003469400186271768
0.0003469400186271768
0.0003360511207984826
0.0003360511207984826
0.0003251585441042628
0.0003251585441042628
0.0003142624077907671
0.0003142624077907671
0.0003033628311435016
0.0003033628311435016
0.0002924599334860017
0.0002924599334860017
0.0002815538341786283
0.0002815538341786283
0.0002706446526173995
0.0002706446526173995
0.0002597325082328696
0.0002597325082328696
0.0002488175204890762
0.0002488175204890762
0.0002378998088825842
0.0002378998088825842
0.0002269794929416715
0.0002269794929416715
0.0002160566922257236
0.0002160566922257236
0.0002051315263249436
0.0002051315263249436
0.000194204114860543
0.000194204114860543
0.0001832745774856906
0.0001832745774856906
0.0001723430338876727
0.0001723430338876727
0.0001614096037920526
0.0001614096037920526
0.0001504744069702218
0.0001504744069702218
0.000139537563252903
0.000139537563252903
0.0001285991925545064
0.0001285991925545064
0.0001176594149181581
0.0001176594149181581
0.0001067183506021633
0.0001067183506021633
0.00009577612025463623
0.00009577612025463623
0.00008483284528964573
0.00008483284528964573
0.00007388864876581418
0.00007388864876581418
0.0000629436576613511
0.0000629436576613511
0.00005199800961169116
0.00005199800961169116
0.00004105187685052943
0.00004105187685052943
0.00003010557688789939
0.00003010557688789939
0.00001916035299371177
0.00001916035299371177
8.231102760851086e-6
8.231102760851086e-6