0
-0.00222256092718572179171052198526
0.00222256092718572179171052198526
-0.00444511087540099537470630365506
0.00444511087540099537470630365506
-0.0066676388657296062805622027975
0.0066676388657296062805622027975
-0.0088901339193638072535293220707
0.0088901339193638072535293220707
-0.0111125850576585511871170764776
0.0111125850576585511871170764776
-0.0133349813021857232569717003534
0.0133349813021857232569717003534
-0.0155573116747883719821561827921
0.0155573116747883719821561827921
-0.0177795651976349389469419139025
0.0177795651976349389469419139025
-0.0200017308932734869152289410695
0.0200017308932734869152289410695
-0.0222237977846859260697196744594
0.0222237977846859260697196744594
-0.024445754895342238107980144325
0.024445754895342238107980144325
-0.0266675912492546979275334991745
0.0266675912492546979275334991745
-0.0288892958710320926321423435312
0.0288892958710320926321423435312
-0.031110857785933937591449746755
0.031110857785933937591449746755
-0.0333322660199246892861633101726
0.0333322660199246892861633101726
-0.0355535095997279546709825584808
0.0355535095997279546709825584808
-0.0377745775528806967874871229856
0.0377745775528806967874871229856
-0.0399954589077874363592217086221
0.0399954589077874363592217086221
-0.0422161426937744491012336837782
0.0422161426937744491012336837782
-0.0444366179411439584763403016245
0.0444366179411439584763403016245
-0.0466568736812283236304250538216
0.0466568736812283236304250538216
-0.0488768989464442222390864720329
0.0488768989464442222390864720329
-0.0510966827703468279979878294866
0.0510966827703468279979878294866
-0.0533162141876839824892826537921
0.0533162141876839824892826537921
-0.0555354822344503611565187431849
0.0555354822344503611565187431849
-0.057754475947941633120452481217
0.057754475947941633120452481217
-0.0599731843668086145682356694801
0.0599731843668086145682356694801
-0.062191596531111415448468844101
0.062191596531111415448468844101
-0.0644097014823735792046481093195
0.0644097014823735792046481093195
-0.0666274882636362152795669102904
0.0666274882636362152795669102904
-0.0688449459195121241232698771711
0.0688449459195121241232698771711
-0.0710620634962399144371929033886
0.0710620634962399144371929033886
-0.0732788300417381123871619725395
0.0732788300417381123871619725395
-0.0754952346056592625179629204807
0.0754952346056592625179629204807
-0.0777112662394440201022353116115
0.0777112662394440201022353116115
-0.0799269139963752346564859209365
0.0799269139963752346564859209365
-0.0821421669316320243570609460163
0.0821421669316320243570609460163
-0.0843570141023438410889610251525
0.0843570141023438410889610251525
-0.0865714445676445258604294098801
0.0865714445676445258604294098801
-0.0887854473887263543162912308444
0.0887854473887263543162912308444
-0.0909990116288940720830707061613
0.0909990116288940720830707061613
-0.093212126353618919678963370185
0.093212126353618919678963370185
-0.0954247806305926467217919479628
0.0954247806305926467217919479628
-0.0976369635297815151681273663054
0.0976369635297815151681273663054
-0.099848664123480291316810576074
0.099848664123480291316810576074
-0.102059871486366226310166361716
0.102059871486366226310166361716
-0.104270574695553024866257132994
0.104270574695553024866257132994
-0.106480762830644801975582829979
0.106480762830644801975582829979
-0.108690424973790027295692525395
0.108690424973790027295692525395
-0.110899550209735456977234078084
0.110899550209735456977234078084
-0.113108127625880052655030277312
0.113108127625880052655030277312
-0.115316146312328887337833319654
0.115316146312328887337833319654
-0.117523595361947037930474177881
0.117523595361947037930474177881
-0.119730463870413464122189454344
0.119730463870413464122189454344
-0.121936740936274873374975659508
0.121936740936274873374975659508
-0.124142415660999571745889519119
0.124142415660999571745889519119
-0.126347477149031300277282890769
0.126347477149031300277282890769
-0.128551914507843056689032161852
0.128551914507843056689032161852
-0.130755716847990902106894605941
0.130755716847990902106894605941
-0.132958873283167752561198092851
0.132958873283167752561198092851
-0.135161372930257154990145778957
0.135161372930257154990145778957
-0.137363204909387047482093948162
0.137363204909387047482093948162
-0.139564358343983503491239029996
0.139564358343983503491239029996
-0.1417648223608244597612289892
0.1417648223608244597612289892
-0.143964586090093427691294760488
0.143964586090093427691294760488
-0.146163638665433187879579192571
0.146163638665433187879579192571
-0.148361969223999467578424066489
0.148361969223999467578424066489
-0.150559566906514600796460164587
0.150559566906514600796460164587
-0.152756420857321170782431087452
0.152756420857321170782431087452
-0.154952520224435634625768546612
0.154952520224435634625768546612
-0.157147854159601929709025200132
0.157147854159601929709025200132
-0.159342411818345061747360746171
0.159342411818345061747360746171
-0.161536182360024674150367945532
0.161536182360024674150367945532
-0.163729154947888598441617507826
0.163729154947888598441617507826
-0.165921318749126385471394346679
0.165921318749126385471394346679
-0.168112662934922817158192586848
0.168112662934922817158192586848
-0.170303176680511398494632889874
0.170303176680511398494632889874
-0.172492849165227829553563154358
0.172492849165227829553563154358
-0.174681669572563457230202441741
0.174681669572563457230202441741
-0.176869627090218706456288078005
0.176869627090218706456288078005
-0.179056710910156490622287285613
0.179056710910156490622287285613
-0.181242910228655600943837407638
0.181242910228655600943837407638
-0.183428214246364074508682797019
0.183428214246364074508682797019
-0.185612612168352540740481757588
0.185612612168352540740481757588
-0.187796093204167546015963539548
0.187796093204167546015963539548
-0.189978646567884856172023309765
0.189978646567884856172023309765
-0.192160261478162736639452236195
0.192160261478162736639452236195
-0.194340927158295209940110345347
0.194340927158295209940110345347
-0.196520632836265290284461631362
0.196520632836265290284461631362
-0.19869936774479819500650401458
0.19869936774479819500650401458
-0.200877121121414532573241165695
0.200877121121414532573241165695
-0.203053882208483466905958928325
0.203053882208483466905958928325
-0.205229640253275857750686087368
0.205229640253275857750686087368
-0.207404384508017376835337542381
0.207404384508017376835337542381
-0.209578104229941599551157553752
0.209578104229941599551157553752
-0.211750788681343071896201634137
0.211750788681343071896201634137
-0.213922427129630352418717857767
0.213922427129630352418717857767
-0.21609300884737902889841185537
0.21609300884737902889841185537
-0.218262523112384709503704551806
0.218262523112384709503704551806
-0.220430959207715988163217786622
0.220430959207715988163217786622
-0.222598306421767383889850333847
0.222598306421767383889850333847
-0.224764554048312253795935505939
0.224764554048312253795935505939
-0.226929691386555679538101487156
0.226929691386555679538101487156
-0.229093707741187326930586793149
0.229093707741187326930586793149
-0.231256592422434278465895795599
0.231256592422434278465895795599
-0.233418334746113838481813082618
0.233418334746113838481813082618
-0.235578924033686310713930546688
0.235578924033686310713930546688
-0.237738349612307747972977501534
0.237738349612307747972977501534
-0.239896600814882673686381826742
0.239896600814882673686381826742
-0.24205366698011677504362912357
0.24205366698011677504362912357
-0.244209537452569567485127136507
0.244209537452569567485127136507
-0.246364201582707030274424251993
0.246364201582707030274424251993
-0.248517648726954212893773727717
0.248517648726954212893773727717
-0.250669868247747812003179432268
0.250669868247747812003179432268
-0.252820849513588718703204284952
0.252820849513588718703204284952
-0.254970581899094535841969278564
0.254970581899094535841969278564
-0.257119054785052065106918943163
0.257119054785052065106918943163
-0.259266257558469763642078365579
0.259266257558469763642078365579
-0.261412179612630169931677416879
0.261412179612630169931677416879
-0.263556810347142298691169657542
0.263556810347142298691169657542
-0.265700139167994004506826486828
0.265700139167994004506826486828
-0.26784215548760431396524147812
0.26784215548760431396524147812
-0.269982848724875726014235495075
0.269982848724875726014235495075
-0.272122208305246480296810113378
0.272122208305246480296810113378
-0.274260223660742793199955079173
0.274260223660742793199955079173
-0.276396884230031061360275016836
0.276396884230031061360275016836
-0.278532179458470032368561355049
0.278532179458470032368561355049
-0.280666098798162942415597470272
0.280666098798162942415597470272
-0.282798631708009620621648349838
0.282798631708009620621648349838
-0.284929767653758559792250652317
0.284929767653758559792250652317
-0.287059496108058953343084889591
0.287059496108058953343084889591
-0.289187806550512698136878572536
0.289187806550512698136878572536
-0.291314688467726362975457549353
0.291314688467726362975457549353
-0.293440131353363122490232421793
0.293440131353363122490232421793
-0.295564124708194656174577848712
0.295564124708194656174577848712
-0.297686658040153012301734737954
0.297686658040153012301734737954
-0.299807720864382436472038785452
0.299807720864382436472038785452
-0.30192730270329116453345354394
0.30192730270329116453345354394
-0.304045393086603179619562191819
0.304045393086603179619562191819
-0.306161981551409933049349424742
0.306161981551409933049349424742
-0.308277057642222028833283407413
0.308277057642222028833283407413
-0.310390610911020871530387500093
0.310390610911020871530387500093
-0.312502630917310277201172512533
0.312502630917310277201172512533
-0.314613107228168047201482536461
0.314613107228168047201482536461
-0.31672202941829750456249096568
0.31672202941829750456249096568
-0.318829387070078992702268129089
0.318829387070078992702268129089
-0.320935169773621336214528035888
0.320935169773621336214528035888
-0.323039367126813263480349062735
0.323039367126813263480349062735
-0.325141968735374790848851998881
0.325141968735374790848851998881
-0.327242964212908568133008706363
0.327242964212908568133008706363
-0.329342343180951185166945747215
0.329342343180951185166945747215
-0.331440095269024439171299677459
0.331440095269024439171299677459
-0.333536210114686562673374307382
0.333536210114686562673374307382
-0.335630677363583411729045078371
0.335630677363583411729045078371
-0.337723486669499614193551807351
0.337723486669499614193551807351
-0.339814627694409677788518399722
0.339814627694409677788518399722
-0.341904090108529057712736729657
0.341904090108529057712736729657
-0.343991863590365183544451731667
0.343991863590365183544451731667
-0.346077937826768445183085838515
0.346077937826768445183085838515
-0.348162302512983137578543236902
0.348162302512983137578543236902
-0.350244947352698363996437992763
0.350244947352698363996437992763
-0.352325862058098897567794921601
0.352325862058098897567794921601
-0.354405036349916000871978144979
0.354405036349916000871978144979
-0.356482459957478203301809581039
0.356482459957478203301809581039
-0.358558122618762035960048163825
0.358558122618762035960048163825
-0.360632014080442723836610372023
0.360632014080442723836610372023
-0.362704124097944835016123671693
0.362704124097944835016123671693
-0.364774442435492886665616738376
0.364774442435492886665616738376
-0.366842958866161907552363820794
0.366842958866161907552363820794
-0.368909663171927956842115339952
0.368909663171927956842115339952
-0.370974545143718598928162782939
0.370974545143718598928162782939
-0.373037594581463334041903148848
0.373037594581463334041903148848
-0.37509880129414398439578663412
0.37509880129414398439578663412
-0.377158155099845035609750904974
0.377158155099845035609750904974
-0.379215645825803933172466194559
0.379215645825803933172466194559
-0.381271263308461333688937580701
0.381271263308461333688937580701
-0.38332499739351131066623414582
0.38332499739351131066623414582
-0.385376837935951514589339292346
0.385376837935951514589339292346
-0.387426774800133287039342283927
0.387426774800133287039342283927
-0.389474797859811728606418103609
0.389474797859811728606418103609
-0.391520896998195720350270963912
0.391520896998195720350270963912
-0.393565062107997898560946269233
0.393565062107997898560946269233
-0.395607283091484582573146517075
0.395607283091484582573146517075
-0.397647549860525655387418530152
0.397647549860525655387418530152
-0.399685852336644396851812535272
0.399685852336644396851812535272
-0.401722180451067269157847945902
0.401722180451067269157847945902
-0.403756524144773654404856262351
0.403756524144773654404856262351
-0.405788873368545543987008275353
0.405788873368545543987008275353
-0.407819218083017179557570744356
0.407819218083017179557570744356
-0.409847548258724645325176919847
0.409847548258724645325176919847
-0.411873853876155411437135688357
0.411873853876155411437135688357
-0.413898124925797828205045738273
0.413898124925797828205045738273
-0.415920351408190570928223972941
0.415920351408190570928223972941
-0.417940523333972035070701433682
0.417940523333972035070701433682
-0.419958630723929681547785237971
0.419958630723929681547785237971
-0.421974663609049331878431486003
0.421974663609049331878431486003
-0.423988612030564412959921740912
0.423988612030564412959921740912
-0.42600046604000515122158454285
0.42600046604000515122158454285
-0.428010215699247715914553473692
0.428010215699247715914553473692
-0.430017851080563311294804546136
0.430017851080563311294804546136
-0.432023362266667217456968147101
0.432023362266667217456968147101
-0.434026739350767779576664419406
0.434026739350767779576664419406
-0.436027972436615345319365816462
0.436027972436615345319365816462
-0.438027051638551150174046610843
0.438027051638551150174046610843
-0.440023967081556150470136377907
0.440023967081556150470136377907
-0.442018708901299803836552908806
0.442018708901299803836552908806
-0.444011267244188796861849631989
0.444011267244188796861849631989
-0.44600163226741571971477343738
0.44600163226741571971477343738
-0.447989794139007687484790801514
0.447989794139007687484790801514
-0.449975743037874908002403303779
0.449975743037874908002403303779
-0.451959469153859195899338002131
0.451959469153859195899338002131
-0.453940962687782432668963700113
0.453940962687782432668963700113
-0.45592021385149497248755088415
0.45592021385149497248755088415
-0.457897212867923993557261039861
0.457897212867923993557261039861
-0.459871949971121794732020166955
0.459871949971121794732020166955
-0.461844415406314037187701603044
0.461844415406314037187701603044
-0.463814599429947930898314735915
0.463814599429947930898314735915
-0.465782492309740365680168830205
0.465782492309740365680168830205
-0.467748084324725986566255016644
0.467748084324725986566255016644
-0.469711365765305213273364488733
0.469711365765305213273364488733
-0.471672326933292203524737121487
0.471672326933292203524737121487
-0.473630958141962759991312068457
0.473630958141962759991312068457
-0.475587249716102180614930405132
0.475587249716102180614930405132
-0.477541191992053052077119567755
0.477541191992053052077119567755
-0.479492775317762986177370185116
0.479492775317762986177370185116
-0.481441990052832298885097915653
0.481441990052832298885097915653
-0.4833888265685616318297660818
0.4833888265685616318297660818
-0.485333275247999515993929236554
0.485333275247999515993929236554
-0.487275326485989877374243302318
0.487275326485989877374243302318
-0.489214970689219484375774587776
0.489214970689219484375774587776
-0.491152198276265336705227813453
0.491152198276265336705227813453
-0.493086999677641995529002259333
0.493086999677641995529002259333
-0.495019365335848854662275286925
0.495019365335848854662275286925
-0.496949285705417352555603782175
0.496949285705417352555603782175
-0.498876751252958124845826513069
0.498876751252958124845826513069
-0.500801752457208097238343995284
0.500801752457208097238343995284
-0.50272427980907751848814720934
0.50272427980907751848814720934
-0.504644323811696933247262411935
0.504644323811696933247262411935
-0.50656187498046409454657633105
0.50656187498046409454657633105
-0.508476923843090815680304227534
0.508476923843090815680304227534
-0.510389460939649761261662643709
0.510389460939649761261662643709
-0.512299476822621177218609140644
0.512299476822621177218609140644
-0.51420696205693955949881294862
0.51420696205693955949881294862
-0.516111907220040261253323218441
0.516111907220040261253323218441
-0.518014302901906038268705463215
0.518014302901906038268705463215
-0.519914139705113532417721819402
0.519914139705113532417721819402
-0.521811408244879692898936930969
0.521811408244879692898936930969
-0.523706099149108135035938569719
0.523706099149108135035938569719
-0.525598203058435436407170546881
0.525598203058435436407170546881
-0.527487710626277370077685044267
0.527487710626277370077685044267
-0.529374612518875074704432196246
0.529374612518875074704432196246
-0.53125889941534116128701658484
0.53125889941534116128701658484
-0.533140562007705756336163267958
0.533140562007705756336163267958
-0.535019591000962481232450043562
0.535019591000962481232450043562
-0.536895977113114367548177858835
0.536895977113114367548177858835
-0.538769711075219708105567601694
0.538769711075219708105567601694
-0.540640783631437843544788960638
0.540640783631437843544788960638
-0.542509185539074884175645606409
0.542509185539074884175645606409
-0.544374907568629366887060633704
0.544374907568629366887060633704
-0.546237940503837846888827001597
0.546237940503837846888827001597
-0.548098275141720424060409625858
0.548098275141720424060409625858
-0.549955902292626203681908803386
0.549955902292626203681908803386
-0.551810812780278691322618786916
0.551810812780278691322618786916
-0.553662997441821121662940575401
0.553662997441821121662940575401
-0.555512447127861721025734340435
0.555512447127861721025734340435
-0.557359152702518903393524370105
0.557359152702518903393524370105
-0.559203105043466399688297977184
0.559203105043466399688297977184
-0.561044295041978320090969486943
0.561044295041978320090969486943
-0.562882713602974149177911189421
0.562882713602974149177911189421
-0.564718351645063673652285010194
0.564718351645063673652285010194
-0.566551200100591842448241620757
0.566551200100591842448241620757
-0.568381249915683558986387773101
0.568381249915683558986387773101
-0.570208492050288405359257801088
0.570208492050288405359257801088
-0.572032917478225298225861482337
0.572032917478225298225861482337
-0.573854517187227076194717796713
0.573854517187227076194717796713
-0.575673282178985018475122549586
0.575673282178985018475122549586
-0.577489203469193294576737348105
0.577489203469193294576737348105
-0.579302272087593344837928025121
0.579302272087593344837928025121
-0.581112479078018191563622296412
0.581112479078018191563622296412
-0.58291981549843668055379921086
0.58291981549843668055379921086
-0.584724272420997652804066808438
0.584724272420997652804066808438
-0.586525840932074046160129335693
0.586525840932074046160129335693
-0.588324512132306926708291381023
0.588324512132306926708291381023
-0.59012027713664944968449338087
0.59012027713664944968449338087
-0.59191312707441074968472111115
0.59191312707441074968472111115
-0.593703053089299759959981014192
0.593703053089299759959981014192
-0.595490046339468960579383518373
0.595490046339468960579383518373
-0.597274097997558055245227883797
0.597274097997558055245227883797
-0.59905519925073757654433455109
0.59905519925073757654433455109
-0.600833341300752419420224479824
0.600833341300752419420224479824
-0.602608515363965302651099536606
0.602608515363965302651099536606
-0.604380712671400158118933628652
0.604380712671400158118933628652
-0.606149924468785447655340974972
0.606149924468785447655340974972
-0.60791614201659740725024566235
0.60791614201659740725024566235
-0.609679356590103218409735445413
0.609679356590103218409735445413
-0.611439559479404106449842617298
0.611439559479404106449842617298
-0.613196741989478365513355698246
0.613196741989478365513355698246
-0.614950895440224310097127661763
0.614950895440224310097127661763
-0.616702011166503152877709440317
0.616702011166503152877709440317
-0.618450080518181808623501522859
0.618450080518181808623501522859
-0.620195094860175623981981573089
0.620195094860175623981981573089
-0.621937045572491032930932158505
0.621937045572491032930932158505
-0.623675924050268137682959884045
0.623675924050268137682959884045
-0.625411721703823214832965468767
0.625411721703823214832965468767
-0.627144429958691146538593587679
0.627144429958691146538593587679
-0.628874040255667776524061621728
0.628874040255667776524061621728
-0.630600544050852190698137815202
0.630600544050852190698137815202
-0.632323932815688922177411729633
0.632323932815688922177411729633
-0.634044198037010080506373304804
0.634044198037010080506373304804
-0.635761331217077404866191288847
0.635761331217077404866191288847
-0.637475323873624241064457278848
0.637475323873624241064457278848
-0.639186167539897442098538118895
0.639186167539897442098538118895
-0.64089385376469919208555693242
0.64089385376469919208555693242
-0.642598374112428753352401617946
0.642598374112428753352401617946
-0.644299720163124136479539210237
0.644299720163124136479539210237
-0.645997883512503693092795100399
0.645997883512503693092795100399
-0.647692855772007631197637716839
0.647692855772007631197637716839
-0.649384628568839452850891892304
0.649384628568839452850891892304
-0.651073193546007313965187778515
0.651073193546007313965187778515
-0.652758542362365306041836817402
0.652758542362365306041836817402
-0.65444066669265465962821193466
0.65444066669265465962821193466
-0.656119558227544869296095785356
0.656119558227544869296095785356
-0.657795208673674739937848550819
0.657795208673674739937848550819
-0.659467609753693354177635459007
0.659467609753693354177635459007
-0.661136753206300960695343875117
0.661136753206300960695343875117
-0.662802630786289783261210483424
0.662802630786289783261210483424
-0.664465234264584750279570753329
0.664465234264584750279570753329
-0.666124555428284144640535550354
0.666124555428284144640535550354
-0.667780586080700173678793414433
0.667780586080700173678793414433
-0.669433318041399459039131681432
0.669433318041399459039131681432
-0.671082743146243446248665267313
0.671082743146243446248665267313
-0.672728853247428733796158565906
0.672728853247428733796158565906
-0.674371640213527321519223528811
0.674371640213527321519223528811
-0.67601109592952677810057559765
0.67601109592952677810057559765
-0.677647212296870327474928742639
0.677647212296870327474928742639
-0.679279981233496853948511425433
0.679279981233496853948511425433
-0.68090939467388082583358684625
0.68090939467388082583358684625
-0.682535444569072137400763353619
0.682535444569072137400763353619
-0.684158122886735868952284387524
0.684158122886735868952284387524
-0.685777421611191964819891791463
0.685777421611191964819891791463
-0.687393332743454829091261763772
0.687393332743454829091261763772
-0.689005848301272838869419121705
0.689005848301272838869419121705
-0.690614960319167774869942921021
0.690614960319167774869942921021
-0.692220660848474169161184807305
0.692220660848474169161184807305
-0.693822941957378569853130770881
0.693822941957378569853130770881
-0.695421795730958722540947232973
0.695421795730958722540947232973
-0.697017214271222668309663604627
0.697017214271222668309663604627
-0.698609189697147758106855629926
0.698609189697147758106855629926
-0.700197714144719583290606949031
0.700197714144719583290606949031
-0.701782779766970822160440392639
0.701782779766970822160440392639
-0.703364378734020002279325545437
0.703364378734020002279325545437
-0.704942503233110178395285090057
0.704942503233110178395285090057
-0.706517145468647525771539362794
0.706517145468647525771539362794
-0.70808829766223984873454641595
0.70808829766223984873454641595
-0.709655952052735004249713686943
0.709655952052735004249713686943
-0.71122010089625924033497711931
0.71122010089625924033497711931
-0.712780736466255449122864263303
0.712780736466255449122864263303
-0.714337851053521334382079501849
0.714337851053521334382079501849
-0.715891436966247493310072099157
0.715891436966247493310072099157
-0.717441486530055412408471252126
0.717441486530055412408471252126
-0.718987992088035377253696736794
0.718987992088035377253696736794
-0.720530946000784295975479081368
0.720530946000784295975479081368
-0.722070340646443436256449461669
0.722070340646443436256449461669
-0.723606168420736075666386702108
0.723606168420736075666386702108
-0.725138421737005065145136873432
0.725138421737005065145136873432
-0.726667093026250305448650005283
0.726667093026250305448650005283
-0.728192174737166136373008375111
0.728192174737166136373008375111
-0.729713659336178638571751692837
0.729713659336178638571751692837
-0.731231539307482847782236271
0.731231539307482847782236271
-0.732745807153079881277197950581
0.732745807153079881277197950581
-0.73425645539281397635812214131
0.73425645539281397635812214131
-0.735763476564409440707458829742
0.735763476564409440707458829742
-0.737266863223507514417155806771
0.737266863223507514417155806771
-0.73876660794370314351141966614
0.73876660794370314351141966614
-0.740262703316581664782051325029
0.740262703316581664782051325029
-0.741755141951755401755140914536
0.741755141951755401755140914536
-0.743243916476900171608345879838
0.743243916476900171608345879838
-0.744729019537791702858416014769
0.744729019537791702858416014769
-0.746210443798341963639069931307
0.746210443798341963639069931307
-0.747688181940635400389769128904
0.747688181940635400389769128904
-0.749162226664965086776378379447
0.749162226664965086776378379447
-0.750632570689868782665144578844
0.750632570689868782665144578844
-0.752099206752164902971870533445
0.752099206752164902971870533445
-0.753562127606988396208605346676
0.753562127606988396208605346676
-0.755021326027826532550619146106
0.755021326027826532550619146106
-0.75647679480655460124687684151
0.75647679480655460124687684151
-0.757928526753471517197673428086
0.757928526753471517197673428086
-0.759376514697335336523542043721
0.759376514697335336523542043721
-0.760820751485398680949995552702
0.760820751485398680949995552702
-0.7622612299834440708331128585
0.7622612299834440708331128585
-0.763697943075819166651432442807
0.763697943075819166651432442807
-0.765130883665471918790067784817
0.765130883665471918790067784817
-0.76656004467398562544341233145
0.76656004467398562544341233145
-0.767985419041613898463255563657
0.767985419041613898463255563657
-0.769406999727315536979586433843
0.769406999727315536979586433843
-0.770824779708789308621816032583
0.770824779708789308621816032583
-0.772238751982508638168607776889
0.772238751982508638168607776889
-0.773648909563756203454960695117
0.773648909563756203454960695117
-0.775055245486658438365649512852
0.775055245486658438365649512852
-0.776457752804219942744584217617
0.776457752804219942744584217617
-0.777856424588357799050111595609
0.777856424588357799050111595609
-0.779251253929935795586741888751
0.779251253929935795586741888751
-0.780642233938798556144245212781
0.780642233938798556144245212781
-0.782029357743805575875524704616
0.782029357743805575875524704616
-0.783412618492865163245136527642
0.783412618492865163245136527642
-0.784792009352968287880790854406
0.784792009352968287880790854406
-0.786167523510222334160632765381
0.786167523510222334160632765381
-0.787539154169884760369567647502
0.787539154169884760369567647502
-0.788906894556396663258362144922
0.788906894556396663258362144922
-0.790270737913416247839719004477
0.790270737913416247839719004477
-0.791630677503852202255992267454
0.791630677503852202255992267454
-0.79298670660989697755367818505
0.79298670660989697755367818505
-0.794338818533059972200286975155
0.794338818533059972200286975155
-0.795687006594200621179671090347
0.795687006594200621179671090347
-0.797031264133561389502357029085
0.797031264133561389502357029085
-0.798371584510800669967899891552
0.798371584510800669967899891552
-0.799707961105025585016752856203
0.799707961105025585016752856203
-0.801040387314824692509617530399
0.801040387314824692509617530399
-0.802368856558300595272715706329
0.802368856558300595272715706329
-0.803693362273102454247898429219
0.803693362273102454247898429219
-0.80501389791645840508698445647
0.80501389791645840508698445647
-0.806330456965207878030197151286
0.806330456965207878030197151286
-0.807643032915833820909046610372
0.807643032915833820909046610372
-0.808951619284494825114482369928
0.808951619284494825114482369928
-0.810256209607057154371621365116
0.810256209607057154371621365116
-0.811556797439126676162835933075
0.811556797439126676162835933075
-0.812853376356080695641467546
0.812853376356080695641467546
-0.814145939953099691878913636461
0.814145939953099691878913636461
-0.815434481845198956288317329556
0.815434481845198956288317329556
-0.816718995667260133068573123406
0.816718995667260133068573123406
-0.817999475074062661512845558369
0.817999475074062661512845558369
-0.819275913740315120026282683967
0.819275913740315120026282683967
-0.820548305360686471698091668296
0.820548305360686471698091668296
-0.821816643649837211273630195381
0.821816643649837211273630195381
-0.823080922342450413372654359098
0.823080922342450413372654359098
-0.82434113519326268180035158543
0.82434113519326268180035158543
-0.825597275977094999798275695677
0.825597275977094999798275695677
-0.826849338488883481082790559301
0.826849338488883481082790559301
-0.828097316543710021519118873944
0.828097316543710021519118873944
-0.829341203976832851279583449427
0.829341203976832851279583449427
-0.830580994643716987335119959783
0.830580994643716987335119959783
-0.831816682420064586129632460139
0.831816682420064586129632460139
-0.833048261201845196287256041152
0.833048261201845196287256041152
-0.834275724905325911203084810282
0.834275724905325911203084810282
-0.835499067467101421368417943975
0.835499067467101421368417943975
-0.836718282844123966282071845427
0.836718282844123966282071845427
-0.83793336501373318579980246657
0.83793336501373318579980246657
-0.839144307973685870774378607744
0.839144307973685870774378607744
-0.840351105742185612839344491863
0.840351105742185612839344491863
-0.841553752357912353190008119135
0.841553752357912353190008119135
-0.842752241880051830215690841269
0.842752241880051830215690841269
-0.843946568388324925837773247975
0.843946568388324925837773247975
-0.845136725983016910408572831086
0.845136725983016910408572831086
-0.846322708785006586026589980278
0.846322708785006586026589980278
-0.847504510935795328124160666642
0.847504510935795328124160666642
-0.848682126597536025184056683889
0.848682126597536025184056683889
-0.849855549953061916442077539125
0.849855549953061916442077539125
-0.851024775205915327433182013563
0.851024775205915327433182013563
-0.852189796580376303239212045695
0.852189796580376303239212045695
-0.853350608321491139296766922802
0.853350608321491139296766922802
-0.854507204695100809624291798858
0.854507204695100809624291798858
-0.85565957998786929232795128524
0.85565957998786929232795128524
-0.856807728507311792246366282813
0.856807728507311792246366282813
-0.857951644581822860594800337346
0.857951644581822860594800337346
-0.859091322560704411469890602339
0.859091322560704411469890602339
-0.860226756814193635076527981687
0.860226756814193635076527981687
-0.86135794173349080753900119672
0.86135794173349080753900119672
-0.862484871730786997159030375381
0.862484871730786997159030375381
-0.863607541239291666983827293291
0.863607541239291666983827293291
-0.864725944713260173547831604568
0.864725944713260173547831604568
-0.865840076628021161652285281959
0.865840076628021161652285281959
-0.86694993148000385504732103876
0.86694993148000385504732103876
-0.868055503786765242881754726329
0.868055503786765242881754726329
-0.869156788087017161786286588509
0.869156788087017161786286588509
-0.870253778940653273456331805167
0.870253778940653273456331805167
-0.871346470928775937601216968966
0.871346470928775937601216968966
-0.872434858653722980126996009789
0.872434858653722980126996009789
-0.873518936739094356420656607366
0.873518936739094356420656607366
-0.874598699829778709604006312154
0.874598699829778709604006312154
-0.875674142591979823626046424717
0.875674142591979823626046424717
-0.876745259713242971063161162285
0.876745259713242971063161162285
-0.877812045902481155496969765241
0.877812045902481155496969765241
-0.878874495890001248340209963408
0.878874495890001248340209963408
-0.879932604427530019981542629675
0.879932604427530019981542629675
-0.8809863662882400651206894941
0.8809863662882400651206894941
-0.882035776266775622165838472598
0.882035776266775622165838472598
-0.883080829179278286565774478099
0.883080829179278286565774478099
-0.884121519863412617949717526071
0.884121519863412617949717526071
-0.885157843178391640948374517955
0.885157843178391640948374517955
-0.886189794005002239570236282759
0.886189794005002239570236282759
-0.88721736724563044500767727631
0.88721736724563044500767727631
-0.888240557824286616747941776701
0.888240557824286616747941776701
-0.889259360686630516864627470939
0.889259360686630516864627470939
-0.890273770799996277365804998915
0.890273770799996277365804998915
-0.891283783153417260475440304056
0.891283783153417260475440304056
-0.892289392757650811725315532845
0.892289392757650811725315532845
-0.893290594645202905735173725107
0.893290594645202905735173725107
-0.894287383870352684559342641017
0.894287383870352684559342641017
-0.895279755509176888478623776589
0.895279755509176888478623776589
-0.896267704659574179116763924335
0.896267704659574179116763924335
-0.897251226441289354761358537241
0.897251226441289354761358537241
-0.898230315995937457769568649553
0.898230315995937457769568649553
-0.899204968487027773939566194583
0.899204968487027773939566194583
-0.900175179099987723729156235105
0.900175179099987723729156235105
-0.901140943042186645203558883378
0.901140943042186645203558883378
-0.902102255542959468594868532788
0.902102255542959468594868532788
-0.903059111853630282356243448886
0.903059111853630282356243448886
-0.904011507247535790594414771662
0.904011507247535790594414771662
-0.904959437020048661764640560545
0.904959437020048661764640560545
-0.905902896488600768512767666321
0.905902896488600768512767666321
-0.906841880992706318549601937196
0.906841880992706318549601937196
-0.907776385893984876443325557114
0.907776385893984876443325557114
-0.90870640657618427621623917038
0.90870640657618427621623917038
-0.909631938445203424632645865195
0.909631938445203424632645865195
-0.910552976929114995065234067098
0.910552976929114995065234067098
-0.911469517478188011827856929058
0.911469517478188011827856929058
-0.912381555564910324863146895318
0.912381555564910324863146895318
-0.913289086684010974673945758527
0.913289086684010974673945758527
-0.914192106352482447388072721551
0.914192106352482447388072721551
-0.915090610109602819846495714032
0.915090610109602819846495714032
-0.915984593516957794605514496604
0.915984593516957794605514496604
-0.916874052158462624744107910138
0.916874052158462624744107910138
-0.917758981640383928368141990757
0.917758981640383928368141990757
-0.91863937759136139270368057114
0.91863937759136139270368057114
-0.919515235662429367672185422118
0.919515235662429367672185422118
-0.920386551527038348840938953184
0.920386551527038348840938953184
-0.921253320881076349642568983715
0.921253320881076349642568983715
-0.922115539442890162758102115788
0.922115539442890162758102115788
-0.922973202953306510558519781907
0.922973202953306510558519781907
-0.923826307175653084500339104121
0.923826307175653084500339104121
-0.924674847895779473371289282371
0.924674847895779473371289282371
-0.925518820922077980282703326801
0.925518820922077980282703326801
-0.926358222085504328305794558715
0.926358222085504328305794558715
-0.927193047239598254649537425198
0.927193047239598254649537425198
-0.928023292260503993278422800702
0.928023292260503993278422800702
-0.928848953046990645868909082464
0.928848953046990645868909082464
-0.929670025520472441003942022998
0.929670025520472441003942022998
-0.930486505625028881505468379564
0.930486505625028881505468379564
-0.931298389327424779805421094881
0.931298389327424779805421094881
-0.932105672617130181256206853007
0.932105672617130181256206853007
-0.932908351506340175282280476675
0.932908351506340175282280476675
-0.933706422029994594274944745033
0.933706422029994594274944745033
-0.934499880245797600133068811218
0.934499880245797600133068811218
-0.935288722234237158352973485011
0.935288722234237158352973485011
-0.936072944098604399571287214658
0.936072944098604399571287214658
-0.936852541965012868465132651249
0.936852541965012868465132651249
-0.937627511982417659914560206603
0.937627511982417659914560206603
-0.938397850322634442332702018927
0.938397850322634442332702018927
-0.939163553180358368069677217399
0.939163553180358368069677217399
-0.939924616773182870796837324863
0.939924616773182870796837324863
-0.940681037341618349778499054844
0.940681037341618349778499054844
-0.941432811149110740938870642834
0.941432811149110740938870642834
-0.942179934482059974632437200092
0.942179934482059974632437200092
-0.942922403649838320026630388883
0.942922403649838320026630388883
-0.943660214984808616006167989107
0.943660214984808616006167989107
-0.944393364842342388509009655545
0.944393364842342388509009655545
-0.945121849600837854204436350515
0.945121849600837854204436350515
-0.945845665661737810424322576685
0.945845665661737810424322576685
-0.946564809449547411259232627239
0.946564809449547411259232627239
-0.947279277411851829731534613738
0.947279277411851829731534613738
-0.947989066019333805958289024259
0.947989066019333805958289024259
-0.94869417176579108121723200397
0.94869417176579108121723200397
-0.94939459116815371782973743579
0.94939459116815371782973743579
-0.950090320766501304775206228761
0.950090320766501304775206228761
-0.950781357124080048951895994856
0.950781357124080048951895994856
-0.951467696827319751999769510072
0.951467696827319751999769510072
-0.952149336485850672601506011733
0.952149336485850672601506011733
-0.952826272732520274178385479996
0.952826272732520274178385479996
-0.953498502223409857898322587045
0.953498502223409857898322587045
-0.954166021637851080913893971653
0.954166021637851080913893971653
-0.954828827678442359748769909438
0.954828827678442359748769909438
-0.955486917071065158751529300126
0.955486917071065158751529300126
-0.956140286564900163536405182445
0.956140286564900163536405182445
-0.956788932932443339331076715428
0.956788932932443339331076715428
-0.957432852969521874152192732455
0.957432852969521874152192732455
-0.958072043495310006729881582281
0.958072043495310006729881582281
-0.958706501352344739103072021008
0.958706501352344739103072021008
-0.959336223406541433808020412014
0.959336223406541433808020412014
-0.959961206547209295583010429516
0.959961206547209295583010429516
-0.960581447687066737512762848226
0.960581447687066737512762848226
-0.961196943762256631536664839643
0.961196943762256631536664839643
-0.961807691732361443245500488511
0.961807691732361443245500488511
-0.962413688580418250891936995275
0.962413688580418250891936995275
-0.963014931312933648540594246919
0.963014931312933648540594246919
-0.963611416959898533284099125211
0.963611416959898533284099125211
-0.964203142574802776452100084746
0.964203142574802776452100084746
-0.964790105234649778740792180842
0.964790105234649778740792180842
-0.965372302039970909191077867992
0.965372302039970909191077867992
-0.965949730114839827944064533054
0.965949730114839827944064533054
-0.966522386606886692703175884695
0.966522386606886692703175884695
-0.967090268687312248832731004573
0.967090268687312248832731004573
-0.967653373550901803023422090326
0.967653373550901803023422090326
-0.968211698416039080455699701806
0.968211698416039080455699701806
-0.968765240524719965392652678138
0.968765240524719965392652678138
-0.969313997142566125134548844264
0.969313997142566125134548844264
-0.969857965558838517267782194608
0.969857965558838517267782194608
-0.970397143086450780141552453788
0.970397143086450780141552453788
-0.970931527061982506506183798759
0.970931527061982506506183798759
-0.971461114845692400247571115672
0.971461114845692400247571115672
-0.971985903821531316152824494205
0.971985903821531316152824494205
-0.972505891397155182642765773035
0.972505891397155182642765773035
-0.973021075003937807407514888031
0.973021075003937807407514888031
-0.973531452096983565881988591055
0.973531452096983565881988591055
-0.97403702015513997249871985971
0.97403702015513997249871985971
-0.974537776681010134655993071772
0.974537776681010134655993071772
-0.97503371920096508933987784542
0.97503371920096508933987784542
-0.975524845265156022339333429876
0.975524845265156022339333429876
-0.9760111524475263699941457632
0.9760111524475263699941457632
-0.976492638345823803416050899078
0.976492638345823803416050899078
-0.976969300581612095123991560091
0.976969300581612095123991560091
-0.977441136800282868035048234074
0.977441136800282868035048234074
-0.977908144671067226753182642757
0.977908144671067226753182642757
-0.978370321887047271098529747819
0.978370321887047271098529747819
-0.978827666165167491820574910904
0.978827666165167491820574910904
-0.979280175246246048439155608991
0.979280175246246048439155608991
-0.979727846894985929157832472001
0.979727846894985929157832472001
-0.980170678899985992794782636399
0.980170678899985992794782636399
-0.98060866907375189267697981638
0.98060866907375189267697981638
-0.981041815252706882444040446531
0.981041815252706882444040446531
-0.98147011529720250370873416149
0.98147011529720250370873416149
-0.981893567091529155521780222428
0.981893567091529155521780222428
-0.982312168543926545589179818499
0.982312168543926545589179818499
-0.982725917586594023190968083368
0.982725917586594023190968083368
-0.983134812175700793750909883097
0.983134812175700793750909883097
-0.983538850291396015007310767747
0.983538850291396015007310767747
-0.98393802993781877473576987332
0.98393802993781877473576987332
-0.984332349143107949975366093681
0.984332349143107949975366093681
-0.98472180595941194771044376059
0.98472180595941194771044376059
-0.985106398462898326960850814719
0.985106398462898326960850814719
-0.985486124753763302234182689385
0.985486124753763302234182689385
-0.985860982956241128294300795839
0.985860982956241128294300795839
-0.986230971218613366201127841509
0.986230971218613366201127841509
-0.986596087713218030577475846048
0.986596087713218030577475846048
-0.986956330636458618059439694789
0.986956330636458618059439694789
-0.987311698208813016887692949331
0.987311698208813016887692949331
-0.987662188674842297597857593922
0.987662188674842297597857593922
-0.988007800303199384768990330566
0.988007800303199384768990330566
-0.988348531386637609790140703058
0.988348531386637609790140703058
-0.988684380242019144605897515431
0.988684380242019144605897515431
-0.98901534521032331640285772749
0.98901534521032331640285772749
-0.9893414246566548032000357466
0.9893414246566548032000357466
-0.989662616970251710307392049752
0.989662616970251710307392049752
-0.989978920564493527617911757361
0.989978920564493527617911757361
-0.990290333876908967700022115973
0.990290333876908967700022115973
-0.990596855369183684658621934825
0.990596855369183684658621934825
-0.990898483527167873734628768365
0.990898483527167873734628768365
-0.991195216860883751614758587535
0.991195216860883751614758587535
-0.991487053904532917425271051991
0.991487053904532917425271051991
-0.991773993216503594385681456981
0.991773993216503594385681456981
-0.992056033379377752101006720116
0.992056033379377752101006720116
-0.992333172999938109474036711318
0.992333172999938109474036711318
-0.992605410709175018222476241469
0.992605410709175018222476241469
-0.992872745162293226989675848946
0.992872745162293226989675848946
-0.993135175038718526042170258935
0.993135175038718526042170258935
-0.99339269904210427255250666373
0.99339269904210427255250666373
-0.99364531590033779647203752953
0.99364531590033779647203752953
-0.993893024365546687005681815535
0.993893024365546687005681815535
-0.994135823214104959709383150179
0.994135823214104959709383150179
-0.994373711246639104241438179864
0.994373711246639104241438179864
-0.994606687288034012811441636302
0.994606687288034012811441636302
-0.994834750187438789385813563085
0.994834750187438789385813563085
-0.995057898818272439727395523617
0.995057898818272439727395523617
-0.995276132078229442369265458317
0.995276132078229442369265458317
-0.995489448889285200650802143247
0.995489448889285200650802143247
-0.995697848197701375978519798285
0.995697848197701375978519798285
-0.995901328974031102517094988666
0.995901328974031102517094988666
-0.996099890213124083569675914749
0.996099890213124083569675914749
-0.996293530934131569974090374128
0.996293530934131569974090374128
-0.996482250180511220927039482734
0.996482250180511220927039482734
-0.996666047020031847757216547312
0.996666047020031847757216547312
-0.996844920544778041307808842818
0.996844920544778041307808842818
-0.997018869871154683768856621485
0.997018869871154683768856621485
-0.997187894139891346033832244183
0.997187894139891346033832244183
-0.997351992516046571960902817862
0.997351992516046571960902817862
-0.997511164189012051323019426811
0.997511164189012051323019426811
-0.997665408372516683767642244149
0.997665408372516683767642244149
-0.997814724304630536826461458033
0.997814724304630536826461458033
-0.997959111247768701988947543999
0.997959111247768701988947543999
-0.99809856848869505418319569263
0.99809856848869505418319569263
-0.998233095338525921842149985128
0.998233095338525921842149985128
-0.998362691132733677292241577386
0.998362691132733677292241577386
-0.998487355231150260812256516345
0.998487355231150260812256516345
-0.998607087017970656868777078728
0.998607087017970656868777078728
-0.998721885901756348503118377881
0.998721885901756348503118377881
-0.998831751315438786814217381891
0.998831751315438786814217381891
-0.998936682716322928845711967535
0.998936682716322928845711967535
-0.999036679586090922010874137657
0.999036679586090922010874137657
-0.999131741430806051548968416326
0.999131741430806051548968416326
-0.999221867780917127980565516545
0.999221867780917127980565516545
-0.999307058191263588988390233381
0.999307058191263588988390233381
-0.999387312241081751076081146606
0.999387312241081751076081146606
-0.999462629534012919336519748462
0.999462629534012919336519748462
-0.999533009698114540847690992792
0.999533009698114540847690992792
-0.999598452385876450011753315605
0.999598452385876450011753315605
-0.999658957274245874938370041034
0.999658957274245874938370041034
-0.99971452406466805443699985071
0.99971452406466805443699985071
-0.999765152483155878324942696087
0.999765152483155878324942696087
-0.999810842280416326871527981743
0.999810842280416326871527981743
-0.99985159323209518322439920552
0.99985159323209518322439920552
-0.999887405139287470625660358011
0.999887405139287470625660358011
-0.999918277829704323174497396335
0.999918277829704323174497396335
-0.999944211160671693469463885608
0.999944211160671693469463885608
-0.999965205028145936927041157615
0.999965205028145936927041157615
-0.999981259400637255231642299912
0.999981259400637255231642299912
-0.999992374501238365353339616264
0.999992374501238365353339616264
-0.999998552743817724461235935883
0.999998552743817724461235935883