0.04215870660994342
0.04215870660994342
0.04208374996915697
0.04208374996915697
0.04193396995777702
0.04193396995777702
0.04170963287924075
0.04170963287924075
0.04141113759675351
0.04141113759675351
0.04103901482412727
0.04103901482412727
0.04059392618219473
0.04059392618219473
0.04007666302247697
0.04007666302247697
0.03948814502019647
0.03948814502019647
0.03882941853913771
0.03882941853913771
0.03810165477126325
0.03810165477126325
0.03730614765439416
0.03730614765439416
0.03644431157165856
0.03644431157165856
0.03551767883680096
0.03551767883680096
0.03452789696982646
0.03452789696982646
0.03347672576782877
0.03347672576782877
0.032366034176217
0.032366034176217
0.03119779696591543
0.03119779696591543
0.02997409122246119
0.02997409122246119
0.02869709265326988
0.02869709265326988
0.02736907171967935
0.02736907171967935
0.02599238960072379
0.02599238960072379
0.02456949399594277
0.02456949399594277
0.02310291477491582
0.02310291477491582
0.02159525948167589
0.02159525948167589
0.02004920870279494
0.02004920870279494
0.01846751130897988
0.01846751130897988
0.01685297958202485
0.01685297958202485
0.01520848424340123
0.01520848424340123
0.01353694941178749
0.01353694941178749
0.01184134754749967
0.01184134754749967
0.01012469453828731
0.01012469453828731
0.008390045433971397
0.008390045433971397
0.006640492909114358
0.006640492909114358
0.004879179758594145
0.004879179758594145
0.003109420149896755
0.003109420149896755
0.001336761650069884
0.001336761650069884