0.004025093717698251
0.004025093717698251
0.004025028505424813
0.004025028505424813
0.00402489808193447
0.00402489808193447
0.004024702449340267
0.004024702449340267
0.004024441610811734
0.004024441610811734
0.004024115570574826
0.004024115570574826
0.004023724333911863
0.004023724333911863
0.004023267907161437
0.004023267907161437
0.004022746297718315
0.004022746297718315
0.004022159514033315
0.004022159514033315
0.004021507565613171
0.004021507565613171
0.004020790463020381
0.004020790463020381
0.004020008217873032
0.004020008217873032
0.004019160842844614
0.004019160842844614
0.004018248351663814
0.004018248351663814
0.004017270759114293
0.004017270759114293
0.004016228081034449
0.004016228081034449
0.004015120334317157
0.004015120334317157
0.004013947536909498
0.004013947536909498
0.004012709707812468
0.004012709707812468
0.004011406867080667
0.004011406867080667
0.004010039035821977
0.004010039035821977
0.004008606236197223
0.004008606236197223
0.004007108491419804
0.004007108491419804
0.00400554582575533
0.00400554582575533
0.004003918264521217
0.004003918264521217
0.004002225834086286
0.004002225834086286
0.004000468561870328
0.004000468561870328
0.003998646476343666
0.003998646476343666
0.003996759607026692
0.003996759607026692
0.003994807984489386
0.003994807984489386
0.003992791640350824
0.003992791640350824
0.003990710607278663
0.003990710607278663
0.003988564918988615
0.003988564918988615
0.003986354610243899
0.003986354610243899
0.003984079716854675
0.003984079716854675
0.003981740275677471
0.003981740275677471
0.003979336324614578
0.003979336324614578
0.003976867902613441
0.003976867902613441
0.003974335049666024
0.003974335049666024
0.003971737806808169
0.003971737806808169
0.003969076216118922
0.003969076216118922
0.003966350320719858
0.003966350320719858
0.003963560164774381
0.003963560164774381
0.003960705793487006
0.003960705793487006
0.003957787253102629
0.003957787253102629
0.003954804590905778
0.003954804590905778
0.003951757855219845
0.003951757855219845
0.003948647095406304
0.003948647095406304
0.003945472361863912
0.003945472361863912
0.003942233706027893
0.003942233706027893
0.0039389311803691
0.0039389311803691
0.003935564838393172
0.003935564838393172
0.003932134734639662
0.003932134734639662
0.003928640924681156
0.003928640924681156
0.003925083465122371
0.003925083465122371
0.003921462413599237
0.003921462413599237
0.003917777828777967
0.003917777828777967
0.003914029770354103
0.003914029770354103
0.003910218299051552
0.003910218299051552
0.003906343476621597
0.003906343476621597
0.003902405365841903
0.003902405365841903
0.003898404030515496
0.003898404030515496
0.003894339535469727
0.003894339535469727
0.00389021194655523
0.00389021194655523
0.003886021330644845
0.003886021330644845
0.003881767755632544
0.003881767755632544
0.003877451290432322
0.003877451290432322
0.003873072004977088
0.003873072004977088
0.003868629970217527
0.003868629970217527
0.003864125258120956
0.003864125258120956
0.003859557941670149
0.003859557941670149
0.003854928094862165
0.003854928094862165
0.003850235792707141
0.003850235792707141
0.003845481111227082
0.003845481111227082
0.003840664127454626
0.003840664127454626
0.003835784919431797
0.003835784919431797
0.003830843566208743
0.003830843566208743
0.00382584014784245
0.00382584014784245
0.00382077474539545
0.00382077474539545
0.003815647440934506
0.003815647440934506
0.00381045831752928
0.00381045831752928
0.003805207459250993
0.003805207459250993
0.003799894951171054
0.003799894951171054
0.003794520879359693
0.003794520879359693
0.003789085330884555
0.003789085330884555
0.003783588393809298
0.003783588393809298
0.003778030157192163
0.003778030157192163
0.00377241071108453
0.00377241071108453
0.003766730146529461
0.003766730146529461
0.003760988555560223
0.003760988555560223
0.003755186031198801
0.003755186031198801
0.003749322667454384
0.003749322667454384
0.003743398559321851
0.003743398559321851
0.003737413802780222
0.003737413802780222
0.003731368494791112
0.003731368494791112
0.003725262733297152
0.003725262733297152
0.003719096617220411
0.003719096617220411
0.003712870246460784
0.003712870246460784
0.003706583721894381
0.003706583721894381
0.003700237145371888
0.003700237145371888
0.003693830619716919
0.003693830619716919
0.003687364248724351
0.003687364248724351
0.003680838137158639
0.003680838137158639
0.003674252390752122
0.003674252390752122
0.003667607116203309
0.003667607116203309
0.003660902421175147
0.003660902421175147
0.003654138414293285
0.003654138414293285
0.003647315205144304
0.003647315205144304
0.003640432904273948
0.003640432904273948
0.003633491623185333
0.003633491623185333
0.003626491474337137
0.003626491474337137
0.00361943257114178
0.00361943257114178
0.003612315027963588
0.003612315027963588
0.003605138960116935
0.003605138960116935
0.003597904483864383
0.003597904483864383
0.003590611716414791
0.003590611716414791
0.003583260775921418
0.003583260775921418
0.003575851781480012
0.003575851781480012
0.003568384853126875
0.003568384853126875
0.003560860111836924
0.003560860111836924
0.003553277679521727
0.003553277679521727
0.003545637679027528
0.003545637679027528
0.003537940234133261
0.003537940234133261
0.003530185469548537
0.003530185469548537
0.003522373510911632
0.003522373510911632
0.003514504484787445
0.003514504484787445
0.00350657851866545
0.00350657851866545
0.003498595740957633
0.003498595740957633
0.003490556280996405
0.003490556280996405
0.003482460269032513
0.003482460269032513
0.003474307836232927
0.003474307836232927
0.003466099114678714
0.003466099114678714
0.003457834237362902
0.003457834237362902
0.00344951333818832
0.00344951333818832
0.003441136551965432
0.003441136551965432
0.003432704014410152
0.003432704014410152
0.003424215862141646
0.003424215862141646
0.003415672232680118
0.003415672232680118
0.00340707326444458
0.00340707326444458
0.003398419096750613
0.003398419096750613
0.003389709869808108
0.003389709869808108
0.003380945724718993
0.003380945724718993
0.003372126803474951
0.003372126803474951
0.003363253248955116
0.003363253248955116
0.003354325204923758
0.003354325204923758
0.003345342816027956
0.003345342816027956
0.003336306227795254
0.003336306227795254
0.003327215586631301
0.003327215586631301
0.003318071039817484
0.003318071039817484
0.003308872735508534
0.003308872735508534
0.003299620822730135
0.003299620822730135
0.003290315451376502
0.003290315451376502
0.003280956772207956
0.003280956772207956
0.003271544936848481
0.003271544936848481
0.003262080097783266
0.003262080097783266
0.003252562408356239
0.003252562408356239
0.003242992022767576
0.003242992022767576
0.003233369096071209
0.003233369096071209
0.003223693784172308
0.003223693784172308
0.003213966243824761
0.003213966243824761
0.003204186632628629
0.003204186632628629
0.003194355109027599
0.003194355109027599
0.003184471832306408
0.003184471832306408
0.003174536962588273
0.003174536962588273
0.003164550660832287
0.003164550660832287
0.003154513088830817
0.003154513088830817
0.003144424409206882
0.003144424409206882
0.003134284785411518
0.003134284785411518
0.003124094381721127
0.003124094381721127
0.00311385336323482
0.00311385336323482
0.003103561895871739
0.003103561895871739
0.003093220146368371
0.003093220146368371
0.003082828282275845
0.003082828282275845
0.003072386471957217
0.003072386471957217
0.003061894884584745
0.003061894884584745
0.003051353690137146
0.003051353690137146
0.003040763059396841
0.003040763059396841
0.003030123163947192
0.003030123163947192
0.003019434176169718
0.003019434176169718
0.003008696269241305
0.003008696269241305
0.002997909617131398
0.002997909617131398
0.002987074394599185
0.002987074394599185
0.002976190777190762
0.002976190777190762
0.002965258941236295
0.002965258941236295
0.002954279063847156
0.002954279063847156
0.002943251322913058
0.002943251322913058
0.002932175897099172
0.002932175897099172
0.002921052965843233
0.002921052965843233
0.002909882709352631
0.002909882709352631
0.002898665308601492
0.002898665308601492
0.002887400945327748
0.002887400945327748
0.00287608980203019
0.00287608980203019
0.002864732061965512
0.002864732061965512
0.002853327909145343
0.002853327909145343
0.002841877528333265
0.002841877528333265
0.00283038110504182
0.00283038110504182
0.002818838825529502
0.002818838825529502
0.002807250876797743
0.002807250876797743
0.002795617446587882
0.002795617446587882
0.002783938723378122
0.002783938723378122
0.002772214896380477
0.002772214896380477
0.002760446155537708
0.002760446155537708
0.002748632691520244
0.002748632691520244
0.002736774695723094
0.002736774695723094
0.002724872360262743
0.002724872360262743
0.002712925877974046
0.002712925877974046
0.002700935442407097
0.002700935442407097
0.002688901247824096
0.002688901247824096
0.002676823489196202
0.002676823489196202
0.002664702362200375
0.002664702362200375
0.002652538063216203
0.002652538063216203
0.002640330789322722
0.002640330789322722
0.002628080738295224
0.002628080738295224
0.002615788108602051
0.002615788108602051
0.002603453099401381
0.002603453099401381
0.002591075910538
0.002591075910538
0.002578656742540065
0.002578656742540065
0.002566195796615854
0.002566195796615854
0.002553693274650509
0.002553693274650509
0.002541149379202762
0.002541149379202762
0.002528564313501656
0.002528564313501656
0.002515938281443248
0.002515938281443248
0.002503271487587313
0.002503271487587313
0.002490564137154021
0.002490564137154021
0.002477816436020619
0.002477816436020619
0.002465028590718092
0.002465028590718092
0.00245220080842782
0.00245220080842782
0.002439333296978216
0.002439333296978216
0.002426426264841366
0.002426426264841366
0.002413479921129643
0.002413479921129643
0.002400494475592328
0.002400494475592328
0.002387470138612206
0.002387470138612206
0.002374407121202159
0.002374407121202159
0.002361305635001745
0.002361305635001745
0.002348165892273776
0.002348165892273776
0.00233498810590087
0.00233498810590087
0.002321772489382009
0.002321772489382009
0.002308519256829078
0.002308519256829078
0.002295228622963393
0.002295228622963393
0.002281900803112226
0.002281900803112226
0.002268536013205317
0.002268536013205317
0.00225513446977137
0.00225513446977137
0.002241696389934551
0.002241696389934551
0.00222822199141097
0.00222822199141097
0.002214711492505146
0.002214711492505146
0.002201165112106482
0.002201165112106482
0.002187583069685708
0.002187583069685708
0.002173965585291332
0.002173965585291332
0.002160312879546073
0.002160312879546073
0.002146625173643283
0.002146625173643283
0.002132902689343371
0.002132902689343371
0.002119145648970204
0.002119145648970204
0.002105354275407504
0.002105354275407504
0.002091528792095245
0.002091528792095245
0.002077669423026024
0.002077669423026024
0.002063776392741436
0.002063776392741436
0.002049849926328438
0.002049849926328438
0.002035890249415697
0.002035890249415697
0.002021897588169941
0.002021897588169941
0.002007872169292289
0.002007872169292289
0.00199381422001458
0.00199381422001458
0.001979723968095695
0.001979723968095695
0.001965601641817861
0.001965601641817861
0.001951447469982957
0.001951447469982957
0.001937261681908805
0.001937261681908805
0.001923044507425455
0.001923044507425455
0.001908796176871463
0.001908796176871463
0.001894516921090157
0.001894516921090157
0.001880206971425897
0.001880206971425897
0.001865866559720331
0.001865866559720331
0.001851495918308632
0.001851495918308632
0.001837095280015739
0.001837095280015739
0.001822664878152584
0.001822664878152584
0.00180820494651231
0.00180820494651231
0.001793715719366486
0.001793715719366486
0.001779197431461309
0.001779197431461309
0.001764650318013804
0.001764650318013804
0.001750074614708008
0.001750074614708008
0.001735470557691156
0.001735470557691156
0.001720838383569855
0.001720838383569855
0.001706178329406248
0.001706178329406248
0.001691490632714173
0.001691490632714173
0.00167677553145532
0.00167677553145532
0.00166203326403537
0.00166203326403537
0.001647264069300136
0.001647264069300136
0.001632468186531689
0.001632468186531689
0.001617645855444489
0.001617645855444489
0.001602797316181493
0.001602797316181493
0.00158792280931027
0.00158792280931027
0.0015730225758191
0.0015730225758191
0.001558096857113073
0.001558096857113073
0.001543145895010174
0.001543145895010174
0.001528169931737367
0.001528169931737367
0.001513169209926674
0.001513169209926674
0.001498143972611238
0.001498143972611238
0.001483094463221388
0.001483094463221388
0.001468020925580698
0.001468020925580698
0.001452923603902032
0.001452923603902032
0.001437802742783589
0.001437802742783589
0.001422658587204944
0.001422658587204944
0.001407491382523073
0.001407491382523073
0.001392301374468381
0.001392301374468381
0.001377088809140721
0.001377088809140721
0.001361853933005406
0.001361853933005406
0.001346596992889216
0.001346596992889216
0.001331318235976399
0.001331318235976399
0.001316017909804669
0.001316017909804669
0.00130069626226119
0.00130069626226119
0.001285353541578565
0.001285353541578565
0.00126998999633081
0.00126998999633081
0.001254605875429333
0.001254605875429333
0.001239201428118894
0.001239201428118894
0.001223776903973572
0.001223776903973572
0.001208332552892719
0.001208332552892719
0.001192868625096914
0.001192868625096914
0.001177385371123905
0.001177385371123905
0.001161883041824553
0.001161883041824553
0.00114636188835877
0.00114636188835877
0.001130822162191443
0.001130822162191443
0.001115264115088368
0.001115264115088368
0.001099687999112164
0.001099687999112164
0.001084094066618196
0.001084094066618196
0.00106848257025048
0.00106848257025048
0.001052853762937595
0.001052853762937595
0.001037207897888585
0.001037207897888585
0.001021545228588852
0.001021545228588852
0.001005866008796054
0.001005866008796054
0.0009901704925359953
0.0009901704925359953
0.0009744589340985048
0.0009744589340985048
0.0009587315880333221
0.0009587315880333221
0.0009429887091459714
0.0009429887091459714
0.0009272305524936343
0.0009272305524936343
0.0009114573733810174
0.0009114573733810174
0.0008956694273562167
0.0008956694273562167
0.0008798669702065782
0.0008798669702065782
0.0008640502579545539
0.0008640502579545539
0.0008482195468535548
0.0008482195468535548
0.0008323750933838
0.0008323750933838
0.0008165171542481625
0.0008165171542481625
0.000800645986368011
0.000800645986368011
0.0007847618468790489
0.0007847618468790489
0.0007688649931271501
0.0007688649931271501
0.0007529556826641907
0.0007529556826641907
0.0007370341732438792
0.0007370341732438792
0.0007211007228175823
0.0007211007228175823
0.0007051555895301494
0.0007051555895301494
0.0006891990317157328
0.0006891990317157328
0.0006732313078936076
0.0006732313078936076
0.0006572526767639874
0.0006572526767639874
0.0006412633972038396
0.0006412633972038396
0.0006252637282626984
0.0006252637282626984
0.0006092539291584769
0.0006092539291584769
0.000593234259273278
0.000593234259273278
0.000577204978149206
0.000577204978149206
0.0005611663454841776
0.0005611663454841776
0.0005451186211277358
0.0005451186211277358
0.0005290620650768654
0.0005290620650768654
0.0005129969374718136
0.0005129969374718136
0.0004969234985919162
0.0004969234985919162
0.0004808420088514341
0.0004808420088514341
0.0004647527287954018
0.0004647527287954018
0.0004486559190954947
0.0004486559190954947
0.0004325518405459215
0.0004325518405459215
0.0004164407540593514
0.0004164407540593514
0.0004003229206628915
0.0004003229206628915
0.0003841986014941333
0.0003841986014941333
0.0003680680577972983
0.0003680680577972983
0.0003519315509195263
0.0003519315509195263
0.0003357893423073726
0.0003357893423073726
0.0003196416935036126
0.0003196416935036126
0.0003034888661445115
0.0003034888661445115
0.0002873311219578071
0.0002873311219578071
0.0002711687227618105
0.0002711687227618105
0.0002550019304663006
0.0002550019304663006
0.000238831007076376
0.000238831007076376
0.0002226562147013255
0.0002226562147013255
0.0002064778155723065
0.0002064778155723065
0.0001902960720760843
0.0001902960720760843
0.000174111246819365
0.000174111246819365
0.000157923602754448
0.000157923602754448
0.0001417334034353608
0.0001417334034353608
0.0001255409135722223
0.0001255409135722223
0.0001093464003292089
0.0001093464003292089
0.00009315013668915863
0.00009315013668915863
0.0000769524114225636
0.0000769524114225636
0.00006075356451656352
0.00006075356451656352
0.00004455415096958218
0.00004455415096958218
0.00002835609585801577
0.00002835609585801577
0.00001218153184534996
0.00001218153184534996