0.01088922485200079
0.01088922485200079
0.0108879336303947
0.0108879336303947
0.01088535134029289
0.01088535134029289
0.01088147828789795
0.01088147828789795
0.01087631493246835
0.01087631493246835
0.01086986188626403
0.01086986188626403
0.01086211991447379
0.01086211991447379
0.0108530899351245
0.0108530899351245
0.01084277301897231
0.01084277301897231
0.01083117038937567
0.01083117038937567
0.01081828342215022
0.01081828342215022
0.0108041136454057
0.0108041136454057
0.01078866273936473
0.01078866273936473
0.01077193253616358
0.01077193253616358
0.0107539250196349
0.0107539250196349
0.0107346423250725
0.0107346423250725
0.01071408673897815
0.01071408673897815
0.01069226069879045
0.01069226069879045
0.01066916679259578
0.01066916679259578
0.01064480775882146
0.01064480775882146
0.01061918648591098
0.01061918648591098
0.01059230601198153
0.01059230601198153
0.01056416952446373
0.01056416952446373
0.01053478035972369
0.01053478035972369
0.01050414200266736
0.01050414200266736
0.01047225808632731
0.01047225808632731
0.01043913239143195
0.01043913239143195
0.01040476884595721
0.01040476884595721
0.01036917152466074
0.01036917152466074
0.01033234464859878
0.01033234464859878
0.01029429258462561
0.01029429258462561
0.01025501984487572
0.01025501984487572
0.01021453108622883
0.01021453108622883
0.01017283110975762
0.01017283110975762
0.01012992486015846
0.01012992486015846
0.01008581742516509
0.01008581742516509
0.01004051403494529
0.01004051403494529
0.009994020061480753
0.009994020061480753
0.009946341017930026
0.009946341017930026
0.00989748255797481
0.00989748255797481
0.009847450475149549
0.009847450475149549
0.009796250702154439
0.009796250702154439
0.009743889310151949
0.009743889310151949
0.00969037250804691
0.00969037250804691
0.009635706641750276
0.009635706641750276
0.009579898193426642
0.009579898193426642
0.009522953780725601
0.009522953780725601
0.009464880155997037
0.009464880155997037
0.009405684205490445
0.009405684205490445
0.009345372948538375
0.009345372948538375
0.009283953536724093
0.009283953536724093
0.009221433253033561
0.009221433253033561
0.009157819510991839
0.009157819510991839
0.009093119853783999
0.009093119853783999
0.009027341953360677
0.009027341953360677
0.008960493609528342
0.008960493609528342
0.008892582749024416
0.008892582749024416
0.008823617424577338
0.008823617424577338
0.008753605813951684
0.008753605813951684
0.008682556218978472
0.008682556218978472
0.008610477064570741
0.008610477064570741
0.008537376897724546
0.008537376897724546
0.008463264386505476
0.008463264386505476
0.008388148319020806
0.008388148319020806
0.008312037602377428
0.008312037602377428
0.008234941261625663
0.008234941261625663
0.008156868438689089
0.008156868438689089
0.008077828391280512
0.008077828391280512
0.007997830491804203
0.007997830491804203
0.007916884226244543
0.007916884226244543
0.007834999193041193
0.007834999193041193
0.00775218510195093
0.00775218510195093
0.007668451772896286
0.007668451772896286
0.007583809134801124
0.007583809134801124
0.007498267224413284
0.007498267224413284
0.007411836185114451
0.007411836185114451
0.007324526265717371
0.007324526265717371
0.007236347819250572
0.007236347819250572
0.007147311301730724
0.007147311301730724
0.007057427270922784
0.007057427270922784
0.006966706385088084
0.006966706385088084
0.006875159401720496
0.006875159401720496
0.006782797176270831
0.006782797176270831
0.006689630660859625
0.006689630660859625
0.006595670902978465
0.006595670902978465
0.006500929044179996
0.006500929044179996
0.006405416318756786
0.006405416318756786
0.006309144052409189
0.006309144052409189
0.006212123660902371
0.006212123660902371
0.006114366648712654
0.006114366648712654
0.006015884607663348
0.006015884607663348
0.005916689215550215
0.005916689215550215
0.005816792234756755
0.005816792234756755
0.005716205510859447
0.005716205510859447
0.005614940971223137
0.005614940971223137
0.005513010623586725
0.005513010623586725
0.00541042655463932
0.00541042655463932
0.005307200928587045
0.005307200928587045
0.005203345985710642
0.005203345985710642
0.005098874040914061
0.005098874040914061
0.004993797482264213
0.004993797482264213
0.004888128769522037
0.004888128769522037
0.004781880432665085
0.004781880432665085
0.004675065070401773
0.004675065070401773
0.004567695348677505
0.004567695348677505
0.004459783999172818
0.004459783999172818
0.004351343817793758
0.004351343817793758
0.004242387663154643
0.004242387663154643
0.004132928455053418
0.004132928455053418
0.004022979172939772
0.004022979172939772
0.003912552854376216
0.003912552854376216
0.003801662593492304
0.003801662593492304
0.003690321539432198
0.003690321539432198
0.003578542894795773
0.003578542894795773
0.003466339914073471
0.003466339914073471
0.003353725902075104
0.003353725902075104
0.003240714212352851
0.003240714212352851
0.003127318245618665
0.003127318245618665
0.003013551448156368
0.003013551448156368
0.002899427310228713
0.002899427310228713
0.002784959364479761
0.002784959364479761
0.002670161184332963
0.002670161184332963
0.002555046382385475
0.002555046382385475
0.002439628608799358
0.002439628608799358
0.002323921549690598
0.002323921549690598
0.002207938925517278
0.002207938925517278
0.002091694489468909
0.002091694489468909
0.001975202025860079
0.001975202025860079
0.001858475348533565
0.001858475348533565
0.001741528299281606
0.001741528299281606
0.001624374746300621
0.001624374746300621
0.00150702858270731
0.00150702858270731
0.001389503725169401
0.001389503725169401
0.001271814112757619
0.001271814112757619
0.001153973706243946
0.001153973706243946
0.001035996488352585
0.001035996488352585
0.0009178964661915585
0.0009178964661915585
0.0007996876791248712
0.0007996876791248712
0.0006813842217688163
0.0006813842217688163
0.0005630003153247211
0.0005630003153247211
0.0004445505652537915
0.0004445505652537915
0.000326051158467126
0.000326051158467126
0.0002075283156932683
0.0002075283156932683
0.0000891561625036044
0.0000891561625036044