0.00185948062504502404662556806602
0.00185947741031216063652916258726
0.00185947741031216063652916258726
0.00185946776612468588358765479391
0.00185946776612468588358765479391
0.00185945169251594618141054582682
0.00185945169251594618141054582682
0.00185942918954151872456838785163
0.00185942918954151872456838785163
0.00185940025727921131642532457215
0.00185940025727921131642532457215
0.00185936489582906210010557818127
0.00185936489582906210010557818127
0.00185932310531333921259481297802
0.00185932310531333921259481297802
0.00185927488587654036197757165314
0.00185927488587654036197757165314
0.00185922023768539232781224601556
0.00185922023768539232781224601556
0.00185915916092885038464530969702
0.00185915916092885038464530969702
0.00185909165581809764866680613099
0.00185909165581809764866680613099
0.00185901772258654434750935085381
0.00185901772258654434750935085381
0.00185893736148982701319317292058
0.00185893736148982701319317292058
0.0018588505728058075982199859632
0.0018588505728058075982199859632
0.00185875735683457251481874514434
0.00185875735683457251481874514434
0.00185865771389843159734661197582
0.00185865771389843159734661197582
0.00185855164434191698784871467406
0.00185855164434191698784871467406
0.00185843914853178194478055741625
0.00185843914853178194478055741625
0.00185832022685699957489719753919
0.00185832022685699957489719753919
0.00185819487972876148831357538626
0.00185819487972876148831357538626
0.00185806310758047637674064715678
0.00185806310758047637674064715678
0.00185792491086776851490223674446
0.00185792491086776851490223674446
0.00185778029006847618513778816724
0.00185778029006847618513778816724
0.00185762924568265002519646578824
0.00185762924568265002519646578824
0.00185747177823255129922831510672
0.00185747177823255129922831510672
0.00185730788826265009197846245642
0.00185730788826265009197846245642
0.0018571375763396234261905974876
0.0018571375763396234261905974876
0.00185696084305235330322624782538
0.00185696084305235330322624782538
0.00185677768901192466690662079153
0.00185677768901192466690662079153
0.00185658811485162329058405254756
0.00185658811485162329058405254756
0.0018563921212269335874503704636
0.0018563921212269335874503704636
0.00185618970881553634408973993851
0.00185618970881553634408973993851
0.00185598087831730637728383229206
0.00185598087831730637728383229206
0.00185576563045431011407741571771
0.00185576563045431011407741571771
0.00185554396597080309511273662455
0.00185554396597080309511273662455
0.00185531588563322740124132400808
0.00185531588563322740124132400808
0.00185508139023020900342211477041
0.00185508139023020900342211477041
0.00185484048057255503591506316114
0.00185484048057255503591506316114
0.00185459315749325099277966272871
0.00185459315749325099277966272871
0.00185433942184745784768807435819
0.00185433942184745784768807435819
0.00185407927451250909706281912403
0.00185407927451250909706281912403
0.00185381271638790772654925980452
0.00185381271638790772654925980452
0.00185353974839532310083335998748
0.00185353974839532310083335998748
0.00185326037147858777681547474321
0.00185326037147858777681547474321
0.00185297458660369424015119185012
0.00185297458660369424015119185012
0.00185268239475879156517050752981
0.00185268239475879156517050752981
0.00185238379695418199818688558037
0.00185238379695418199818688558037
0.00185207879422231746420801368929
0.00185207879422231746420801368929
0.00185176738761779599706033555856
0.00185176738761779599706033555856
0.00185144957821735809293970228443
0.00185144957821735809293970228443
0.00185112536711988298740075120123
0.00185112536711988298740075120123
0.00185079475544638485579788512202
0.00185079475544638485579788512202
0.00185045774434000893719098958794
0.00185045774434000893719098958794
0.00185011433496602758172929037142
0.00185011433496602758172929037142
0.00184976452851183622152701806565
0.00184976452851183622152701806565
0.0018494083261869492650448111326
0.0018494083261869492650448111326
0.0018490457292229959149910532736
0.0018490457292229959149910532736
0.00184867673887371590975760542911
0.00184867673887371590975760542911
0.00184830135641495518840465710698
0.00184830135641495518840465710698
0.00184791958314466147920968608015
0.00184791958314466147920968608015
0.00184753142038287981179577978478
0.00184753142038287981179577978478
0.00184713686947174795285483598682
0.00184713686947174795285483598682
0.00184673593177549176548142446851
0.00184673593177549176548142446851
0.00184632860868042049213335561553
0.00184632860868042049213335561553
0.00184591490159492196123526585849
0.00184591490159492196123526585849
0.00184549481194945771744179393998
0.00184549481194945771744179393998
0.0018450683411965580755771859378
0.0018450683411965580755771859378
0.00184463549081081709826843087676
0.00184463549081081709826843087676
0.00184419626228888749728929260373
0.00184419626228888749728929260373
0.00184375065714947545863286738296
0.00184375065714947545863286738296
0.00184329867693333539133056039011
0.00184329867693333539133056039011
0.00184284032320326460003563794303
0.00184284032320326460003563794303
0.00184237559754409788138977590402
0.00184237559754409788138977590402
0.00184190450156270204419128822121
0.00184190450156270204419128822121
0.00184142703688797035338398304551
0.00184142703688797035338398304551
0.00184094320517081689788585726216
0.00184094320517081689788585726216
0.00184045300808417088227710361267
0.00184045300808417088227710361267
0.00183995644732297084236716785191
0.00183995644732297084236716785191
0.00183945352460415878466085658632
0.00183945352460415878466085658632
0.00183894424166667424974375957067
0.00183894424166667424974375957067
0.0018384286002714482996075133028
0.0018384286002714482996075133028
0.00183790660220139742893569574635
0.00183790660220139742893569574635
0.00183737824926141740037140493027
0.00183737824926141740037140493027
0.00183684354327837700378783702031
0.00183684354327837700378783702031
0.00183630248610111173958344222955
0.00183630248610111173958344222955
0.00183575507960041742602349963321
0.00183575507960041742602349963321
0.00183520132566904373065021457497
0.00183520132566904373065021457497
0.00183464122622168762578370489789
0.00183464122622168762578370489789
0.00183407478319498676813650470156
0.00183407478319498676813650470156
0.00183350199854751280256447671722
0.00183350199854751280256447671722
0.00183292287425976458997728670368
0.00183292287425976458997728670368
0.001832337412334161359431855498
0.001832337412334161359431855498
0.00183174561479503578443246650488
0.00183174561479503578443246650488
0.00183114748368862698346146847674
0.00183114748368862698346146847674
0.00183054302108307344476477542221
0.00183054302108307344476477542221
0.00182993222906840587541662738216
0.00182993222906840587541662738216
0.00182931510975653997468833762967
0.00182931510975653997468833762967
0.00182869166528126913174601358211
0.00182869166528126913174601358211
0.00182806189779825704770250035842
0.00182806189779825704770250035842
0.001827425809485030282049057473
0.001827425809485030282049057473
0.00182678340254097072349254062713
0.00182678340254097072349254062713
0.00182613467918730798522412193949
0.00182613467918730798522412193949
0.00182547964166711172464584324805
0.00182547964166711172464584324805
0.00182481829224528388758155831518
0.00182481829224528388758155831518
0.00182415063320855087699908087591
0.00182415063320855087699908087591
0.00182347666686545564627061648411
0.00182347666686545564627061648411
0.00182279639554634971699881703314
0.00182279639554634971699881703314
0.00182210982160338512143605765445
0.00182210982160338512143605765445
0.00182141694741050626952479642909
0.00182141694741050626952479642909
0.00182071777536344174058713798249
0.00182071777536344174058713798249
0.00182001230787969599969198257063
0.00182001230787969599969198257063
0.00181930054739854103872840270582
0.00181930054739854103872840270582
0.00181858249638100794221414971103
0.00181858249638100794221414971103
0.00181785815730987837786845283258
0.00181785815730987837786845283258
0.00181712753268967601197853368113
0.00181712753268967601197853368113
0.00181639062504665784958951880919
0.00181639062504665784958951880919
0.00181564743692880549954769316913
0.00181564743692880549954769316913
0.00181489797090581636442729702763
0.00181489797090581636442729702763
0.00181414222956909475537132864062
0.00181414222956909475537132864062
0.00181338021553174293187707461471
0.00181338021553174293187707461471
0.0018126119314285520665573493977
0.0018126119314285520665573493977
0.00181183737991599313490868474942
0.00181183737991599313490868474942
0.00181105656367220773011796934561
0.00181105656367220773011796934561
0.00181026948539699880293929785925
0.00181026948539699880293929785925
0.00180947614781182132667304794632
0.00180947614781182132667304794632
0.00180867655365977288727946253456
0.00180867655365977288727946253456
0.00180787070570558419865927367352
0.00180787070570558419865927367352
0.00180705860673560954313416295209
0.00180705860673560954313416295209
0.00180624025955781713716011212338
0.00180624025955781713716011212338
0.00180541566700177942230695609702
0.00180541566700177942230695609702
0.00180458483191866328153770886315
0.00180458483191866328153770886315
0.00180374775718122018082149120139
0.00180374775718122018082149120139
0.00180290444568377623611414719917
0.00180290444568377623611414719917
0.00180205490034222220574089465798
0.00180205490034222220574089465798
0.00180119912409400340821561240069
0.00180119912409400340821561240069
0.00180033711989810956553162530859
0.00180033711989810956553162530859
0.00179946889073506457195910561166
0.00179946889073506457195910561166
0.00179859443960691618838446652862
0.00179859443960691618838446652862
0.00179771376953722566222738180483
0.00179771376953722566222738180483
0.00179682688357105727297132202328
0.00179682688357105727297132202328
0.00179593378477496780334375576847
0.00179593378477496780334375576847
0.00179503447623699593618242080077
0.00179503447623699593618242080077
0.00179412896106665157702432735261
0.00179412896106665157702432735261
0.00179321724239490510245441248328
0.00179321724239490510245441248328
0.00179229932337417653425102112793
0.00179229932337417653425102112793
0.00179137520717832463936564604604
0.00179137520717832463936564604604
0.00179044489700263595577461531542
0.00179044489700263595577461531542
0.00178950839606381374424067232751
0.00178950839606381374424067232751
0.00178856570759996686602264941906
0.00178856570759996686602264941906
0.00178761683487059858657169232206
0.00178761683487059858657169232206
0.00178666178115659530525274852761
0.00178666178115659530525274852761
0.00178570054976021521113028843945
0.00178570054976021521113028843945
0.00178473314400507686485748383837
0.00178473314400507686485748383837
0.00178375956723614770670832368812
0.00178375956723614770670832368812
0.00178277982281973249079240268679
0.00178277982281973249079240268679
0.00178179391414346164549237320339
0.00178179391414346164549237320339
0.0017808018446162795601643063367
0.0017808018446162795601643063367
0.00177980361766843279814146279209
0.00177980361766843279814146279209
0.00177879923675145823608222909002
0.00177879923675145823608222909002
0.0017777887053381711297032292975
0.0017777887053381711297032292975
0.00177677202692265310593887700929
0.00177677202692265310593887700929
0.00177574920502024008156888669865
0.00177574920502024008156888669865
0.00177472024316751010835551780656
0.00177472024316751010835551780656
0.00177368514492227114473257904354
0.00177368514492227114473257904354
0.00177264391386354875408847433754
0.00177264391386354875408847433754
0.00177159655359157372968582567488
0.00177159655359157372968582567488
0.0017705430677277696462604617476
0.0017705430677277696462604617476
0.00176948345991474033834281483877
0.00176948345991474033834281483877
0.00176841773381625730534502174712
0.00176841773381625730534502174712
0.0017673458931172470434572777719
0.0017673458931172470434572777719
0.0017662679415237783043972458484
0.0017662679415237783043972458484
0.00176518388276304928105657584226
0.00176518388276304928105657584226
0.00176409372058337472008884177616
0.00176409372058337472008884177616
0.00176299745875417296148345737481
0.00176299745875417296148345737481
0.00176189510106595290517038277248
0.00176189510106595290517038277248
0.00176078665133030090470068753021
0.00176078665133030090470068753021
0.00175967211337986758804828725784
0.00175967211337986758804828725784
0.00175855149106835460557842312621
0.00175855149106835460557842312621
0.00175742478827050130522870538837
0.00175742478827050130522870538837
0.0017562920088820713349487937034
0.0017562920088820713349487937034
0.00175515315681983917244503857167
0.00175515315681983917244503857167
0.00175400823602157658227665954586
0.00175400823602157658227665954586
0.0017528572504460390003502870763
0.0017528572504460390003502870763
0.00175170020407295184585994588122
0.00175170020407295184585994588122
0.00175053710090299676071980860242
0.00175053710090299676071980860242
0.00174936794495779777653729921254
0.00174936794495779777653729921254
0.00174819274027990740917437618151
0.00174819274027990740917437618151
0.0017470114909327926809450757858
0.0017470114909327926809450757858
0.0017458242010008210704976461538
0.0017458242010008210704976461538
0.00174463087458924639042985268343
0.00174463087458924639042985268343
0.00174343151582419459268628534253
0.00174343151582419459268628534253
0.00174222612885264950178674806852
0.00174222612885264950178674806852
0.00174101471784243847593506002007
0.00174101471784243847593506002007
0.00173979728698221799605784779883
0.00173979728698221799605784779883
0.00173857384048145918282315695354
0.00173857384048145918282315695354
0.00173734438257043324168896010067
0.00173734438257043324168896010067
0.00173610891750019683603188784451
0.00173610891750019683603188784451
0.00173486744954257738840675735401
0.00173486744954257738840675735401
0.0017336199829901583099877219539
0.0017336199829901583099877219539
0.00173236652215626415824211341134
0.00173236652215626415824211341134
0.00173110707137494572288829674699
0.00173110707137494572288829674699
0.0017298416350009650401891053695
0.0017298416350009650401891053695
0.00172857021740978033563267212395
0.00172857021740978033563267212395
0.00172729282299753089505271945762
0.00172729282299753089505271945762
0.00172600945618102186424061933867
0.00172600945618102186424061933867
0.0017247201213977089771017808154
0.0017247201213977089771017808154
0.00172342482310568321240917017338
0.00172342482310568321240917017338
0.00172212356578365537920701553539
0.00172212356578365537920701553539
0.00172081635393094063091799445266
0.00172081635393094063091799445266
0.00171950319206744290820744955619
0.00171950319206744290820744955619
0.00171818408473363931065842367061
0.00171818408473363931065842367061
0.0017168590364905643973115519424
0.0017168590364905643973115519424
0.00171552805191979441612409449529
0.00171552805191979441612409449529
0.00171419113562343146240263890003
0.00171419113562343146240263890003
0.00171284829222408756626424733107
0.00171284829222408756626424733107
0.00171149952636486870918106867855
0.00171149952636486870918106867855
0.00171014484270935876966368109017
0.00171014484270935876966368109017
0.0017087842459416033981386754318
0.0017087842459416033981386754318
0.00170741774076609382107623497876
0.00170741774076609382107623497876
0.00170604533190775057442371127963
0.00170604533190775057442371127963
0.00170466702411190716640144057065
0.00170466702411190716640144057065
0.00170328282214429366971728936093
0.00170328282214429366971728936093
0.00170189273079102024325666185502
0.00170189273079102024325666185502
0.00170049675485856058330494572987
0.00170049675485856058330494572987
0.00169909489917373530435961643675
0.00169909489917373530435961643675
0.00169768716858369524958946365394
0.00169768716858369524958946365394
0.00169627356795590473099864677323
0.00169627356795590473099864677323
0.0016948541021781246993535293603
0.0016948541021781246993535293603
0.00169342877615839584393048538617
0.00169342877615839584393048538617
0.00169199759482502162214311268261
0.00169199759482502162214311268261
0.00169056056312655121910753152808
0.00169056056312655121910753152808
0.00168911768603176243720468852169
0.00168911768603176243720468852169
0.00168766896852964451569882794948
0.00168766896852964451569882794948
0.00168621441562938088047153469019
0.00168621441562938088047153469019
0.00168475403236033182393099434459
0.00168475403236033182393099434459
0.0016832878237720171151563577033
0.0016832878237720171151563577033
0.00168181579493409854033733789202
0.00168181579493409854033733789202
0.00168033795093636237356940954884
0.00168033795093636237356940954884
0.00167885429688870177806522019553
0.00167885429688870177806522019553
0.00167736483792109913784306456234
0.00167736483792109913784306456234
0.00167586957918360831995351301299
0.00167586957918360831995351301299
0.00167436852584633686730552539262
0.00167436852584633686730552539262
0.00167286168309942812215362158505
0.00167286168309942812215362158505
0.00167134905615304328030791981727
0.00167134905615304328030791981727
0.00166983065023734337612909328581
0.00166983065023734337612909328581
0.00166830647060247119837053500264
0.00166830647060247119837053500264
0.00166677652251853313693025986576
0.00166677652251853313693025986576
0.00166524081127558096057531185041
0.00166524081127558096057531185041
0.00166369934218359352570168289133
0.00166369934218359352570168289133
0.00166215212057245841619298848258
0.00166215212057245841619298848258
0.00166059915179195351444138325907
0.00166059915179195351444138325907
0.00165904044121172850359443784194
0.00165904044121172850359443784194
0.00165747599422128630109193602804
0.00165747599422128630109193602804
0.00165590581622996442355678897973
0.00165590581622996442355678897973
0.00165432991266691628310450042666
0.00165432991266691628310450042666
0.00165274828898109241513585402231
0.00165274828898109241513585402231
0.00165116095064122163767773090678
0.00165116095064122163767773090678
0.001649567903135792142337202211
0.001649567903135792142337202211
0.00164796915197303251693427769596
0.00164796915197303251693427769596
0.00164636470268089269987892795321
0.00164636470268089269987892795321
0.0016447545608070248663582335985
0.0016447545608070248663582335985
0.00164313873191876424639975066817
0.00164313873191876424639975066817
0.00164151722160310987487741697755
0.00164151722160310987487741697755
0.00163989003546670527352655952034
0.00163989003546670527352655952034
0.00163825717913581906503479807838
0.00163825717913581906503479807838
0.0016366186582563255192758750696
0.0016366186582563255192758750696
0.0016349744784936850317536762896
0.0016349744784936850317536762896
0.00163332464553292453432394159678
0.00163332464553292453432394159678
0.00163166916507861783826139875203
0.00163166916507861783826139875203
0.00163000804285486590974028755132
0.00163000804285486590974028755132
0.00162834128460527707779647508123
0.00162834128460527707779647508123
0.00162666889609294717483959638402
0.00162666889609294717483959638402
0.00162499088310043960978388803805
0.00162499088310043960978388803805
0.00162330725142976537386661514191
0.00162330725142976537386661514191
0.00162161800690236297922322493421
0.00162161800690236297922322493421
0.00161992315535907833028859278603
0.00161992315535907833028859278603
0.00161822270266014452809395856816
0.00161822270266014452809395856816
0.0016165166546851616075293834194
0.0016165166546851616075293834194
0.00161480501733307620764178872531
0.00161480501733307620764178872531
0.00161308779652216117503887065761
0.00161308779652216117503887065761
0.00161136499818999510046941492169
0.00161136499818999510046941492169
0.00160963662829344178865076741396
0.00160963662829344178865076741396
0.00160790269280862966141444729951
0.00160790269280862966141444729951
0.00160616319773093109424111958449
0.00160616319773093109424111958449
0.00160441814907494168625637457502
0.00160441814907494168625637457502
0.00160266755287445946375899168481
0.00160266755287445946375899168481
0.00160091141518246401735359487618
0.00160091141518246401735359487618
0.00159914974207109557275983659337
0.00159914974207109557275983659337
0.00159738253963163399537047637121
0.00159738253963163399537047637121
0.00159560981397447772863094937679
0.00159560981397447772863094937679
0.00159383157122912266631324896492
0.00159383157122912266631324896492
0.00159204781754414095875717589964
0.00159204781754414095875717589964
0.00159025855908715975315223521313
0.00159025855908715975315223521313
0.00158846380204483986793368973851
0.00158846380204483986793368973851
0.0015866635526228544013665071649
0.0015866635526228544013665071649
0.00158485781704586727439116501896
0.00158485781704586727439116501896
0.00158304660155751170780550527801
0.00158304660155751170780550527801
0.00158122991242036863385705736423
0.00158122991242036863385705736423
0.00157940775591594504232047505551
0.00157940775591594504232047505551
0.00157758013834465226113495937812
0.00157758013834465226113495937812
0.00157574706602578417167676581532
0.00157574706602578417167676581532
0.00157390854529749535874212017697
0.00157390854529749535874212017697
0.00157206458251677919531609322418
0.00157206458251677919531609322418
0.00157021518405944586220320963216
0.00157021518405944586220320963216
0.00156836035632010030259579210038
0.00156836035632010030259579210038
0.00156650010571212011165626638325
0.00156650010571212011165626638325
0.00156463443866763336118987771434
0.00156463443866763336118987771434
0.00156276336163749635948449353308
0.00156276336163749635948449353308
0.00156088688109127134639439159367
0.00156088688109127134639439159367
0.00155900500351720412374515644043
0.00155900500351720412374515644043
0.00155711773542220162113703087207
0.00155711773542220162113703087207
0.00155522508333180939722429238822
0.00155522508333180939722429238822
0.00155332705379018907654844771359
0.00155332705379018907654844771359
0.00155142365336009572200326132906
0.00155142365336009572200326132906
0.00154951488862285514300985650238
0.00154951488862285514300985650238
0.00154760076617834113948034960464
0.00154760076617834113948034960464
0.00154568129264495268164870052024
0.00154568129264495268164870052024
0.00154375647465959102584768370842
0.00154375647465959102584768370842
0.00154182631887763676631110595092
0.00154182631887763676631110595092
0.00153989083197292682308061802416
0.00153989083197292682308061802416
0.00153795002063773136609668846323
0.00153795002063773136609668846323
0.00153600389158273067555352823898
0.00153600389158273067555352823898
0.00153405245153699193859797554758
0.00153405245153699193859797554758
0.00153209570724794598245257001335
0.00153209570724794598245257001335
0.0015301336654813639440432654297
0.0015301336654813639440432654297
0.00152816633302133387621244970882
0.00152816633302133387621244970882
0.00152619371667023729059815997782
0.00152619371667023729059815997782
0.00152421582324872563726059974608
0.00152421582324872563726059974608
0.0015222326595956967211372837756
0.0015222326595956967211372837756
0.00152024423256827105540835471161
0.00152024423256827105540835471161
0.00151825054904176815185383367428
0.00151825054904176815185383367428
0.00151625161590968274828478487373
0.00151625161590968274828478487373
0.00151424744008366097313059188738
0.00151424744008366097313059188738
0.00151223802849347644726476053266
0.00151223802849347644726476053266
0.00151022338808700632315188027589
0.00151022338808700632315188027589
0.00150820352583020726139859284102
0.00150820352583020726139859284102
0.00150617844870709134479163311806
0.00150617844870709134479163311806
0.00150414816371970192990622361975
0.00150414816371970192990622361975
0.00150211267788808943636831959635
0.00150211267788808943636831959635
0.00150007199825028707385441749026
0.00150007199825028707385441749026
0.00149802613186228650691285469548
0.00149802613186228650691285469548
0.00149597508579801345769074357912
0.00149597508579801345769074357912
0.00149391886714930324665089742417
0.00149391886714930324665089742417
0.00149185748302587627136332036246
0.00149185748302587627136332036246
0.00148979094055531342345604748473
0.00148979094055531342345604748473
0.00148771924688303144381033513861
0.00148771924688303144381033513861
0.00148564240917225821608541495639
0.00148564240917225821608541495639
0.00148356043460400799865823838996
0.00148356043460400799865823838996
0.00148147333037705659506385147086
0.00148147333037705659506385147086
0.00147938110370791646302225215803
0.00147938110370791646302225215803
0.00147728376183081176213779498302
0.00147728376183081176213779498302
0.00147518131199765334035741975269
0.00147518131199765334035741975269
0.00147307376147801365927419282083
0.00147307376147801365927419282083
0.001470961117559101658362860893
0.001470961117559101658362860893
0.00146884338754573755823432848143
0.00146884338754573755823432848143
0.00146672057876032760299618097926
0.00146672057876032760299618097926
0.00146459269854283874180658587456
0.00146459269854283874180658587456
0.00146245975425077324970911487347
0.00146245975425077324970911487347
0.00146032175325914328783623964839
0.00146032175325914328783623964839
0.00145817870296044540306946357004
0.00145817870296044540306946357004
0.00145603061076463496724426112108
0.00145603061076463496724426112108
0.00145387748409910055598820572299
0.00145387748409910055598820572299
0.00145171933040863826728087543627
0.00145171933040863826728087543627
0.00144955615715542597982433441611
0.00144955615715542597982433441611
0.0014473879718189975513131961207
0.0014473879718189975513131961207
0.00144521478189621695669348207666
0.00144521478189621695669348207666
0.00144303659490125236649969750492
0.00144303659490125236649969750492
0.00144085341836555016535975229997
0.00144085341836555016535975229997
0.00143866525983780891075756273514
0.00143866525983780891075756273514
0.00143647212688395323214337583561
0.00143647212688395323214337583561
0.00143427402708710767048206461883
0.00143427402708710767048206461883
0.00143207096804757045832984834751
0.00143207096804757045832984834751
0.00142986295738278724053009757338
0.00142986295738278724053009757338
0.00142765000272732473561908906962
0.00142765000272732473561908906962
0.00142543211173284433803278075476
0.00142543211173284433803278075476
0.0014232092920680756612058814017
0.0014232092920680756612058814017
0.00142098155141879002165469430008
0.00142098155141879002165469430008
0.00141874889748777386413541809883
0.00141874889748777386413541809883
0.00141651133799480212796979179716
0.00141651133799480212796979179716
0.00141426888067661155463017427624
0.00141426888067661155463017427624
0.00141202153328687393667635186908
0.00141202153328687393667635186908
0.00140976930359616930813657025221
0.00140976930359616930813657025221
0.00140751219939195907642548940972
0.00140751219939195907642548940972
0.00140525022847855909589196256543
0.00140525022847855909589196256543
0.00140298339867711268308974180444
0.00140298339867711268308974180444
0.00140071171782556357386441460733
0.00140071171782556357386441460733
0.00139843519377862882235007670116
0.00139843519377862882235007670116
0.00139615383440777164196944748773
0.00139615383440777164196944748773
0.00139386764760117418853133484275
0.00139386764760117418853133484275
0.00139157664126371028551955628762
0.00139157664126371028551955628762
0.00138928082331691809166762341827
0.00138928082331691809166762341827
0.00138698020169897271091369603224
0.00138698020169897271091369603224
0.00138467478436465874483051162519
0.00138467478436465874483051162519
0.00138236457928534278762519483025
0.00138236457928534278762519483025
0.00138004959444894586380404994822
0.00138004959444894586380404994822
0.0013777298378599158085976379619
0.0013777298378599158085976379619
0.00137540531753919959124163734394
0.00137540531753919959124163734394
0.00137307604152421558120918555324
0.00137307604152421558120918555324
0.00137074201786882575749059536984
0.00137074201786882575749059536984
0.00136840325464330786101653714169
0.00136840325464330786101653714169
0.00136605975993432749032097460746
0.00136605975993432749032097460746
0.00136371154184491014054033821793
0.00136371154184491014054033821793
0.00136135860849441318584561580289
0.00136135860849441318584561580289
0.00135900096801849780540423602078
0.00135900096801849780540423602078
0.00135663862856910085296881528345
0.00135663862856910085296881528345
0.0013542715983144066701900337683
0.0013542715983144066701900337683
0.00135189988543881884375110071308
0.00135189988543881884375110071308
0.00134952349814293190642146343522
0.00134952349814293190642146343522
0.00134714244464350298212760842603
0.00134714244464350298212760842603
0.00134475673317342337513899644086
0.00134475673317342337513899644086
0.00134236637198169010346736673704
0.00134236637198169010346736673704
0.00133997136933337737657783850379
0.00133997136933337737657783850379
0.00133757173350960801751043007932
0.00133757173350960801751043007932
0.00133516747280752482951080876064
0.00133516747280752482951080876064
0.00133275859554026190726927588063
0.00133275859554026190726927588063
0.00133034511003691589286718335307
0.00133034511003691589286718335307
0.00132792702464251717653016906983
0.00132792702464251717653016906983
0.00132550434771800104228778937421
0.00132550434771800104228778937421
0.0013230770876401787586393173298
0.0013230770876401787586393173298
0.00132064525280170861432566565486
0.00132064525280170861432566565486
0.001318208851611066899307582997
0.001318208851611066899307582997
0.0013157678924925188310504616815
0.0013157678924925188310504616815
0.00131332238388608942621628417845
0.00131332238388608942621628417845
0.00131087233424753431786342429769
0.00131087233424753431786342429769
0.00130841775204831051825520753677
0.00130841775204831051825520753677
0.00130595864577554712737832307361
0.00130595864577554712737832307361
0.00130349502393201598727236761338
0.00130349502393201598727236761338
0.00130102689503610228227198866606
0.00130102689503610228227198866606
0.00129855426762177508526328184773
0.00129855426762177508526328184773
0.00129607715023855785005628346324
0.00129607715023855785005628346324
0.00129359555145149884997558594103
0.00129359555145149884997558594103
0.00129110947984114156277128965067
0.00129110947984114156277128965067
0.00128861894400349500195269024016
0.00128861894400349500195269024016
0.00128612395255000399464728588283
0.00128612395255000399464728588283
0.00128362451410751940608787372126
0.00128362451410751940608787372126
0.00128112063731826831083068933821
0.00128112063731826831083068933821
0.00127861233083982411080772727111
0.00127861233083982411080772727111
0.00127609960334507660031656441638
0.00127609960334507660031656441638
0.00127358246352220197805119164279
0.00127358246352220197805119164279
0.00127106092007463280627754204741
0.00127106092007463280627754204741
0.00126853498172102791725758704437
0.00126853498172102791725758704437
0.00126600465719524226702605387362
0.00126600465719524226702605387362
0.00126346995524629673662400015384
0.00126346995524629673662400015384
0.00126093088463834788089366278129
0.00126093088463834788089366278129
0.00125838745415065762493917979151
0.00125838745415065762493917979151
0.00125583967257756290835796475557
0.00125583967257756290835796475557
0.00125328754872844527734769387416
0.00125328754872844527734769387416
0.00125073109142770042479404616203
0.00125073109142770042479404616203
0.00124817030951470767844451698058
0.00124817030951470767844451698058
0.00124560521184379943727380467801
0.00124560521184379943727380467801
0.00124303580728423055614644923268
0.00124303580728423055614644923268
0.00124046210472014767888258056675
0.00124046210472014767888258056675
0.00123788411305055851983281260211
0.00123788411305055851983281260211
0.00123530184118930109406849716926
0.00123530184118930109406849716926
0.0012327152980650128962937295511
0.0012327152980650128962937295511
0.00123012449262110002858567474673
0.00123012449262110002858567474673
0.00122752943381570627706996047574
0.00122752943381570627706996047574
0.00122493013062168213763805950881
0.00122493013062168213763805950881
0.00122232659202655379081376010708
0.00122232659202655379081376010708
0.00121971882703249202587599917824
0.00121971882703249202587599917824
0.00121710684465628111434550821249
0.00121710684465628111434550821249
0.00121449065392928763294289714464
0.00121449065392928763294289714464
0.00121187026389742923612597600035
0.00121187026389742923612597600035
0.0012092456836211433783142885227
0.0012092456836211433783142885227
0.0012066169221753559859090059407
0.0012066169221753559859090059407
0.00120398398864945007921650263265
0.00120398398864945007921650263265
0.00120134689214723434438410865404
0.00120134689214723434438410865404
0.00119870564178691165545670694143
0.00119870564178691165545670694143
0.00119606024670104754666301546934
0.00119606024670104754666301546934
0.00119341071603653863504056672741
0.00119341071603653863504056672741
0.00119075705895458099350856859709
0.00119075705895458099350856859709
0.00118809928463063847449800204281
0.00118809928463063847449800204281
0.00118543740225441098424848198945
0.00118543740225441098424848198945
0.0011827714210298027078815783364
0.0011827714210298027078815783364
0.00118010135017489028536046425744
0.00118010135017489028536046425744
0.0011774271989218909384459287552
0.0011774271989218909384459287552
0.00117474897651713054875895987751
0.00117474897651713054875895987751
0.00117206669222101168706027406069
0.00117206669222101168706027406069
0.00116938035530798159385733574116
0.00116938035530798159385733574116
0.0011666899750665001114495796704
0.0011666899750665001114495796704
0.00116399556079900756752271627961
0.00116399556079900756752271627961
0.00116129712182189261040316796792
0.00116129712182189261040316796792
0.0011585946674654599960838513322
0.0011585946674654599960838513322
0.00115588820707389832713268711526
0.00115588820707389832713268711526
0.0011531777500052477435953860239
0.0011531777500052477435953860239
0.00115046330563136756600422455646
0.00115046330563136756600422455646
0.0011477448833379038906046905818
0.0011477448833379038906046905818
0.00114502249252425713691204362723
0.00114502249252425713691204362723
0.00114229614260354954770999966062
0.00114229614260354954770999966062
0.00113956584300259264160391459244
0.00113956584300259264160391459244
0.00113683160316185461824100477449
0.00113683160316185461824100477449
0.00113409343253542771631030643499
0.00113409343253542771631030643499
0.00113135134059099552443523926211
0.00113135134059099552443523926211
0.0011286053368098002450718022309
0.0011286053368098002450718022309
0.00112585543068660991152559226004
0.00112585543068660991152559226004
0.00112310163172968555820099838553
0.00112310163172968555820099838553
0.00112034394946074834419608584673
0.00112034394946074834419608584673
0.00111758239341494663035684579627
0.00111758239341494663035684579627
0.00111481697314082300990464726854
0.00111481697314082300990464726854
0.00111204769820028129275088857063
0.00111204769820028129275088857063
0.00110927457816855344361300539514
0.00110927457816855344361300539514
0.00110649762263416647404615269478
0.00110649762263416647404615269478
0.00110371684119890928850503670415
0.00110371684119890928850503670415
0.00110093224347779948455053244363
0.00110093224347779948455053244363
0.00109814383909905010731588059369
0.00109814383909905010731588059369
0.00109535163770403635834741578415
0.00109535163770403635834741578415
0.00109255564894726225893493610217
0.00109255564894726225893493610217
0.00108975588249632726804698098337
0.00108975588249632726804698098337
0.00108695234803189285498644161343
0.00108695234803189285498644161343
0.00108414505524764902688208453045
0.00108414505524764902688208453045
0.00108133401385028081113172528268
0.00108133401385028081113172528268
0.00107851923355943469291294475952
0.00107851923355943469291294475952
0.00107570072410768500787739617705
0.00107570072410768500787739617705
0.001072878495240500290144905661
0.001072878495240500290144905661
0.00107005255671620957571372393023
0.00107005255671620957571372393023
0.00106722291830596866140344074162
0.00106722291830596866140344074162
0.00106438958979372631944722751231
0.00106438958979372631944722751231
0.00106155258097619046785022688688
0.00106155258097619046785022688688
0.00105871190166279429663106096495
0.00105871190166279429663106096495
0.00105586756167566235006358244813
0.00105586756167566235006358244813
0.00105301957084957656503614510376
0.00105301957084957656503614510376
0.00105016793903194226564582167594
0.00105016793903194226564582167594
0.00104731267608275411414514870173
0.00104731267608275411414514870173
0.0010444537918745620183591286107
0.0010444537918745620183591286107
0.00104159129629243699569037000015
0.00104159129629243699569037000015
0.00103872519923393699383039708392
0.00103872519923393699383039708392
0.00103585551060907266829530901156
0.00103585551060907266829530901156
0.00103298224034027311690411904345
0.00103298224034027311690411904345
0.00103010539836235157131825244866
0.00103010539836235157131825244866
0.00102722499462247104576083046287
0.00102722499462247104576083046287
0.00102434103908010994303451570478
0.00102434103908010994303451570478
0.00102145354170702761795684209965
0.00102145354170702761795684209965
0.00101856251248722989833209959796
0.00101856251248722989833209959796
0.00101566796141693456357899080449
0.00101566796141693456357899080449
0.00101276989850453678113342304907
0.00101276989850453678113342304907
0.00100986833377057450074594543275
0.00100986833377057450074594543275
0.00100696327724769380679348597318
0.00100696327724769380679348597318
0.00100405473898061422872518914919
0.00100405473898061422872518914919
0.00100114272902609400976229890649
0.00100114272902609400976229890649
0.00099822725745289533397217653421
0.00099822725745289533397217653421
0.00099530833434174951183668675405
0.00099530833434174951183668675405
0.00099238596978532212443532888103
0.00099238596978532212443532888103
0.00098946017388817812636363301536
0.00098946017388817812636363301536
0.00098653095676674690750748390922
0.00098653095676674690750748390922
0.00098359832854928731379417741935
0.00098359832854928731379417741935
0.00098066229937585262704115630627
0.00098066229937585262704115630627
0.00097772287939825550402351357201
0.00097772287939825550402351357201
0.00097478007878003287488149254204
0.00097478007878003287488149254204
0.00097183390769641080098935349054
0.00097183390769641080098935349054
0.00096888437633426929240711678343
0.00096888437633426929240711678343
0.00096593149489210708503683226802
0.00096593149489210708503683226802
0.00096297527358000637760516397236
0.00096297527358000637760516397236
0.00096001572261959752859421809142
0.00096001572261959752859421809142
0.00095705285224402371324268072851
0.00095705285224402371324268072851
0.00095408667269790554073946993147
0.00095408667269790554073946993147
0.00095111719423730563173224421063
0.00095111719423730563173224421063
0.00094814442712969315627324695093
0.00094814442712969315627324695093
0.00094516838165390833232510293295
0.00094516838165390833232510293295
0.00094218906810012688494931955533
0.00094218906810012688494931955533
0.000939206496769824466300381306
0.000939206496769824466300381306
0.00093622067797574103654846155886
0.00093622067797574103654846155886
0.00093323162204184520585391087709
0.00093323162204184520585391087709
0.00093023933930329853751681568387
0.00093023933930329853751681568387
0.00092724384010641981242505541364
0.00092724384010641981242505541364
0.00092424513480864925492442008466
0.00092424513480864925492442008466
0.00092124323377851272023448363272
0.00092124323377851272023448363272
0.00091823814739558584353406131908
0.00091823814739558584353406131908
0.00091522988605045815084021207009
0.00091522988605045815084021207009
0.00091221846014469713180487872313
0.00091221846014469713180487872313
0.00090920388009081227455339084104
0.00090920388009081227455339084104
0.00090618615631221906268918601677
0.00090618615631221906268918601677
0.00090316529924320293458923641921
0.00090316529924320293458923641921
0.00090014131932888320511479773087
0.00090014131932888320511479773087
0.0008971142270251769498622275975
0.0008971142270251769498622275975
0.00089408403279876285207875024817
0.00089408403279876285207875024817
0.00089105074712704501236817305172
0.00089105074712704501236817305172
0.00088801438049811672131168945138
0.00088801438049811672131168945138
0.0008849749434107241951290309628
0.0008849749434107241951290309628
0.00088193244637423027450535873252
0.00088193244637423027450535873252
0.00087888689990857808670941253176
0.00087888689990857808670941253176
0.00087583831454425467112856200626
0.00087583831454425467112856200626
0.00087278670082225456834653151389
0.00087278670082225456834653151389
0.00086973206929404337288969595972
0.00086973206929404337288969595972
0.00086667443052152124976797068086
0.00086667443052152124976797068086
0.00086361379507698641493644364193
0.00086361379507698641493644364193
0.00086055017354309857980402297469
0.00086055017354309857980402297469
0.00085748357651284235991549723279
0.00085748357651284235991549723279
0.000854414014589490647933529634
0.000854414014589490647933529634
0.00085134149838656795104723102682
0.00085134149838656795104723102682
0.00084826603852781369293407934705
0.00084826603852781369293407934705
0.00084518764564714548040207592034
0.00084518764564714548040207592034
0.00084210633038862233483915112061
0.00084210633038862233483915112061
0.00083902210340640788859695360951
0.00083902210340640788859695360951
0.00083593497536473354643627865987
0.00083593497536473354643627865987
0.00083284495693786161216151190442
0.00083284495693786161216151190442
0.00082975205881004838057158525111
0.00082975205881004838057158525111
0.00082665629167550719485506166714
0.00082665629167550719485506166714
0.00082355766623837146955708505428
0.00082355766623837146955708505428
0.00082045619321265767924605051941
0.00082045619321265767924605051941
0.00081735188332222831300796898493
0.00081735188332222831300796898493
0.00081424474730075479489661828345
0.00081424474730075479489661828345
0.00081113479589168037046769064093
0.00081113479589168037046769064093
0.00080802203984818295952526376977
0.00080802203984818295952526376977
0.00080490648993313797520903967039
0.00080490648993313797520903967039
0.00080178815691908110955091167406
0.00080178815691908110955091167406
0.00079866705158817108562953625244
0.00079866705158817108562953625244
0.00079554318473215237645170166945
0.00079554318473215237645170166945
0.00079241656715231789068940065848
0.00079241656715231789068940065848
0.00078928720965947162540162897258
0.00078928720965947162540162897258
0.0007861551230738912858700458766
0.0007861551230738912858700458766
0.00078302031822529087267774642841
0.00078302031822529087267774642841
0.00077988280595278323616050873046
0.00077988280595278323616050873046
0.00077674259710484259835999222343
0.00077674259710484259835999222343
0.00077359970253926704260847554044
0.00077359970253926704260847554044
0.0007704541331231409708748344418
0.0007704541331231409708748344418
0.00076730589973279752900157190854
0.00076730589973279752900157190854
0.00076415501325378099996282358559
0.00076415501325378099996282358559
0.00076100148458080916527337243379
0.00076100148458080916527337243379
0.00075784532461773563467881667314
0.00075784532461773563467881667314
0.00075468654427751214425714487797
0.00075468654427751214425714487797
0.00075152515448215082306208141754
0.00075152515448215082306208141754
0.00074836116616268642843867432338
0.00074836116616268642843867432338
0.0007451945902591385501417061069
0.0007451945902591385501417061069
0.0007420254377204737833876160481
0.0007420254377204737833876160481
0.0007388537195045678709707300262
0.0007388537195045678709707300262
0.0007356794465781678145747010718
0.0007356794465781678145747010718
0.0007325026299168539554101704771
0.0007325026299168539554101704771
0.0007293232805050020243097655182
0.0007293232805050020243097655182
0.0007261414093357451614116556119
0.0007261414093357451614116556119
0.0007229570274109359055629940549
0.0007229570274109359055629940549
0.00071977014574110815357467737
0.00071977014574110815357467737
0.0007165807753454390894589587205
0.0007165807753454390894589587205
0.0007133889272517110837815558411
0.0007133889272517110837815558411
0.0007101946124962735632599974789
0.0007101946124962735632599974789
0.000706997842124004850740055438
0.000706997842124004850740055438
0.000703798627188273975682211976
0.000703798627188273975682211976
0.0007005969787509024552902145133
0.0007005969787509024552902145133
0.0006973929078821260464138713855
0.0006973929078821260464138713855
0.0006941864256605564683583436916
0.0006941864256605564683583436916
0.0006909775431731430967322891767
0.0006909775431731430967322891767
0.000687766271515134628467314526
0.000687766271515134628467314526
0.0006845526217900407181412924482
0.0006845526217900407181412924482
0.0006813366051095935857381994827
0.0006813366051095935857381994827
0.0006781182325937095959772295847
0.0006781182325937095959772295847
0.0006748975153704508093440372195
0.0006748975153704508093440372195
0.0006716744645759865049570619402
0.0006716744645759865049570619402
0.0006684490913545546754019842221
0.0006684490913545546754019842221
0.000665221406858423493667459696
0.000665221406858423493667459696
0.0006619914222478527523153758524
0.0006619914222478527523153758524
0.0006587591486910552750189717839
0.0006587591486910552750189717839
0.0006555245973641583006022575982
0.0006555245973641583006022575982
0.000652287779451164839714265765
0.000652287779451164839714265765
0.0006490487061439150042717618615
0.0006490487061439150042717618615
0.0006458073886420473098041369568
0.0006458073886420473098041369568
0.0006425638381529599508342982195
0.0006425638381529599508342982195
0.0006393180658917720494294682587
0.0006393180658917720494294682587
0.0006360700830812848770558972071
0.0006360700830812848770558972071
0.0006328199009519430498715846339
0.0006328199009519430498715846339
0.0006295675307417956975912010414
0.0006295675307417956975912010414
0.0006263129836964576060574909421
0.0006263129836964576060574909421
0.000623056271069070333653531353
0.000623056271069070333653531353
0.0006197974041202633016903109675
0.0006197974041202633016903109675
0.0006165363941181148589041862887
0.0006165363941181148589041862887
0.0006132732523381133201988616253
0.0006132732523381133201988616253
0.0006100079900631179797666300743
0.0006100079900631179797666300743
0.0006067406185833200987237024428
0.0006067406185833200987237024428
0.0006034711491962038673945404982
0.0006034711491962038673945404982
0.0006001995932065073423801999924
0.0006001995932065073423801999924
0.0005969259619261833585457775814
0.0005969259619261833585457775814
0.0005936502666743604160621440646
0.0005936502666743604160621440646
0.0005903725187773035426372343032
0.0005903725187773035426372343032
0.0005870927295683751310722517555
0.0005870927295683751310722517555
0.0005838109103879957522782327889
0.0005838109103879957522782327889
0.0005805270725836049438885028076
0.0005805270725836049438885028076
0.0005772412275096219746026427761
0.0005772412275096219746026427761
0.0005739533865274065843976709359
0.0005739533865274065843976709359
0.0005706635610052197007422304077
0.0005706635610052197007422304077
0.0005673717623181841309496589635
0.0005673717623181841309496589635
0.0005640780018482452308059025497
0.0005640780018482452308059025497
0.0005607822909841315496083191524
0.0005607822909841315496083191524
0.0005574846411213154517515043436
0.0005574846411213154517515043436
0.0005541850636619737149963543348
0.0005541850636619737149963543348
0.0005508835700149481055586666141
0.0005508835700149481055586666141
0.0005475801715957059301536622758
0.0005475801715957059301536622758
0.000544274879826300565132897975
0.000544274879826300565132897975
0.0005409677061353319628501190845
0.0005409677061353319628501190845
0.0005376586619579071353926891156
0.0005376586619579071353926891156
0.0005343477587356006158153138078
0.0005343477587356006158153138078
0.0005310350079164148970128615294
0.0005310350079164148970128615294
0.0005277204209547408483691647788
0.0005277204209547408483691647788
0.0005244040093113181103187706769
0.0005244040093113181103187706769
0.0005210857844531954669586914143
0.0005210857844531954669586914143
0.0005177657578536911968472887143
0.0005177657578536911968472887143
0.0005144439409923534021275095133
0.0005144439409923534021275095133
0.0005111203453549203161117733096
0.0005111203453549203161117733096
0.0005077949824332805894658950131
0.0005077949824332805894658950131
0.0005044678637254335551295107107
0.0005044678637254335551295107107
0.0005011390007354494721105575854
0.0005011390007354494721105575854
0.0004978084049734297482914433643
0.0004978084049734297482914433643
0.0004944760879554671423846251746
0.0004944760879554671423846251746
0.000491142061203605945175402636
0.000491142061203605945175402636
0.0004878063362458021401898154893
0.0004878063362458021401898154893
0.0004844689246158835439256221347
0.0004844689246158835439256221347
0.0004811298378535099257844222289
0.0004811298378535099257844222289
0.0004777890875041331078430740602
0.0004777890875041331078430740602
0.0004744466851189570446026459075
0.0004744466851189570446026459075
0.0004711026422548978828532301005
0.0004711026422548978828532301005
0.0004677569704745440017930391805
0.0004677569704745440017930391805
0.0004644096813461160335402955509
0.0004644096813461160335402955509
0.0004610607864434268641765194673
0.0004610607864434268641765194673
0.0004577102973458416154599153262
0.0004577102973458416154599153262
0.0004543582256382376073476531594
0.0004543582256382376073476531594
0.000451004582910964301465941242
0.000451004582910964301465941242
0.0004476493807598032256668870088
0.0004476493807598032256668870088
0.0004442926307859278798112473073
0.0004442926307859278798112473073
0.0004409343445958636229162756699
0.0004409343445958636229162756699
0.0004375745338014475418079840914
0.0004375745338014475418079840914
0.0004342132100197883014172500799
0.0004342132100197883014172500799
0.0004308503848732259768593168992
0.0004308503848732259768593168992
0.0004274860699892918674363563608
0.0004274860699892918674363563608
0.0004241202770006682927028897148
0.0004241202770006682927028897148
0.0004207530175451483707339936482
0.0004207530175451483707339936482
0.000417384303265595778736355702
0.000417384303265595778736355702
0.0004140141458099044961423871882
0.0004140141458099044961423871882
0.0004106425568309585303277526401
0.0004106425568309585303277526401
0.0004072695479865916250928337296
0.0004072695479865916250928337296
0.0004038951309395469520488133112
0.0004038951309395469520488133112
0.0004005193173574367850492427643
0.0004005193173574367850492427643
0.0003971421189127021578081441739
0.0003971421189127021578081441739
0.0003937635472825725048458993152
0.0003937635472825725048458993152
0.00039038361414902528590439122
0.00039038361414902528590439122
0.0003870023311987455939730927956
0.0003870023311987455939730927956
0.0003836197101230857470680421956
0.0003836197101230857470680421956
0.0003802357626180248639059082795
0.0003802357626180248639059082795
0.000376850500384128423615633614
0.000376850500384128423615633614
0.0003734639351265078096304494064
0.0003734639351265078096304494064
0.0003700760785547798379033891381
0.0003700760785547798379033891381
0.0003666869423830262695897884176
0.0003666869423830262695897884176
0.0003632965383297533083406510085
0.0003632965383297533083406510085
0.0003599048781178510823511888284
0.0003599048781178510823511888284
0.0003565119734745531113093111435
0.0003565119734745531113093111435
0.0003531178361313957583893499308
0.0003531178361313957583893499308
0.0003497224778241776674368697781
0.0003497224778241776674368697781
0.0003463259102929191854910277684
0.0003463259102929191854910277684
0.0003429281452818217707916283753
0.0003429281452818217707916283753
0.0003395291945392273864187682063
0.0003395291945392273864187682063
0.0003361290698175778797137942439
0.0003361290698175778797137942439
0.0003327277828733743476312169977
0.0003327277828733743476312169977
0.0003293253454671364881722380349
0.0003293253454671364881722380349
0.0003259217693633619380516825734
0.0003259217693633619380516825734
0.0003225170663304855967513869197
0.0003225170663304855967513869197
0.0003191112481408389371144942813
0.0003191112481408389371144942813
0.0003157043265706093026366800697
0.0003157043265706093026366800697
0.0003122963133997991916120811997
0.0003122963133997991916120811997
0.0003088872204121855282936682498
0.0003088872204121855282936682498
0.0003054770593952789212300035981
0.0003054770593952789212300035981
0.0003020658421402829089428060103
0.0003020658421402829089428060103
0.0002986535804420531931125309037
0.0002986535804420531931125309037
0.0002952402860990568594423197945
0.0002952402860990568594423197945
0.000291825970913331586374223221
0.000291825970913331586374223221
0.0002884106466904448418356177339
0.0002884106466904448418356177339
0.0002849943252394530681982877136
0.0002849943252394530681982877136
0.0002815770183728608556378061859
0.0002815770183728608556378061859
0.0002781587379065801040867177612
0.0002781587379065801040867177612
0.000274739495659889173981708846
0.000274739495659889173981708846
0.000271319303455392026012570864
0.000271319303455392026012570864
0.0002678981731189773500894681164
0.0002678981731189773500894681164
0.0002644761164797776837549850185
0.0002644761164797776837549850185
0.0002610531453701285202788495496
0.0002610531453701285202788495496
0.0002576292716255274066863481861
0.0002576292716255274066863481861
0.0002542045070845930319865420526
0.0002542045070845930319865420526
0.0002507788635890243058837948964
0.0002507788635890243058837948964
0.0002473523529835594282762217598
0.0002473523529835594282762217598
0.0002439249871159349498679267572
0.0002439249871159349498679267572
0.0002404967778368448242488706151
0.0002404967778368448242488706151
0.0002370677369998994518275508482
0.0002370677369998994518275508482
0.0002336378764615847160381747184
0.0002336378764615847160381747184
0.0002302072080812210122865976946
0.0002302072080812210122865976946
0.0002267757437209222701491168239
0.0002267757437209222701491168239
0.0002233434952455549693966080731
0.0002233434952455549693966080731
0.0002199104745226971504851193975
0.0002199104745226971504851193975
0.0002164766934225974202348620836
0.0002164766934225974202348620836
0.0002130421638181339535149912537
0.0002130421638181339535149912537
0.0002096068975847734918645654444
0.0002096068975847734918645654444
0.000206170906600530340114206445
0.000206170906600530340114206445
0.0002027342027459253622326310157
0.0002027342027459253622326310157
0.0001992967979039449778127865068
0.0001992967979039449778127865068
0.0001958587039600001608404391928
0.0001958587039600001608404391928
0.0001924199328018854426619600847
0.0001924199328018854426619600847
0.0001889804963197379213979372348
0.0001889804963197379213979372348
0.0001855404064059962804478381458
0.0001855404064059962804478381458
0.0001820996749553598192141646324
0.0001820996749553598192141646324
0.0001786583138647474997623702039
0.0001786583138647474997623702039
0.0001752163350332570138504464977
0.0001752163350332570138504464977
0.0001717737503621238756414405785
0.0001717737503621238756414405785
0.0001683305717546805464938236692
0.0001683305717546805464938236692
0.0001648868111163155995604467967
0.0001648868111163155995604467967
0.0001614424803544329335833528628
0.0001614424803544329335833528628
0.0001579975913784110473348348581
0.0001579975913784110473348348581
0.0001545521560995623887361732688
0.0001545521560995623887361732688
0.0001511061864310927959295837888
0.0001511061864310927959295837888
0.0001476596942880610516762947317
0.0001476596942880610516762947317
0.0001442126915873385776551542189
0.0001442126915873385776551542189
0.0001407651902475693018743932187
0.0001407651902475693018743932187
0.0001373172021891297409281481736
0.0001373172021891297409281481736
0.0001338687393340893498256313027
0.0001338687393340893498256313027
0.0001304198136061712064014952204
0.0001304198136061712064014952204
0.0001269704369307131159807659717
0.0001269704369307131159807659717
0.0001235206212346292465308328005
0.0001235206212346292465308328005
0.0001200703784463724370765195042
0.0001200703784463724370765195042
0.000116619720495897365599530417
0.000116619720495897365599530417
0.0001131686593146248210985545901
0.0001131686593146248210985545901
0.0001097172068354074037898568173
0.0001097172068354074037898568173
0.0001062653749924970859613782636
0.0001062653749924970859613782636
0.0001028131757215152159125390834
0.0001028131757215152159125390834
0.0000993606209594257565450580871
0.0000993606209594257565450580871
0.0000959077226445128449714926645
0.0000959077226445128449714926645
0.0000924544927163641797254446015
0.0000924544927163641797254446015
0.0000890009431158623483110069175
0.0000890009431158623483110069175
0.000085547085785187093387938659
0.000085547085785187093387938659
0.0000820929326678328274218853613
0.0000820929326678328274218853613
0.000078638495708647676755958513
0.000078638495708647676755958513
0.0000751837868539033457623828231
0.0000751837868539033457623828231
0.0000717288180514097665822302686
0.0000717288180514097665822302686
0.000068273601250695897393256006
0.000068273601250695897393256006
0.000064818148403289977076931755
0.000064818148403289977076931755
0.000061362471463152263744427775
0.000061362471463152263744427775
0.000057906582387346640174515012
0.000057906582387346640174515012
0.000054450493137095424118916585
0.000054450493137095424118916585
0.000050994215679465459723587611
0.000050994215679465459723587611
0.000047537761990125529803704497
0.000047537761990125529803704497
0.000044081144057983865672175688
0.000044081144057983865672175688
0.000040624373893253428907492003
0.000040624373893253428907492003
0.000037167463542046615161583964
0.000037167463542046615161583964
0.000033710425114056793575345384
0.000033710425114056793575345384
0.000030253270838087220353938807
0.000030253270838087220353938807
0.000026796013181227133148223206
0.000026796013181227133148223206
0.000023338665126725473137389691
0.000023338665126725473137389691
0.00001988124089292074410262572
0.00001988124089292074410262572
0.000016423758061660405712694771
0.000016423758061660405712694771
0.000012966245140320139987418873
0.000012966245140320139987418873
9.50877651924921621826336e-6
9.50877651924921621826336e-6
6.05171898365973536073486e-6
6.05171898365973536073486e-6
2.59975196241120212726817e-6
2.59975196241120212726817e-6