0.00227899195308662675799934698534
0.00227899195308662675799934698534
0.00227898011643656702477520925328
0.00227898011643656702477520925328
0.00227895644319792486387293571652
0.00227895644319792486387293571652
0.00227892093349365456708311656897
0.00227892093349365456708311656897
0.00227887358750818677383976134021
0.00227887358750818677383976134021
0.00227881440548742751332269146731
0.00227881440548742751332269146731
0.00227874338773875692726846950712
0.00227874338773875692726846950712
0.00227866053463102767349649846573
0.00227866053463102767349649846573
0.00227856584659456301015858302638
0.00227856584659456301015858302638
0.00227845932412115456072190271877
0.00227845932412115456072190271877
0.00227834096776405975969700528232
0.00227834096776405975969700528232
0.0022782107781379989791240866258
0.0022782107781379989791240866258
0.00227806875591915233583248186593
0.00227806875591915233583248186593
0.00227791490184515617948994993121
0.00227791490184515617948994993121
0.00227774921671509926145999213392
0.00227774921671509926145999213392
0.00227757170138951858448710293551
0.00227757170138951858448710293551
0.0022773823567903949332315088496
0.0022773823567903949332315088496
0.00227718118390114808567660903383
0.00227718118390114808567660903383
0.00227696818376663170543398860806
0.00227696818376663170543398860806
0.00227674335749312791497253309367
0.00227674335749312791497253309367
0.00227650670624834154979982958824
0.00227650670624834154979982958824
0.00227625823126139409362569736288
0.00227625823126139409362569736288
0.00227599793382281729453934748744
0.00227599793382281729453934748744
0.00227572581528454646223332784343
0.00227572581528454646223332784343
0.00227544187705991344630906646665
0.00227544187705991344630906646665
0.00227514612062363929570048256293
0.00227514612062363929570048256293
0.00227483854751182659925379075238
0.00227483854751182659925379075238
0.00227451915932195150750328011172
0.00227451915932195150750328011172
0.00227418795771285543568450539126
0.00227418795771285543568450539126
0.00227384494440473644802798337578
0.00227384494440473644802798337578
0.00227349012117914032337814272638
0.00227349012117914032337814272638
0.0022731234898789513021839307767
0.0022731234898789513021839307767
0.00227274505240838251490913565156
0.00227274505240838251490913565156
0.00227235481073296609191213672157
0.00227235481073296609191213672157
0.0022719527668795429548464507942
0.0022719527668795429548464507942
0.00227153892293625228963509556235
0.00227153892293625228963509556235
0.00227111328105252070107344567603
0.00227111328105252070107344567603
0.00227067584343905104911691036422
0.00227067584343905104911691036422
0.00227022661236781096691141480185
0.00227022661236781096691141480185
0.00226976559017202106062632038453
0.00226976559017202106062632038453
0.00226929277924614279115107173092
0.00226929277924614279115107173092
0.0022688081820458660377185105719
0.0022688081820458660377185105719
0.002268311801088096343519448698
0.002268311801088096343519448698
0.00226780363895094184337474381348
0.00226780363895094184337474381348
0.00226728369827369987353277347797
0.00226728369827369987353277347797
0.00226675198175684326366185329699
0.00226675198175684326366185329699
0.00226620849216200631110879614132
0.00226620849216200631110879614132
0.0022656532323119704374964594246
0.0022656532323119704374964594246
0.00226508620509064952773477733912
0.00226508620509064952773477733912
0.00226450741344307495152142443364
0.00226450741344307495152142443364
0.00226391686037538026740990600564
0.00226391686037538026740990600564
0.00226331454895478560952451946445
0.00226331454895478560952451946445
0.00226270048230958175700327909355
0.00226270048230958175700327909355
0.00226207466362911388625154449098
0.00226207466362911388625154449098
0.00226143709616376500609074038721
0.00226143709616376500609074038721
0.00226078778322493907588820252275
0.00226078778322493907588820252275
0.00226012672818504380675583080312
0.00226012672818504380675583080312
0.0022594539344774731459068770291
0.0022594539344774731459068770291
0.00225876940559658944426184011663
0.00225876940559658944426184011663
0.00225807314509770530739608686425
0.00225807314509770530739608686425
0.00225736515659706512992346098908
0.00225736515659706512992346098908
0.00225664544377182631341178732509
0.00225664544377182631341178732509
0.00225591401036004016792782175287
0.00225591401036004016792782175287
0.00225517086016063249731084059831
0.00225517086016063249731084059831
0.0022544159970333838682757058907
0.0022544159970333838682757058907
0.00225364942489890956344788500042
0.00225364942489890956344788500042
0.00225287114773863921843454477362
0.00225287114773863921843454477362
0.00225208116959479614303748133754
0.00225208116959479614303748133754
0.00225127949457037632671528725733
0.00225127949457037632671528725733
0.00225046612682912712840379767483
0.00225046612682912712840379767483
0.00224964107059552565080549644216
0.00224964107059552565080549644216
0.00224880433015475679926020207172
0.00224880433015475679926020207172
0.00224795590985269102531099154847
0.00224795590985269102531099154847
0.00224709581409586175508095768348
0.00224709581409586175508095768348
0.00224622404735144250257803272017
0.00224622404735144250257803272017
0.00224534061414722366804674732828
0.00224534061414722366804674732828
0.00224444551907158902148742992672
0.00224444551907158902148742992672
0.00224353876677349187146498645704
0.00224353876677349187146498645704
0.00224262036196243091933103527491
0.00224262036196243091933103527491
0.00224169030940842579898480573048
0.00224169030940842579898480573048
0.00224074861394199230229984225979
0.00224074861394199230229984225979
0.00223979528045411729034518840187
0.00223979528045411729034518840187
0.00223883031389623329053135707927
0.00223883031389623329053135707927
0.00223785371928019277981302472693
0.00223785371928019277981302472693
0.00223686550167824215408201741588
0.00223686550167824215408201741588
0.00223586566622299538388578698574
0.00223586566622299538388578698574
0.00223485421810740735660820436613
0.00223485421810740735660820436613
0.00223383116258474690525112572185
0.00223383116258474690525112572185
0.00223279650496856952395681479243
0.00223279650496856952395681479243
0.00223175025063268977041293180541
0.00223175025063268977041293180541
0.00223069240501115335528342561444
0.00223069240501115335528342561444
0.00222962297359820891881029124178
0.00222962297359820891881029124178
0.00222854196194827949473277977909
0.00222854196194827949473277977909
0.00222744937567593366167227161437
0.00222744937567593366167227161437
0.00222634522045585638213264719678
0.00222634522045585638213264719678
0.00222522950202281952926761201623
0.00222522950202281952926761201623
0.00222410222617165210156805415415
0.00222410222617165210156805415415
0.00222296339875721012562413364532
0.00222296339875721012562413364532
0.00222181302569434624711842297134
0.00222181302569434624711842297134
0.0022206511129578790102080372747
0.0022206511129578790102080372747
0.00221947766658256182545531133063
0.00221947766658256182545531133063
0.00221829269266305162646819793366
0.00221829269266305162646819793366
0.00221709619735387721541317913787
0.00221709619735387721541317913787
0.00221588818686940729756509772707
0.00221588818686940729756509772707
0.00221466866748381820505993137382
0.00221466866748381820505993137382
0.0022134376455310613100181461673
0.0022134376455310613100181461673
0.00221219512740483012720787953964
0.00221219512740483012720787953964
0.00221094111955852710641881509174
0.00221094111955852710641881509174
0.00220967562850523011471922340276
0.00220967562850523011471922340276
0.00220839866081765860877025359565
0.00220839866081765860877025359565
0.0022071102231281394973731702143
0.0022071102231281394973731702143
0.00220581032212857269442683883924
0.00220581032212857269442683883924
0.00220449896457039636247437181885
0.00220449896457039636247437181885
0.00220317615726455184701945251418
0.00220317615726455184701945251418
0.00220184190708144830179446253862
0.00220184190708144830179446253862
0.0022004962209509270051641416114
0.0022004962209509270051641416114
0.00219913910586222536785011382688
0.00219913910586222536785011382688
0.00219777056886394063216321736246
0.00219777056886394063216321736246
0.00219639061706399326293217689725
0.00219639061706399326293217689725
0.00219499925762959003031875928472
0.00219499925762959003031875928472
0.00219359649778718678471115330474
0.00219359649778718678471115330474
0.00219218234482245092388891360815
0.00219218234482245092388891360815
0.0021907568060802235526544072494
0.0021907568060802235526544072494
0.0021893198889644813351272984734
0.0021893198889644813351272984734
0.00218787160093829803990020367248
0.00218787160093829803990020367248
0.00218641194952380577825524364957
0.00218641194952380577825524364957
0.00218494094230215593564281450744
0.00218494094230215593564281450744
0.00218345858691347979662549162095
0.00218345858691347979662549162095
0.00218196489105684886349157323343
0.00218196489105684886349157323343
0.00218045986249023486874436123941
0.00218045986249023486874436123941
0.00217894350903046948167486666752
0.00217894350903046948167486666752
0.00217741583855320370922721624926
0.00217741583855320370922721624926
0.00217587685899286699136762424539
0.00217587685899286699136762424539
0.00217432657834262599116938039143
0.00217432657834262599116938039143
0.00217276500465434307982789041112
0.00217276500465434307982789041112
0.00217119214603853451682139002152
0.00217119214603853451682139002152
0.00216960801066432832543453670897
0.00216960801066432832543453670897
0.00216801260675942186386366578214
0.00216801260675942186386366578214
0.00216640594261003909212407829945
0.00216640594261003909212407829945
0.00216478802656088753498130841425
0.00216478802656088753498130841425
0.00216315886701511494112989647489
0.00216315886701511494112989647489
0.00216151847243426563884477184921
0.00216151847243426563884477184921
0.00215986685133823658833192590658
0.00215986685133823658833192590658
0.00215820401230523313100663087683
0.00215820401230523313100663087683
0.00215652996397172443592903440561
0.00215652996397172443592903440561
0.00215484471503239864362853253316
0.00215484471503239864362853253316
0.00215314827424011770754989552813
0.00215314827424011770754989552813
0.00215144065040587193335569150331
0.00215144065040587193335569150331
0.00214972185239873421632112201678
0.00214972185239873421632112201678
0.00214799188914581397705895191285
0.00214799188914581397705895191285
0.00214625076963221079581378247277
0.00214625076963221079581378247277
0.0021444985029009677455664825189
0.0021444985029009677455664825189
0.00214273509805302442419115643865
0.00214273509805302442419115643865
0.00214096056424716968590859115825
0.00214096056424716968590859115825
0.00213917491069999407228168589318
0.00213917491069999407228168589318
0.00213737814668584194299992902407
0.00213737814668584194299992902407
0.00213557028153676330670154568495
0.00213557028153676330670154568495
0.00213375132464246535208349759848
0.00213375132464246535208349759848
0.00213192128545026367955107334009
0.00213192128545026367955107334009
0.00213008017346503323366036255363
0.00213008017346503323366036255363
0.00212822799824915893660846166577
0.00212822799824915893660846166577
0.00212636476942248602302781134768
0.00212636476942248602302781134768
0.00212449049666227007634261734162
0.00212449049666227007634261734162
0.00212260518970312676694685630033
0.00212260518970312676694685630033
0.00212070885833698129246491696842
0.00212070885833698129246491696842
0.00211880151241301752035747436144
0.00211880151241301752035747436144
0.00211688316183762683313674056037
0.00211688316183762683313674056037
0.00211495381657435667645678032934
0.00211495381657435667645678032934
0.00211301348664385881034612297509
0.00211301348664385881034612297509
0.00211106218212383726385144368858
0.00211106218212383726385144368858
0.0021090999131489959933626280362
0.0021090999131489959933626280362
0.00210712668991098624489107228979
0.00210712668991098624489107228979
0.00210514252265835362057460989579
0.00210514252265835362057460989579
0.00210314742169648484968399057413
0.00210314742169648484968399057413
0.00210114139738755426440737330013
0.00210114139738755426440737330013
0.00209912446015046998069082774955
0.00209912446015046998069082774955
0.00209709662046081978441437066981
0.00209709662046081978441437066981
0.00209505788885081672318459407159
0.00209505788885081672318459407159
0.0020930082759092444040264711062
0.0020930082759092444040264711062
0.00209094779228140199725845299797
0.00209094779228140199725845299797
0.00208887644866904894683649642891
0.00208887644866904894683649642891
0.00208679425583034938745418531729
0.00208679425583034938745418531729
0.00208470122457981626868763398478
0.00208470122457981626868763398478
0.00208259736578825518647538026062
0.00208259736578825518647538026062
0.00208048269038270792222499711741
0.00208048269038270792222499711741
0.00207835720934639568983966996421
0.00207835720934639568983966996421
0.00207622093371866209095950373111
0.00207622093371866209095950373111
0.00207407387459491577871383935602
0.00207407387459491577871383935602
0.00207191604312657283028237322322
0.00207191604312657283028237322322
0.00206974745052099882856438549455
0.00206974745052099882856438549455
0.00206756810804145065325689411135
0.00206756810804145065325689411135
0.00206537802700701798164406051988
0.00206537802700701798164406051988
0.00206317721879256449940168087762
0.00206317721879256449940168087762
0.00206096569482866882172210262399
0.00206096569482866882172210262399
0.00205874346660156512506641083983
0.00205874346660156512506641083983
0.00205651054565308348985223176689
0.00205651054565308348985223176689
0.00205426694358058995438700220352
0.00205426694358058995438700220352
0.0020520126720369262803580532295
0.0020520126720369262803580532295
0.00204974774273034943019235483132
0.00204974774273034943019235483132
0.00204747216742447075660026449364
0.00204747216742447075660026449364
0.00204518595793819490461911768429
0.00204518595793819490461911768429
0.00204288912614565842647399138077
0.00204288912614565842647399138077
0.00204058168397616810957446335979
0.00204058168397616810957446335979
0.00203826364341413901796767988779
0.00203826364341413901796767988779
0.00203593501649903224756953270424
0.00203593501649903224756953270424
0.00203359581532529239549723277128
0.00203359581532529239549723277128
0.00203124605204228474382805316623
0.00203124605204228474382805316623
0.00202888573885423215811049670971
0.00202888573885423215811049670971
0.00202651488802015170095562544351
0.00202651488802015170095562544351
0.00202413351185379096103776889209
0.00202413351185379096103776889209
0.00202174162272356409783530615069
0.00202174162272356409783530615069
0.00201933923305248760244369323535
0.00201933923305248760244369323535
0.0020169263553181157747943817966
0.0020169263553181157747943817966
0.0020145030020524759176147482326
0.0020145030020524759176147482326
0.00201206918584200324746562343057
0.00201206918584200324746562343057
0.00200962491932747552319448281068
0.00200962491932747552319448281068
0.00200717021520394739214382403566
0.00200717021520394739214382403566
0.00200470508622068445445572567531
0.00200470508622068445445572567531
0.00200222954518109704581504426992
0.00200222954518109704581504426992
0.00199974360494267373897516961261
0.00199974360494267373897516961261
0.00199724727841691456441171866059
0.00199724727841691456441171866059
0.00199474057856926395045100728135
0.00199474057856926395045100728135
0.00199222351841904338322159603437
0.00199222351841904338322159603437
0.00198969611103938378677866137463
0.00198969611103938378677866137463
0.00198715836955715762375239703323
0.00198715836955715762375239703323
0.00198461030715291071687310187559
0.00198461030715291071687310187559
0.00198205193706079379172706025078
0.00198205193706079379172706025078
0.00197948327256849374109876872019
0.00197948327256849374109876872019
0.00197690432701716461125650908086
0.00197690432701716461125650908086
0.00197431511380135831053971177238
0.00197431511380135831053971177238
0.001971715646368955040607996068
0.001971715646368955040607996068
0.00196910593822109345071321389278
0.00196910593822109345071321389278
0.00196648600291210051535726267788
0.00196648600291210051535726267788
0.00196385585404942113569986934129
0.00196385585404942113569986934129
0.00196121550529354746508198227579
0.00196121550529354746508198227579
0.00195856497035794795903184111584
0.00195856497035794795903184111584
0.0019559042630089961501222250396
0.0019559042630089961501222250396
0.00195323339706589914804880943303
0.00195323339706589914804880943303
0.0019505523864006258653009878923
0.0019505523864006258653009878923
0.00194786124493783496879794176119
0.00194786124493783496879794176119
0.00194515998665480255786416268472
0.00194515998665480255786416268472
0.00194244862558134956892005500094
0.00194244862558134956892005500094
0.00193972717579976890726466418277
0.00193972717579976890726466418277
0.00193699565144475230632899497342
0.00193699565144475230632899497342
0.00193425406670331691477979832476
0.00193425406670331691477979832476
0.00193150243581473161185511974102
0.00193150243581473161185511974102
0.0019287407730704430513143131428
0.0019287407730704430513143131428
0.00192596909281400143438663389097
0.00192596909281400143438663389097
0.00192318740944098601210393214039
0.00192318740944098601210393214039
0.00192039573739893031740437322033
0.00192039573739893031740437322033
0.00191759409118724712739551525694
0.00191759409118724712739551525694
0.0019147824853571531561664757537
0.0019147824853571531561664757537
0.0019119609345115934785403183229
0.0019119609345115934785403183229
0.00190912945330516568515918820633
0.00190912945330516568515918820633
0.00190628805644404376929612063022
0.00190628805644404376929612063022
0.00190343675868590174578883939997
0.00190343675868590174578883939997
0.00190057557483983700249225444777
0.00190057557483983700249225444777
0.00189770451976629338464775629334
0.00189770451976629338464775629334
0.0018948236083769840125687925572
0.0018948236083769840125687925572
0.00189193285563481383304359677082
0.00189193285563481383304359677082
0.00188903227655380190485732275011
0.00188903227655380190485732275011
0.00188612188619900341883721873232
0.00188612188619900341883721873232
0.00188320169968643145282585431319
0.00188320169968643145282585431319
0.00188027173218297846198878995464
0.00188027173218297846198878995464
0.00187733199890633750486445345577
0.00187733199890633750486445345577
0.00187438251512492320556536028488
0.00187438251512492320556536028488
0.00187142329615779245254118505013
0.00187142329615779245254118505013
0.00186845435737456483431555963379
0.00186845435737456483431555963379
0.00186547571419534281260983962416
0.00186547571419534281260983962416
0.00186248738209063163326844464092
0.00186248738209063163326844464092
0.0018594893765812589754017399589
0.0018594893765812589754017399589
0.00185648171323829433916378648347
0.00185648171323829433916378648347
0.00185346440768296817258364361176
0.00185346440768296817258364361176
0.0018504374755865907378702648203
0.0018504374755865907378702648203
0.00184740093267047071761237894406
0.00184740093267047071761237894406
0.00184435479470583356129610104859
0.00184435479470583356129610104859
0.00184129907751373957256436553682
0.00184129907751373957256436553682
0.00183823379696500173764362067019
0.00183823379696500173764362067019
0.00183515896898010329536456801193
0.00183515896898010329536456801193
0.00183207460952911504920507241185
0.00183207460952911504920507241185
0.0018289807346316124217847080398
0.0018289807346316124217847080398
0.00182587736035659225224174363247
0.00182587736035659225224174363247
0.00182276450282238933692470553822
0.00182276450282238933692470553822
0.00181964217819659271383199031963
0.00181964217819659271383199031963
0.00181651040269596169123432959817
0.00181651040269596169123432959817
0.00181336919258634162091623849057
0.00181336919258634162091623849057
0.0018102185641825794164739053876
0.0018102185641825794164739053876
0.00180705853384843881710830495417
0.00180705853384843881710830495417
0.00180388911799651539735363807961
0.00180388911799651539735363807961
0.00180071033308815132318252207048
0.00180071033308815132318252207048
0.00179752219563334985493067164974
0.00179752219563334985493067164974
0.00179432472219068959748512629748
0.00179432472219068959748512629748
0.00179111792936723849818139213399
0.00179111792936723849818139213399
0.00178790183381846759285617689785
0.00178790183381846759285617689785
0.00178467645224816450050370460436
0.00178467645224816450050370460436
0.00178144180140834666698490217454
0.00178144180140834666698490217454
0.00177819789809917435824005369745
0.00177819789809917435824005369745
0.00177494475916886340345681901983
0.00177494475916886340345681901983
0.00177168240151359768864681204186
0.00177168240151359768864681204186
0.00176841084207744140108523042852
0.00176841084207744140108523042852
0.00176513009785225102506932241647
0.00176513009785225102506932241647
0.00176184018587758708945276799909
0.00176184018587758708945276799909
0.00175854112324062566741434100174
0.00175854112324062566741434100174
0.00175523292707606962892050540739
0.00175523292707606962892050540739
0.00175191561456605964634288375394
0.00175191561456605964634288375394
0.00174858920294008495369281749171
0.00174858920294008495369281749171
0.00174525370947489385993651885572
0.00174525370947489385993651885572
0.00174190915149440401685559106674
0.00174190915149440401685559106674
0.00173855554636961244191896851986
0.00173855554636961244191896851986
0.00173519291151850529663360104424
0.00173519291151850529663360104424
0.00173182126440596742084247631482
0.00173182126440596742084247631482
0.00172844062254369162343984206049
0.00172844062254369162343984206049
0.00172505100349008772997475483637
0.00172505100349008772997475483637
0.00172165242485019138761534480433
0.00172165242485019138761534480433
0.00171824490427557262794744618854
0.00171824490427557262794744618854
0.00171482845946424418808250083573
0.00171482845946424418808250083573
0.00171140310816056959055089760614
0.00171140310816056959055089760614
0.00170796886815517098245816314423
0.00170796886815517098245816314423
0.00170452575728483673438266992179
0.00170452575728483673438266992179
0.00170107379343242879949477530373
0.00170107379343242879949477530373
0.00169761299452678983337855075158
0.00169761299452678983337855075158
0.00169414337854265007503850314583
0.00169414337854265007503850314583
0.00169066496350053398957493056856
0.00169066496350053398957493056856
0.00168717776746666667301279273644
0.00168717776746666667301279273644
0.00168368180855288001977021160417
0.00168368180855288001977021160417
0.00168017710491651865325395046398
0.00168017710491651865325395046398
0.00167666367476034562007045014108
0.00167666367476034562007045014108
0.00167314153633244784834222862136
0.00167314153633244784834222862136
0.00166961070792614137062067564075
0.00166961070792614137062067564075
0.00166607120787987631188749640774
0.00166607120787987631188749640774
0.00166252305457714164313827871667
0.00166252305457714164313827871667
0.00165896626644636970104287523187
0.00165896626644636970104287523187
0.00165540086196084047417850767675
0.00165540086196084047417850767675
0.00165182685963858565633271203919
0.00165182685963858565633271203919
0.00164824427804229246737445370121
0.00164824427804229246737445370121
0.00164465313577920724219294860827
0.00164465313577920724219294860827
0.00164105345150103878820493120707
0.00164105345150103878820493120707
0.00163744524390386151193231189338
0.00163744524390386151193231189338
0.00163382853172801831515336611699
0.00163382853172801831515336611699
0.00163020333375802326113179408343
0.00163020333375802326113179408343
0.00162656966882246401142918416523
0.00162656966882246401142918416523
0.00162292755579390403380760468293
0.00162292755579390403380760468293
0.0016192770135887845817302376317
0.0016192770135887845817302376317
0.00161561806116732644596915420741
0.00161561806116732644596915420741
0.00161195071753343147883051561918
0.00161195071753343147883051561918
0.00160827500173458389150866365937
0.00160827500173458389150866365937
0.00160459093286175132508174382835
0.00160459093286175132508174382835
0.00160089853004928569566267947627
0.00160089853004928569566267947627
0.00159719781247482381422048841968
0.00159719781247482381422048841968
0.00159348879935918778158810381189
0.00159348879935918778158810381189
0.0015897715099662851591740286865
0.0015897715099662851591740286865
0.00158604596360300891589631854681
0.00158604596360300891589631854681
0.00158231217961913715185854863448
0.00158231217961913715185854863448
0.00157857017740723259928858207247
0.00157857017740723259928858207247
0.00157481997640254190126211193384
0.00157481997640254190126211193384
0.00157106159608289466873410443403
0.00157106159608289466873410443403
0.00156729505596860231640242187256
0.00156729505596860231640242187256
0.00156352037562235667792905265642
0.00156352037562235667792905265642
0.00155973757464912840104552171397
0.00155973757464912840104552171397
0.00155594667269606512307019785067
0.00155594667269606512307019785067
0.00155214768945238942736635509889
0.00155214768945238942736635509889
0.00154834064464929658127098286903
0.00154834064464929658127098286903
0.00154452555805985205602547471115
0.00154452555805985205602547471115
0.00154070244949888882924045773962
0.00154070244949888882924045773962
0.00153687133882290447042815425285
0.00153687133882290447042815425285
0.00153303224592995801013679378883
0.00153303224592995801013679378883
0.00152918519075956659322271779011
0.00152918519075956659322271779011
0.00152533019329260191679694020295
0.00152533019329260191679694020295
0.00152146727355118645338404569838
0.00152146727355118645338404569838
0.00151759645159858945983242277267
0.00151759645159858945983242277267
0.00151371774753912277251594175508
0.00151371774753912277251594175508
0.00150983118151803638936829771589
0.00150983118151803638936829771589
0.00150593677372141383929234542226
0.00150593677372141383929234542226
0.00150203454437606733948785782699
0.00150203454437606733948785782699
0.00149812451374943274124224109092
0.00149812451374943274124224109092
0.00149420670214946426472983782681
0.00149420670214946426472983782681
0.00149028112992452902336654610648
0.00149028112992452902336654610648
0.0014863478174633013382675747868
0.0014863478174633013382675747868
0.00148240678519465684335724587937
0.00148240678519465684335724587937
0.00147845805358756638168084200713
0.00147845805358756638168084200713
0.00147450164315098969346958145259
0.00147450164315098969346958145259
0.00147053757443376889651088490272
0.00147053757443376889651088490272
0.00146656586802452175937717672735
0.00146656586802452175937717672735
0.00146258654455153476806753948707
0.00146258654455153476806753948707
0.0014585996246826559866176133466
0.0014585996246826559866176133466
0.00145460512912518771223420216558
0.00145460512912518771223420216558
0.00145060307862577892551211524416
0.00145060307862577892551211524416
0.00144659349397031753629183801157
0.00144659349397031753629183801157
0.00144257639598382242571768635465
0.00144257639598382242571768635465
0.00143855180553033528505715778676
0.00143855180553033528505715778676
0.00143451974351281225184324824786
0.00143451974351281225184324824786
0.0014304802308730153439025560002
0.0014304802308730153439025560002
0.00142643328859140369183304383465
0.00142643328859140369183304383465
0.00142237893768702457049637762463
0.00142237893768702457049637762463
0.00141831719921740423009080315318
0.00141831719921740423009080315318
0.00141424809427843852737156408791
0.00141424809427843852737156408791
0.00141017164400428335758690198292
0.00141017164400428335758690198292
0.00140608786956724488769871424197
0.00140608786956724488769871424197
0.00140199679217766959145797807597
0.00140199679217766959145797807597
0.00139789843308383408690607762696
0.00139789843308383408690607762696
0.00139379281357183477687419760328
0.00139379281357183477687419760328
0.00138967995496547729305396997207
0.00138967995496547729305396997207
0.00138555987862616574421358047987
0.00138555987862616574421358047987
0.00138143260595279176913455901545
0.00138143260595279176913455901545
0.00137729815838162339484549208406
0.00137729815838162339484549208406
0.00137315655738619370072990692642
0.00137315655738619370072990692642
0.00136900782447718928908658508079
0.00136900782447718928908658508079
0.00136485198120233856272156844992
0.00136485198120233856272156844992
0.00136068904914629981015212318914
0.00136068904914629981015212318914
0.00135651904993054909900392597362
0.00135651904993054909900392597362
0.00135234200521326797818373342604
0.00135234200521326797818373342604
0.0013481579366892309894107886856
0.0013481579366892309894107886856
0.00134396686608969298869120927016
0.00134396686608969298869120927016
0.00133976881518227627832058752079
0.00133976881518227627832058752079
0.00133556380577085755000101901601
0.00133556380577085755000101901601
0.00133135185969545463965975539767
0.00133135185969545463965975539767
0.00132713299883211309455765605553
0.00132713299883211309455765605553
0.00132290724509279255327658806892
0.00132290724509279255327658806892
0.00131867462042525293917589569604
0.00131867462042525293917589569604
0.00131443514681294046790902952952
0.00131443514681294046790902952952
0.00131018884627487346959239119558
0.00131018884627487346959239119558
0.00130593574086552802621941215929
0.00130593574086552802621941215929
0.0013016758526747234249138448039
0.0013016758526747234249138448039
0.00129740920382750742761720047421
0.00129740920382750742761720047421
0.00129313581648404135780622260685
0.00129313581648404135780622260685
0.00128885571283948500483723340931
0.00128885571283948500483723340931
0.00128456891512388134651513979013
0.00128456891512388134651513979013
0.00128027544560204109048582837938
0.00128027544560204109048582837938
0.00127597532657342703505162050701
0.00127597532657342703505162050701
0.0012716685803720382500103959221
0.0012716685803720382500103959221
0.00126735522936629407811992883268
0.00126735522936629407811992883268
0.00126303529595891795778991152089
0.00126303529595891795778991152089
0.00125870880258682106760506933418
0.00125870880258682106760506933418
0.00125437577172098579328369626829
0.00125437577172098579328369626829
0.00125003622586634901767686263468
0.00125003622586634901767686263468
0.00124569018756168523441446544082
0.00124569018756168523441446544082
0.00124133767937948948580520810052
0.00124133767937948948580520810052
0.00123697872392586012559850892977
0.00123697872392586012559850892977
0.00123261334384038140721724756522
0.00123261334384038140721724756522
0.00122824156179600589807116496443
0.00122824156179600589807116496443
0.00122386340049893672056163600351
0.00122386340049893672056163600351
0.00121947888268850962038943387482
0.00121947888268850962038943387482
0.00121508803113707486277800250026
0.00121508803113707486277800250026
0.0012106908686498789572256470099
0.0012106908686498789572256470099
0.0012062874180649462114009429865
0.0012062874180649462114009429865
0.00120187770225296011479655263979
0.00120187770225296011479655263979
0.00119746174411714455275752034531
0.00119746174411714455275752034531
0.00119303956659314485150100105711
0.00119303956659314485150100105711
0.00118861119264890865474525297683
0.00118861119264890865474525297683
0.00118417664528456663256660052962
0.00118417664528456663256660052962
0.00117973594753231302310394515556
0.00117973594753231302310394515556
0.001175289122456286007731269669
0.001175289122456286007731269669
0.0011708361931524479203194469636
0.0011708361931524479203194469636
0.0011663771827484652912095256443
0.0011663771827484652912095256443
0.0011619121144035887265205237417
0.0011619121144035887265205237417
0.0011574410113085326234156170104
0.0011574410113085326234156170104
0.001152963896685354721951460421
0.001152963896685354721951460421
0.0011484807937873354941362303237
0.0011484807937873354941362303237
0.0011439917258988573708228203902
0.0011439917258988573708228203902
0.0011394967163352838070644668153
0.0011394967163352838070644668153
0.0011349957884428381865609173854
0.0011349957884428381865609173854
0.0011304889655984825658240948944
0.0011304889655984825658240948944
0.0011259762712097962586930379928
0.0011259762712097962586930379928
0.0011214577287148542618287319046
0.0011214577287148542618287319046
0.0011169333615821055218202675232
0.0011169333615821055218202675232
0.0011124031933102510445345902055
0.0011124031933102510445345902055
0.0011078672474281218473429191101
0.0011078672474281218473429191101
0.0011033255474945567548577341822
0.0011033255474945567548577341822
0.0010987781170982800388150408499
0.0010987781170982800388150408499
0.0010942249798577789027374321814
0.0010942249798577789027374321814
0.0010896661594211808120142746428
0.0010896661594211808120142746428
0.0010851016794661306700361466888
0.0010851016794661306700361466888
0.0010805315636996678410214592218
0.0010805315636996678410214592218
0.0010759558358581030201739834482
0.0010759558358581030201739834482
0.001071374519706894951810804854
0.001071374519706894951810804854
0.0010667876390405269961010119065
0.0010667876390405269961010119065
0.0010621952176823835450562146607
0.0010621952176823835450562146607
0.001057597279484626288414771705
0.001057597279484626288414771705
0.0010529938483280703300623838245
0.0010529938483280703300623838245
0.0010483849481220601556324893728
0.0010483849481220601556324893728
0.0010437706028043454519306696427
0.0010437706028043454519306696427
0.0010391508363409567788280424889
0.0010391508363409567788280424889
0.0010345256727260810942693890948
0.0010345256727260810942693890948
0.0010298951359819371330425220779
0.0010298951359819371330425220779
0.0010252592501586506399561630963
0.0010252592501586506399561630963
0.001020618039334129458074354749
0.001020618039334129458074354749
0.0010159715276139384726561848496
0.0010159715276139384726561848496
0.0010113197391311744114503510999
0.0010113197391311744114503510999
0.001006662698046340501994840788
0.001006662698046340501994840788
0.001002000428547220986572743389
0.001002000428547220986572743389
0.0009973329548487554954759538443
0.0009973329548487554954759538443
0.0009926603011929132792292608505
0.0009926603011929132792292608505
0.0009879824918485673004280476802
0.0009879824918485673004280476802
0.0009832995511113681858435629014
0.0009832995511113681858435629014
0.0009786115033036180394504448434
0.0009786115033036180394504448434
0.0009739183727741441170319067861
0.0009739183727741441170319067861
0.0009692201838981723630187096129
0.0009692201838981723630187096129
0.000964516961077200810218765078
0.000964516961077200810218765078
0.000959808728738872843094925881
0.000959808728738872843094925881
0.0009550955113368503252492284296
0.0009550955113368503252492284296
0.0009503773333506865917725604921
0.0009503773333506865917725604921
0.0009456542192856993071194289037
0.0009456542192856993071194289037
0.0009409261936728431891682020913
0.0009409261936728431891682020913
0.0009361932810685826001278984213
0.0009361932810685826001278984213
0.0009314555060547640049532842531
0.0009314555060547640049532842531
0.0009267128932384882979307351069
0.0009267128932384882979307351069
0.0009219654672519829980979995126
0.0009219654672519829980979995126
0.000917213252752474314161687923
0.000917213252752474314161687923
0.0009124562744220590795769885275
0.0009124562744220590795769885275
0.0009076945569675765584547879118
0.0009076945569675765584547879118
0.0009029281251204801229620472696
0.0009029281251204801229620472696
0.0008981570036367088028819542943
0.0008981570036367088028819542943
0.0008933812172965587080010369547
0.0008933812172965587080010369547
0.0008886007909045543239910881124
0.0008886007909045543239910881124
0.0008838157492893196824544093566
0.0008838157492893196824544093566
0.0008790261173034494058015385325
0.0008790261173034494058015385325
0.0008742319198233796276312782265
0.0008742319198233796276312782265
0.0008694331817492587892834919538
0.0008694331817492587892834919538
0.0008646299280048183132357809748
0.0008646299280048183132357809748
0.0008598221835372431540157975679
0.0008598221835372431540157975679
0.000855009973317042227301590204
0.000855009973317042227301590204
0.0008501933223379187178830124272
0.0008501933223379187178830124272
0.0008453722556166402671578603518
0.0008453722556166402671578603518
0.0008405467981929090408370335545
0.0008405467981929090408370335545
0.0008357169751292316775336407917
0.0008357169751292316775336407917
0.0008308828115107891189115954163
0.0008308828115107891189115954163
0.0008260443324453063220698656344
0.0008260443324453063220698656344
0.0008212015630629218548391618367
0.0008212015630629218548391618367
0.0008163545285160573746684572075
0.0008163545285160573746684572075
0.0008115032539792869917793486529
0.0008115032539792869917793486529
0.0008066477646492065172668728537
0.0008066477646492065172668728537
0.0008017880857443025968259969482
0.0008017880857443025968259969482
0.00079692424250482173078360503
0.00079692424250482173078360503
0.0007920562601926391811164003343
0.0007920562601926391811164003343
0.0007871841640911277661357387297
0.0007871841640911277661357387297
0.000782307979505026543521001965
0.000782307979505026543521001965
0.0007774277317603093823837091019
0.0007774277317603093823837091019
0.0007725434462040534250451517258
0.0007725434462040534250451517258
0.000767655148204307439210922951
0.000767655148204307439210922951
0.0007627628631499600612262919544
0.0007627628631499600612262919544
0.0007578666164506079310969548785
0.0007578666164506079310969548785
0.0007529664335364237199602694891
0.0007529664335364237199602694891
0.0007480623398580240506926550528
0.0007480623398580240506926550528
0.0007431543608863373123394105891
0.0007431543608863373123394105891
0.0007382425221124713690537740569
0.0007382425221124713690537740569
0.0007333268490475811642326122484
0.0007333268490475811642326122484
0.000728407367222736220536696311
0.000728407367222736220536696311
0.0007234841021887880364840810139
0.0007234841021887880364840810139
0.0007185570795162373803056672641
0.0007185570795162373803056672641
0.0007136263247951014817525871049
0.0007136263247951014817525871049
0.000708691863634781122545608658
0.000708691863634781122545608658
0.0007037537216639276261573153883
0.0007037537216639276261573153883
0.0006988119245303097476183698636
0.0006988119245303097476183698636
0.0006938664979006804640397270747
0.0006938664979006804640397270747
0.0006889174674606436665432166166
0.0006889174674606436665432166166
0.0006839648589145207542934668522
0.0006839648589145207542934668522
0.0006790086979852171313246979033
0.0006790086979852171313246979033
0.0006740490104140886068564642246
0.0006740490104140886068564642246
0.0006690858219608076997929819914
0.0006690858219608076997929819914
0.0006641191584032298481012319358
0.0006641191584032298481012319358
0.0006591490455372595237635850348
0.0006591490455372595237635850348
0.0006541755091767162540012570478
0.0006541755091767162540012570478
0.0006491985751532005494654588397
0.0006491985751532005494654588397
0.0006442182693159597400936732823
0.0006442182693159597400936732823
0.00063923461753175371932905692
0.00063923461753175371932905692
0.0006342476456847205974015362316
0.0006342476456847205974015362316
0.0006292573796762422643697449717
0.0006292573796762422643697449717
0.0006242638454248098636235316006
0.0006242638454248098636235316006
0.0006192670688658891765473551579
0.0006192670688658891765473551579
0.0006142670759517859190454851461
0.0006142670759517859190454851461
0.0006092638926515109506305272512
0.0006092638926515109506305272512
0.0006042575449506453967774133222
0.0006042575449506453967774133222
0.000599248058851205685245622415
0.000599248058851205685245622415
0.0005942354603715084970730414881
0.0005942354603715084970730414881
0.0005892197755460356329455313097
0.0005892197755460356329455313097
0.000584201030425298795646937299
0.000584201030425298795646937299
0.0005791792510757042892949786184
0.0005791792510757042892949786184
0.000574154463579417636069164347
0.000574154463579417636069164347
0.0005691266940342281111376258016
0.0005691266940342281111376258016
0.0005640959685534131964905221468
0.0005640959685534131964905221468
0.0005590623132656029543884758616
0.0005590623132656029543884758616
0.0005540257543146443211353293382
0.0005540257543146443211353293382
0.0005489863178594653218853882866
0.0005489863178594653218853882866
0.0005439440300739392071962366784
0.0005439440300739392071962366784
0.0005388989171467485120391772648
0.0005388989171467485120391772648
0.0005338510052812490379803775362
0.0005338510052812490379803775362
0.0005288003206953337592468904565
0.0005288003206953337592468904565
0.000523746889621296653392880407
0.000523746889621296653392880407
0.0005186907383056964572826265725
0.0005186907383056964572826265725
0.0005136318930092203491082087402
0.0005136318930092203491082087402
0.0005085703800065475571612157698
0.0005085703800065475571612157698
0.0005035062255862128960793679967
0.0005035062255862128960793679967
0.0004984394560504702312906265128
0.0004984394560504702312906265128
0.0004933700977151558723791916253
0.0004933700977151558723791916253
0.0004882981769095518960997892029
0.0004882981769095518960997892029
0.0004832237199762493997688291505
0.0004832237199762493997688291505
0.00047814675327101168576342011
0.00047814675327101168576342011
0.0004730673031626373778618674964
0.0004730673031626373778618674964
0.0004679853960328234701622011132
0.0004679853960328234701622011132
0.0004629010582760283093185116795
0.0004629010582760283093185116795
0.0004578143162993345108384660585
0.0004578143162993345108384660585
0.000452725196522311810189368719
0.000452725196522311810189368719
0.0004476337253768798494645994785
0.0004476337253768798494645994785
0.0004425399293071709003672511691
0.0004425399293071709003672511691
0.0004374438347693925242733921172
0.0004374438347693925242733921172
0.0004323454682316901701436758493
0.0004323454682316901701436758493
0.0004272448561740097110591169261
0.0004272448561740097110591169261
0.0004221420250879599201648664786
0.0004221420250879599201648664786
0.000417037001476674886814892527
0.000417037001476674886814892527
0.0004119298118546763737207600104
0.0004119298118546763737207600104
0.0004068204827477361159194021596
0.0004068204827477361159194021596
0.0004017090406927380623880988227
0.0004017090406927380623880988227
0.0003965955122375405611500868207
0.0003965955122375405611500868207
0.0003914799239408384887316254823
0.0003914799239408384887316254823
0.0003863623023720253248512836647
0.0003863623023720253248512836647
0.0003812426741110551732451229831
0.0003812426741110551732451229831
0.0003761210657483047295578218641
0.0003761210657483047295578218641
0.0003709975038844351972602037683
0.0003709975038844351972602037683
0.0003658720151302541525887972187
0.0003658720151302541525887972187
0.0003607446261065773595437935267
0.0003607446261065773595437935267
0.0003556153634440905360290675306
0.0003556153634440905360290675306
0.0003504842537832110722729665967
0.0003504842537832110722729665967
0.0003453513237739497027327658923
0.0003453513237739497027327658923
0.0003402166000757721327607291654
0.0003402166000757721327607291654
0.0003350801093574606213976450734
0.0003350801093574606213976450734
0.0003299418782969755217629930869
0.0003299418782969755217629930869
0.0003248019335813167806325119472
0.0003248019335813167806325119472
0.0003196603019063853989375168101
0.0003196603019063853989375168101
0.000314517009976844855090244513
0.000314517009976844855090244513
0.0003093720845059824932411797323
0.0003093720845059824932411797323
0.0003042255522155708788143178238
0.0003042255522155708788143178238
0.00029907743983572912395275045
0.00029907743983572912395275045
0.0002939277741047841858498013824
0.0002939277741047841858498013824
0.0002887765817691321413525436576
0.0002887765817691321413525436576
0.0002836238895830994417202308615
0.0002836238895830994417202308615
0.0002784697243088041520190846644
0.0002784697243088041520190846644
0.0002733141127160171803609021863
0.0002733141127160171803609021863
0.000268157081582023503076099811
0.000268157081582023503076099811
0.0002629986576914833929899476435
0.0002629986576914833929899476435
0.0002578388678362936592918034484
0.0002578388678362936592918034484
0.0002526777388154489091120894157
0.0002526777388154489091120894157
0.0002475152974349028429284581092
0.0002475152974349028429284581092
0.0002423515705074295984110506091
0.0002423515705074295984110506091
0.0002371865848524851604159422699
0.0002371865848524851604159422699
0.0002320203672960688587130404734
0.0002320203672960688587130404734
0.000226852944670584979907848459
0.000226852944670584979907848459
0.0002216843438147045261713951544
0.0002216843438147045261713951544
0.0002165145915732271612059863576
0.0002165145915732271612059863576
0.0002113437147969433938459402311
0.0002113437147969433938459402311
0.00020617174034249706248907799
0.00020617174034249706248907799
0.000200998695072248200072542528
0.000200998695072248200072542528
0.0001958246058541363807578209121
0.0001958246058541363807578209121
0.0001906494995615446775266681655
0.0001906494995615446775266681655
0.0001854734030731643967803386498
0.0001854734030731643967803386498
0.0001802963432728608049187494692
0.0001802963432728608049187494692
0.000175118347049540127136058726
0.000175118347049540127136058726
0.0001699394412970181864753103074
0.0001699394412970181864753103074
0.0001647596529138911703078675854
0.0001647596529138911703078675854
0.0001595790088034091744326899614
0.0001595790088034091744326899614
0.0001543975358733534001862863387
0.0001543975358733534001862863387
0.0001492152610359181940960622723
0.0001492152610359181940960622723
0.0001440322112075995624351547645
0.0001440322112075995624351547645
0.000138848413309092424251128477
0.000138848413309092424251128477
0.0001336638942651997769528266962
0.0001336638942651997769528266962
0.0001284786810047582787501621465
0.0001284786810047582787501621465
0.0001232928004605867223134919012
0.0001232928004605867223134919012
0.0001181062795694668348766798738
0.0001181062795694668348766798738
0.0001129191452721703609240132302
0.0001129191452721703609240132302
0.0001077314245135534057576246901
0.0001077314245135534057576246901
0.00010254314424275013002801407
0.00010254314424275013002801407
0.000097354331413515827958055735
0.000097354331413515827958055735
0.000092165012984799043060339513
0.000092165012984799043060339513
0.000086975215921672479049949246
0.000086975215921672479049949246
0.000081784967196839518522958804
0.000081784967196839518522958804
0.000076594293793088988708848149
0.000076594293793088988708848149
0.00007140322270735916464179927
0.00007140322270735916464179927
0.000066211780957625885033165356
0.000066211780957625885033165356
0.000061019995594939564654209739
0.000061019995594939564654209739
0.000055827893725270135646692327
0.000055827893725270135646692327
0.000050635502551009900707534447
0.000050635502551009900707534447
0.000045442849454306309596295036
0.000045442849454306309596295036
0.000040249962176000048558018192
0.000040249962176000048558018192
0.000035056869232945045507543136
0.000035056869232945045507543136
0.000029863600997845046711023585
0.000029863600997845046711023585
0.00002467019289630407565896703
0.00002467019289630407565896703
0.000019476696765763005137801525
0.000019476696765763005137801525
0.000014283233365487327338738984
0.000014283233365487327338738984
9.09036266542887091381284e-6
9.09036266542887091381284e-6
3.90512271765759917919774e-6
3.90512271765759917919774e-6