0.00168404853430617970983411394642
0.00168404614630936012478491694297
0.00168404614630936012478491694297
0.00168403898232567377398813070056
0.00168403898232567377398813070056
0.0016840270423754378512895021129
0.0016840270423754378512895021129
0.0016840103264925142824097724393
0.0016840103264925142824097724393
0.0016839888347243096289116126059
0.0016839888347243096289116126059
0.00168396256713177495375371391982
0.00168396256713177495375371391982
0.00168393152378940564843241548747
0.00168393152378940564843241548747
0.00168389570478524122171135856642
0.00168389570478524122171135856642
0.00168385511022086504993976701794
0.00168385511022086504993976701794
0.00168380974021140408896006196183
0.00168380974021140408896006196183
0.00168375959488552854760562766947
0.00168375959488552854760562766947
0.00168370467438545152278965466128
0.00168370467438545152278965466128
0.00168364497886692859618609490383
0.00168364497886692859618609490383
0.00168358050849925739250387292683
0.00168358050849925739250387292683
0.00168351126346527709935560560295
0.00168351126346527709935560560295
0.00168343724396136794872219225177
0.00168343724396136794872219225177
0.00168335845019745066001474564416
0.00168335845019745066001474564416
0.00168327488239698584473544339411
0.00168327488239698584473544339411
0.00168318654079697337273898813097
0.00168318654079697337273898813097
0.00168309342564795170009647374685
0.00168309342564795170009647374685
0.00168299553721399715856356390995
0.00168299553721399715856356390995
0.00168289287577272320665499792543
0.00168289287577272320665499792543
0.00168278544161527964232754791096
0.00168278544161527964232754791096
0.00168267323504635177727366013297
0.00168267323504635177727366013297
0.0016825562563841595728281222224
0.0016825562563841595728281222224
0.00168243450596045673749020685527
0.00168243450596045673749020685527
0.00168230798412052978606385134225
0.00168230798412052978606385134225
0.00168217669122319706041854142362
0.00168217669122319706041854142362
0.0016820406276408077118736764104
0.0016820406276408077118736764104
0.00168189979375924064520930164882
0.00168189979375924064520930164882
0.00168175418997790342430620311387
0.00168175418997790342430620311387
0.00168160381670973113941846775732
0.00168160381670973113941846775732
0.00168144867438118523608172204688
0.00168144867438118523608172204688
0.00168128876343225230566036993475
0.00168128876343225230566036993475
0.0016811240843164428375372602869
0.0016811240843164428375372602869
0.00168095463750078993294932258661
0.00168095463750078993294932258661
0.00168078042346584798047281849893
0.00168078042346584798047281849893
0.00168060144270569129316196564519
0.00168060144270569129316196564519
0.00168041769572791270734479868807
0.00168041769572791270734479868807
0.00168022918305362214308024156902
0.00168022918305362214308024156902
0.00168003590521744512628047346897
0.00168003590521744512628047346897
0.0016798378627675212725027797815
0.0016798378627675212725027797815
0.00167963505626550273241518809341
0.00167963505626550273241518809341
0.00167942748628655259894029786197
0.00167942748628655259894029786197
0.00167921515341934327608182115886
0.00167921515341934327608182115886
0.00167899805826605480943846052009
0.00167899805826605480943846052009
0.0016787762014423731784098585959
0.0016787762014423731784098585959
0.00167854958357748855009946293735
0.00167854958357748855009946293735
0.00167831820531409349491925788402
0.00167831820531409349491925788402
0.00167808206730838116390142413176
0.00167808206730838116390142413176
0.00167784117023004342772209515936
0.00167784117023004342772209515936
0.00167759551476226897744248827795
0.00167759551476226897744248827795
0.00167734510160174138697279663754
0.00167734510160174138697279663754
0.00167708993145863713726433707979
0.00167708993145863713726433707979
0.00167683000505662360223555726571
0.00167683000505662360223555726571
0.00167656532313285699643761403027
0.00167656532313285699643761403027
0.00167629588643798028446534342357
0.00167629588643798028446534342357
0.00167602169573612105211955138848
0.00167602169573612105211955138848
0.00167574275180488933932666249922
0.00167574275180488933932666249922
0.00167545905543537543482187264175
0.00167545905543537543482187264175
0.00167517060743214763260205995647
0.00167517060743214763260205995647
0.00167487740861324995015481678558
0.00167487740861324995015481678558
0.00167457945981019980847007377063
0.00167457945981019980847007377063
0.00167427676186798567384089563161
0.00167427676186798567384089563161
0.00167396931564506466146013652521
0.00167396931564506466146013652521
0.00167365712201336010081975122779
0.00167365712201336010081975122779
0.00167334018185825906291966671663
0.00167334018185825906291966671663
0.00167301849607860984929322703238
0.00167301849607860984929322703238
0.00167269206558671944285633259408
0.00167269206558671944285633259408
0.00167236089130835092058750340703
0.00167236089130835092058750340703
0.00167202497418272082804620385206
0.00167202497418272082804620385206
0.00167168431516249651573687497215
0.00167168431516249651573687497215
0.0016713389152137934373262283785
0.0016713389152137934373262283785
0.0016709887753161724097214640832
0.0016709887753161724097214640832
0.00167063389646263683501718272884
0.00167063389646263683501718272884
0.00167027427965962988431887082618
0.00167027427965962988431887082618
0.00166990992592703164345094573015
0.00166990992592703164345094573015
0.00166954083629815622055745518038
0.00166954083629815622055745518038
0.00166916701181974881560363430557
0.00166916701181974881560363430557
0.001668788453551982751786631041
0.001668788453551982751786631041
0.00166840516256845646886381893481
0.00166840516256845646886381893481
0.00166801713995619047840722432093
0.00166801713995619047840722432093
0.00166762438681562428099270281521
0.00166762438681562428099270281521
0.00166722690426061324533260804458
0.00166722690426061324533260804458
0.0016668246934184254493608034484
0.0016668246934184254493608034484
0.00166641775542973848327897589494
0.00166641775542973848327897589494
0.00166600609144863621457331773431
0.00166600609144863621457331773431
0.00166558970264260551501075176212
0.00166558970264260551501075176212
0.00166516859019253294962398139461
0.00166516859019253294962398139461
0.00166474275529270142769475615669
0.00166474275529270142769475615669
0.00166431219915078681574485035792
0.00166431219915078681574485035792
0.00166387692298785451254436057837
0.00166387692298785451254436057837
0.00166343692803835598614703530593
0.00166343692803835598614703530593
0.00166299221555012527296245775865
0.00166299221555012527296245775865
0.00166254278678437543887501058991
0.00166254278678437543887501058991
0.00166208864301569500241965881032
0.00166208864301569500241965881032
0.00166162978553204432002469486776
0.00166162978553204432002469486776
0.00166116621563475193333169740581
0.00166116621563475193333169740581
0.00166069793463851087860306277058
0.00166069793463851087860306277058
0.00166022494387137495822757585631
0.00166022494387137495822757585631
0.00165974724467475497433459437079
0.00165974724467475497433459437079
0.00165926483840341492452752806231
0.00165926483840341492452752806231
0.00165877772642546815974740188029
0.00165877772642546815974740188029
0.00165828591012237350427739944155
0.00165828591012237350427739944155
0.00165778939088893133789939054301
0.00165778939088893133789939054301
0.00165728817013327964021355379939
0.00165728817013327964021355379939
0.00165678224927688999713231279061
0.00165678224927688999713231279061
0.00165627162975456356955991137795
0.00165627162975456356955991137795
0.00165575631301442702426906109028
0.00165575631301442702426906109028
0.00165523630051792842698620069162
0.00165523630051792842698620069162
0.00165471159373983309769701521801
0.00165471159373983309769701521801
0.00165418219416821942818396891635
0.00165418219416821942818396891635
0.00165364810330447466180771362787
0.00165364810330447466180771362787
0.00165310932266329063554434123659
0.00165310932266329063554434123659
0.00165256585377265948429055584597
0.00165256585377265948429055584597
0.00165201769817386930744894835584
0.00165201769817386930744894835584
0.00165146485742149979780566308613
0.00165146485742149979780566308613
0.00165090733308341783271285303347
0.00165090733308341783271285303347
0.00165034512674077302758842725086
0.00165034512674077302758842725086
0.00164977823998799325174570070977
0.00164977823998799325174570070977
0.00164920667443278010656566383679
0.00164920667443278010656566383679
0.00164863043169610436602469571436
0.00164863043169610436602469571436
0.00164804951341220137959065169557
0.00164804951341220137959065169557
0.00164746392122856643750036290699
0.00164746392122856643750036290699
0.00164687365680595009843169180073
0.00164687365680595009843169180073
0.0016462787218183534795833945665
0.0016462787218183534795833945665
0.00164567911795302350917614782661
0.00164567911795302350917614782661
0.00164507484691044814138820361138
0.00164507484691044814138820361138
0.00164446591040435153373924314809
0.00164446591040435153373924314809
0.00164385231016168918693610649482
0.00164385231016168918693610649482
0.00164323404792264304719418150875
0.00164323404792264304719418150875
0.00164261112544061657104834205867
0.00164261112544061657104834205867
0.00164198354448222975266743177167
0.00164198354448222975266743177167
0.00164135130682731411368639594448
0.00164135130682731411368639594448
0.00164071441426890765557027055091
0.00164071441426890765557027055091
0.00164007286861324977452434353685
0.00164007286861324977452434353685
0.00163942667167977613896490981442
0.00163942667167977613896490981442
0.00163877582530111352956514754533
0.00163877582530111352956514754533
0.00163812033132307464189074944159
0.00163812033132307464189074944159
0.00163746019160465285164004890752
0.00163746019160465285164004890752
0.00163679540801801694250348690162
0.00163679540801801694250348690162
0.001636125982448505796657371409
0.001636125982448505796657371409
0.0016354519167946230479069873849
0.0016354519167946230479069873849
0.00163477321296803169749422095718
0.00163477321296803169749422095718
0.00163408987289354869258496755943
0.00163408987289354869258496755943
0.0016334018985091394674516995077
0.0016334018985091394674516995077
0.00163270929176591244736667433055
0.00163270929176591244736667433055
0.00163201205462811351522137091595
0.00163201205462811351522137091595
0.00163131018907312044088784624717
0.00163131018907312044088784624717
0.00163060369709143727333781116506
0.00163060369709143727333781116506
0.00162989258068668869553532921317
0.00162989258068668869553532921317
0.00162917684187561434211914819766
0.00162917684187561434211914819766
0.00162845648268806307989077962258
0.00162845648268806307989077962258
0.00162773150516698725112454664517
0.00162773150516698725112454664517
0.0016270019113684368797159266332
0.0016270019113684368797159266332
0.00162626770336155384018461979783
0.00162626770336155384018461979783
0.00162552888322856598954888071986
0.00162552888322856598954888071986
0.0016247854530647812620877548856
0.0016247854530647812620877548856
0.00162403741497858172700796759852
0.00162403741497858172700796759852
0.00162328477109141760903231783657
0.00162328477109141760903231783657
0.00162252752353780127192653477986
0.00162252752353780127192653477986
0.00162176567446530116498165984115
0.00162176567446530116498165984115
0.00162099922603453573246912208976
0.00162099922603453573246912208976
0.00162022818041916728608577997039
0.00162022818041916728608577997039
0.00161945253980589584040630717893
0.00161945253980589584040630717893
0.00161867230639445291136040546947
0.00161867230639445291136040546947
0.00161788748239759527775243202902
0.00161788748239759527775243202902
0.00161709807004109870584113386877
0.00161709807004109870584113386877
0.00161630407156375163699728644296
0.00161630407156375163699728644296
0.0016155054892173488384571384184
0.0016155054892173488384571384184
0.00161470232526668501718966917829
0.00161470232526668501718966917829
0.00161389458198954839689577025435
0.00161389458198954839689577025435
0.00161308226167671425815756643944
0.00161308226167671425815756643944
0.00161226536663193844175619684011
0.00161226536663193844175619684011
0.00161144389917195081517648058322
0.00161144389917195081517648058322
0.00161061786162644870231699629344
0.00161061786162644870231699629344
0.00160978725633809027642420880892
0.00160978725633809027642420880892
0.00160895208566248791626938089929
0.00160895208566248791626938089929
0.0016081123519682015255871119946
0.0016081123519682015255871119946
0.00160726805763673181579445012436
0.00160726805763673181579445012436
0.00160641920506251355200962740312
0.00160641920506251355200962740312
0.00160556579665290876238957348146
0.00160556579665290876238957348146
0.00160470783482819991080546541061
0.00160470783482819991080546541061
0.00160384532202158303287567634223
0.00160384532202158303287567634223
0.00160297826067916083537558940454
0.00160297826067916083537558940454
0.00160210665325993575904384695968
0.00160210665325993575904384695968
0.00160123050223580300480470925544
0.00160123050223580300480470925544
0.00160034981009154352342630023746
0.00160034981009154352342630023746
0.00159946457932481696863462198418
0.00159946457932481696863462198418
0.00159857481244615461370332286714
0.00159857481244615461370332286714
0.00159768051197895223153930812268
0.00159768051197895223153930812268
0.00159678168045946293828438504745
0.00159678168045946293828438504745
0.00159587832043679000045323849958
0.00159587832043679000045323849958
0.00159497043447287960562813579871
0.00159497043447287960562813579871
0.00159405802514251359673086347222
0.00159405802514251359673086347222
0.00159314109503330216989250159049
0.00159314109503330216989250159049
0.00159221964674567653594174467107
0.00159221964674567653594174467107
0.00159129368289288154553258131067
0.00159129368289288154553258131067
0.00159036320610096827793224782265
0.00159036320610096827793224782265
0.00158942821900878659349047421844
0.00158942821900878659349047421844
0.00158848872426797764981114387155
0.00158848872426797764981114387155
0.00158754472454296638164759114345
0.00158754472454296638164759114345
0.0015865962225109539445428641314
0.0015865962225109539445428641314
0.00158564322086191012223638251769
0.00158564322086191012223638251769
0.00158468572229856569785852325959
0.00158468572229856569785852325959
0.00158372372953640478893476955696
0.00158372372953640478893476955696
0.0015827572453036571462211611714
0.0015827572453036571462211611714
0.00158178627234129041639288674603
0.00158178627234129041639288674603
0.00158081081340300236860796128801
0.00158081081340300236860796128801
0.00157983087125521308496803442689
0.00157983087125521308496803442689
0.00157884644867705711489847745042
0.00157884644867705711489847745042
0.00157785754846037559346999944495
0.00157785754846037559346999944495
0.00157686417340970832368414512998
0.00157686417340970832368414512998
0.00157586632634228582274512917579
0.00157586632634228582274512917579
0.00157486401008802133234056392834
0.00157486401008802133234056392834
0.00157385722748950279295373953691
0.00157385722748950279295373953691
0.00157284598140198478223021748774
0.00157284598140198478223021748774
0.00157183027469338041742160048879
0.00157183027469338041742160048879
0.00157081011024425322192944352927
0.00157081011024425322192944352927
0.00156978549094780895597237274978
0.00156978549094780895597237274978
0.00156875641970988741139958050644
0.00156875641970988741139958050644
0.0015677228994489541706739666938
0.0015677228994489541706739666938
0.00156668493309609233004829800695
0.00156668493309609233004829800695
0.00156564252359499418695785837252
0.00156564252359499418695785837252
0.00156459567390195289165316526106
0.00156459567390195289165316526106
0.00156354438698585406309642800884
0.00156354438698585406309642800884
0.00156248866582816736914552562627
0.00156248866582816736914552562627
0.00156142851342293807104938285103
0.00156142851342293807104938285103
0.00156036393277677853227872441774
0.00156036393277677853227872441774
0.00155929492690885969171628866148
0.00155929492690885969171628866148
0.00155822149885090250123068264981
0.00155822149885090250123068264981
0.00155714365164716932765816204645
0.00155714365164716932765816204645
0.00155606138835445531921671984975
0.00155606138835445531921671984975
0.00155497471204207973637696901962
0.00155497471204207973637696901962
0.00155388362579187724721440480784
0.00155388362579187724721440480784
0.00155278813269818918726773333815
0.00155278813269818918726773333815
0.00155168823586785478392805364395
0.00155168823586785478392805364395
0.00155058393842020234538378096272
0.00155058393842020234538378096272
0.00154947524348704041414629960671
0.00154947524348704041414629960671
0.00154836215421264888518143417934
0.00154836215421264888518143417934
0.00154724467375377008867192828513
0.00154724467375377008867192828513
0.00154612280527959983743622018832
0.00154612280527959983743622018832
0.00154499655197177843902890511067
0.00154499655197177843902890511067
0.00154386591702438167254837402213
0.00154386591702438167254837402213
0.00154273090364391173017721886969
0.00154273090364391173017721886969
0.00154159151504928812348109420772
0.00154159151504928812348109420772
0.00154044775447183855449182513904
0.00154044775447183855449182513904
0.00153929962515528975160065134874
0.00153929962515528975160065134874
0.00153814713035575827028759681133
0.00153814713035575827028759681133
0.00153699027334174125871305447777
0.00153699027334174125871305447777
0.00153582905739410718819777490008
0.00153582905739410718819777490008
0.00153466348580608654861754732835
0.00153466348580608654861754732835
0.00153349356188326250873896131773
0.00153349356188326250873896131773
0.0015323192889435615415227363107
0.0015323192889435615415227363107
0.00153114067031724401442120601238
0.00153114067031724401442120601238
0.00152995770934689474469664365421
0.00152995770934689474469664365421
0.00152877040938741351978721344253
0.00152877040938741351978721344253
0.00152757877380600558274743261455
0.00152757877380600558274743261455
0.00152638280598217208279012757323
0.00152638280598217208279012757323
0.00152518250930770049095696654557
0.00152518250930770049095696654557
0.00152397788718665498094475010495
0.00152397788718665498094475010495
0.00152276894303536677511473971671
0.00152276894303536677511473971671
0.00152155568028242445571240320829
0.00152155568028242445571240320829
0.00152033810236866424132505472851
0.00152033810236866424132505472851
0.00151911621274716022860496534725
0.00151911621274716022860496534725
0.00151789001488321459928561895392
0.00151789001488321459928561895392
0.00151665951225434779251888654298
0.00151665951225434779251888654298
0.00151542470835028864256099032485
0.00151542470835028864256099032485
0.00151418560667296448183522737234
0.00151418560667296448183522737234
0.00151294221073649120939952070487
0.00151294221073649120939952070487
0.00151169452406716332484696382499
0.00151169452406716332484696382499
0.00151044255020344392766762275494
0.00151044255020344392766762275494
0.00150918629269595468209995757307
0.00150918629269595468209995757307
0.00150792575510746574750032332226
0.00150792575510746574750032332226
0.00150666094101288567425910795368
0.00150666094101288567425910795368
0.00150539185399925126529216267998
0.00150539185399925126529216267998
0.00150411849766571740313627774067
0.00150411849766571740313627774067
0.00150284087562354684267755413032
0.00150284087562354684267755413032
0.00150155899149609996954161930595
0.00150155899149609996954161930595
0.00150027284891882452417473227357
0.00150027284891882452417473227357
0.00149898245153924529164492075506
0.00149898245153924529164492075506
0.00149768780301695375719239035547
0.00149768780301695375719239035547
0.0014963889070235977275585427862
0.0014963889070235977275585427862
0.00149508576724287091812303725238
0.00149508576724287091812303725238
0.00149377838737050250587842608148
0.00149377838737050250587842608148
0.00149246677111424664827199255571
0.00149246677111424664827199255571
0.00149115092219387196794451571197
0.00149115092219387196794451571197
0.00148983084434115100339578359001
0.00148983084434115100339578359001
0.00148850654129984962560677304191
0.00148850654129984962560677304191
0.00148717801682571642064851076354
0.00148717801682571642064851076354
0.00148584527468647203830772667097
0.00148584527468647203830772667097
0.0014845083186617985067595071221
0.0014845083186617985067595071221
0.00148316715254332851331725177469
0.00148316715254332851331725177469
0.00148182178013463465129033407784
0.00148182178013463465129033407784
0.00148047220525121863297996151291
0.00148047220525121863297996151291
0.00147911843172050046884382773253
0.00147911843172050046884382773253
0.0014777604633818076128602446926
0.0014777604633818076128602446926
0.0014763983040863640741225387307
0.0014763983040863640741225387307
0.00147503195769727949469459031629
0.00147503195769727949469459031629
0.00147366142808953819375849288194
0.00147366142808953819375849288194
0.00147228671914998817808540174098
0.00147228671914998817808540174098
0.0014709078347773301188607396052
0.0014709078347773301188607396052
0.00146952477888210629489502063587
0.00146952477888210629489502063587
0.00146813755538668950225165029212
0.00146813755538668950225165029212
0.00146674616822527193032315348329
0.00146674616822527193032315348329
0.00146535062134385400438737868434
0.00146535062134385400438737868434
0.00146395091870023319467532073695
0.00146395091870023319467532073695
0.00146254706426399279198230003286
0.00146254706426399279198230003286
0.00146113906201649064985433065926
0.00146113906201649064985433065926
0.00145972691595084789338160487984
0.00145972691595084789338160487984
0.00145831063007193759463111602765
0.00145831063007193759463111602765
0.00145689020839637341475053649826
0.00145689020839637341475053649826
0.00145546565495249821277556205229
0.00145546565495249821277556205229
0.00145403697378037262117302806644
0.00145403697378037262117302806644
0.00145260416893176358815219770969
0.00145260416893176358815219770969
0.00145116724447013288677671626774
0.00145116724447013288677671626774
0.00144972620447062559090981999257
0.00144972620447062559090981999257
0.00144828105302005851802548191557
0.00144828105302005851802548191557
0.00144683179421690863891827103152
0.00144683179421690863891827103152
0.0014453784321713014543447951365
0.0014453784321713014543447951365
0.0014439209710049993386296913856
0.0014439209710049993386296913856
0.00144245941485138985026922232542
0.00144245941485138985026922232542
0.00144099376785547400956562875165
0.00144099376785547400956562875165
0.00143952403417385454332548424373
0.00143952403417385454332548424373
0.00143805021797472409665538963519
0.00143805021797472409665538963519
0.00143657232343785341188843899157
0.00143657232343785341188843899157
0.00143509035475457947467498188474
0.00143509035475457947467498188474
0.00143360431612779362727129987593
0.00143360431612779362727129987593
0.00143211421177192964905990814642
0.00143211421177192964905990814642
0.0014306200459129518043352861471
0.0014306200459129518043352861471
0.00142912182278834285738893397372
0.00142912182278834285738893397372
0.00142761954664709205492774391441
0.00142761954664709205492774391441
0.00142611322174968307585976925938
0.00142611322174968307585976925938
0.00142460285236808194848156500953
0.00142460285236808194848156500953
0.00142308844278572493510136757035
0.00142308844278572493510136757035
0.00142156999729750638413247286995
0.00142156999729750638413247286995
0.0014200475202097665496912645955
0.0014200475202097665496912645955
0.00141852101584027937873443639958
0.00141852101584027937873443639958
0.00141699048851824026577004398733
0.00141699048851824026577004398733
0.00141545594258425377517711495689
0.00141545594258425377517711495689
0.00141391738239032133116863612781
0.00141391738239032133116863612781
0.00141237481229982887543282985675
0.00141237481229982887543282985675
0.00141082823668753449248772250417
0.00141082823668753449248772250417
0.00140927765993955600278409978193
0.00140927765993955600278409978193
0.00140772308645335852359203517753
0.00140772308645335852359203517753
0.00140616452063774199770626901741
0.00140616452063774199770626901741
0.00140460196691282869000580699781
0.00140460196691282869000580699781
0.00140303542971005065190319817807
0.00140303542971005065190319817807
0.00140146491347213715371904349639
0.00140146491347213715371904349639
0.00139989042265310208501737683295
0.00139989042265310208501737683295
0.00139831196171823132293765150875
0.00139831196171823132293765150875
0.00139672953514407006855915587097
0.00139672953514407006855915587097
0.00139514314741841015133377227591
0.00139514314741841015133377227591
0.00139355280304027730162308433973
0.00139355280304027730162308433973
0.00139195850651991839137592778381
0.00139195850651991839137592778381
0.00139036026237878864298257055559
0.00139036026237878864298257055559
0.00138875807514953880634179815782
0.00138875807514953880634179815782
0.00138715194937600230417727026773
0.00138715194937600230417727026773
0.00138554188961318234563960477328
0.00138554188961318234563960477328
0.00138392790042723900823073529615
0.00138392790042723900823073529615
0.0013823099863954762880871781095
0.0013823099863954762880871781095
0.00138068815210632911865893409341
0.00138068815210632911865893409341
0.0013790624021593503578208410016
0.0013790624021593503578208410016
0.00137743274116519774345328083881
0.00137743274116519774345328083881
0.00137579917374562081752923657037
0.00137579917374562081752923657037
0.00137416170453344781874478170136
0.00137416170453344781874478170136
0.00137252033817257254373017547475
0.00137252033817257254373017547475
0.00137087507931794117687882554369
0.00137087507931794117687882554369
0.00136922593263553908883146897336
0.00136922593263553908883146897336
0.00136757290280237760365301132241
0.00136757290280237760365301132241
0.00136591599450648073473955234205
0.00136591599450648073473955234205
0.00136425521244687188949321551272
0.00136425521244687188949321551272
0.00136259056133356054280248721343
0.00136259056133356054280248721343
0.00136092204588752887936585978688
0.00136092204588752887936585978688
0.00135924967084071840489666112463
0.00135924967084071840489666112463
0.00135757344093601652624704164999
0.00135757344093601652624704164999
0.00135589336092724310048917772229
0.00135589336092724310048917772229
0.00135420943557913695299183852402
0.00135420943557913695299183852402
0.00135252166966734236453055142211
0.00135252166966734236453055142211
0.00135083006797839552746968861601
0.00135083006797839552746968861601
0.00134913463530971097105488559769
0.00134913463530971097105488559769
0.00134743537646956795585428955244
0.00134743537646956795585428955244
0.00134573229627709683738722332399
0.00134573229627709683738722332399
0.00134402539956226539897893795235
0.00134402539956226539897893795235
0.00134231469116586515388021406824
0.00134231469116586515388021406824
0.0013406001759394976166906595936
0.0013406001759394976166906595936
0.00133888185874556054412463825269
0.00133888185874556054412463825269
0.00133715974445723414515885034346
0.00133715974445723414515885034346
0.00133543383795846726060067405293
0.00133543383795846726060067405293
0.00133370414414396351211646232372
0.00133370414414396351211646232372
0.00133197066791916742075907689084
0.00133197066791916742075907689084
0.00133023341420025049503402760894
0.00133023341420025049503402760894
0.00132849238791409728854367157889
0.00132849238791409728854367157889
0.00132674759399829142724901286026
0.00132674759399829142724901286026
0.00132499903740110160638872972074
0.00132499903740110160638872972074
0.00132324672308146755709514242687
0.00132324672308146755709514242687
0.00132149065600898598274692051997
0.00132149065600898598274692051997
0.00131973084116389646509841434877
0.00131973084116389646509841434877
0.00131796728353706734022558134388
0.00131796728353706734022558134388
0.00131619998812998154432856312042
0.00131619998812998154432856312042
0.00131442895995472242943105498192
0.00131442895995472242943105498192
0.001312654204033959549016694772
0.001312654204033959549016694772
0.0013108757254009344136427832795
0.0013108757254009344136427832795
0.00130909352909944621657173354762
0.00130909352909944621657173354762
0.00130730762018383752946073146795
0.00130730762018383752946073146795
0.00130551800371897996815017495567
0.00130551800371897996815017495567
0.00130372468478025982859154380277
0.00130372468478025982859154380277
0.00130192766845356369295543699112
0.00130192766845356369295543699112
0.0013001269598352640059605988171
0.0013001269598352640059605988171
0.00129832256403220462146483963294
0.00129832256403220462146483963294
0.00129651448616168631935884134833
0.00129651448616168631935884134833
0.00129470273135145229280392205688
0.00129470273135145229280392205688
0.00129288730473967360585491825742
0.00129288730473967360585491825742
0.00129106821147493462150942712859
0.00129106821147493462150942712859
0.00128924545671621840022473518631
0.00128924545671621840022473518631
0.00128741904563289206894384340811
0.00128741904563289206894384340811
0.00128558898340469216067208254505
0.00128558898340469216067208254505
0.00128375527522170992464589586111
0.00128375527522170992464589586111
0.00128191792628437660713544994089
0.00128191792628437660713544994089
0.00128007694180344870292281748985
0.00128007694180344870292281748985
0.00127823232699999317749755921553
0.00127823232699999317749755921553
0.00127638408710537266001161492473
0.00127638408710537266001161492473
0.00127453222736123060703549689824
0.00127453222736123060703549689824
0.00127267675301947643715786141329
0.00127267675301947643715786141329
0.00127081766934227063647061697226
0.00127081766934227063647061697226
0.00126895498160200983498181036552
0.00126895498160200983498181036552
0.00126708869508131185399861414582
0.00126708869508131185399861414582
0.00126521881507300072452282142064
0.00126521881507300072452282142064
0.0012633453468800916767013360783
0.0012633453468800916767013360783
0.00126146829581577610037422865219
0.00126146829581577610037422865219
0.00125958766720340647676300999518
0.00125958766720340647676300999518
0.00125770346637648128134185678333
0.00125770346637648128134185678333
0.00125581569867862985793460459379
0.00125581569867862985793460459379
0.00125392436946359726408040590573
0.00125392436946359726408040590573
0.00125202948409522908771103185626
0.00125202948409522908771103185626
0.00125013104794745623518287794361
0.00125013104794745623518287794361
0.00124822906640427969070681510863
0.00124822906640427969070681510863
0.00124632354485975524721910874208
0.00124632354485975524721910874208
0.00124441448871797820873670915858
0.00124441448871797820873670915858
0.00124250190339306806424029794915
0.00124250190339306806424029794915
0.00124058579430915313312855537217
0.00124058579430915313312855537217
0.00123866616690035518228719456698
0.00123866616690035518228719456698
0.00123674302661077401481638887555
0.00123674302661077401481638887555
0.001234816378894472030460298935
0.001234816378894472030460298935
0.0012328862292154587577824864571
0.0012328862292154587577824864571
0.00123095258304767535813108174008
0.00123095258304767535813108174008
0.00122901544587497910143765196306
0.00122901544587497910143765196306
0.00122707482319112781389379719334
0.00122707482319112781389379719334
0.0012251307204997642975495807923
0.0012251307204997642975495807923
0.00122318314331440072187798053586
0.00122318314331440072187798053586
0.00122123209715840298734962627028
0.00122123209715840298734962627028
0.00121927758756497506106216930351
0.00121927758756497506106216930351
0.0012173196200771432844687079861
0.0012173196200771432844687079861
0.00121535820024774065324977306286
0.00121535820024774065324977306286
0.00121339333363939106937345537841
0.00121339333363939106937345537841
0.00121142502582449356538833739437
0.00121142502582449356538833739437
0.0012094532823852065009939687244
0.0012094532823852065009939687244
0.00120747810891343173193370451467
0.00120747810891343173193370451467
0.00120549951101079875125480399191
0.00120549951101079875125480399191
0.00120351749428864880298076486769
0.00120351749428864880298076486769
0.00120153206436801896824094752765
0.00120153206436801896824094752765
0.00119954322687962622390262104558
0.00119954322687962622390262104558
0.00119755098746385147375064104615
0.00119755098746385147375064104615
0.00119555535177072355226004729565
0.00119555535177072355226004729565
0.00119355632545990320100694662681
0.00119355632545990320100694662681
0.00119155391420066701776312440254
0.00119155391420066701776312440254
0.00118954812367189137831990519259
0.00118954812367189137831990519259
0.00118753895956203633108686067776
0.00118753895956203633108686067776
0.00118552642756912946451104000719
0.00118552642756912946451104000719
0.00118351053340074974736247491606
0.00118351053340074974736247491606
0.00118149128277401134193178886243
0.00118149128277401134193178886243
0.0011794686814155473901858162643
0.0011794686814155473901858162643
0.00117744273506149377292721460902
0.00117744273506149377292721460902
0.00117541344945747284200412876894
0.00117541344945747284200412876894
0.0011733808303585771256160432874
0.0011733808303585771256160432874
0.00117134488352935300676203469914
0.00117134488352935300676203469914
0.00116930561474378437487771211787
0.00116930561474378437487771211787
0.00116726302978527625070721036103
0.00116726302978527625070721036103
0.00116521713444663838445667578802
0.00116521713444663838445667578802
0.00116316793453006882727576080198
0.00116316793453006882727576080198
0.00116111543584713747611371860806
0.00116111543584713747611371860806
0.00115905964421876959199676533073
0.00115905964421876959199676533073
0.00115700056547522929177345197094
0.00115700056547522929177345197094
0.00115493820545610301337486392911
0.00115493820545610301337486392911
0.00115287257001028295463654093226
0.00115287257001028295463654093226
0.00115080366499595048572908518334
0.00115080366499595048572908518334
0.00114873149628055953524450039698
0.00114873149628055953524450039698
0.00114665606974081994998537909888
0.00114665606974081994998537909888
0.00114457739126268082850413014517
0.00114457739126268082850413014517
0.0011424954667413138284395128638
0.0011424954667413138284395128638
0.00114041030208109644769781853102
0.00114041030208109644769781853102
0.00113832190319559527952611407357
0.00113832190319559527952611407357
0.0011362302760075492415250369295
0.0011362302760075492415250369295
0.00113413542644885277864870390879
0.00113413542644885277864870390879
0.00113203736046053904023937066783
0.00113203736046053904023937066783
0.00112993608399276303114455205003
0.00112993608399276303114455205003
0.0011278316030047847369643870474
0.0011278316030047847369643870474
0.00112572392346495222347710550513
0.00112572392346495222347710550513
0.00112361305135068471029052692264
0.00112361305135068471029052692264
0.00112149899264845561876759480031
0.00112149899264845561876759480031
0.00111938175335377559427402294016
0.00111938175335377559427402294016
0.00111726133947117550279620293206
0.00111726133947117550279620293206
0.00111513775701418940197759474348
0.00111513775701418940197759474348
0.00111301101200533748662189488044
0.00111301101200533748662189488044
0.00111088111047610900871134900036
0.00111088111047610900871134900036
0.00110874805846694517198864813273
0.00110874805846694517198864813273
0.00110661186202722200115091980216
0.00110661186202722200115091980216
0.00110447252721523318570439734882
0.00110447252721523318570439734882
0.00110233006009817289852842260416
0.00110233006009817289852842260416
0.00110018446675211858919750880486
0.00110018446675211858919750880486
0.00109803575326201375211026221444
0.00109803575326201375211026221444
0.00109588392572165066947403237048
0.00109588392572165066947403237048
0.00109372899023365312919423218514
0.00109372899023365312919423218514
0.00109157095290945911771734029734
0.00109157095290945911771734029734
0.00108940981986930348787666910722
0.00108940981986930348787666910722
0.00108724559724220060179005281606
0.00108724559724220060179005281606
0.00108507829116592694885868054823
0.00108507829116592694885868054823
0.0010829079077870037389163702454
0.0010829079077870037389163702454
0.00108073445326067947057864949732
0.00108073445326067947057864949732
0.0010785579337509124748410798073
0.0010785579337509124748410798073
0.00107637835543035343397633098424
0.00107637835543035343397633098424
0.00107419572448032787577958240659
0.00107419572448032787577958240659
0.00107201004709081864321189781603
0.00107201004709081864321189781603
0.00106982132946044833949129007101
0.00106982132946044833949129007101
0.00106762957779646174868126192079
0.00106762957779646174868126192079
0.00106543479831470823182667835083
0.00106543479831470823182667835083
0.00106323699723962409868689539846
0.00106323699723962409868689539846
0.00106103618080421495511613954457
0.00106103618080421495511613954457
0.00105883235525003802614120085226
0.00105883235525003802614120085226
0.00105662552682718445478657194617
0.00105662552682718445478657194617
0.00105441570179426157669723370731
0.00105441570179426157669723370731
0.00105220288641837517060935719653
0.00105220288641837517060935719653
0.00104998708697511168471925981576
0.00104998708697511168471925981576
0.00104776830974852043900102206937
0.00104776830974852043900102206937
0.00104554656103109580352323949823
0.00104554656103109580352323949823
0.00104332184712375935281545242603
0.00104332184712375935281545242603
0.0010410941743358419963348640813
0.0010410941743358419963348640813
0.00103886354898506608508402543881
0.00103886354898506608508402543881
0.00103662997739752749443023276034
0.00103662997739752749443023276034
0.00103439346590767768317745130771
0.00103439346590767768317745130771
0.00103215402085830572894164604916
0.00103215402085830572894164604916
0.00102991164860052033988046738458
0.00102991164860052033988046738458
0.00102766635549373184282830697468
0.00102766635549373184282830697468
0.0010254181479056341478878056744
0.0010254181479056341478878056744
0.0010231670322121866895289623407
0.0010231670322121866895289623407
0.00102091301479759634424705891051
0.00102091301479759634424705891051
0.00101865610205429932483068362401
0.00101865610205429932483068362401
0.00101639630038294305129120060314
0.00101639630038294305129120060314
0.00101413361619236799850508018412
0.00101413361619236799850508018412
0.00101186805589958952062057044552
0.00101186805589958952062057044552
0.00100959962592977965228025627083
0.00100959962592977965228025627083
0.00100732833271624888671111803506
0.00100732833271624888671111803506
0.0010050541827004279307337676095
0.0010050541827004279307337676095
0.00100277718233184943674260483675
0.00100277718233184943674260483675
0.0010004973380681297117087029394
0.0010004973380681297117087029394
0.00099821465637495040325729648976
0.00099821465637495040325729648976
0.00099592914372604016287181058564
0.00099592914372604016287181058564
0.00099364080660315628627643474674
0.00099364080660315628627643474674
0.00099134965149606633104930976878
0.00099134965149606633104930976878
0.00098905568490252971151846034728
0.00098905568490252971151846034728
0.00098675891332827927099267070981
0.00098675891332827927099267070981
0.00098445934328700283137956477438
0.00098445934328700283137956477438
0.00098215698130032472024321648249
0.00098215698130032472024321648249
0.00097985183389778727535367993751
0.00097985183389778727535367993751
0.00097754390761683232678089281297
0.00097754390761683232678089281297
0.00097523320900278265658547018023
0.00097523320900278265658547018023
0.00097291974460882343615896944112
0.00097291974460882343615896944112
0.00097060352099598364126627043827
0.00097060352099598364126627043827
0.00096828454473311744484277805314
0.00096828454473311744484277805314
0.00096596282239688558759921769055
0.00096596282239688558759921769055
0.00096363836057173672648685698647
0.00096363836057173672648685698647
0.00096131116584988876107604986526
0.00096131116584988876107604986526
0.00095898124483131013790106171058
0.00095898124483131013790106171058
0.00095664860412370113282419690348
0.00095664860412370113282419690348
0.00095431325034247511147231231889
0.00095431325034247511147231231889
0.00095197519011073976779886255972
0.00095197519011073976779886255972
0.00094963443005927834082468474466
0.00094963443005927834082468474466
0.00094729097682653080961079255196
0.00094729097682653080961079255196
0.00094494483705857506651651095644
0.00094494483705857506651651095644
0.00094259601740910806879634468093
0.00094259601740910806879634468093
0.0009402445245394269685890348157
0.0009402445245394269685890348157
0.00093789036511841022135231934027
0.00093789036511841022135231934027
0.00093553354582249867279697441127
0.00093553354582249867279697441127
0.00093317407333567662437377425685
0.00093317407333567662437377425685
0.00093081195434945287736706834368
0.00093081195434945287736706834368
0.00092844719556284175564873515505
0.00092844719556284175564873515505
0.00092607980368234410714633243909
0.00092607980368234410714633243909
0.00092370978542192828407932415396
0.00092370978542192828407932415396
0.00092133714750301110201732455174
0.00092133714750301110201732455174
0.00091896189665443877781435990491
0.00091896189665443877781435990491
0.00091658403961246784647320828817
0.00091658403961246784647320828817
0.00091420358312074605699393758405
0.00091420358312074605699393758405
0.00091182053393029324726082148285
0.00091182053393029324726082148285
0.00090943489879948219802187269619
0.00090943489879948219802187269619
0.00090704668449401946601529189799
0.00090704668449401946601529189799
0.00090465589778692619629719004782
0.00090465589778692619629719004782
0.00090226254545851891382500073787
0.00090226254545851891382500073787
0.00089986663429639029435105803766
0.00089986663429639029435105803766
0.00089746817109538991468087398806
0.00089746817109538991468087398806
0.00089506716265760498235070841999
0.00089506716265760498235070841999
0.0008926636157923410447790821413
0.0008926636157923410447790821413
0.00089025753731610267794694274926
0.00089025753731610267794694274926
0.00088784893405257415466125038436
0.00088784893405257415466125038436
0.00088543781283260009245680864439
0.00088543781283260009245680864439
0.00088302418049416608119122362556
0.00088302418049416608119122362556
0.00088060804388237929038793164953
0.00088060804388237929038793164953
0.00087818940984944905638229367175
0.00087818940984944905638229367175
0.00087576828525466744932581164679
0.00087576828525466744932581164679
0.00087334467696438982010357925088
0.00087334467696438982010357925088
0.0008709185918520153272201363301
0.0008709185918520153272201363301
0.00086849003679796744370895325418
0.00086849003679796744370895325418
0.0008660590186896744441208280113
0.0008660590186896744441208280113
0.00086362554442154987164653537758
0.00086362554442154987164653537758
0.00086118962089497298542912383664
0.00086118962089497298542912383664
0.00085875125501826918812131210917
0.00085875125501826918812131210917
0.00085631045370669043374349317969
0.00085631045370669043374349317969
0.00085386722388239561589790957787
0.00085386722388239561589790957787
0.00085142157247443093639461938419
0.00085142157247443093639461938419
0.00084897350641871025434492798452
0.00084897350641871025434492798452
0.00084652303265799541577801599542
0.00084652303265799541577801599542
0.00084407015814187656383654902085
0.00084407015814187656383654902085
0.00084161488982675242960710998197
0.00084161488982675242960710998197
0.00083915723467581060364134968457
0.00083915723467581060364134968457
0.00083669719965900778822380605249
0.00083669719965900778822380605249
0.00083423479175305003044239706171
0.00083423479175305003044239706171
0.00083177001794137293611764685601
0.00083177001794137293611764685601
0.00082930288521412186464675881377
0.00082930288521412186464675881377
0.00082683340056813210481870346411
0.00082683340056813210481870346411
0.00082436157100690903165654312072
0.00082436157100690903165654312072
0.00082188740354060824434326891204
0.00082188740354060824434326891204
0.00081941090518601568528747953761
0.00081941090518601568528747953761
0.00081693208296652774038528457188
0.00081693208296652774038528457188
0.00081445094391213132053486846835
0.00081445094391213132053486846835
0.0008119674950593839244602045888
0.0008119674950593839244602045888
0.00080948174345139368290046159383
0.00080948174345139368290046159383
0.00080699369613779938422169738275
0.00080699369613779938422169738275
0.00080450336017475048150748846174
0.00080450336017475048150748846174
0.00080201074262488708118519514997
0.00080201074262488708118519514997
0.00079951585055731991324461540338
0.00079951585055731991324461540338
0.0007970186910476102831058322451
0.0007970186910476102831058322451
0.00079451927117775000519311183984
0.00079451927117775000519311183984
0.00079201759803614131827176113668
0.00079201759803614131827176113668
0.00078951367871757678260490573114
0.00078951367871757678260490573114
0.00078700752032321915898720016183
0.00078700752032321915898720016183
0.00078449912996058126971253426044
0.00078449912996058126971253426044
0.00078198851474350584153285041547
0.00078198851474350584153285041547
0.00077947568179214533066523769015
0.00077947568179214533066523769015
0.00077696063823294172990451965284
0.00077696063823294172990451965284
0.00077444339119860635789860353446
0.00077444339119860635789860353446
0.00077192394782809963064390892148
0.00077192394782809963064390892148
0.00076940231526661081525824462424
0.00076940231526661081525824462424
0.00076687850066553776608855263019
0.00076687850066553776608855263019
0.00076435251118246664321098815786
0.00076435251118246664321098815786
0.00076182435398115161338085477156
0.00076182435398115161338085477156
0.00075929403623149453348996329825
0.00075929403623149453348996329825
0.00075676156510952461658903290596
0.00075676156510952461658903290596
0.00075422694779737808053280215881
0.00075422694779737808053280215881
0.00075169019148327777930556715547
0.00075169019148327777930556715547
0.000749151303361512817084912987
0.000749151303361512817084912987
0.00074661029063241814510145371511
0.00074661029063241814510145371511
0.00074406716050235414135244487407
0.00074406716050235414135244487407
0.00074152192018368617322718113748
0.00074152192018368617322718113748
0.00073897457689476414310214026561
0.00073897457689476414310214026561
0.0007364251378599020169638827597
0.0007364251378599020169638827597
0.00073387361030935733611776479585
0.00073387361030935733611776479585
0.00073132000147931071204056999407
0.00073132000147931071204056999407
0.00072876431861184530443521339572
0.00072876431861184530443521339572
0.00072620656895492628254571867672
0.00072620656895492628254571867672
0.00072364675976238026979071711343
0.00072364675976238026979071711343
0.0007210848982938747717737641427
0.0007210848982938747717737641427
0.00071852099181489758772881651796
0.00071852099181489758772881651796
0.00071595504759673620545926005859
0.00071595504759673620545926005859
0.00071338707291645717982892482057
0.00071338707291645717982892482057
0.00071081707505688549486357118173
0.00071081707505688549486357118173
0.0007082450613065839095213768357
0.0007082450613065839095213768357
0.00070567103895983228719100102414
0.00070567103895983228719100102414
0.00070309501531660690897584850668
0.00070309501531660690897584850668
0.0007005169976825597708232017732
0.0007005169976825597708232017732
0.00069793699336899786455693584226
0.00069793699336899786455693584226
0.0006953550096928624428725756635
0.0006953550096928624428725756635
0.00069277105397670826835350165012
0.00069277105397670826835350165012
0.00069018513354868284656715421023
0.00069018513354868284656715421023
0.00068759725574250564330013332285
0.00068759725574250564330013332285
0.00068500742789744728599113421526
0.00068500742789744728599113421526
0.00068241565735830874942070504392
0.00068241565735830874942070504392
0.00067982195147540052571685716024
0.00067982195147540052571685716024
0.00067722631760452177873560305589
0.00067722631760452177873560305589
0.0006746287631069394828755414296
0.0006746287631069394828755414296
0.00067202929534936754638565299826
0.00067202929534936754638565299826
0.00066942792170394591922551469068
0.00066942792170394591922551469068
0.00066682464954821968553718371023
0.00066682464954821968553718371023
0.00066421948626511814078804663609
0.00066421948626511814078804663609
0.00066161243924293385364397224816
0.00066161243924293385364397224816
0.00065900351587530171263215011132
0.00065900351587530171263215011132
0.00065639272356117795765304013775
0.00065639272356117795765304013775
0.0006537800697048191964009013638
0.0006537800697048191964009013638
0.00065116556171576140575241102831
0.00065116556171576140575241102831
0.00064854920700879891818292772411
0.00064854920700879891818292772411
0.00064593101300396339326999491253
0.00064593101300396339326999491253
0.00064331098712650277434372344259
0.00064331098712650277434372344259
0.00064068913680686023034373390199
0.00064068913680686023034373390199
0.00063806546948065308294238164619
0.00063806546948065308294238164619
0.00063543999258865171899402920508
0.00063543999258865171899402920508
0.00063281271357675848837017245307
0.00063281271357675848837017245307
0.00063018363989598658724026844923
0.00063018363989598658724026844923
0.00062755277900243892685815420858
0.00062755277900243892685815420858
0.00062492013835728698791398685397
0.00062492013835728698791398685397
0.00062228572542674966051167662045
0.00062228572542674966051167662045
0.00061964954768207206983182504097
0.00061964954768207206983182504097
0.00061701161259950438754022133277
0.00061701161259950438754022133277
0.00061437192766028062900199052975
0.00061437192766028062900199052975
0.00061173050035059743636152726531
0.00061173050035059743636152726531
0.00060908733816159284754838930561
0.00060908733816159284754838930561
0.00060644244858932505126936496189
0.00060644244858932505126936496189
0.00060379583913475112804696837572
0.00060379583913475112804696837572
0.0006011475173037057773646563706
0.0006011475173037057773646563706
0.0005984974906068800309791000987
0.0005984974906068800309791000987
0.0005958457665597999524598840833
0.0005958457665597999524598840833
0.0005931923526828053230170444633
0.0005931923526828053230170444633
0.000590537256501028313676897292
0.000590537256501028313676897292
0.0005878804855443721438666466203
0.0005878804855443721438666466203
0.0005852220473474897264683008129
0.0005852220473474897264683008129
0.0005825619494497622994024641022
0.0005825619494497622994024641022
0.0005799001993952780438026087729
0.0005799001993952780438026087729
0.000577236804732810688840471607
0.000577236804732810688840471607
0.0005745717730157981032632562833
0.0005745717730157981032632562833
0.000571905111802320873703361337
0.000571905111802320873703361337
0.0005692368286550808698213910347
0.0005692368286550808698213910347
0.0005665669311413797963432441054
0.0005665669311413797963432441054
0.0005638954268330977320521127031
0.0005638954268330977320521127031
0.0005612223233066716557962612458
0.0005612223233066716557962612458
0.0005585476281430739595734918905
0.0005585476281430739595734918905
0.0005558713489277909487532403636
0.0005558713489277909487532403636
0.0005531934932508013294972826666
0.0005531934932508013294972826666
0.0005505140687065546834400698254
0.0005505140687065546834400698254
0.0005478330828939499296897443456
0.0005478330828939499296897443456
0.0005451505434163137742109283756
0.0005451505434163137742109283756
0.0005424664578813791466504097708
0.0005424664578813791466504097708
0.0005397808339012636246668882895
0.0005397808339012636246668882895
0.0005370936790924478458259800429
0.0005370936790924478458259800429
0.0005344050010757539071217140626
0.0005344050010757539071217140626
0.000531714807476323752185790446
0.000531714807476323752185790446
0.0005290231059235975462459049948
0.0005290231059235975462459049948
0.0005263299040512920388944805657
0.0005263299040512920388944805657
0.0005236352094973789147291805292
0.0005236352094973789147291805292
0.0005209390299040631319266147558
0.0005209390299040631319266147558
0.0005182413729177612488106834472
0.0005182413729177612488106834472
0.0005155422461890797384770388895
0.0005155422461890797384770388895
0.0005128416573727932915351798326
0.0005128416573727932915351798326
0.0005101396141278231070297277013
0.0005101396141278231070297277013
0.0005074361241172151716024682176
0.0005074361241172151716024682176
0.0005047311950081185269567762635
0.0005047311950081185269567762635
0.0005020248344717635256860759485
0.0005020248344717635256860759485
0.0004993170501834400755280218595
0.0004993170501834400755280218595
0.0004966078498224758721061213784
0.0004966078498224758721061213784
0.0004938972410722146202205517477
0.0004938972410722146202205517477
0.0004911852316199942437499592612
0.0004911852316199942437499592612
0.0004884718291571250842260615511
0.0004884718291571250842260615511
0.0004857570413788680881429074481
0.0004857570413788680881429074481
0.0004830408759844129830626823068
0.0004830408759844129830626823068
0.0004803233406768564425799800252
0.0004803233406768564425799800252
0.0004776044431631802402064962471
0.0004776044431631802402064962471
0.0004748841911542293922381304305
0.0004748841911542293922381304305
0.0004721625923646902896665176011
0.0004721625923646902896665176011
0.0004694396545130688191970436895
0.0004694396545130688191970436895
0.0004667153853216684734354313942
0.0004667153853216684734354313942
0.0004639897925165684503050165194
0.0004639897925165684503050165194
0.0004612628838276017417568677203
0.0004612628838276017417568677203
0.0004585346669883332118349355646
0.0004585346669883332118349355646
0.0004558051497360376641584497931
0.0004558051497360376641584497931
0.0004530743398116778988838166507
0.0004530743398116778988838166507
0.0004503422449598827592083011788
0.0004503422449598827592083011788
0.0004476088729289251674778124175
0.0004476088729289251674778124175
0.0004448742314707001509611425924
0.0004448742314707001509611425924
0.0004421383283407028573530445563
0.0004421383283407028573530445563
0.0004394011712980065600685650562
0.0004394011712980065600685650562
0.0004366627681052406533910848149
0.0004366627681052406533910848149
0.0004339231265285686375365499711
0.0004339231265285686375365499711
0.0004311822543376660936964131547
0.0004311822543376660936964131547
0.0004284401593056986491218363897
0.0004284401593056986491218363897
0.0004256968492092999323117421657
0.0004256968492092999323117421657
0.0004229523318285495183673334177
0.0004229523318285495183673334177
0.0004202066149469508645757378472
0.0004202066149469508645757378472
0.0004174597063514092362854670355
0.0004174597063514092362854670355
0.0004147116138322096231364161935
0.0004147116138322096231364161935
0.0004119623451829946457071661937
0.0004119623451829946457071661937
0.000409211908200742452642385804
0.000409211908200742452642385804
0.0004064603106857446083231688243
0.0004064603106857446083231688243
0.0004037075604415839711431781941
0.0004037075604415839711431781941
0.0004009536652751125624535071386
0.0004009536652751125624535071386
0.000398198632996429426239206133
0.000398198632996429426239206133
0.0003954424714188584795904639606
0.0003954424714188584795904639606
0.0003926851883589263540314715061
0.0003926851883589263540314715061
0.000389926791636340227770038249
0.000389926791636340227770038249
0.0003871672890739656489310738059
0.0003871672890739656489310738059
0.0003844066884978043498370904233
0.0003844066884978043498370904233
0.0003816449977369720523989271617
0.0003816449977369720523989271617
0.000378882224623676264679942774
0.000378882224623676264679942774
0.0003761183769931940686969721054
0.0003761183769931940686969721054
0.0003733534626838498995213903877
0.0003733534626838498995213903877
0.0003705874895369933157436812507
0.0003705874895369933157436812507
0.0003678204653969767613649578018
0.0003678204653969767613649578018
0.0003650523981111333191789419645
0.0003650523981111333191789419645
0.0003622832955297544557079656317
0.0003622832955297544557079656317
0.0003595131655060677577566183487
0.0003595131655060677577566183487
0.0003567420158962146606467304711
0.0003567420158962146606467304711
0.0003539698545592281681974483608
0.0003539698545592281681974483608
0.0003511966893570105645142295302
0.0003511966893570105645142295302
0.0003484225281543111176506611057
0.0003484225281543111176506611057
0.0003456473788187037752070849819
0.0003456473788187037752070849819
0.0003428712492205648519300980375
0.0003428712492205648519300980375
0.0003400941472330507093770863131
0.0003400941472330507093770863131
0.0003373160807320754277100486771
0.0003373160807320754277100486771
0.0003345370575962884696830688727
0.0003345370575962884696830688727
0.0003317570857070523368879056584
0.0003317570857070523368879056584
0.0003289761729484202183222898138
0.0003289761729484202183222898138
0.0003261943272071136313456449635
0.0003261943272071136313456449635
0.0003234115563725000550870874592
0.0003234115563725000550870874592
0.0003206278683365705563707100423
0.0003206278683365705563707100423
0.0003178432709939174082233159092
0.0003178432709939174082233159092
0.0003150577722417117010299454874
0.0003150577722417117010299454874
0.000312271379979680946402729224
0.000312271379979680946402729224
0.0003094841021100866738288076996
0.0003094841021100866738288076996
0.0003066959465377020201632873262
0.0003066959465377020201632873262
0.0003039069211697893120334479119
0.0003039069211697893120334479119
0.0003011170339160776412206898941
0.0003011170339160776412206898941
0.000298326292688740433087006763
0.000298326292688740433087006763
0.0002955347054023730081130951733
0.0002955347054023730081130951733
0.0002927422799739701366155749063
0.0002927422799739701366155749063
0.0002899490243229035867111870765
0.0002899490243229035867111870765
0.0002871549463708996655962761501
0.0002871549463708996655962761501
0.0002843600540420167542103443984
0.0002843600540420167542103443984
0.0002815643552626228353530019534
0.0002815643552626228353530019534
0.000278767857961373015324227991
0.000278767857961373015324227991
0.0002759705700691870391585159486
0.0002759705700691870391585159486
0.0002731724995192267995242062367
0.0002731724995192267995242062367
0.0002703736542468738393601229319
0.0002703736542468738393601229319
0.0002675740421897068483225370112
0.0002675740421897068483225370112
0.0002647736712874791531164898516
0.0002647736712874791531164898516
0.0002619725494820962017866407611
0.0002619725494820962017866407611
0.000259170684717593042044066937
0.000259170684717593042044066937
0.0002563680849401117937068614974
0.0002563680849401117937068614974
0.0002535647580978791153339657425
0.0002535647580978791153339657425
0.0002507607121411836651334592864
0.0002507607121411836651334592864
0.0002479559550223535562285434153
0.0002479559550223535562285434153
0.0002451504946957338063667203659
0.0002451504946957338063667203659
0.000242344339117663782160230382
0.000242344339117663782160230382
0.000239537496246454637948701213
0.000239537496246454637948701213
0.0002367299740423667493782395613
0.0002367299740423667493782395613
0.0002339217804675871417949069295
0.0002339217804675871417949069295
0.0002311129234862069135547384759
0.0002311129234862069135547384759
0.0002283034110641986543572585498
0.0002283034110641986543572585498
0.0002254932511693938587149087583
0.0002254932511693938587149087583
0.0002226824517714603346770366251
0.0002226824517714603346770366251
0.0002198710208418796079342155232
0.0002198710208418796079342155232
0.0002170589663539243214368205684
0.0002170589663539243214368205684
0.0002142462962826356306711360875
0.0002142462962826356306711360875
0.0002114330186048005947470127508
0.0002114330186048005947470127508
0.0002086191412989295634634559393
0.0002086191412989295634634559393
0.0002058046723452335605327823397
0.0002058046723452335605327823397
0.0002029896197256016631604498521
0.0002029896197256016631604498521
0.0002001739914235783781967271038
0.0002001739914235783781967271038
0.0001973577954243410150984755104
0.0001973577954243410150984755104
0.0001945410397146770559650079823
0.0001945410397146770559650079823
0.0001917237322829615229419079954
0.0001917237322829615229419079954
0.0001889058811191343433216120131
0.0001889058811191343433216120131
0.0001860874942146777127104030476
0.0001860874942146777127104030476
0.0001832685795625934566793480037
0.0001832685795625934566793480037
0.0001804491451573803913729815903
0.0001804491451573803913729815903
0.0001776291989950116836158231628
0.0001776291989950116836158231628
0.000174808749072912211135086142
0.000174808749072912211135086142
0.0001719878033899359236106084302
0.0001719878033899359236106084302
0.0001691663699463432053730341561
0.0001691663699463432053730341561
0.0001663444567437782407022103194
0.0001663444567437782407022103194
0.0001635220717852463828340480788
0.0001635220717852463828340480788
0.0001606992230750915279711890047
0.0001606992230750915279711890047
0.0001578759186189734958174560079
0.0001578759186189734958174560079
0.0001550521664238454184266305192
0.0001550521664238454184266305192
0.0001522279744979311394830165946
0.0001522279744979311394830165946
0.0001494033508507026265275816383
0.0001494033508507026265275816383
0.000146578303492857399125594169
0.000146578303492857399125594169
0.0001437528404362959765602806358
0.0001437528404362959765602806358
0.0001409269696940993493582687351
0.0001409269696940993493582687351
0.0001381006992805064798397619865
0.0001381006992805064798397619865
0.0001352740372108918379820296659
0.0001352740372108918379820296659
0.0001324469915017429802434932799
0.0001324469915017429802434932799
0.0001296195701706381806878747363
0.0001296195701706381806878747363
0.0001267917812362241258648620898
0.0001267917812362241258648620898
0.000123963632718193687564584821
0.000123963632718193687564584821
0.000121135132637263790923905394
0.000121135132637263790923905394
0.0001183062890151533996288381672
0.0001183062890151533996288381672
0.0001154771098745616454021463716
0.0001154771098745616454021463716
0.0001126476032391461359525219464
0.0001126476032391461359525219464
0.0001098177771335014845810228405
0.0001098177771335014845810228405
0.0001069876395831381163535940548
0.0001069876395831381163535940548
0.000104157198614461421057596501
0.000104157198614461421057596501
0.0001013264622547513433039277821
0.0001013264622547513433039277821
0.000098495438532142526828894565
0.000098495438532142526828894565
0.0000956641354756051656842980829
0.0000956641354756051656842980829
0.0000928325611149267629496438409
0.0000928325611149267629496438409
0.0000900007234806950626460613469
0.0000900007234806950626460613469
0.0000871686306042825095516900497
0.0000871686306042825095516900497
0.0000843362905178327145837128812
0.0000843362905178327145837128812
0.0000815037112542495749456117321
0.0000815037112542495749456117321
0.0000786709008471899400377121422
0.0000786709008471899400377121422
0.0000758378673310610587961083923
0.0000758378673310610587961083923
0.0000730046187410245412992543416
0.0000730046187410245412992543416
0.0000701711631130092938271361047
0.0000701711631130092938271361047
0.0000673375084837369622922969295
0.0000673375084837369622922969295
0.0000645036628907650357030836669
0.0000645036628907650357030836669
0.0000616696343725552299121097413
0.0000616696343725552299121097413
0.0000588354309685786062682676455
0.0000588354309685786062682676455
0.000056001060719474947249695322
0.000056001060719474947249695322
0.000053166531667293708525392099
0.000053166531667293708525392099
0.000050331851855860041127321638
0.000050331851855860041127321638
0.000047497029331336736057264333
0.000047497029331336736057264333
0.000044662072143100478932465698
0.000044662072143100478932465698
0.000041826988345135889618989534
0.000041826988345135889618989534
0.000038991785998308272470603437
0.000038991785998308272470603437
0.000036156473174178445102040739
0.000036156473174178445102040739
0.00003332105796162906603359284
0.00003332105796162906603359284
0.000030485548478846470356689969
0.000030485548478846470356689969
0.000027649952896036479642632837
0.000027649952896036479642632837
0.00002481427948098095008875868
0.00002481427948098095008875868
0.00002197853669679847337637034
0.00002197853669679847337637034
0.000019142733429870703612938713
0.000019142733429870703612938713
0.000016306879579528018192888475
0.000016306879579528018192888475
0.000013470987803814761899401931
0.000013470987803814761899401931
0.000010635079721955822237943912
0.000010635079721955822237943912
7.799214586867938920143765e-6
7.799214586867938920143765e-6
4.96369147706870779609758e-6
4.96369147706870779609758e-6
2.13234675118842203446964e-6
2.13234675118842203446964e-6