-0.000874364634460125756416586301342
0.000874364634460125756416586301342
-0.00262309122952585333396736274814
0.00262309122952585333396736274814
-0.00437180980303618589797635683372
0.00437180980303618589797635683372
-0.00612051500731478272209532586089
0.00612051500731478272209532586089
-0.00786920149472618691647776007589
0.00786920149472618691647776007589
-0.00961786391769217878734448038218
0.00961786391769217878734448038218
-0.0113664969287081290215147829112
0.0113664969287081290215147829112
-0.0131150951803593516458942042928
0.0131150951803593516458942042928
-0.0148636533253374567119106696639
0.0148636533253374567119106696639
-0.0166121660164567026548916265758
0.0166121660164567026548916265758
-0.0183606279066703482783757620088
0.0183606279066703482783757620088
-0.0201090336490870043133540466737
0.0201090336490870043133540466737
-0.0218573778969869845024361506694
0.0218573778969869845024361506694
-0.023605655303838656158939727367
0.023605655303838656158939727367
-0.0253538605233147901509016681102
0.0253538605233147901509016681102
-0.0271019882093089102600121889354
0.0271019882093089102600121889354
-0.0288500330159516418654745220415
0.0288500330159516418654745220415
-0.0305979895976270599027950491471
0.0305979895976270599027950491471
-0.0323458526089890360475109311807
0.0323458526089890360475109311807
-0.0340936167049775850738646589274
0.0340936167049775850738646589274
-0.0358412765408352103384374723175
0.0358412765408352103384374723175
-0.0375888267721232483387562719616
0.0375888267721232483387562719616
-0.0393362620547382122968914753222
0.0393362620547382122968914753222
-0.0410835770449281347180662515371
0.0410835770449281347180662515371
-0.0428307663993089088743007033871
0.0428307663993089088743007033871
-0.0445778247748806291631178521963
0.0445778247748806291631178521963
-0.0463247468290439302913417215792
0.0463247468290439302913417215792
-0.0480715272196163252340214088786
0.0480715272196163252340214088786
-0.0498181606048485419185187788719
0.0498181606048485419185187788719
-0.0515646416434408585838013128387
0.0515646416434408585838013128387
-0.053310964994559437764985697382
0.053310964994559437764985697382
-0.0550571253178526588531819414477
0.0550571253178526588531819414477
-0.0568031172734674491806921668008
0.0568031172734674491806921668008
-0.0585489355220656135816227267579
0.0585489355220656135816227267579
-0.0602945747248401623779729702466
0.0602945747248401623779729702466
-0.0620400295435316377412687832403
0.0620400295435316377412687832403
-0.0637852946404444383798140072878
0.0637852946404444383798140072878
-0.0655303646784631425016379552108
0.0655303646784631425016379552108
-0.0672752343210688290032225170541
0.0672752343210688290032225170541
-0.0690198982323553968340977750399
0.0690198982323553968340977750399
-0.0707643510770458824874006245656
0.0707643510770458824874006245656
-0.0725085875205087755664966291971
0.0725085875205087755664966291971
-0.0742526022287743323777712211078
0.0742526022287743323777712211078
-0.0759963898685508874997023944966
0.0759963898685508874997023944966
-0.0777399451072411632783332281611
0.0777399451072411632783332281611
-0.0794832626129585771992689145812
0.0794832626129585771992689145812
-0.0812263370545435470863294665725
0.0812263370545435470863294665725
-0.0829691631015797940769959187758
0.0829691631015797940769959187758
-0.0847117354244106433247946399319
0.0847117354244106433247946399319
-0.0864540486941553223787713230404
0.0864540486941553223787713230404
-0.0881960975827252571902133240857
0.0881960975827252571902133240857
-0.0899378767628403656967862760169
0.0899378767628403656967862760169
-0.0916793809080453489342583130672
0.0916793809080453489342583130672
-0.0934206046927259796259928012698
0.0934206046927259796259928012698
-0.0951615427921253882003981841478
0.0951615427921253882003981841478
-0.0969021898823603461865314180028
0.0969021898823603461865314180028
-0.0986425406404375469380594889753
0.0986425406404375469380594889753
-0.100382589744269883635791674076
0.100382589744269883635791674076
-0.102122331872692724519003530665
0.102122331872692724519003530665
-0.103861761705480185295782073364
0.103861761705480185295782073364
-0.105600873923361398682630224091
0.105600873923361398682630224091
-0.107339663208036781023577399778
0.107339663208036781023577399778
-0.109078124242194295939052033394
0.109078124242194295939052033394
-0.110816251709525714954780906988
0.110816251709525714954780906988
-0.112554040294742875060989410782
0.112554040294742875060989410782
-0.114291484683593933152186229573
0.114291484683593933152186229573
-0.116028579562879617297825497108
0.116028579562879617297825497108
-0.117765319620469474794149150413
0.117765319620469474794149150413
-0.119501699545318116947522059385
0.119501699545318116947522059385
-0.121237714027481460539582502241
0.121237714027481460539582502241
-0.122973357758132965924540704586
0.122973357758132965924540704586
-0.124708625429579871708968458969
0.124708625429579871708968458969
-0.126443511735279425964433292683
0.126443511735279425964433292683
-0.128178011369855113923341254352
0.128178011369855113923341254352
-0.129912119029112882108363144353
0.129912119029112882108363144353
-0.131645829410057358845829920456
0.131645829410057358845829920456
-0.133379137210908071113494068041
0.133379137210908071113494068041
-0.135112037131115657673064933992
0.135112037131115657673064933992
-0.136844523871378078437937384711
0.136844523871378078437937384711
-0.13857659213365682002654466169
0.13857659213365682002654466169
-0.140308236621193097451777972644
0.140308236621193097451777972644
-0.142039452038524051896927172318
0.142039452038524051896927172318
-0.143770233091498944528608854722
0.143770233091498944528608854722
-0.145500574487295346297160297658
0.145500574487295346297160297658
-0.147230470934435323674989970936
0.147230470934435323674989970936
-0.148959917142801620283387741633
0.148959917142801620283387741633
-0.150688907823653834358310483074
0.150688907823653834358310483074
-0.152417437689644592005671518833
0.152417437689644592005671518833
-0.154145501454835716196675208987
0.154145501454835716196675208987
-0.155873093834714391453751013039
0.155873093834714391453751013039
-0.157600209546209324177654542285
0.157600209546209324177654542285
-0.159326843307706898566316443971
0.159326843307706898566316443971
-0.161052989839067328076033440238
0.161052989839067328076033440238
-0.162778643861640802375609476644
0.162778643861640802375609476644
-0.16450380009828362974406871781
0.16450380009828362974406871781
-0.16622845327337437486257606159
0.16622845327337437486257606159
-0.167952598112829991951214927894
0.167952598112829991951214927894
-0.169676229344121953201286313987
0.169676229344121953201286313987
-0.171399341696292372453807494635
0.171399341696292372453807494635
-0.173121929899970124074903282855
0.173121929899970124074903282855
-0.174843988687386956978797455168
0.174843988687386956978797455168
-0.176565512792393603749126784194
0.176565512792393603749126784194
-0.178286496950475884809315110984
0.178286496950475884809315110984
-0.180006935898770807592760029743
0.180006935898770807592760029743
-0.181726824376082660663600048465
0.181726824376082660663600048465
-0.183446157122899102738845530351
0.183446157122899102738845530351
-0.185164928881407246562672312839
0.185164928881407246562672312839
-0.186883134395509737583692643402
0.186883134395509737583692643402
-0.188600768410840827386033964069
0.188600768410840827386033964069
-0.190317825674782441825072119761
0.190317825674782441825072119761
-0.192034300936480243818681758979
0.192034300936480243818681758979
-0.193750188946859690744883039114
0.193750188946859690744883039114
-0.195465484458642086396780242565
0.195465484458642086396780242565
-0.197180182226360627445704553968
0.197180182226360627445704553968
-0.198894277006376444363490043024
0.198894277006376444363490043024
-0.200607763556894636754828841721
0.200607763556894636754828841721
-0.202320636637980303050668598976
0.202320636637980303050668598976
-0.204032891011574564513632540016
0.204032891011574564513632540016
-0.205744521441510583506459851922
0.205744521441510583506459851922
-0.207455522693529575974481660773
0.207455522693529575974481660773
-0.209165889535296818093165559613
0.209165889535296818093165559613
-0.21087561673641764703177949001
0.21087561673641764703177949001
-0.212584699068453455784243773185
0.212584699068453455784243773185
-0.21429313130493768201825822958
0.21429313130493768201825822958
-0.216000908221391790893809618135
0.216000908221391790893809618135
-0.217708024595341251802183068538
0.217708024595341251802183068538
-0.219414475206331508976619771128
0.219414475206331508976619771128
-0.221120254835943945925781929968
0.221120254835943945925781929968
-0.2228253582678118436412048748
0.2228253582678118436412048748
-0.224529780287636332529935267077
0.224529780287636332529935267077
-0.22623351568320233802357352399
0.22623351568320233802357352399
-0.22793655924439451981495792231
0.22793655924439451981495792231
-0.229638905763213204673747330866
0.229638905763213204673747330866
-0.231340550033790312792179156593
0.231340550033790312792179156593
-0.233041486852405277612298874115
0.233041486852405277612298874115
-0.234741711017500959085977442871
0.234741711017500959085977442871
-0.236441217329699550319052998682
0.236441217329699550319052998682
-0.238140000591818477550953438345
0.238140000591818477550953438345
-0.239838055608886293421176896326
0.239838055608886293421176896326
-0.241535377188158563474027641758
0.241535377188158563474027641758
-0.243231960139133745853025601738
0.243231960139133745853025601738
-0.244927799273569064136428543271
0.244927799273569064136428543271
-0.246622889405496373265326921053
0.246622889405496373265326921053
-0.24831722535123801851579252157
0.24831722535123801851579252157
-0.250010801929422687466583305651
0.250010801929422687466583305651
-0.251703613961001254913928271605
0.251703613961001254913928271605
-0.253395656269262620684937729238
0.253395656269262620684937729238
-0.255086923679849540301206091486
0.255086923679849540301206091486
-0.256777411020774448444196154863
0.256777411020774448444196154863
-0.258467113122435275174015852482
0.258467113122435275174015852482
-0.260156024817631254853220623927
0.260156024817631254853220623927
-0.26184414094157872772729685467
0.26184414094157872772729685467
-0.263531456331926934113504294012
0.263531456331926934113504294012
-0.265217965828773801149777964555
0.265217965828773801149777964555
-0.266903664274681722055412827944
0.266903664274681722055412827944
-0.268588546514693327855277371034
0.268588546514693327855277371034
-0.27027260739634725151932532351
0.27027260739634725151932532351
-0.271955841769693884469197912491
0.271955841769693884469197912491
-0.27363824448731112540373240143
0.27363824448731112540373240143
-0.275319810404320121395216149885
0.275319810404320121395216149885
-0.27700053437840100120824906717
0.27700053437840100120824906717
-0.278680411269808600793101116615
0.278680411269808600793101116615
-0.280359435941388180905475457944
0.280359435941388180905475457944
-0.282037603258591136804611893213
0.282037603258591136804611893213
-0.283714908089490699981689506558
0.283714908089490699981689506558
-0.28539134530479763187051175982
0.28539134530479763187051175982
-0.287066909777875909492481824719
0.287066909777875909492481824719
-0.288741596384758402987900597619
0.288741596384758402987900597619
-0.290415400004162544985644654999
0.290415400004162544985644654999
-0.292088315517505991763306366429
0.292088315517505991763306366429
-0.293760337808922276149903487041
0.293760337808922276149903487041
-0.295431461765276452123290803191
0.295431461765276452123290803191
-0.297101682276180731054431803015
0.297101682276180731054431803015
-0.298770994234010109550713887976
0.298770994234010109550713887976
-0.300439392533917988850516332068
0.300439392533917988850516332068
-0.302106872073851785721266032054
0.302106872073851785721266032054
-0.303773427754568534813242074941
0.303773427754568534813242074941
-0.30543905447965048242141627765
0.30543905447965048242141627765
-0.307103747155520671607643128557
0.307103747155520671607643128557
-0.308767500691458518635538981075
0.308767500691458518635538981075
-0.31043030999961538067041691574
0.31043030999961538067041691574
-0.312092169995030114696670399186
0.312092169995030114696670399186
-0.313753075595644627605025725909
0.313753075595644627605025725909
-0.315413021722319417402110231742
0.315413021722319417402110231742
-0.317072003298849105494810416423
0.317072003298849105494810416423
-0.318730015251977960001921406378
0.318730015251977960001921406378
-0.320387052511415410045616627907
0.320387052511415410045616627907
-0.322043110009851550975294145139
0.322043110009851550975294145139
-0.32369818268297264047638384641
0.32369818268297264047638384641
-0.325352265469476585516727537021
0.325352265469476585516727537021
-0.32700535331108842008317201549
0.32700535331108842008317201549
-0.328657441152575773661043374497
0.328657441152575773661043374497
-0.330308523941764330409199076446
0.330308523941764330409199076446
-0.331958596629553278983382807016
0.331958596629553278983382807016
-0.333607654169930752960635708076
0.333607654169930752960635708076
-0.335255691519989261817546333803
0.335255691519989261817546333803
-0.336902703639941112415150560737
0.336902703639941112415150560737
-0.338548685493133820943321713655
0.338548685493133820943321713655
-0.340193632046065515277520344589
0.340193632046065515277520344589
-0.341837538268400327700802421786
0.341837538268400327700802421786
-0.343480399132983777944014149014
0.343480399132983777944014149014
-0.345122209615858146497131243107
0.345122209615858146497131243107
-0.346762964696277838144730249005
0.346762964696277838144730249005
-0.348402659356724735678609366706
0.348402659356724735678609366706
-0.35004128858292354374060630333
0.35004128858292354374060630333
-0.351678847363857122748690845902
0.351678847363857122748690845902
-0.353315330691781812859440176348
0.353315330691781812859440176348
-0.354950733562242747920035419459
0.354950733562242747920035419459
-0.356585050974089159362948527208
0.356585050974089159362948527208
-0.358218277929489669996519358555
0.358218277929489669996519358555
-0.359850409433947577644653712822
0.359850409433947577644653712822
-0.361481440496316128588904116655
0.361481440496316128588904116655
-0.363111366128813780766226349456
0.363111366128813780766226349456
-0.364740181347039456675736019848
0.364740181347039456675736019848
-0.366367881169987785947820976217
0.366367881169987785947820976217
-0.367994460620064337528996947401
0.367994460620064337528996947401
-0.369619914723100841435925565262
0.369619914723100841435925565262
-0.371244238508370400032045818904
0.371244238508370400032045818904
-0.372867427008602688780302030754
0.372867427008602688780302030754
-0.374489475259999146425483627366
0.374489475259999146425483627366
-0.376110378302248154559724302642
0.376110378302248154559724302642
-0.377730131178540206524740638028
0.377730131178540206524740638028
-0.379348728935583065604422853086
0.379348728935583065604422853086
-0.380966166623616912461423110521
0.380966166623616912461423110521
-0.382582439296429481771419692173
0.382582439296429481771419692173
-0.384197542011371188008768396599
0.384197542011371188008768396599
-0.385811469829370240337285684491
0.385811469829370240337285684491
-0.387424217814947746559941415302
0.387424217814947746559941415302
-0.389035781036232806081272476869
0.389035781036232806081272476869
-0.390646154564977591836362209556
0.390646154564977591836362209556
-0.392255333476572421140264267239
0.392255333476572421140264267239
-0.393863312850060815411783439376
0.393863312850060815411783439376
-0.395470087768154548725559981199
0.395470087768154548725559981199
-0.397075653317248685146438162733
0.397075653317248685146438162733
-0.398680004587436604800134051722
0.398680004587436604800134051722
-0.40028313667252501863425199056
0.40028313667252501863425199056
-0.401885044670048971823733812851
0.401885044670048971823733812851
-0.403485723681286835774859571144
0.403485723681286835774859571144
-0.405085168811275288681953413677
0.405085168811275288681953413677
-0.406683375168824284590983254376
0.406683375168824284590983254376
-0.408280337866532010924278026908
0.408280337866532010924278026908
-0.409876052020799834420621600134
0.409876052020799834420621600134
-0.411470512751847235445017858688
0.411470512751847235445017858688
-0.413063715183726730622457018609
0.413063715183726730622457018609
-0.414655654444338783750048953769
0.414655654444338783750048953769
-0.416246325665446704941925154249
0.416246325665446704941925154249
-0.41783572398269153796134692264
0.41783572398269153796134692264
-0.419423844535606935694493538407
0.419423844535606935694493538407
-0.421010682467634023720440383846
0.421010682467634023720440383846
-0.422596232926136251931873427659
0.422596232926136251931873427659
-0.424180491062414234161123003672
0.424180491062414234161123003672
-0.4257634520317205757661365026
0.4257634520317205757661365026
-0.427345110993274689131046413928
0.427345110993274689131046413928
-0.428925463110277597036027112804
0.428925463110277597036027112804
-0.430504503549926723851170883202
0.430504503549926723851170883202
-0.432082227483430674509150903439
0.432082227483430674509150903439
-0.433658630086024001211476293243
0.433658630086024001211476293243
-0.435233706536981957823181832942
0.435233706536981957823181832942
-0.436807452019635241910832614733
0.436807452019635241910832614733
-0.438379861721384724378761673457
0.438379861721384724378761673457
-0.439950930833716166658496569538
0.439950930833716166658496569538
-0.441520654552214925406368959792
0.441520654552214925406368959792
-0.443089028076580644664339392468
0.443089028076580644664339392468
-0.444656046610641935439107901034
0.444656046610641935439107901034
-0.446221705362371042654619446798
0.446221705362371042654619446798
-0.447785999543898499433111873313
0.447785999543898499433111873313
-0.449348924371527768659892785478
0.449348924371527768659892785478
-0.450910475065749871787070653342
0.450910475065749871787070653342
-0.45247064685125800483150446456
0.45247064685125800483150446456
-0.454029434956962141522275410232
0.454029434956962141522275410232
-0.455586834616003623553023386311
0.455586834616003623553023386311
-0.45714284106576973789453052681
0.45714284106576973789453052681
-0.458697449547908281122973555471
0.458697449547908281122973555471
-0.46025065530834211071930644938
0.46025065530834211071930644938
-0.461802453597283683295274750982
0.461802453597283683295274750982
-0.463352839669249579701602844044
0.463352839669249579701602844044
-0.464901808783075016973935624102
0.464901808783075016973935624102
-0.466449356201928347072156244838
0.466449356201928347072156244838
-0.467995477193325542368742008361
0.467995477193325542368742008361
-0.469540167029144667841860989571
0.469540167029144667841860989571
-0.471083420985640339928952642362
0.471083420985640339928952642362
-0.472625234343458171996576428429
0.472625234343458171996576428429
-0.474165602387649206382353437587
0.474165602387649206382353437587
-0.47570452040768433296486703181
0.47570452040768433296486703181
-0.477241983697468694217429743408
0.477241983697468694217429743408
-0.478777987555356076701664990829
0.478777987555356076701664990829
-0.480312527284163288956893643391
0.480312527284163288956893643391
-0.481845598191184525741357068562
0.481845598191184525741357068562
-0.48337719558820571858135003228
0.48337719558820571858135003228
-0.484907314791518872584378693928
0.484907314791518872584378693928
-0.48643595112193638947250094296
0.48643595112193638947250094296
-0.487963099904805376792048463578
0.487963099904805376792048463578
-0.489488756470021943255972187265
0.489488756470021943255972187265
-0.491012916152045480175095200143
0.491012916152045480175095200143
-0.492535574289912928934599713025
0.492535574289912928934599713025
-0.494056726227253034472117376432
0.494056726227253034472117376432
-0.495576367312300584713835030748
0.495576367312300584713835030748
-0.497094492897910635925070922784
0.497094492897910635925070922784
-0.498611098341572723931819494377
0.498611098341572723931819494377
-0.500126179005425061169806055986
0.500126179005425061169806055986
-0.501639730256268719517635998469
0.501639730256268719517635998469
-0.503151747465581798870666669271
0.503151747465581798870666669271
-0.50466222600953358141227364487
0.50466222600953358141227364487
-0.506171161268998671539226869487
0.506171161268998671539226869487
-0.50767854862957112139793600057
0.50767854862957112139793600057
-0.509184383481578541988368304306
0.509184383481578541988368304306
-0.510688661220096199792486579266
0.510688661220096199792486579266
-0.512191377244961098884098853073
0.512191377244961098884098853073
-0.513692526960786048477055995636
0.513692526960786048477055995636
-0.515192105776973715868777922793
0.515192105776973715868777922793
-0.516690109107730664736133726105
0.516690109107730664736133726105
-0.518186532372081378740745857832
0.518186532372081378740745857832
-0.519681370993882270400833424691
0.519681370993882270400833424691
-0.521174620401835675186754699735
0.521174620401835675186754699735
-0.522666276029503830797454148419
0.522666276029503830797454148419
-0.524156333315322841575064582506
0.524156333315322841575064582506
-0.525644787702616628014960503811
0.525644787702616628014960503811
-0.52713163463961086132860427869
0.52713163463961086132860427869
-0.528616869579446883016572493553
0.528616869579446883016572493553
-0.530100487980195609409195681367
0.530100487980195609409195681367
-0.531582485304871421132290578975
0.531582485304871421132290578975
-0.533062857021446037455510174916
0.533062857021446037455510174916
-0.534541598602862375480883037255
0.534541598602862375480883037255
-0.536018705527048394129159770397
0.536018705527048394129159770397
-0.537494173276930922881630939046
0.537494173276930922881630939046
-0.538967997340449475235127416027
0.538967997340449475235127416027
-0.54044017321057004682796085863
0.54044017321057004682796085863
-0.541910696385298898194608895209
0.541910696385298898194608895209
-0.543379562367696322106996609949
0.543379562367696322106996609949
-0.544846766665890395460273048663
0.544846766665890395460273048663
-0.546312304793090715661028732347
0.546312304793090715661028732347
-0.547776172267602121475947557515
0.547776172267602121475947557515
-0.549238364612838398298933983224
0.549238364612838398298933983224
-0.550698877357335967794804053829
0.550698877357335967794804053829
-0.552157706034767561877676583828
0.552157706034767561877676583828
-0.553614846183955880982248736482
0.553614846183955880982248736482
-0.555070293348887236586188261137
0.555070293348887236586188261137
-0.556524043078725177941922815082
0.556524043078725177941922815082
-0.557976090927824102976155084318
0.557976090927824102976155084318
-0.559426432455742853315480833566
0.559426432455742853315480833566
-0.560875063227258293396535559074
0.560875063227258293396535559074
-0.562321978812378873619144088168
0.562321978812378873619144088168
-0.563767174786358177500996266846
0.563767174786358177500996266846
-0.565210646729708452792420800916
0.565210646729708452792420800916
-0.566652390228214126509878367095
0.566652390228214126509878367095
-0.568092400872945303846844287868
0.568092400872945303846844287868
-0.569530674260271250920800367777
0.569530674260271250920800367777
-0.57096720599187386131510491882
0.57096720599187386131510491882
-0.572401991674761106374559558821
0.572401991674761106374559558821
-0.573835026921280469213541048687
0.573835026921280469213541048687
-0.575266307349132362395616242321
0.575266307349132362395616242321
-0.576695828581383529243608156488
0.576695828581383529243608156488
-0.578123586246480428739131226859
0.578123586246480428739131226859
-0.579549575978262603970664000777
0.579549575978262603970664000777
-0.580973793415976034089277826752
0.580973793415976034089277826752
-0.582396234204286469731190535163
0.582396234204286469731190535163
-0.583816893993292751866364664011
0.583816893993292751866364664011
-0.585235768438540114032420467614
0.585235768438540114032420467614
-0.586652853201033467913184754732
0.586652853201033467913184754732
-0.588068143947250672221247535648
0.588068143947250672221247535648
-0.589481636349155784843949514952
0.589481636349155784843949514952
-0.590893326084212298212274648125
0.590893326084212298212274648125
-0.592303208835396357852173285306
0.592303208835396357852173285306
-0.593711280291209964077892854619
0.593711280291209964077892854619
-0.595117536145694156786944590146
0.595117536145694156786944590146
-0.596521972098442183316386485709
0.596521972098442183316386485709
-0.597924583854612649320154455068
0.597924583854612649320154455068
-0.599325367124942652627225601661
0.599325367124942652627225601661
-0.600724317625760900040449546598
0.600724317625760900040449546598
-0.602121431079000807035935931951
0.602121431079000807035935931951
-0.603516703212213580322938507417
0.603516703212213580322938507417
-0.604910129758581283224228621978
0.604910129758581283224228621978
-0.606301706456929883837003478038
0.606301706456929883837003478038
-0.607691429051742285934427163588
0.607691429051742285934427163588
-0.609079293293171342567955258044
0.609079293293171342567955258044
-0.610465294937052852330646709311
0.610465294937052852330646709311
-0.611849429744918538241719703314
0.611849429744918538241719703314
-0.613231693484009009212661392381
0.613231693484009009212661392381
-0.614612081927286704055254615438
0.614612081927286704055254615438
-0.615990590853448817991938130733
0.615990590853448817991938130733
-0.617367216046940211628970390618
0.617367216046940211628970390618
-0.618741953297966302352920517639
0.618741953297966302352920517639
-0.620114798402505938111063891566
0.620114798402505938111063891566
-0.621485747162324253536313628012
0.621485747162324253536313628012
-0.622854795384985508377373220626
0.622854795384985508377373220626
-0.62422193888386590819484973047
0.62422193888386590819484973047
-0.625587173478166407284121137813
0.625587173478166407284121137813
-0.626950494992925493785805823155
0.626950494992925493785805823155
-0.62831189925903195694473661556
0.62831189925903195694473661556
-0.629671382113237636478396437222
0.629671382113237636478396437222
-0.631028939398170154015827283427
0.631028939398170154015827283427
-0.632384566962345626568079106544
0.632384566962345626568079106544
-0.633738260660181361991320121201
0.633738260660181361991320121201
-0.635090016352008536403785115215
0.635090016352008536403785115215
-0.636439829904084853517793537019
0.636439829904084853517793537019
-0.637787697188607185848124434974
0.637787697188607185848124434974
-0.639133614083724197758090747104
0.639133614083724197758090747104
-0.640477576473548950304710981039
0.640477576473548950304710981039
-0.641819580248171487844431983334
0.641819580248171487844431983334
-0.643159621303671406360912274544
0.643159621303671406360912274544
-0.644497695542130403476431321371
0.644497695542130403476431321371
-0.645833798871644810108546129662
0.645833798871644810108546129662
-0.64716792720633810373367267188
0.64716792720633810373367267188
-0.648500076466373403219325909667
0.648500076466373403219325909667
-0.649830242577965945186808536204
0.649830242577965945186808536204
-0.651158421473395541866195043917
0.651158421473395541866195043917
-0.652484609091019020405514320676
0.652484609091019020405514320676
-0.653808801375282643596090691701
0.653808801375282643596090691701
-0.655130994276734511976060154771
0.655130994276734511976060154771
-0.656451183752036947274135502888
0.656451183752036947274135502888
-0.657769365763978857155751091105
0.657769365763978857155751091105
-0.659085536281488081233775182522
0.659085536281488081233775182522
-0.660399691279643718306035102473
0.660399691279643718306035102473
-0.661711826739688434781957839314
0.661711826739688434781957839314
-0.663021938649040754260686254953
0.663021938649040754260686254953
-0.664330023001307328223088708066
0.664330023001307328223088708066
-0.665636075796295187800137647689
0.665636075796295187800137647689
-0.666940093040023976580190604354
0.666940093040023976580190604354
-0.668242070744738164417764990032
0.668242070744738164417764990032
-0.669542004928919242206456216576
0.669542004928919242206456216576
-0.670839891617297897578706855065
0.670839891617297897578706855065
-0.672135726840866171495192885182
0.672135726840866171495192885182
-0.673429506636889595686651524311
0.673429506636889595686651524311
-0.674721227048919310911033680368
0.674721227048919310911033680368
-0.676010884126804165988922740106
0.676010884126804165988922740106
-0.677298473926702797580220185786
0.677298473926702797580220185786
-0.678583992511095690665157427328
0.678583992511095690665157427328
-0.679867435948797219692752244289
0.679867435948797219692752244289
-0.681148800314967670359887352017
0.681148800314967670359887352017
-0.682428081691125241984247838954
0.682428081691125241984247838954
-0.68370527616515803043441356706
0.68370527616515803043441356706
-0.684980379831335991580462084657
0.684980379831335991580462084657
-0.686253388790322885228497170283
0.686253388790322885228497170283
-0.687524299149188199502577807398
0.687524299149188199502577807398
-0.688793107021419055637582182675
0.688793107021419055637582182675
-0.690059808526932093146601205044
0.690059808526932093146601205044
-0.691324399792085335326516058411
0.691324399792085335326516058411
-0.692586876949690035065474427882
0.692586876949690035065474427882
-0.69384723613902250091604027717
0.69384723613902250091604027717
-0.69510547350583590339785240353
0.69510547350583590339785240353
-0.696361585202372061493687455795
0.696361585202372061493687455795
-0.697615567387373209302883670711
0.697615567387373209302883670711
-0.698867416226093742816142262684
0.698867416226093742816142262684
-0.70011712789031194677578419192
0.70011712789031194677578419192
-0.701364698558341701585600935716
0.701364698558341701585600935716
-0.702610124415044170234498897089
0.702610124415044170234498897089
-0.703853401651839465198198203835
0.703853401651839465198198203835
-0.705094526466718295283307879301
0.705094526466718295283307879301
-0.706333495064253592378160703466
0.706333495064253592378160703466
-0.707570303655612118074852529148
0.707570303655612118074852529148
-0.708804948458566050126992373105
0.708804948458566050126992373105
-0.710037425697504548707731265282
0.710037425697504548707731265282
-0.711267731603445302432699611332
0.711267731603445302432699611332
-0.712495862414046054112544703499
0.712495862414046054112544703499
-0.713721814373616106199822003002
0.713721814373616106199822003002
-0.714945583733127805895055912769
0.714945583733127805895055912769
-0.716167166750228009876847962772
0.716167166750228009876847962772
-0.717386559689249528620972640992
0.717386559689249528620972640992
-0.718603758821222550273463520983
0.718603758821222550273463520983
-0.719818760423886044042754862088
0.719818760423886044042754862088
-0.721031560781699143076006490122
0.721031560781699143076006490122
-0.722242156185852506784802504891
0.722242156185852506784802504891
-0.723450542934279662585477205813
0.723450542934279662585477205813
-0.72465671733166832701938457809
0.72465671733166832701938457809
-0.725860675689471706218490739175
0.725860675689471706218490739175
-0.727062414325919775681731908365
0.727062414325919775681731908365
-0.728261929566030539327643731172
0.728261929566030539327643731172
-0.729459217741621267788831164423
0.729459217741621267788831164423
-0.730654275191319715913911607613
0.730654275191319715913911607613
-0.731847098260575319442627550705
0.731847098260575319442627550705
-0.733037683301670370819888698185
0.733037683301670370819888698185
-0.734226026673731174114567323419
0.734226026673731174114567323419
-0.735412124742739179008934506226
0.735412124742739179008934506226
-0.736595973881542093824688909635
0.736595973881542093824688909635
-0.737777570469864977551593859098
0.737777570469864977551593859098
-0.738956910894321310844802698539
0.738956910894321310844802698539
-0.74013399154842404595701671258
0.74013399154842404595701671258
-0.741308808832596635571684322651
0.741308808832596635571684322651
-0.742481359154184040503514786509
0.742481359154184040503514786509
-0.743651638927463716232644255567
0.743651638927463716232644255567
-0.744819644573656578238856772285
0.744819644573656578238856772285
-0.745985372520937946102327620462
0.745985372520937946102327620462
-0.747148819204448466337421374407
0.747148819204448466337421374407
-0.748309981066305013926142028443
0.748309981066305013926142028443
-0.749468854555611572517897725806
0.749468854555611572517897725806
-0.750625436128470093262307845614
0.750625436128470093262307845614
-0.751779722247991332241845547853
0.751779722247991332241845547853
-0.752931709384305666471174319239
0.752931709384305666471174319239
-0.754081394014573888430102607024
0.754081394014573888430102607024
-0.755228772622997979097146273148
0.755228772622997979097146273148
-0.756373841700831859450754347519
0.756373841700831859450754347519
-0.757516597746392120405319406192
0.757516597746392120405319406192
-0.758657037265068731149159847878
0.758657037265068731149159847878
-0.759795156769335725851727390137
0.759795156769335725851727390137
-0.760930952778761868707359254701
0.760930952778761868707359254701
-0.762064421820021297282960759416
0.762064421820021297282960759416
-0.763195560426904144137070382032
0.763195560426904144137070382032
-0.764324365140327136677825808402
0.764324365140327136677825808402
-0.765450832508344175227416024255
0.765450832508344175227416024255
-0.766574959086156889260671155469
0.766574959086156889260671155469
-0.767696741436125171785508506465
0.767696741436125171785508506465
-0.768816176127777691833020089716
0.768816176127777691833020089716
-0.769933259737822385025053881303
0.769933259737822385025053881303
-0.771047988850156922187208077655
0.771047988850156922187208077655
-0.772160360055879155975224766943
0.772160360055879155975224766943
-0.77327036995329754548283666483
0.77327036995329754548283666483
-0.774378015147941558799187898192
0.774378015147941558799187898192
-0.775483292252572053484017251834
0.775483292252572053484017251834
-0.776586197887191634928859821931
0.776586197887191634928859821931
-0.777686728679054992572590645661
0.777686728679054992572590645661
-0.778784881262679213939701599164
0.778784881262679213939701599164
-0.779880652279854076469770675226
0.779880652279854076469770675226
-0.780974038379652317106650667866
0.780974038379652317106650667866
-0.782065036218439879615972302976
0.782065036218439879615972302976
-0.783153642459886139599624962216
0.783153642459886139599624962216
-0.784239853774974107175946351211
0.784239853774974107175946351211
-0.785323666842010607294420762612
0.785323666842010607294420762612
-0.786405078346636437653753979452
0.786405078346636437653753979452
-0.787484084981836504192261354345
0.787484084981836504192261354345
-0.788560683447949934119574185175
0.788560683447949934119574185175
-0.789634870452680166458738187799
0.789634870452680166458738187799
-0.790706642711105020067846640735
0.790706642711105020067846640735
-0.791775996945686739110419645636
0.791775996945686739110419645636
-0.792842929886282015943809910325
0.792842929886282015943809910325
-0.79390743827015199139498451807
0.79390743827015199139498451807
-0.794969518841972232393101297427
0.794969518841972232393101297427
-0.796029168353842686928367651163
0.796029168353842686928367651163
-0.797086383565297616306739040215
0.797086383565297616306739040215
-0.798141161243315504670083749236
0.798141161243315504670083749236
-0.799193498162328945751510083727
0.799193498162328945751510083727
-0.800243391104234506835621764878
0.800243391104234506835621764878
-0.801290836858402569893536996815
0.801290836858402569893536996815
-0.802335832221687149862576481813
0.802335832221687149862576481813
-0.803378373998435690040595551844
0.803378373998435690040595551844
-0.804418459000498834565005569568
0.804418459000498834565005569568
-0.805456084047240177946599828102
0.805456084047240177946599828102
-0.806491245965545991628369346613
0.806491245965545991628369346613
-0.807523941589834927539564217626
0.807523941589834927539564217626
-0.808554167762067698615326511715
0.808554167762067698615326511715
-0.809581921331756736252291185846
0.809581921331756736252291185846
-0.810607199155975824670621972686
0.810607199155975824670621972686
-0.811629998099369712153019849606
0.811629998099369712153019849606
-0.812650315034163699131312397613
0.812650315034163699131312397613
-0.813668146840173203091303161795
0.813668146840173203091303161795
-0.814683490404813300266631015938
0.814683490404813300266631015938
-0.815696342623108244092460514448
0.815696342623108244092460514448
-0.816706700397700960389895284439
0.816706700397700960389895284439
-0.817714560638862519252077669588
0.817714560638862519252077669588
-0.818719920264501583603009084899
0.818719920264501583603009084899
-0.819722776200173834400196877621
0.819722776200173834400196877621
-0.820723125379091372452304914047
0.820723125379091372452304914047
-0.821720964742132096823056624542
0.821720964742132096823056624542
-0.822716291237849059792710839689
0.822716291237849059792710839689
-0.823709101822479798348502438672
0.823709101822479798348502438672
-0.824699393459955642175511606777
0.824699393459955642175511606777
-0.825687163121910998119497361867
0.825687163121910998119497361867
-0.826672407787692611093302959737
0.826672407787692611093302959737
-0.827655124444368801398512825131
0.827655124444368801398512825131
-0.828635310086738678434112778684
0.828635310086738678434112778684
-0.829612961717341330763977539899
0.829612961717341330763977539899
-0.830588076346464992515081782308
0.830588076346464992515081782308
-0.831560650992156186078403398956
0.831560650992156186078403398956
-0.832530682680228841084560103993
0.832530682680228841084560103993
-0.83349816844427338962629304941
0.83349816844427338962629304941
-0.834463105325665837699983774396
0.834463105325665837699983774396
-0.835425490373576812838463528326
0.835425490373576812838463528326
-0.836385320644980587907446816771
0.836385320644980587907446816771
-0.837342593204664081037993912897
0.837342593204664081037993912897
-0.838297305125235831667480053969
0.838297305125235831667480053969
-0.839249453487134952661622104234
0.839249453487134952661622104234
-0.840199035378640058490186610919
0.840199035378640058490186610919
-0.841146047895878169429076409286
0.841146047895878169429076409286
-0.842090488142833591761566245355
0.842090488142833591761566245355
-0.84303235323135677395153128091
0.84303235323135677395153128091
-0.843971640281173138761585824354
0.843971640281173138761585824354
-0.844908346419891891289123192874
0.844908346419891891289123192874
-0.84584246878301480289332125574
0.84584246878301480289332125574
-0.846774004513944970986251935419
0.846774004513944970986251935419
-0.847702950763995554661306752096
0.847702950763995554661306752096
-0.84862930469239848613222438807
0.84862930469239848613222438807
-0.849553063466313157956080221059
0.849553063466313157956080221059
-0.850474224260835086013671829488
0.850474224260835086013671829488
-0.851392784259004548220808608075
0.851392784259004548220808608075
-0.852308740651815198944087848369
0.852308740651815198944087848369
-0.853222090638222659094813935927
0.853222090638222659094813935927
-0.85413283142515308187479169349
0.85413283142515308187479169349
-0.855040960227511694147799357475
0.855040960227511694147799357475
-0.855946474268191313410621213186
0.855946474268191313410621213186
-0.856849370778080840337594532127
0.856849370778080840337594532127
-0.857749646996073726872700152372
0.857749646996073726872700152372
-0.85864730016907641984330082003
0.85864730016907641984330082003
-0.859542327552016780069706266041
0.859542327552016780069706266041
-0.860434726407852476944818927737
0.860434726407852476944818927737
-0.86132449400757935845818923855
0.86132449400757935845818923855
-0.862211627630239796638884501668
0.862211627630239796638884501668
-0.863096124562931008391650534168
0.863096124562931008391650534168
-0.863977982100813351700920516913
0.863977982100813351700920516913
-0.864857197547118597177300812081
0.864857197547118597177300812081
-0.865733768213158174921238914369
0.865733768213158174921238914369
-0.866607691418331396678654183431
0.866607691418331396678654183431
-0.867478964490133653263387563776
0.867478964490133653263387563776
-0.86834758476416458722140213388
0.86834758476416458722140213388
-0.869213549584136240711742038496
0.869213549584136240711742038496
-0.870076856301881178579333146797
0.870076856301881178579333146797
-0.870937502277360586594784643792
0.870937502277360586594784643792
-0.871795484878672344836426703345
0.871795484878672344836426703345
-0.872650801482059076189895407598
0.872650801482059076189895407598
-0.873503449471916169940652169733
0.873503449471916169940652169733
-0.874353426240799780434901084288
0.874353426240799780434901084288
-0.875200729189434800784443871646
0.875200729189434800784443871646
-0.876045355726722811591088400479
0.876045355726722811591088400479
-0.876887303269750004666303163698
0.876887303269750004666303163698
-0.877726569243795081721886549543
0.877726569243795081721886549543
-0.87856315108233712800749628965
0.87856315108233712800749628965
-0.879397046227063460870961080028
0.879397046227063460870961080028
-0.88022825212787745321737305856
0.88022825212787745321737305856
-0.881056766242906331843036583793
0.881056766242906331843036583793
-0.881882586038508950620425594068
0.881882586038508950620425594068
-0.88270570898928353851037873324
0.88270570898928353851037873324
-0.883526132578075422377838409221
0.883526132578075422377838409221
-0.884343854295984724587517003915
0.884343854295984724587517003915
-0.885158871642374035355950577782
0.885158871642374035355950577782
-0.885971182124876059836477608881
0.885971182124876059836477608881
-0.886780783259401239913757574601
0.886780783259401239913757574601
-0.887587672570145350684521524224
0.887587672570145350684521524224
-0.888391847589597071601324201645
0.888391847589597071601324201645
-0.889193305858545532256144759811
0.889193305858545532256144759811
-0.889992044926087832780760661515
0.889992044926087832780760661515
-0.890788062349636538840896984812
0.890788062349636538840896984812
-0.891581355694927151201231045297
0.891581355694927151201231045297
-0.892371922536025549838410011598
0.892371922536025549838410011598
-0.893159760455335412579317024342
0.893159760455335412579317024342
-0.893944867043605608241899232481
0.893944867043605608241899232481
-0.894727239899937564255949133812
0.894727239899937564255949133812
-0.895506876631792608741308648653
0.895506876631792608741308648653
-0.896283774854999287021043466707
0.896283774854999287021043466707
-0.897057932193760652547213386827
0.897057932193760652547213386827
-0.897829346280661532216942617606
0.897829346280661532216942617606
-0.898598014756675766056572323045
0.898598014756675766056572323045
-0.899363935271173421251756081893
0.899363935271173421251756081893
-0.900127105481927980501437381309
0.900127105481927980501437381309
-0.900887523055123504673726785018
0.900887523055123504673726785018
-0.901645185665361769741775002939
0.901645185665361769741775002939
-0.90240009099566937797781674302
0.90240009099566937797781674302
-0.903152236737504843383638946601
0.903152236737504843383638946601
-0.903901620590765651335805795681
0.903901620590765651335805795681
-0.904648240263795292424051733866
0.904648240263795292424051733866
-0.905392093473390270461332662155
0.905392093473390270461332662155
-0.906133177944807084644104455983
0.906133177944807084644104455983
-0.906871491411769185841477000702
0.906871491411769185841477000702
-0.907607031616473906991971058813
0.907607031616473906991971058813
-0.90833979630959936758668446347
0.90833979630959936758668446347
-0.909069783250311352217753378818
0.909069783250311352217753378818
-0.909796990206270163171073678381
0.909796990206270163171073678381
-0.910521414953637447042326867739
0.910521414953637447042326867739
-0.911243055277082995355434416883
0.911243055277082995355434416883
-0.91196190896979151916264387063
0.91196190896979151916264387063
-0.912677973833469397605529672183
0.912677973833469397605529672183
-0.913391247678351400416271264942
0.913391247678351400416271264942
-0.914101728323207384338650730926
0.914101728323207384338650730926
-0.914809413595348963448291980288
0.914809413595348963448291980288
-0.915514301330636153351743325197
0.915514301330636153351743325197
-0.916216389373483989244085152645
0.916216389373483989244085152645
-0.91691567557686911780482435413
0.91691567557686911780482435413
-0.917612157802336362911917175571
0.917612157802336362911917175571
-0.918305833920005265153842217904
0.918305833920005265153842217904
-0.918996701808576595119725447345
0.918996701808576595119725447345
-0.919684759355338840447599264116
0.919684759355338840447599264116
-0.920370004456174666610957929154
0.920370004456174666610957929154
-0.921052435015567351423851959857
0.921052435015567351423851959857
-0.921732048946607193244844477904
0.921732048946607193244844477904
-0.922408844170997892860232924447
0.922408844170997892860232924447
-0.923082818619062909027020050224
0.923082818619062909027020050224
-0.923753970229751787656198640217
0.923753970229751787656198640217
-0.924422296950646464616995044011
0.924422296950646464616995044011
-0.925087796737967542142797253893
0.925087796737967542142797253893
-0.925750467556580538819574002633
0.925750467556580538819574002633
-0.926410307380002113137672141576
0.926410307380002113137672141576
-0.927067314190406260587960406991
0.927067314190406260587960406991
-0.927721485978630484283368588164
0.927721485978630484283368588164
-0.928372820744181939086952074444
0.928372820744181939086952074444
-0.92902131649524354922769277994
0.92902131649524354922769277994
-0.929666971248680099385328523684
0.929666971248680099385328523684
-0.930309783030044299225584079557
0.930309783030044299225584079557
-0.930949749873582821367258303845
0.930949749873582821367258303845
-0.931586869822242312762702998785
0.931586869822242312762702998785
-0.932221140927675379473310477526
0.932221140927675379473310477526
-0.932852561250246544821708159474
0.932852561250246544821708159474
-0.933481128859038180902439944608
0.933481128859038180902439944608
-0.934106841831856413432995590962
0.934106841831856413432995590962
-0.934729698255236999927130850709
0.934729698255236999927130850709
-0.935349696224451181172502706994
0.935349696224451181172502706994
-0.935966833843511505994725695557
0.935966833843511505994725695557
-0.936581109225177629290036992088
0.936581109225177629290036992088
-0.937192520490962083308839697823
0.937192520490962083308839697823
-0.937801065771136022172475562031
0.937801065771136022172475562031
-0.938406743204734939605660240385
0.938406743204734939605660240385
-0.939009550939564359867096102588
0.939009550939564359867096102588
-0.93960948713220550186085957085
0.93960948713220550186085957085
-0.940206549948020916411241992492
0.940206549948020916411241992492
-0.940800737561160096683805125086
0.940800737561160096683805125086
-0.941392048154565061735494440653
0.941392048154565061735494440653
-0.941980479919975913176735636516
0.941980479919975913176735636516
-0.942566031057936364928521974061
0.942566031057936364928521974061
-0.943148699777799246057582352731
0.943148699777799246057582352731
-0.943728484297731976672802364881
0.943728484297731976672802364881
-0.944305382844722016866152967323
0.944305382844722016866152967323
-0.944879393654582288681463847377
0.944879393654582288681463847377
-0.945450514971956571094461054716
0.945450514971956571094461054716
-0.946018745050324867987571015089
0.946018745050324867987571015089
-0.946584082152008749103075637868
0.946584082152008749103075637868
-0.947146524548176663958285876065
0.947146524548176663958285876065
-0.947706070518849228706483794887
0.947706070518849228706483794887
-0.948262718352904485927465952667
0.948262718352904485927465952667
-0.948816466348083137331603696086
0.948816466348083137331603696086
-0.949367312810993749361418819679
0.949367312810993749361418819679
-0.949915256057117931674755937472
0.949915256057117931674755937472
-0.950460294410815488493715862191
0.950460294410815488493715862191
-0.951002426205329542803597284359
0.951002426205329542803597284359
-0.951541649782791633386177089845
0.951541649782791633386177089845
-0.952077963494226784671742749626
0.952077963494226784671742749626
-0.952611365699558549394373359648
0.952611365699558549394373359648
-0.953141854767614024035049101448
0.953141854767614024035049101448
-0.953669429076128837037252135503
0.953669429076128837037252135503
-0.954194087011752109779805228918
0.954194087011752109779805228918
-0.954715826970051390291777756888
0.954715826970051390291777756888
-0.955234647355517559694372103219
0.955234647355517559694372103219
-0.955750546581569711354786918931
0.955750546581569711354786918931
-0.956263523070560002737137179401
0.956263523070560002737137179401
-0.956773575253778479935594509594
0.956773575253778479935594509594
-0.957280701571457874874994823438
0.957280701571457874874994823438
-0.957784900472778375164243947297
0.957784900472778375164243947297
-0.958286170415872366587935568645
0.958286170415872366587935568645
-0.958784509867829148221679569319
0.958784509867829148221679569319
-0.959279917304699620156722568109
0.959279917304699620156722568109
-0.959772391211500943819526309807
0.959772391211500943819526309807
-0.960261930082221174872053397125
0.960261930082221174872053397125
-0.960748532419823868678593768118
0.960748532419823868678593768118
-0.961232196736252658325049274791
0.961232196736252658325049274791
-0.961712921552435805176677718539
0.961712921552435805176677718539
-0.962190705398290721960381744816
0.962190705398290721960381744816
-0.962665546812728468357712093188
0.962665546812728468357712093188
-0.963137444343658219094838839508
0.963137444343658219094838839508
-0.963606396547991704515828454667
0.963606396547991704515828454667
-0.964072401991647623625648739138
0.964072401991647623625648739138
-0.964535459249556029589407974562
0.964535459249556029589407974562
-0.964995566905662687674418963115
0.964995566905662687674418963115
-0.96545272355293340562176300238
0.96545272355293340562176300238
-0.965906927793358336434113268399
0.965906927793358336434113268399
-0.9663581782379562535666615525
0.9663581782379562535666615525
-0.966806473506778798508076818897
0.966806473506778798508076818897
-0.967251812228914700738508620219
0.967251812228914700738508620219
-0.967694193042493970051733027407
0.967694193042493970051733027407
-0.968133614594692061228623399382
0.968133614594692061228623399382
-0.968570075541734011049213036986
0.968570075541734011049213036986
-0.96900357454889854763070153552
0.96900357454889854763070153552
-0.969434110290522172078841471453
0.969434110290522172078841471453
-0.969861681450003212440226932262
0.969861681450003212440226932262
-0.970286286719805849943090324681
0.970286286719805849943090324681
-0.97070792480146411751429887688
0.97070792480146411751429887688
-0.971126594405585870560327285212
0.971126594405585870560327285212
-0.971542294251856730000068047313
0.971542294251856730000068047313
-0.971955023069043997537426171811
0.971955023069043997537426171811
-0.972364779595000543161730161999
0.972364779595000543161730161999
-0.97277156257666866486407643823
0.97277156257666866486407643823
-0.973175370770083920557809693009
0.973175370770083920557809693009
-0.973576202940378932191427065926
0.973576202940378932191427065926
-0.973974057861787162042279484489
0.973974057861787162042279484489
-0.974368934317646661179529044135
0.974368934317646661179529044135
-0.974760831100403790084906898573
0.974760831100403790084906898573
-0.975149747011616911419901803043
0.975149747011616911419901803043
-0.975535680861960054928095201102
0.975535680861960054928095201102
-0.975918631471226554461444573652
0.975918631471226554461444573652
-0.976298597668332657119402680727
0.976298597668332657119402680727
-0.976675578291321104489846326443
0.976675578291321104489846326443
-0.977049572187364685980874369825
0.977049572187364685980874369825
-0.977420578212769764232620894219
0.977420578212769764232620894219
-0.977788595232979772598315741233
0.977788595232979772598315741233
-0.978153622122578684683911017705
0.978153622122578684683911017705
-0.978515657765294455935678703149
0.978515657765294455935678703149
-0.97887470105400243726527112781
0.97887470105400243726527112781
-0.97923075089072876070182286644
0.97923075089072876070182286644
-0.979583806186653697060759509352
0.979583806186653697060759509352
-0.979933865862114985619065840601
0.979933865862114985619065840601
-0.9802809288466111357868531846
0.9802809288466111357868531846
-0.980624994078804700765153089821
0.980624994078804700765153089821
-0.980966060506525523179952115459
0.980966060506525523179952115459
-0.981304127086773952682570289691
0.981304127086773952682570289691
-0.981639192785724035506573833748
0.981639192785724035506573833748
-0.981971256578726675971501013766
0.981971256578726675971501013766
-0.982300317450312769923768513721
0.982300317450312769923768513721
-0.982626374394196310105214541725
0.982626374394196310105214541725
-0.982949426413277463439824015115
0.982949426413277463439824015115
-0.983269472519645620229270647032
0.983269472519645620229270647032
-0.983586511734582415248000611822
0.983586511734582415248000611822
-0.98390054308856472072867273573
0.98390054308856472072867273573
-0.984211565621267611228860884847
0.984211565621267611228860884847
-0.984519578381567300370015450635
0.984519578381567300370015450635
-0.984824580427544049439772617047
0.984824580427544049439772617047
-0.985126570826485047848792491072
0.985126570826485047848792491072
-0.985425548654887265433400256483
0.985425548654887265433400256483
-0.985721512998460276595398343074
0.985721512998460276595398343074
-0.986014462952129056270512274418
0.986014462952129056270512274418
-0.986304397620036747717028460624
0.986304397620036747717028460624
-0.986591316115547402116278845352
0.986591316115547402116278845352
-0.986875217561248689976725118929
0.986875217561248689976725118929
-0.987156101088954584333494308225
0.987156101088954584333494308225
-0.987433965839708015735318103591
0.987433965839708015735318103591
-0.987708810963783499010930458899
0.987708810963783499010930458899
-0.987980635620689731807082001922
0.987980635620689731807082001922
-0.988249438979172164890435845558
0.988249438979172164890435845558
-0.988515220217215544205717753981
0.988515220217215544205717753981
-0.988777978522046424682604586363
0.988777978522046424682604586363
-0.98903771309013565578394885087
0.98903771309013565578394885087
-0.989294423127200838788054438481
0.989294423127200838788054438481
-0.989548107848208755797839610968
0.989548107848208755797839610968
-0.989798766477377770469848596911
0.989798766477377770469848596911
-0.990046398248180200456203285989
0.990046398248180200456203285989
-0.990291002403344661552722175662
0.990291002403344661552722175662
-0.990532578194858383546575688966
0.990532578194858383546575688966
-0.990771124883969497756996140983
0.990771124883969497756996140983
-0.991006641741189296262718018634
0.991006641741189296262718018634
-0.991239128046294462809991052707
0.991239128046294462809991052707
-0.991468583088329275395186195103
0.991468583088329275395186195103
-0.991695006165607780516204688926
0.991695006165607780516204688926
-0.991918396585715939087104824016
0.991918396585715939087104824016
-0.992138753665513744010581913977
0.992138753665513744010581913977
-0.992356076731137309403177097649
0.992356076731137309403177097649
-0.992570365118000931468352791247
0.992570365118000931468352791247
-0.992781618170799121012860562877
0.992781618170799121012860562877
-0.992989835243508607602145070802
0.992989835243508607602145070802
-0.993195015699390315350880463254
0.993195015699390315350880463254
-0.993397158910991310345129155752
0.993397158910991310345129155752
-0.99359626426014671969305415325
0.99359626426014671969305415325
-0.993792331137981622201613362686
0.993792331137981622201613362686
-0.993985358944912910677227537914
0.993985358944912910677227537914
-0.994175347090651125849054441856
0.994175347090651125849054441856
-0.994362294994202261914234682543
0.994362294994202261914234682543
-0.994546202083869543705316533777
0.994546202083869543705316533777
-0.994727067797255175481038451355
0.994727067797255175481038451355
-0.994904891581262061342773813712
0.994904891581262061342773813712
-0.995079672892095497280252824958
0.995079672892095497280252824958
-0.995251411195264834851708241006
0.995251411195264834851708241006
-0.995420105965585116505389454897
0.995420105965585116505389454897
-0.995585756687178682551508441253
0.995585756687178682551508441253
-0.995748362853476749796188654141
0.995748362853476749796188654141
-0.995907923967220961851967541114
0.995907923967220961851967541114
-0.996064439540464911142958107543
0.996064439540464911142958107543
-0.996217909094575632627033297512
0.996217909094575632627033297512
-0.99636833216023506926251910112
0.99636833216023506926251910112
-0.996515708277441509253069161653
0.996515708277441509253069161653
-0.996660036995510995111898222158
0.996660036995510995111898222158
-0.996801317873078704595694018305
0.996801317873078704595694018305
-0.996939550478100303569713873912
0.996939550478100303569713873912
-0.997074734387853270879322670984
0.997074734387853270879322670984
-0.997206869188938195320209767652
0.997206869188938195320209767652
-0.997335954477280044820594250153
0.997335954477280044820594250153
-0.997461989858129407975007233005
0.997461989858129407975007233005
-0.997584974946063708102184268402
0.997584974946063708102184268402
-0.997704909364988390041124373652
0.997704909364988390041124373652
-0.997821792748138079952004472731
0.997821792748138079952004472731
-0.997935624738077718455744971472
0.997935624738077718455744971472
-0.998046404986703667532113367734
0.998046404986703667532113367734
-0.998154133155244791707414996332
0.998154133155244791707414996332
-0.998258808914263514207332480374
0.998258808914263514207332480374
-0.998360431943656848939691845143
0.998360431943656848939691845143
-0.998459001932657409421557577877
0.998459001932657409421557577877
-0.9985545185798343960970106438
0.9985545185798343960970106438
-0.998646981593094563937132738283
0.998646981593094563937132738283
-0.99873639068968317281608440818
0.99873639068968317281608440818
-0.99882274559618492398001418885
0.99882274559618492398001418885
-0.998906046048524887061007342865
0.998906046048524887061007342865
-0.998986291791969423672161147657
0.998986291791969423672161147657
-0.999063482581127115854906148608
0.999063482581127115854906148608
-0.999137618179949710842883136801
0.999137618179949710842883136801
-0.999208698361733098229949716314
0.999208698361733098229949716314
-0.999276722909118342420479152205
0.999276722909118342420479152205
-0.999341691614092803370098214344
0.999341691614092803370098214344
-0.999403604277991393993314443925
0.999403604277991393993314443925
-0.999462460711498046361527369008
0.999462460711498046361527369008
-0.999518260734647496252026292088
0.999518260734647496252026292088
-0.999571004176827555941907292132
0.999571004176827555941907292132
-0.999620690876782144764296786627
0.999620690876782144764296786627
-0.999667320682615515936255634371
0.999667320682615515936255634371
-0.999710893451798413577407448716
0.999710893451798413577407448716
-0.999751409051177427967027011092
0.999751409051177427967027011092
-0.999788867356989820460617489081
0.999788867356989820460617489081
-0.99982326825488805840452634877
0.99982326825488805840452634877
-0.999854611639982363406844385669
0.999854611639982363406844385669
-0.999882897416918468041882691982
0.999882897416918468041882691982
-0.999908125500028637376667782731
0.999908125500028637376667782731
-0.999930295813647237764906196622
0.999930295813647237764906196622
-0.999949408292832727529142991198
0.999949408292832727529142991198
-0.999965462885223722108913512037
0.999965462885223722108913512037
-0.999978459556619950727558806857
0.999978459556619950727558806857
-0.999988398311982875023208974699
0.999988398311982875023208974699
-0.999995279308123307113358517568
0.999995279308123307113358517568
-0.99999910405233325087469446047
0.99999910405233325087469446047