0.00291022910291975062782394424967
0.00291021677892997606299992487193
0.00291021677892997606299992487193
0.00291017980706502952825854766362
0.00291017980706502952825854766362
0.00291011818763804161877688363731
0.00291011818763804161877688363731
0.00291003192117089371314096570893
0.00291003192117089371314096570893
0.00290992100839421355330836533486
0.00290992100839421355330836533486
0.00290978545024736905660820916484
0.00290978545024736905660820916484
0.0029096252478784603598310445391
0.0029096252478784603598310445391
0.0029094404026443100954759358479
0.0029094404026443100954759358479
0.00290923091611045190023714639137
0.00290923091611045190023714639137
0.00290899679005111715582773229906
0.00290899679005111715582773229906
0.0029087380264492199622523461663
0.0029087380264492199622523461663
0.00290845462749634034365651821094
0.00290845462749634034365651821094
0.00290814659559270568689465182247
0.00290814659559270568689465182247
0.00290781393334717041297393823953
0.00290781393334717041297393823953
0.00290745664357719388154636162423
0.00290745664357719388154636162423
0.00290707472930881652863593087603
0.00290707472930881652863593087603
0.00290666819377663423780323801705
0.00290666819377663423780323801705
0.0029062370404237709449644047587
0.0029062370404237709449644047587
0.0029057812729018494770964387984
0.0029057812729018494770964387984
0.00290530089507096062507597936962
0.00290530089507096062507597936962
0.00290479591099963045091336745078
0.00290479591099963045091336745078
0.00290426632496478582965892970246
0.00290426632496478582965892970246
0.00290371214145171822627331652135
0.00290371214145171822627331652135
0.00290313336515404570776868344643
0.00290313336515404570776868344643
0.00290253000097367319094245140174
0.00290253000097367319094245140174
0.00290190205402075092604032478394
0.00290190205402075092604032478394
0.00290124952961363121670018707545
0.00290124952961363121670018707545
0.00290057243327882337654343135815
0.00290057243327882337654343135815
0.00289987077075094692279521769256
0.00289987077075094692279521769256
0.00289914454797268300733008068654
0.00289914454797268300733008068654
0.00289839377109472408555423857841
0.00289839377109472408555423857841
0.00289761844647572182355087967744
0.00289761844647572182355087967744
0.00289681858068223324392962291128
0.00289681858068223324392962291128
0.00289599418048866511083626640089
0.00289599418048866511083626640089
0.0028951452528772165545938512905
0.0028951452528772165545938512905
0.00289427180503781993646097737855
0.00289427180503781993646097737855
0.00289337384436807995400821229808
0.00289337384436807995400821229808
0.0028924513784732109876283369554
0.0028924513784732109876283369554
0.00289150441516597268871106652902
0.00289150441516597268871106652902
0.00289053296246660381002777842856
0.00289053296246660381002777842856
0.00288953702860275427888666609218
0.00288953702860275427888666609218
0.00288851662200941551363362023207
0.00288851662200941551363362023207
0.00288747175132884898408901699704
0.00288747175132884898408901699704
0.00288640242541051301652546538204
0.00288640242541051301652546538204
0.00288530865331098784380643395027
0.00288530865331098784380643395027
0.00288419044429389890132053941989
0.00288419044429389890132053941989
0.00288304780782983836936113677658
0.00288304780782983836936113677658
0.00288188075359628496261570218106
0.00288188075359628496261570218106
0.00288068929147752196744434592018
0.00288068929147752196744434592018
0.00287947343156455352764163287621
0.00287947343156455352764163287621
0.00287823318415501917939072233618
0.00287823318415501917939072233618
0.00287696855975310663613366730445
0.00287696855975310663613366730445
0.00287567956906946282409653569344
0.00287567956906946282409653569344
0.00287436622302110316922283172273
0.00287436622302110316922283172273
0.00287302853273131913628350543033
0.00287302853273131913628350543033
0.00287166650952958402094664126704
0.00287166650952958402094664126704
0.0028702801649514569956047131791
0.0028702801649514569956047131791
0.00286886951073848540977208326125
0.00286886951073848540977208326125
0.0028674345588381053458802038564
0.0028674345588381053458802038564
0.00286597532140354043131275876361
0.00286597532140354043131275876361
0.00286449181079369890753774786917
0.00286449181079369890753774786917
0.00286298403957306895720828090915
0.00286298403957306895720828090915
0.00286145202051161229011860008343
0.00286145202051161229011860008343
0.00285989576658465598891659774302
0.00285989576658465598891659774302
0.00285831529097278261548883424261
0.00285831529097278261548883424261
0.00285671060706171857894879216086
0.00285671060706171857894879216086
0.00285508172844222076617382632013
0.00285508172844222076617382632013
0.0028534286689099614358509842579
0.0028534286689099614358509842579
0.00285175144246541137700657889125
0.00285175144246541137700657889125
0.00285005006331372133300909394793
0.00285005006331372133300909394793
0.00284832454586460169204969318857
0.00284832454586460169204969318857
0.00284657490473220044511928638993
0.00284657490473220044511928638993
0.00284480115473497941251577837467
0.00284480115473497941251577837467
0.00284300331089558873992979193436
0.00284300331089558873992979193436
0.00284118138844073966517181117515
0.00284118138844073966517181117515
0.00283933540280107555661833849598
0.00283933540280107555661833849598
0.00283746536961104122446929596274
0.00283746536961104122446929596274
0.00283557130470875050592353014497
0.00283557130470875050592353014497
0.00283365322413585212539389841047
0.00283365322413585212539389841047
0.00283171114413739383089802410315
0.00283171114413739383089802410315
0.00282974508116168480777540783839
0.00282974508116168480777540783839
0.00282775505186015637089617221243
0.00282775505186015637089617221243
0.002825741073087220936541297416
0.002825741073087220936541297416
0.00282370316190012927514877544302
0.00282370316190012927514877544302
0.00282164133555882604613467067006
0.00282164133555882604613467067006
0.00281955561152580361601262442715
0.00281955561152580361601262442715
0.00281744600746595416104988066339
0.00281744600746595416104988066339
0.00281531254124642005571243880726
0.00281531254124642005571243880726
0.00281315523093644254816645830965
0.00281315523093644254816645830965
0.00281097409480720872411754701347
0.00281097409480720872411754701347
0.00280876915133169676028406229534
0.00280876915133169676028406229534
0.00280654041918451946881503974856
0.00280654041918451946881503974856
0.00280428791724176613397783890031
0.00280428791724176613397783890031
0.00280201166458084264245505895717
0.00280201166458084264245505895717
0.00279971168048030990860472972882
0.00279971168048030990860472972882
0.00279738798441972059605222356751
0.00279738798441972059605222356751
0.0027950405960794541369967632598
0.0027950405960794541369967632598
0.0027926695353405500506298181921
0.0027926695353405500506298181921
0.00279027482228453956207708666427
0.00279027482228453956207708666427
0.00278785647719327552329015582017
0.00278785647719327552329015582017
0.00278541452054876063732831218192
0.00278541452054876063732831218192
0.00278294897303297398748534509165
0.00278294897303297398748534509165
0.00278045985552769587273054236015
0.00278045985552769587273054236015
0.00277794718911433095094742197443
0.00277794718911433095094742197443
0.00277541099507372969146807570344
0.00277541099507372969146807570344
0.00277285129488600813841531974295
0.00277285129488600813841531974295
0.00277026811023036598637915403441
0.00277026811023036598637915403441
0.00276766146298490296996832545814
0.00276766146298490296996832545814
0.00276503137522643356879207061695
0.00276503137522643356879207061695
0.00276237786923030002944138127145
0.00276237786923030002944138127145
0.00275970096747018370605338954205
0.00275970096747018370605338954205
0.0027570006926179147210567106343
0.0027570006926179147210567106343
0.00275427706754327994770980795292
0.00275427706754327994770980795292
0.00275153011531382931605865892556
0.00275153011531382931605865892556
0.00274875985919468044395419953918
0.00274875985919468044395419953918
0.00274596632264832159478421137979
0.00274596632264832159478421137979
0.00274314952933441296358848674071
0.00274314952933441296358848674071
0.00274030950310958629324026500372
0.00274030950310958629324026500372
0.00273744626802724282239107688399
0.00273744626802724282239107688399
0.00273455984833734956689026214137
0.00273455984833734956689026214137
0.0027316502684862339364045408796
0.0027316502684862339364045408796
0.00272871755311637668797711846044
0.00272871755311637668797711846044
0.0027257617270662032182798892333
0.0027257617270662032182798892333
0.00272278281536987319632637460237
0.00272278281536987319632637460237
0.00271978084325706853842708630412
0.00271978084325706853842708630412
0.00271675583615277972718304602898
0.00271675583615277972718304602898
0.00271370781967709047632721757284
0.00271370781967709047632721757284
0.0027106368196449607432376174288
0.0027106368196449607432376174288
0.0027075428620660080909598640076
0.0027075428620660080909598640076
0.00270442597314428740159090438864
0.00270442597314428740159090438864
0.002701286179278068942889620534
0.002701286179278068942889620534
0.00269812350705961478999396412636
0.00269812350705961478999396412636
0.00269493798327495360413820050153
0.00269493798327495360413820050153
0.0026917296349036537702777574177
0.0026917296349036537702777574177
0.00268849848911859489554307352009
0.00268849848911859489554307352009
0.00268524457328573767045772420309
0.00268524457328573767045772420309
0.00268196791496389209486996902427
0.00268196791496389209486996902427
0.00267866854190448407056071476962
0.00267866854190448407056071476962
0.0026753464820513203625047215879
0.0026753464820513203625047215879
0.00267200176354035193077569618891
0.00267200176354035193077569618891
0.00266863441469943563509971581709
0.00266863441469943563509971581709
0.00266524446404809431407520945243
0.00266524446404809431407520945243
0.00266183194029727524109148833763
0.00266183194029727524109148833763
0.00265839687234910695899156636812
0.00265839687234910695899156636812
0.00265493928929665449553874199247
0.00265493928929665449553874199247
0.00265145922042367296176012693939
0.00265145922042367296176012693939
0.00264795669520435953525400319751
0.00264795669520435953525400319751
0.00264443174330310383056156810938
0.00264443174330310383056156810938
0.00264088439457423665871728808572
0.00264088439457423665871728808572
0.00263731467906177717810572418465
0.00263731467906177717810572418465
0.0026337226269991784387663175172
0.0026337226269991784387663175172
0.00263010826880907132230122902015
0.00263010826880907132230122902015
0.00262647163510300687955491646424
0.00262647163510300687955491646424
0.00262281275668119706824770152559
0.00262281275668119706824770152559
0.00261913166453225389275913122542
0.00261913166453225389275913122542
0.00261542838983292694827047092327
0.00261542838983292694827047092327
0.00261170296394783937148918021716
0.00261170296394783937148918021716
0.00260795541842922220019171844615
0.00260795541842922220019171844615
0.00260418578501664714383450289229
0.00260418578501664714383450289229
0.00260039409563675776749630012572
0.00260039409563675776749630012572
0.00259658038240299909142876911466
0.00259658038240299909142876911466
0.00259274467761534560850529361785
0.00259274467761534560850529361785
0.00258888701376002772187164087635
0.00258888701376002772187164087635
0.0025850074235092566051153636116
0.0025850074235092566051153636116
0.00258110593972094748728422270339
0.00258110593972094748728422270339
0.00257718259543844136509724855261
0.00257718259543844136509724855261
0.00257323742389022514470537991493
0.00257323742389022514470537991493
0.00256927045848965021537191981193
0.00256927045848965021537191981193
0.00256528173283464945745632887125
0.00256528173283464945745632887125
0.00256127128070745268709813700565
0.00256127128070745268709813700565
0.00255723913607430054001099460007
0.00255723913607430054001099460007
0.00255318533308515679681010422303
0.00255318533308515679681010422303
0.00254910990607341915230947320297
0.00254910990607341915230947320297
0.00254501288955562843123860609901
0.00254501288955562843123860609901
0.00254089431823117625284141403744
0.00254089431823117625284141403744
0.0025367542269820111468332549693
0.0025367542269820111468332549693
0.00253259265087234312320513501834
0.00253259265087234312320513501834
0.00252840962514834669837719612251
0.00252840962514834669837719612251
0.00252420518523786238021668901399
0.00252420518523786238021668901399
0.0025199793667500966144486831227
0.0025199793667500966144486831227
0.00251573220547532019500079611529
0.00251573220547532019500079611529
0.00251146373738456514083623538525
0.00251146373738456514083623538525
0.00250717399862932004184243178061
0.00250717399862932004184243178061
0.00250286302554122387635551208264
0.00250286302554122387635551208264
0.00249853085463175830291380112288
0.00249853085463175830291380112288
0.00249417752259193842884646683742
0.00249417752259193842884646683742
0.00248980306629200205831632189592
0.00248980306629200205831632189592
0.00248540752278109742244867370053
0.00248540752278109742244867370053
0.00248099092928696939419097041689
0.00248099092928696939419097041689
0.00247655332321564419056082416669
0.00247655332321564419056082416669
0.00247209474215111256495280347085
0.00247209474215111256495280347085
0.00246761522385501149218717537479
0.00246761522385501149218717537479
0.00246311480626630434899654330561
0.00246311480626630434899654330561
0.00245859352750095959265906949512
0.00245859352750095959265906949512
0.0024540514258516279404996906469
0.0024540514258516279404996906469
0.00244948853978731805299343232057
0.00244948853978731805299343232057
0.00244490490795307072321760114507
0.00244490490795307072321760114507
0.00244030056916963157541228434841
0.00244030056916963157541228434841
0.00243567556243312227542121309566
0.00243567556243312227542121309566
0.00243102992691471025579764965391
0.00243102992691471025579764965391
0.00242636370196027695837253834578
0.00242636370196027695837253834578
0.00242167692709008459709471650426
0.00242167692709008459709471650426
0.00241696964199844144396551409633
0.00241696964199844144396551409633
0.0024122418865533656409025792337
0.0024122418865533656409025792337
0.0024074937007962475403802513306
0.0024074937007962475403802513306
0.00240272512494151057770626409493
0.00240272512494151057770626409493
0.00239793619937627067780699674551
0.00239793619937627067780699674551
0.00239312696465999419940590372741
0.00239312696465999419940590372741
0.00238829746152415441949214064706
0.00238829746152415441949214064706
0.0023834477308718865609887670614
0.0023834477308718865609887670614
0.00237857781377764136654224502762
0.00237857781377764136654224502762
0.0023736877514868372213672658477
0.0023736877514868372213672658477
0.00236877758541551082809322611914
0.00236877758541551082809322611914
0.00236384735714996643657093792796
0.00236384735714996643657093792796
0.00235889710844642363161039668672
0.00235889710844642363161039668672
0.00235392688123066368163264362625
0.00235392688123066368163264362625
0.00234893671759767445123094819119
0.00234893671759767445123094819119
0.00234392665981129388064869846318
0.00234392665981129388064869846318
0.0023388967503038520351935251386
0.0023388967503038520351935251386
0.00233384703167581172761929641738
0.00233384703167581172761929641738
0.00232877754669540771651970731299
0.00232877754669540771651970731299
0.00232368833829828448378924726869
0.00232368833829828448378924726869
0.00231857944958713259421936446006
0.00231857944958713259421936446006
0.00231345092383132364030965367575
0.00231345092383132364030965367575
0.00230830280446654377538587709643
0.00230830280446654377538587709643
0.00230313513509442583812858353453
0.00230313513509442583812858353453
0.0022979479594821800716280216526
0.0022979479594821800716280216526
0.00229274132156222344009294624596
0.00229274132156222344009294624596
0.00228751526543180754635279375408
0.00228751526543180754635279375408
0.00228226983535264515330455365479
0.00228226983535264515330455365479
0.00227700507575053531246748619537
0.00227700507575053531246748619537
0.00227172103121498710282063392469
0.00227172103121498710282063392469
0.00226641774649884198310984461113
0.00226641774649884198310984461113
0.00226109526651789476082276626214
0.00226109526651789476082276626214
0.00225575363635051318104199100346
0.00225575363635051318104199100346
0.00225039290123725613839821343054
0.00225039290123725613839821343054
0.00224501310658049051535693061197
0.00224501310658049051535693061197
0.00223961429794400665008384510607
0.00223961429794400665008384510607
0.00223419652105263243714573904927
0.00223419652105263243714573904927
0.00222875982179184606431516648969
0.00222875982179184606431516648969
0.00222330424620738738875886257307
0.00222330424620738738875886257307
0.00221782984050486795590129184428
0.00221782984050486795590129184428
0.00221233665104937966426625370702
0.00221233665104937966426625370702
0.00220682472436510207961093089078
0.00220682472436510207961093089078
0.00220129410713490840167820650982
0.00220129410713490840167820650982
0.00219574484619997008690448686755
0.00219574484619997008690448686755
0.00219017698855936013043165046423
0.00219017698855936013043165046423
0.00218459058136965501078309861007
0.00218459058136965501078309861007
0.00217898567194453530057520953348
0.00217898567194453530057520953348
0.00217336230775438494664679580973
0.00217336230775438494664679580973
0.00216772053642588922300043422221
0.00216772053642588922300043422221
0.00216206040574163135996077771259
0.00216206040574163135996077771259
0.002156381963639687852966170781
0.002156381963639687852966170781
0.0021506852582132224544210724693
0.0021506852582132224544210724693
0.0021449703377100788520479448032
0.0021449703377100788520479448032
0.0021392372505323720371883891899
0.0021392372505323720371883891899
0.0021334860452360783665144086723
0.0021334860452360783665144086723
0.0021277167705306243206217400322
0.0021277167705306243206217400322
0.0021219294752784739629882364246
0.0021219294752784739629882364246
0.0021161242084947151027912884149
0.0021161242084947151027912884149
0.0021103010193466441650892488912
0.0021103010193466441650892488912
0.0021044599571533497718827752368
0.0021044599571533497718827752368
0.0020986010713852950375829202904
0.0020986010713852950375829202904
0.0020927244116638985824236918855
0.0020927244116638985824236918855
0.0020868300277611142673676590747
0.0020868300277611142673676590747
0.0020809179695990096540640113937
0.0020809179695990096540640113937
0.0020749882872493431934292756336
0.0020749882872493431934292756336
0.0020690410309331401464316624611
0.0020690410309331401464316624611
0.0020630762510202672406707527751
0.0020630762510202672406707527751
0.0020570939980290060663549408121
0.0020570939980290060663549408121
0.0020510943226256252152897276353
0.0020510943226256252152897276353
0.0020450772756239511665006046604
0.0020450772756239511665006046604
0.0020390429079849379221248821999
0.0020390429079849379221248821999
0.0020329912708162353972174025618
0.0020329912708162353972174025618
0.0020269224153717565671256309166
0.0020269224153717565671256309166
0.0020208363930512433761001398746
0.0020208363930512433761001398746
0.002014733255399831410816995389
0.002014733255399831410816995389
0.0020086130541076133424990121437
0.0020086130541076133424990121437
0.0020024758410092011413332758986
0.0020024758410092011413332758986
0.001996321668083287066892728273
0.001996321668083287066892728273
0.0019901505874522034382799760458
0.0019901505874522034382799760458
0.0019839626513814811877218221706
0.0019839626513814811877218221706
0.0019777579122794072013533192412
0.0019777579122794072013533192412
0.0019715364226965804509404180185
0.0019715364226965804509404180185
0.0019652982353254669203005237581
0.0019652982353254669203005237581
0.0019590434029999533301904813673
0.0019590434029999533301904813673
0.0019527719786948996654416867878
0.0019527719786948996654416867878
0.0019464840155256905081321663584
0.0019464840155256905081321663584
0.0019401795667477851805955781802
0.0019401795667477851805955781802
0.0019338586857562667020771695844
0.0019338586857562667020771695844
0.0019275214260853895628567726302
0.0019275214260853895628567726302
0.0019211678414081263196689350226
0.0019211678414081263196689350226
0.0019147979855357130162602668788
0.0019147979855357130162602668788
0.001908411912417193432934034286
0.001908411912417193432934034286
0.0019020096761389621689419485038
0.0019020096761389621689419485038
0.0018955913309243065615929848944
0.0018955913309243065615929848944
0.0018891569311329474459589181139
0.0018891569311329474459589181139
0.0018827065312605787590660797014
0.0018827065312605787590660797014
0.0018762401859384059924726308689
0.0018762401859384059924726308689
0.0018697579499326834971403969381
0.0018697579499326834971403969381
0.001863259878144250644520030416
0.001863259878144250644520030416
0.0018567460256080668477779570612
0.0018567460256080668477779570612
0.0018502164474927454471032133895
0.0018502164474927454471032133895
0.0018436711991000864630419048147
0.0018436711991000864630419048147
0.0018371103358646082218166009424
0.0018371103358646082218166009424
0.0018305339133530778565975383474
0.0018305339133530778565975383474
0.0018239419872640406887020213884
0.0018239419872640406887020213884
0.0018173346134273484927078981669
0.0018173346134273484927078981669
0.0018107118478036866494764415433
0.0018107118478036866494764415433
0.0018040737464841001910893840984
0.0018040737464841001910893840984
0.001797420365689518741714240996
0.001797420365689518741714240996
0.0017907517617702803584214057845
0.0017907517617702803584214057845
0.0017840679912056542759858211871
0.0017840679912056542759858211871
0.0017773691106033625597153098056
0.0017773691106033625597153098056
0.0017706551766991006703568983076
0.0017706551766991006703568983076
0.0017639262463560569451416830177
0.0017639262463560569451416830177
0.0017571823765644309990379648059
0.0017571823765644309990379648059
0.0017504236244409510502915266822
0.0017504236244409510502915266822
0.0017436500472283901743410384947
0.0017436500472283901743410384947
0.0017368617022950814902056495088
0.0017368617022950814902056495088
0.001730058647134432283450871339
0.001730058647134432283450871339
0.0017232409393644370698478606474
0.0017232409393644370698478606474
0.0017164086367271896038501831205
0.0017164086367271896038501831205
0.0017095617970883938360210774352
0.0017095617970883938360210774352
0.001702700478436873823553140135
0.001702700478436873823553140135
0.0016958247388840825980312194869
0.0016958247388840825980312194869
0.0016889346366636099945981384147
0.0016889346366636099945981384147
0.0016820302301306894466916634191
0.0016820302301306894466916634191
0.0016751115777617037505298979292
0.0016751115777617037505298979292
0.0016681787381536898035310047217
0.0016681787381536898035310047217
0.0016612317700238423208618528014
0.0016612317700238423208618528014
0.0016542707322090165343188394084
0.0016542707322090165343188394084
0.0016472956836652298777527575144
0.0016472956836652298777527575144
0.0016403066834671626632581632345
0.0016403066834671626632581632345
0.0016333037908076577523562459346
0.0016333037908076577523562459346
0.001626287064997219226408716388
0.001626287064997219226408716388
0.0016192565654635100605087050611
0.0016192565654635100605087050611
0.0016122123517508488051031034151
0.0016122123517508488051031034151
0.0016051544835197052796091859324
0.0016051544835197052796091859324
0.0015980830205461952822967193374
0.0015980830205461952822967193374
0.001590998022721574320715098128
0.001590998022721574320715098128
0.0015838995500517303669533419784
0.0015838995500517303669533419784
0.0015767876626566756420290507711
0.0015767876626566756420290507711
0.00156966242077003743371063688
0.00156966242077003743371063688
0.0015625238847385479520853418069
0.0015625238847385479520853418069
0.001555372115021533227193695294
0.001555372115021533227193695294
0.0015482071721904010530591895377
0.0015482071721904010530591895377
0.0015410291169281279824500190471
0.0015410291169281279824500190471
0.0015338380100287453767177779579
0.0015338380100287453767177779579
0.001526633912396824515066011175
0.001526633912396824515066011175
0.0015194168850469607676094835
0.0015194168850469607676094835
0.0015121869891032568365929618527
0.0015121869891032568365929618527
0.0015049442857988050701461997528
0.0015049442857988050701461997528
0.0014976888364751688529596703296
0.0014976888364751688529596703296
0.0014904207025818630782734142137
0.0014904207025818630782734142137
0.0014831399456758337055791516811
0.0014831399456758337055791516811
0.0014758466274209364084435543042
0.0014758466274209364084435543042
0.0014685408095874143168682800627
0.0014685408095874143168682800627
0.0014612225540513748586100473236
0.0014612225540513748586100473236
0.0014538919227942657038916572601
0.0014538919227942657038916572601
0.0014465489779023498179424710863
0.0014465489779023498179424710863
0.0014391937815661796258144078961
0.0014391937815661796258144078961
0.0014318263960800702939270508426
0.0014318263960800702939270508426
0.0014244468838415721328029338519
0.0014244468838415721328029338519
0.0014170553073509421254615279557
0.0014170553073509421254615279557
0.0014096517292106145859478556348
0.0014096517292106145859478556348
0.0014022362121246709524790332143
0.0014022362121246709524790332143
0.0013948088188983087196993753231
0.0013948088188983087196993753231
0.0013873696124373095145419916647
0.0013873696124373095145419916647
0.0013799186557475063202020648131
0.0013799186557475063202020648131
0.0013724560119342498527342184048
0.0013724560119342498527342184048
0.001364981744201874094793567911
0.001364981744201874094793567911
0.0013574959158531609910471911043
0.0013574959158531609910471911043
0.0013499985902888043097898623611
0.0013499985902888043097898623611
0.0013424898310068726753049640206
0.0013424898310068726753049640206
0.001334969701602271775518519142
0.001334969701602271775518519142
0.001327438265766205749501283131
0.001327438265766205749501283131
0.0013198955872856377593807868271
0.0013198955872856377593807868271
0.0013123417300427497512321407461
0.0013123417300427497512321407461
0.0013047767580144014095232892287
0.0013047767580144014095232892287
0.0012972007352715883096972442686
0.0012972007352715883096972442686
0.0012896137259788992734806317603
0.0012896137259788992734806317603
0.0012820157943939729315146478315
0.0012820157943939729315146478315
0.0012744070048669534979112498052
0.0012744070048669534979112498052
0.0012667874218399457613440951936
0.0012667874218399457613440951936
0.0012591571098464692972903929668
0.0012591571098464692972903929668
0.0012515161335109119060464442002
0.0012515161335109119060464442002
0.0012438645575479822811462241118
0.0012438645575479822811462241118
0.0012362024467621619128188944923
0.0012362024467621619128188944923
0.0012285298660471562311276346656
0.0012285298660471562311276346656
0.0012208468803853449934386404425
0.0012208468803853449934386404425
0.0012131535548472319208755641225
0.0012131535548472319208755641225
0.0012054499545908935884210545377
0.0012054499545908935884210545377
0.0011977361448614275733334045029
0.0011977361448614275733334045029
0.0011900121909903998665526239618
0.0011900121909903998665526239618
0.0011822781583952915517765306971
0.0011822781583952915517765306971
0.0011745341125789447568936868649
0.0011745341125789447568936868649
0.0011667801191290078824662089585
0.0011667801191290078824662089585
0.0011590162437173801119616412866
0.0011590162437173801119616412866
0.0011512425520996552084392088641
0.0011512425520996552084392088641
0.0011434591101145646024018549745
0.0011434591101145646024018549745
0.0011356659836834197755315218263
0.0011356659836834197755315218263
0.0011278632388095539450311499593
0.0011278632388095539450311499593
0.0011200509415777630533028536745
0.0011200509415777630533028536745
0.0011122291581537460676976761061
0.0011122291581537460676976761061
0.0011043979547835445950782389957
0.0011043979547835445950782389957
0.001096557397792981815941479215
0.001096557397792981815941479215
0.0010887075535871007428545070588
0.0010887075535871007428545070588
0.0010808484886496018079624308404
0.0010808484886496018079624308404
0.0010729802695422797843327689395
0.0010729802695422797843327689395
0.0010651029629044600459068148271
0.0010651029629044600459068148271
0.0010572166354524341708340334408
0.0010572166354524341708340334408
0.0010493213539788948929712494111
0.0010493213539788948929712494111
0.0010414171853523704063340399221
0.0010414171853523704063340399221
0.0010335041965166580272933684243
0.0010335041965166580272933684243
0.0010255824544902572193160910881
0.0010255824544902572193160910881
0.0010176520263658019850535370208
0.0010176520263658019850535370208
0.0010097129793094926305879072128
0.0010097129793094926305879072128
0.0010017653805605269066517574386
0.0010017653805605269066517574386
0.0009938092974305305316413285974
0.0009938092974305305316413285974
0.0009858447973029871012499660867
0.0009858447973029871012499660867
0.0009778719476326673895533298608
0.0009778719476326673895533298608
0.000969890815945058046383541132
0.000969890815945058046383541132
0.0009619014698357896958348428248
0.0009619014698357896958348428248
0.0009539039769700644407487717745
0.0009539039769700644407487717745
0.0009458984050820827780322544926
0.0009458984050820827780322544926
0.0009378848219744699296674487146
0.0009378848219744699296674487146
0.0009298632955177015942775639283
0.0009298632955177015942775639283
0.000921833893649529124118310167
0.000921833893649529124118310167
0.0009137966843744041323700506155
0.0009137966843744041323700506155
0.0009057517357629025356111756764
0.0009057517357629025356111756764
0.0008976991159511480363586804689
0.0008976991159511480363586804689
0.0008896388931402350505674214375
0.0008896388931402350505674214375
0.0008815711355956510849850588876
0.0008815711355956510849850588876
0.0008734959116466985692652699169
0.0008734959116466985692652699169
0.0008654132896859161477474505915
0.0008654132896859161477474505915
0.0008573233381684994358168288605
0.0008573233381684994358168288605
0.0008492261256117212457646936465
0.0008492261256117212457646936465
0.0008411217205943512870743255046
0.0008411217205943512870743255046
0.0008330101917560753460642069094
0.0008330101917560753460642069094
0.0008248916077969139498262144734
0.0008248916077969139498262144734
0.0008167660374766405194027726901
0.0008167660374766405194027726901
0.0008086335496141990171534034608
0.0008086335496141990171534034608
0.0008004942130871210932677654226
0.0008004942130871210932677654226
0.0007923480968309427363891734833
0.0007923480968309427363891734833
0.0007841952698386204333197579569
0.0007841952698386204333197579569
0.0007760358011599468427859053553
0.0007760358011599468427859053553
0.0007678697599009659882504661795
0.0007678697599009659882504661795
0.0007596972152233879747664727268
0.0007596972152233879747664727268
0.0007515182363440032348758436288
0.0007515182363440032348758436288
0.0007433328925340963085658323259
0.0007433328925340963085658323259
0.0007351412531188591623058853351
0.0007351412531188591623058853351
0.0007269433874768040521982067061
0.0007269433874768040521982067061
0.0007187393650391759362867855456
0.0007187393650391759362867855456
0.0007105292552893644410820588034
0.0007105292552893644410820588034
0.0007023131277623153873718961027
0.0007023131277623153873718961027
0.000694091052043941880404374708
0.000694091052043941880404374708
0.0006858630977705349695440551343
0.0006858630977705349695440551343
0.0006776293346281738825213974573
0.0006776293346281738825213974573
0.0006693898323521358394148384529
0.0006693898323521358394148384529
0.0006611446607263054515271876323
0.0006611446607263054515271876323
0.0006528938895825837103427554524
0.0006528938895825837103427554524
0.0006446375888002965717794205261
0.0006446375888002965717794205261
0.000636375828305603140981168763
0.000636375828305603140981168763
0.0006281086780709034629320773424
0.0006281086780709034629320773424
0.0006198362081142459242129553793
0.0006198362081142459242129553793
0.0006115584884987342712677002506
0.0006115584884987342712677002506
0.0006032755893319342505988415581
0.0006032755893319342505988415581
0.0005949875807652798763718597458
0.0005949875807652798763718597458
0.0005866945329934793309770342688
0.0005866945329934793309770342688
0.0005783965162539205041774067427
0.0005783965162539205041774067427
0.0005700936008260761765638607741
0.0005700936008260761765638607741
0.0005617858570309088531456251933
0.0005617858570309088531456251933
0.000553473355230275253029466209
0.000553473355230275253029466209
0.0005451561658263304612867749475
0.0005451561658263304612867749475
0.0005368343592609317492786972525
0.0005368343592609317492786972525
0.0005285080060150420699102548031
0.0005285080060150420699102548031
0.0005201771766081332345209723623
0.0005201771766081332345209723623
0.0005118419415975887783990399485
0.0005118419415975887783990399485
0.000503502371578106522237273745
0.000503502371578106522237273745
0.0004951585371811008372428412627
0.0004951585371811008372428412627
0.0004868105090741046220820891614
0.0004868105090741046220820891614
0.0004784583579601710004031364044
0.0004784583579601710004031364044
0.0004701021545772747483523124101
0.0004701021545772747483523124101
0.000461741969697713462311036501
0.000461741969697713462311036501
0.000453377874127508478058513393
0.000453377874127508478058513393
0.0004450099387058055537516400016
0.0004450099387058055537516400016
0.0004366382343042753305557335786
0.0004366382343042753305557335786
0.0004282628318265135865198260715
0.0004282628318265135865198260715
0.0004198838022074413014464871792
0.0004198838022074413014464871792
0.0004115012164127045531578495272
0.0004115012164127045531578495272
0.0004031151454380742688337250159
0.0004031151454380742688337250159
0.0003947256603088458591574652953
0.0003947256603088458591574652953
0.0003863328320792387680608598063
0.0003863328320792387680608598063
0.0003779367318317959771835978236
0.0003779367318317959771835978236
0.0003695374306767835121111411535
0.0003695374306767835121111411535
0.0003611349997515900074932366953
0.0003611349997515900074932366953
0.0003527295102201264008880740341
0.0003527295102201264008880740341
0.0003443210332722258414390841737
0.0003443210332722258414390841737
0.0003359096401230439203601593067
0.0003359096401230439203601593067
0.0003274954020124593571418906176
0.0003274954020124593571418906176
0.0003190783902044753103731549338
0.0003190783902044753103731549338
0.0003106586759866215277929398794
0.0003106586759866215277929398794
0.00030223633066935761034566144
0.00030223633066935761034566144
0.0002938114255854777447291108215
0.0002938114255854777447291108215
0.0002853840320895173653434154937
0.0002853840320895173653434154937
0.0002769542215571623497343905446
0.0002769542215571623497343905446
0.0002685220653846615458774045212
0.0002685220653846615458774045212
0.0002600876349882436954975839743
0.0002600876349882436954975839743
0.0002516510018035401848453258789
0.0002516510018035401848453258789
0.000243212237285015566611678907
0.000243212237285015566611678907
0.0002347714129054085187750982253
0.0002347714129054085187750982253
0.0002263286001551869354796905292
0.0002263286001551869354796905292
0.0002178838705420223297982562524
0.0002178838705420223297982562524
0.0002094372955902908973799655586
0.0002094372955902908973799655586
0.0002009889468406118025370780598
0.0002009889468406118025370780598
0.000192538895849438076532282758
0.000192538895849438076532282758
0.0001840872141887228899891577692
0.0001840872141887228899891577692
0.0001756339734456954122277463068
0.0001756339734456954122277463068
0.000167179245222798590076925377
0.000167179245222798590076925377
0.000158723101137870437403428836
0.000158723101137870437403428836
0.000150265612824698729034917918
0.000150265612824698729034917918
0.00014180685193416069610397366
0.00014180685193416069610397366
0.000133346890136301278329437443
0.000133346890136301278329437443
0.00012488579912395759204001193
0.00012488579912395759204001193
0.000116423650619007480538080521
0.000116423650619007480538080521
0.000107960516383223221576514619
0.000107960516383223221576514619
0.000099496468237521370522391444
0.000099496468237521370522391444
0.000091031578097206126437910603
0.000091031578097206126437910603
0.000082565918039268378911345292
0.000082565918039268378911345292
0.000074099560437895858448916032
0.000074099560437895858448916032
0.000065632578255884757326369671
0.000065632578255884757326369671
0.00005716504572477553774713699
0.00005716504572477553774713699
0.000048697040105340122766615639
0.000048697040105340122766615639
0.000040228646900563841499572106
0.000040228646900563841499572106
0.000031759978378038022575718066
0.000031759978378038022575718066
0.000023291259196478533249003123
0.000023291259196478533249003123
0.00001482343022734570819172686
0.00001482343022734570819172686
6.36799601042253866296697e-6
6.36799601042253866296697e-6