0.009894767741838359
0.009894283363903089
0.009894283363903089
0.009892830277520721
0.009892830277520721
0.009890408624956948
0.009890408624956948
0.009887018643305776
0.009887018643305776
0.009882660664466318
0.009882660664466318
0.009877335115110294
0.009877335115110294
0.009871042516640263
0.009871042516640263
0.009863783485138569
0.009863783485138569
0.009855558731307027
0.009855558731307027
0.009846369060397337
0.009846369060397337
0.009836215372132252
0.009836215372132252
0.00982509866061748
0.00982509866061748
0.009813020014244366
0.009813020014244366
0.009799980615583323
0.009799980615583323
0.009785981741268056
0.009785981741268056
0.009771024761870574
0.009771024761870574
0.009755111141766996
0.009755111141766996
0.009738242438994188
0.009738242438994188
0.009720420305097215
0.009720420305097215
0.009701646484967651
0.009701646484967651
0.009681922816672739
0.009681922816672739
0.009661251231275438
0.009661251231275438
0.009639633752645356
0.009639633752645356
0.009617072497260604
0.009617072497260604
0.009593569674000581
0.009593569674000581
0.00956912758392971
0.00956912758392971
0.009543748620072149
0.009543748620072149
0.009517435267177504
0.009517435267177504
0.009490190101477556
0.009490190101477556
0.009462015790434028
0.009462015790434028
0.009432915092477433
0.009432915092477433
0.009402890856737001
0.009402890856737001
0.009371946022761735
0.009371946022761735
0.009340083620232613
0.009340083620232613
0.009307306768665961
0.009307306768665961
0.009273618677108037
0.009273618677108037
0.009239022643820847
0.009239022643820847
0.009203522055959223
0.009203522055959223
0.009167120389239202
0.009167120389239202
0.009129821207597734
0.009129821207597734
0.00909162816284375
0.00909162816284375
0.00905254499430063
0.00905254499430063
0.0090125755284401
0.0090125755284401
0.008971723678507599
0.008971723678507599
0.008929993444139149
0.008929993444139149
0.008887388910969765
0.008887388910969765
0.008843914250233452
0.008843914250233452
0.008799573718354811
0.008799573718354811
0.008754371656532317
0.008754371656532317
0.008708312490313282
0.008708312490313282
0.008661400729160576
0.008661400729160576
0.008613640966011118
0.008613640966011118
0.008565037876826203
0.008565037876826203
0.008515596220133698
0.008515596220133698
0.008465320836562155
0.008465320836562155
0.008414216648366882
0.008414216648366882
0.00836228865894803
0.00836228865894803
0.008309541952360727
0.008309541952360727
0.008255981692817318
0.008255981692817318
0.008201613124181765
0.008201613124181765
0.008146441569456234
0.008146441569456234
0.008090472430259948
0.008090472430259948
0.008033711186300332
0.008033711186300332
0.007976163394836521
0.007976163394836521
0.007917834690135271
0.007917834690135271
0.007858730782919329
0.007858730782919329
0.007798857459808325
0.007798857459808325
0.00773822058275222
0.00773822058275222
0.007676826088457395
0.007676826088457395
0.007614679987805407
0.007614679987805407
0.007551788365264492
0.007551788365264492
0.007488157378293856
0.007488157378293856
0.007423793256740829
0.007423793256740829
0.007358702302230921
0.007358702302230921
0.007292890887550859
0.007292890887550859
0.007226365456024656
0.007226365456024656
0.007159132520882766
0.007159132520882766
0.007091198664624404
0.007091198664624404
0.007022570538373085
0.007022570538373085
0.00695325486122543
0.00695325486122543
0.006883258419593337
0.006883258419593337
0.006812588066539548
0.006812588066539548
0.006741250721106691
0.006741250721106691
0.006669253367639872
0.006669253367639872
0.00659660305510286
0.00659660305510286
0.006523306896387958
0.006523306896387958
0.006449372067619606
0.006449372067619606
0.006374805807451798
0.006374805807451798
0.006299615416359377
0.006299615416359377
0.006223808255923273
0.006223808255923273
0.006147391748109765
0.006147391748109765
0.006070373374543825
0.006070373374543825
0.005992760675776626
0.005992760675776626
0.005914561250547276
0.005914561250547276
0.005835782755038861
0.005835782755038861
0.005756432902128859
0.005756432902128859
0.005676519460634004
0.005676519460634004
0.005596050254549678
0.005596050254549678
0.005515033162283895
0.005515033162283895
0.005433476115885961
0.005433476115885961
0.005351387100269883
0.005351387100269883
0.0052687741524326
0.0052687741524326
0.005185645360667117
0.005185645360667117
0.005102008863770618
0.005102008863770618
0.005017872850247632
0.005017872850247632
0.004933245557508336
0.004933245557508336
0.004848135271062069
0.004848135271062069
0.004762550323706135
0.004762550323706135
0.004676499094709986
0.004676499094709986
0.004589990008994843
0.004589990008994843
0.004503031536308861
0.004503031536308861
0.004415632190397901
0.004415632190397901
0.004327800528171993
0.004327800528171993
0.004239545148867584
0.004239545148867584
0.00415087469320564
0.00415087469320564
0.004061797842545686
0.004061797842545686
0.003972323318035878
0.003972323318035878
0.003882459879759181
0.003882459879759181
0.003792216325875744
0.003792216325875744
0.003701601491761551
0.003701601491761551
0.00361062424914344
0.00361062424914344
0.003519293505230577
0.003519293505230577
0.003427618201842467
0.003427618201842467
0.003335607314533598
0.003335607314533598
0.003243269851714812
0.003243269851714812
0.003150614853771478
0.003150614853771478
0.003057651392178588
0.003057651392178588
0.002964388568612854
0.002964388568612854
0.002870835514061921
0.002870835514061921
0.002777001387930803
0.002777001387930803
0.002682895377145654
0.002682895377145654
0.002588526695255018
0.002588526695255018
0.002493904581528691
0.002493904581528691
0.002399038300054377
0.002399038300054377
0.002303937138832352
0.002303937138832352
0.002208610408868384
0.002208610408868384
0.002113067443265289
0.002113067443265289
0.002017317596313587
0.002017317596313587
0.001921370242581954
0.001921370242581954
0.001825234776008515
0.001825234776008515
0.001728920608994554
0.001728920608994554
0.001632437171503196
0.001632437171503196
0.001535793910167209
0.001535793910167209
0.001439000287413079
0.001439000287413079
0.001342065780613874
0.001342065780613874
0.001244999881293908
0.001244999881293908
0.001147812094429117
0.001147812094429117
0.001050511937931061
0.001050511937931061
0.0009531089425003184
0.0009531089425003184
0.000855612652267338
0.000855612652267338
0.0007580326272345209
0.0007580326272345209
0.0006603784502110836
0.0006603784502110836
0.0005626597462360184
0.0005626597462360184
0.0004648862419113111
0.0004648862419113111
0.0003670679785917876
0.0003670679785917876
0.0002692163013002171
0.0002692163013002171
0.0001713508379901131
0.0001713508379901131
0.00007361333531594252
0.00007361333531594252