0.006378832600413503
0.006378832600413503
0.006378573046842603
0.006378573046842603
0.006378053950261991
0.006378053950261991
0.006377275331793616
0.006377275331793616
0.006376237223119325
0.006376237223119325
0.006374939666479578
0.006374939666479578
0.006373382714671723
0.006373382714671723
0.006371566431047856
0.006371566431047856
0.006369490889512236
0.006369490889512236
0.00636715617451828
0.00636715617451828
0.00636456238106513
0.00636456238106513
0.006361709614693782
0.006361709614693782
0.006358597991482796
0.006358597991482796
0.00635522763804357
0.00635522763804357
0.00635159869151519
0.00635159869151519
0.006347711299558848
0.006347711299558848
0.006343565620351837
0.006343565620351837
0.00633916182258111
0.00633916182258111
0.00633450008543642
0.00633450008543642
0.006329580598603027
0.006329580598603027
0.006324403562253981
0.006324403562253981
0.006318969187041977
0.006318969187041977
0.00631327769409078
0.00631327769409078
0.006307329314986232
0.006307329314986232
0.006301124291766829
0.006301124291766829
0.006294662876913868
0.006294662876913868
0.006287945333341177
0.006287945333341177
0.006280971934384417
0.006280971934384417
0.006273742963789958
0.006273742963789958
0.006266258715703337
0.006266258715703337
0.006258519494657284
0.006258519494657284
0.006250525615559336
0.006250525615559336
0.006242277403679021
0.006242277403679021
0.006233775194634622
0.006233775194634622
0.006225019334379522
0.006225019334379522
0.006216010179188127
0.006216010179188127
0.006206748095641369
0.006206748095641369
0.006197233460611791
0.006197233460611791
0.00618746666124821
0.00618746666124821
0.006177448094959965
0.006177448094959965
0.006167178169400748
0.006167178169400748
0.006156657302452015
0.006156657302452015
0.006145885922205981
0.006145885922205981
0.006134864466948206
0.006134864466948206
0.006123593385139754
0.006123593385139754
0.006112073135398954
0.006112073135398954
0.006100304186482729
0.006100304186482729
0.006088287017267532
0.006088287017267532
0.006076022116729853
0.006076022116729853
0.006063509983926327
0.006063509983926327
0.006050751127973426
0.006050751127973426
0.006037746068026743
0.006037746068026743
0.00602449533325987
0.00602449533325987
0.00601099946284286
0.00601099946284286
0.005997259005920297
0.005997259005920297
0.005983274521588942
0.005983274521588942
0.005969046578874992
0.005969046578874992
0.005954575756710921
0.005954575756710921
0.005939862643911924
0.005939862643911924
0.00592490783915196
0.00592490783915196
0.005909711950939392
0.005909711950939392
0.005894275597592224
0.005894275597592224
0.005878599407212947
0.005878599407212947
0.005862684017662975
0.005862684017662975
0.005846530076536695
0.005846530076536695
0.005830138241135117
0.005830138241135117
0.005813509178439126
0.005813509178439126
0.005796643565082343
0.005796643565082343
0.005779542087323595
0.005779542087323595
0.005762205441018988
0.005762205441018988
0.005744634331593597
0.005744634331593597
0.005726829474012757
0.005726829474012757
0.005708791592752976
0.005708791592752976
0.005690521421772455
0.005690521421772455
0.00567201970448122
0.00567201970448122
0.005653287193710879
0.005653287193710879
0.005634324651683983
0.005634324651683983
0.005615132849983015
0.005615132849983015
0.005595712569518994
0.005595712569518994
0.005576064600499699
0.005576064600499699
0.005556189742397517
0.005556189742397517
0.00553608880391691
0.00553608880391691
0.005515762602961513
0.005515762602961513
0.005495211966600849
0.005495211966600849
0.005474437731036679
0.005474437731036679
0.005453440741568976
0.005453440741568976
0.00543222185256153
0.00543222185256153
0.005410781927407183
0.005410781927407183
0.005389121838492702
0.005389121838492702
0.005367242467163275
0.005367242467163275
0.005345144703686653
0.005345144703686653
0.005322829447216928
0.005322829447216928
0.005300297605757939
0.005300297605757939
0.005277550096126334
0.005277550096126334
0.005254587843914258
0.005254587843914258
0.005231411783451695
0.005231411783451695
0.005208022857768448
0.005208022857768448
0.00518442201855577
0.00518442201855577
0.005160610226127637
0.005160610226127637
0.005136588449381672
0.005136588449381672
0.005112357665759727
0.005112357665759727
0.005087918861208104
0.005087918861208104
0.00506327303013744
0.00506327303013744
0.005038421175382244
0.005038421175382244
0.005013364308160096
0.005013364308160096
0.004988103448030492
0.004988103448030492
0.004962639622853366
0.004962639622853366
0.004936973868747264
0.004936973868747264
0.004911107230047185
0.004911107230047185
0.004885040759262084
0.004885040759262084
0.004858775517032052
0.004858775517032052
0.00483231257208515
0.00483231257208515
0.004805653001193934
0.004805653001193934
0.004778797889131629
0.004778797889131629
0.004751748328627999
0.004751748328627999
0.00472450542032488
0.00472450542032488
0.004697070272731395
0.004697070272731395
0.004669444002178852
0.004669444002178852
0.004641627732775316
0.004641627732775316
0.004613622596359874
0.004613622596359874
0.004585429732456575
0.004585429732456575
0.004557050288228069
0.004557050288228069
0.004528485418428927
0.004528485418428927
0.004499736285358652
0.004499736285358652
0.004470804058814388
0.004470804058814388
0.004441689916043319
0.004441689916043319
0.004412395041694769
0.004412395041694769
0.004382920627771998
0.004382920627771998
0.0043532678735837
0.0043532678735837
0.004323437985695203
0.004323437985695203
0.004293432177879372
0.004293432177879372
0.004263251671067225
0.004263251671067225
0.00423289769329825
0.00423289769329825
0.00420237147967044
0.00420237147967044
0.004171674272290032
0.004171674272290032
0.00414080732022097
0.00414080732022097
0.004109771879434078
0.004109771879434078
0.004078569212755959
0.004078569212755959
0.004047200589817606
0.004047200589817606
0.004015667287002744
0.004015667287002744
0.003983970587395892
0.003983970587395892
0.003952111780730157
0.003952111780730157
0.003920092163334753
0.003920092163334753
0.003887913038082254
0.003887913038082254
0.003855575714335581
0.003855575714335581
0.003823081507894726
0.003823081507894726
0.003790431740943207
0.003790431740943207
0.003757627741994273
0.003757627741994273
0.003724670845836847
0.003724670845836847
0.003691562393481212
0.003691562393481212
0.003658303732104445
0.003658303732104445
0.003624896214995604
0.003624896214995604
0.003591341201500659
0.003591341201500659
0.003557640056967184
0.003557640056967184
0.003523794152688796
0.003523794152688796
0.003489804865849364
0.003489804865849364
0.003455673579466969
0.003455673579466969
0.003421401682337625
0.003421401682337625
0.003386990568978777
0.003386990568978777
0.003352441639572551
0.003352441639572551
0.003317756299908787
0.003317756299908787
0.003282935961327832
0.003282935961327832
0.003247982040663118
0.003247982040663118
0.003212895960183509
0.003212895960183509
0.003177679147535428
0.003177679147535428
0.003142333035684767
0.003142333035684767
0.003106859062858584
0.003106859062858584
0.003071258672486575
0.003071258672486575
0.003035533313142346
0.003035533313142346
0.00299968443848447
0.00299968443848447
0.002963713507197336
0.002963713507197336
0.0029276219829318
0.0029276219829318
0.002891411334245623
0.002891411334245623
0.002855083034543723
0.002855083034543723
0.002818638562018215
0.002818638562018215
0.00278207939958827
0.00278207939958827
0.002745407034839773
0.002745407034839773
0.002708622959964795
0.002708622959964795
0.002671728671700872
0.002671728671700872
0.002634725671270108
0.002634725671270108
0.00259761546431809
0.00259761546431809
0.002560399560852623
0.002560399560852623
0.002523079475182286
0.002523079475182286
0.002485656725854823
0.002485656725854823
0.002448132835595344
0.002448132835595344
0.002410509331244374
0.002410509331244374
0.002372787743695726
0.002372787743695726
0.002334969607834204
0.002334969607834204
0.002297056462473157
0.002297056462473157
0.002259049850291862
0.002259049850291862
0.002220951317772755
0.002220951317772755
0.002182762415138504
0.002182762415138504
0.002144484696288938
0.002144484696288938
0.002106119718737814
0.002106119718737814
0.002067669043549449
0.002067669043549449
0.002029134235275198
0.002029134235275198
0.001990516861889802
0.001990516861889802
0.001951818494727586
0.001951818494727586
0.001913040708418527
0.001913040708418527
0.001874185080824186
0.001874185080824186
0.001835253192973511
0.001835253192973511
0.001796246628998514
0.001796246628998514
0.001757166976069814
0.001757166976069814
0.00171801582433207
0.00171801582433207
0.001678794766839288
0.001678794766839288
0.00163950539949001
0.00163950539949001
0.001600149320962393
0.001600149320962393
0.00156072813264918
0.00156072813264918
0.00152124343859256
0.00152124343859256
0.001481696845418925
0.001481696845418925
0.001442089962273538
0.001442089962273538
0.00140242440075509
0.00140242440075509
0.001362701774850182
0.001362701774850182
0.001322923700867716
0.001322923700867716
0.001283091797373209
0.001283091797373209
0.001243207685123038
0.001243207685123038
0.001203272986998623
0.001203272986998623
0.001163289327940567
0.001163289327940567
0.001123258334882756
0.001123258334882756
0.00108318163668645
0.00108318163668645
0.001043060864074389
0.001043060864074389
0.001002897649564955
0.001002897649564955
0.0009626936274064345
0.0009626936274064345
0.0009224504335114663
0.0009224504335114663
0.0008821697053917886
0.0008821697053917886
0.0008418530820934432
0.0008418530820934432
0.0008015022041326984
0.0008015022041326984
0.0007611187134330821
0.0007611187134330821
0.0007207042532641534
0.0007207042532641534
0.0006802604681830307
0.0006802604681830307
0.0006397890039803781
0.0006397890039803781
0.0005992915076337728
0.0005992915076337728
0.0005587696272736332
0.0005587696272736332
0.0005182250121712297
0.0005182250121712297
0.0004776593127669934
0.0004776593127669934
0.0004370741807756248
0.0004370741807756248
0.0003964712694451754
0.0003964712694451754
0.0003558522341438057
0.0003558522341438057
0.0003152187336955175
0.0003152187336955175
0.0002745724335834206
0.0002745724335834206
0.0002339150143433471
0.0002339150143433471
0.0001932481965443876
0.0001932481965443876
0.0001525738297122774
0.0001525738297122774
0.0001118943036434407
0.0001118943036434407
0.0000712154493011639
0.0000712154493011639
0.00003059384919383827
0.00003059384919383827