0.006024144217922184
0.00602403490911098
0.00602403490911098
0.006023706986644212
0.006023706986644212
0.006023160462422263
0.006023160462422263
0.006022395356278627
0.006022395356278627
0.006021411695979188
0.006021411695979188
0.006020209517221211
0.006020209517221211
0.006018788863632049
0.006018788863632049
0.006017149786767556
0.006017149786767556
0.006015292346110222
0.006015292346110222
0.006013216609067007
0.006013216609067007
0.006010922650966903
0.006010922650966903
0.006008410555058192
0.006008410555058192
0.00600568041250543
0.00600568041250543
0.006002732322386139
0.006002732322386139
0.005999566391687208
0.005999566391687208
0.005996182735301013
0.005996182735301013
0.005992581476021246
0.005992581476021246
0.005988762744538462
0.005988762744538462
0.00598472667943533
0.00598472667943533
0.005980473427181612
0.005980473427181612
0.00597600314212884
0.00597600314212884
0.005971315986504719
0.005971315986504719
0.005966412130407239
0.005966412130407239
0.005961291751798499
0.005961291751798499
0.005955955036498254
0.005955955036498254
0.005950402178177169
0.005950402178177169
0.005944633378349788
0.005944633378349788
0.005938648846367225
0.005938648846367225
0.005932448799409567
0.005932448799409567
0.005926033462477986
0.005926033462477986
0.005919403068386582
0.005919403068386582
0.005912557857753929
0.005912557857753929
0.005905498078994344
0.005905498078994344
0.005898223988308873
0.005898223988308873
0.005890735849675993
0.005890735849675993
0.005883033934842029
0.005883033934842029
0.005875118523311298
0.005875118523311298
0.005866989902335962
0.005866989902335962
0.005858648366905604
0.005858648366905604
0.005850094219736523
0.005850094219736523
0.005841327771260749
0.005841327771260749
0.005832349339614776
0.005832349339614776
0.005823159250628017
0.005823159250628017
0.005813757837810982
0.005813757837810982
0.005804145442343172
0.005804145442343172
0.005794322413060698
0.005794322413060698
0.005784289106443622
0.005784289106443622
0.005774045886603021
0.005774045886603021
0.005763593125267773
0.005763593125267773
0.005752931201771065
0.005752931201771065
0.00574206050303663
0.00574206050303663
0.005730981423564704
0.005730981423564704
0.005719694365417707
0.005719694365417707
0.005708199738205658
0.005708199738205658
0.005696497959071303
0.005696497959071303
0.005684589452674983
0.005684589452674983
0.005672474651179219
0.005672474651179219
0.005660153994233032
0.005660153994233032
0.005647627928955983
0.005647627928955983
0.005634896909921952
0.005634896909921952
0.00562196139914264
0.00562196139914264
0.005608821866050801
0.005608821866050801
0.005595478787483207
0.005595478787483207
0.005581932647663344
0.005581932647663344
0.005568183938183838
0.005568183938183838
0.005554233157988618
0.005554233157988618
0.005540080813354806
0.005540080813354806
0.005525727417874344
0.005525727417874344
0.00551117349243536
0.00551117349243536
0.005496419565203258
0.005496419565203258
0.005481466171601558
0.005481466171601558
0.00546631385429246
0.00546631385429246
0.005450963163157153
0.005450963163157153
0.005435414655275859
0.005435414655275859
0.005419668894907617
0.005419668894907617
0.005403726453469804
0.005403726453469804
0.005387587909517402
0.005387587909517402
0.005371253848721998
0.005371253848721998
0.005354724863850534
0.005354724863850534
0.005338001554743789
0.005338001554743789
0.005321084528294618
0.005321084528294618
0.005303974398425923
0.005303974398425923
0.005286671786068375
0.005286671786068375
0.00526917731913788
0.00526917731913788
0.005251491632512793
0.005251491632512793
0.005233615368010875
0.005233615368010875
0.005215549174366005
0.005215549174366005
0.005197293707204636
0.005197293707204636
0.005178849629022
0.005178849629022
0.005160217609158069
0.005160217609158069
0.005141398323773263
0.005141398323773263
0.005122392455823913
0.005122392455823913
0.005103200695037474
0.005103200695037474
0.005083823737887496
0.005083823737887496
0.00506426228756835
0.00506426228756835
0.005044517053969708
0.005044517053969708
0.005024588753650781
0.005024588753650781
0.005004478109814314
0.005004478109814314
0.00498418585228034
0.00498418585228034
0.004963712717459699
0.004963712717459699
0.00494305944832731
0.00494305944832731
0.004922226794395208
0.004922226794395208
0.004901215511685344
0.004901215511685344
0.004880026362702152
0.004880026362702152
0.004858660116404875
0.004858660116404875
0.004837117548179657
0.004837117548179657
0.00481539943981141
0.00481539943981141
0.004793506579455436
0.004793506579455436
0.004771439761608832
0.004771439761608832
0.00474919978708165
0.00474919978708165
0.004726787462967841
0.004726787462967841
0.004704203602615963
0.004704203602615963
0.004681449025599665
0.004681449025599665
0.004658524557687943
0.004658524557687943
0.004635431030815175
0.004635431030815175
0.004612169283050929
0.004612169283050929
0.004588740158569549
0.004588740158569549
0.004565144507619519
0.004565144507619519
0.004541383186492608
0.004541383186492608
0.004517457057492797
0.004517457057492797
0.004493366988904981
0.004493366988904981
0.004469113854963463
0.004469113854963463
0.004444698535820227
0.004444698535820227
0.004420121917512996
0.004420121917512996
0.004395384891933076
0.004395384891933076
0.004370488356792995
0.004370488356792995
0.004345433215593916
0.004345433215593916
0.004320220377592858
0.004320220377592858
0.004294850757769692
0.004294850757769692
0.004269325276793938
0.004269325276793938
0.004243644860991355
0.004243644860991355
0.004217810442310325
0.004217810442310325
0.004191822958288029
0.004191822958288029
0.004165683352016427
0.004165683352016427
0.00413939257210803
0.00413939257210803
0.004112951572661478
0.004112951572661478
0.004086361313226912
0.004086361313226912
0.004059622758771154
0.004059622758771154
0.004032736879642688
0.004032736879642688
0.004005704651536446
0.004005704651536446
0.003978527055458397
0.003978527055458397
0.003951205077689949
0.003951205077689949
0.003923739709752159
0.003923739709752159
0.003896131948369741
0.003896131948369741
0.003868382795434908
0.003868382795434908
0.003840493257971
0.003840493257971
0.003812464348095948
0.003812464348095948
0.003784297082985542
0.003784297082985542
0.003755992484836513
0.003755992484836513
0.003727551580829444
0.003727551580829444
0.003698975403091487
0.003698975403091487
0.003670264988658913
0.003670264988658913
0.003641421379439471
0.003641421379439471
0.003612445622174584
0.003612445622174584
0.003583338768401357
0.003583338768401357
0.003554101874414418
0.003554101874414418
0.003524736001227588
0.003524736001227588
0.003495242214535372
0.003495242214535372
0.003465621584674285
0.003465621584674285
0.003435875186584015
0.003435875186584015
0.003406004099768405
0.003406004099768405
0.003376009408256284
0.003376009408256284
0.003345892200562124
0.003345892200562124
0.00331565356964654
0.00331565356964654
0.003285294612876621
0.003285294612876621
0.003254816431986115
0.003254816431986115
0.003224220133035438
0.003224220133035438
0.003193506826371541
0.003193506826371541
0.003162677626587612
0.003162677626587612
0.003131733652482627
0.003131733652482627
0.003100676027020753
0.003100676027020753
0.003069505877290588
0.003069505877290588
0.003038224334464266
0.003038224334464266
0.003006832533756403
0.003006832533756403
0.002975331614382897
0.002975331614382897
0.002943722719519593
0.002943722719519593
0.002912006996260791
0.002912006996260791
0.002880185595577618
0.002880185595577618
0.002848259672276262
0.002848259672276262
0.002816230384956063
0.002816230384956063
0.002784098895967465
0.002784098895967465
0.002751866371369836
0.002751866371369836
0.002719533980889153
0.002719533980889153
0.002687102897875547
0.002687102897875547
0.00265457429926073
0.00265457429926073
0.002621949365515275
0.002621949365515275
0.002589229280605786
0.002589229280605786
0.002556415231951921
0.002556415231951921
0.002523508410383313
0.002523508410383313
0.002490510010096341
0.002490510010096341
0.002457421228610805
0.002457421228610805
0.00242424326672646
0.00242424326672646
0.00239097732847944
0.00239097732847944
0.002357624621098567
0.002357624621098567
0.002324186354961538
0.002324186354961538
0.002290663743551
0.002290663743551
0.002257058003410515
0.002257058003410515
0.002223370354100409
0.002223370354100409
0.002189602018153516
0.002189602018153516
0.002155754221030813
0.002155754221030813
0.002121828191076948
0.002121828191076948
0.002087825159475663
0.002087825159475663
0.002053746360205114
0.002053746360205114
0.002019593029993094
0.002019593029993094
0.00198536640827215
0.00198536640827215
0.001951067737134604
0.001951067737134604
0.001916698261287483
0.001916698261287483
0.001882259228007344
0.001882259228007344
0.001847751887095018
0.001847751887095018
0.001813177490830252
0.001813177490830252
0.001778537293926266
0.001778537293926266
0.001743832553484225
0.001743832553484225
0.001709064528947622
0.001709064528947622
0.001674234482056571
0.001674234482056571
0.00163934367680203
0.00163934367680203
0.001604393379379931
0.001604393379379931
0.001569384858145239
0.001569384858145239
0.001534319383565928
0.001534319383565928
0.001499198228176889
0.001499198228176889
0.001464022666533755
0.001464022666533755
0.001428793975166666
0.001428793975166666
0.001393513432533957
0.001393513432533957
0.001358182318975784
0.001358182318975784
0.001322801916667682
0.001322801916667682
0.00128737350957407
0.00128737350957407
0.001251898383401685
0.001251898383401685
0.001216377825552978
0.001216377825552978
0.001180813125079445
0.001180813125079445
0.001145205572634927
0.001145205572634927
0.001109556460428856
0.001109556460428856
0.001073867082179488
0.001073867082179488
0.001038138733067098
0.001038138733067098
0.001002372709687181
0.001002372709687181
0.0009665703100036537
0.0009665703100036537
0.000930732833302097
0.000930732833302097
0.0008948615801430586
0.0008948615801430586
0.0008589578523154749
0.0008589578523154749
0.0008230229527902718
0.0008230229527902718
0.0007870581856742469
0.0007870581856742469
0.0007510648561643808
0.0007510648561643808
0.0007150442705028033
0.0007150442705028033
0.0006789977359327655
0.0006789977359327655
0.0006429265606561773
0.0006429265606561773
0.0006068320537936169
0.0006068320537936169
0.0005707155253483303
0.0005707155253483303
0.0005345782861768258
0.0005345782861768258
0.0004984216479706838
0.0004984216479706838
0.0004622469232580716
0.0004622469232580716
0.0004260554254412102
0.0004260554254412102
0.0003898484689023466
0.0003898484689023466
0.0003536273692470594
0.0003536273692470594
0.0003173934438398195
0.0003173934438398195
0.0002811480130075485
0.0002811480130075485
0.0002448924029087923
0.0002448924029087923
0.0002086279530320376
0.0002086279530320376
0.0001723560384874891
0.0001723560384874891
0.0001360781493278531
0.0001360781493278531
0.00009979625740115746
0.00009979625740115746
0.00006351540359865638
0.00006351540359865638
0.00002728589279440542
0.00002728589279440542