-0.0012828058513907629789623835854
0.0012828058513907629789623835854
-0.00384840911027658343806846727851
0.00384840911027658343806846727851
-0.00641398703753086820011087014517
0.00641398703753086820011087014517
-0.00897952274558452909916862248548
0.00897952274558452909916862248548
-0.011544999347146380137019604956
0.011544999347146380137019604956
-0.014110399955314295789262006298
0.014110399955314295789262006298
-0.016675707683686366750497927255
0.016675707683686366750497927255
-0.0192409056464720523869114988729
0.0192409056464720523869114988729
-0.0218059769586033291645955565076
0.0218059769586033291645955565076
-0.0243709047358458343220073999535
0.0243709047358458343220073999535
-0.026935672094910004054965474983
0.026935672094910004054965474983
-0.0295002621535622054826349320421
0.0295002621535622054826349320421
-0.032064658030735861662990953647
0.032064658030735861662990953647
-0.0346288428466425689262944928955
0.0346288428466425689262944928955
-0.0371927997228832057951656311509
0.0371927997228832057951656311509
-0.0397565117825590327598951430378
0.0397565117825590327598951430378
-0.0423199621503827821776950510425
0.0423199621503827821776950510425
-0.0448831339527897375646539598474
0.0448831339527897375646539598474
-0.0474460103180488015492327816094
0.0474460103180488015492327816094
-0.050008574376373551756211097269
0.050008574376373551756211097269
-0.052570809260033283890073845149
0.052570809260033283890073845149
-0.055132698103464041286912286052
0.055132698103464041286912286052
-0.0576942240433796302040022632359
0.0576942240433796302040022632359
-0.060255370218882620116316655457
0.060255370218882620116316655457
-0.0628161197715753282893276110907
0.0628161197715753282893276110907
-0.0653764558456707878975576505346
0.0653764558456707878975576505346
-0.0679363615881036989584470319765
0.0679363615881036989584470319765
-0.0704958201486413613512178914632
0.0704958201486413613512178914632
-0.0730548146799945891905335912865
0.0730548146799945891905335912865
-0.075613328337928605824874440238
0.075613328337928605824874440238
-0.0781713442813739187296784844636
0.0781713442813739187296784844636
-0.0807288456725371735654284076335
0.0807288456725371735654284076335
-0.0832858156770119866710027230632
0.0832858156770119866710027230632
-0.0858422374638897552627513873722
0.0858422374638897552627513873722
-0.0883980942058704446099027143151
0.0883980942058704446099027143151
-0.0909533690793733514570600176004
0.0909533690793733514570600176004
-0.0935080452646478429647027618259
0.0935080452646478429647027618259
-0.0960621059458840704387681500783
0.0960621059458840704387681500783
-0.0986155343113236571205550242051
0.0986155343113236571205550242051
-0.101168313553370359308362698186
0.101168313553370359308362698186
-0.103720426868700700082452885263
0.103720426868700700082452885263
-0.10627185745837457490510321442
0.10627185745837457490510321442
-0.108822588527945828367705960175
0.108822588527945828367705960175
-0.111372603287572801357055530345
0.111372603287572801357055530345
-0.113921884952128847913162968098
0.113921884952128847913162968098
-0.116470416741312821051135226048
0.116470416741312821051135226048
-0.119018181879759526819861259963
0.119018181879759526819861259963
-0.121565163597150145870456066598
0.121565163597150145870456066598
-0.124111345128322621807627652759
0.124111345128322621807627652759
-0.126656709713382015597350569627
0.126656709713382015597350569627
-0.129201240597810825304453076127
0.129201240597810825304453076127
-0.131744921032579270433953206284
0.131744921032579270433953206284
-0.134287734274255540150212006519
0.134287734274255540150212006519
-0.13682966358511600464820997823
0.13682966358511600464820997823
-0.139370692233255388951495307141
0.139370692233255388951495307141
-0.141910803492696908411599782264
0.141910803492696908411599782264
-0.144449980643502365183970402215
0.144449980643502365183970402215
-0.1469882069718822049557215334
0.1469882069718822049557215334
-0.149525465770305533200774121629
0.149525465770305533200774121629
-0.152061740337610090238214864187
0.152061740337610090238214864187
-0.154597013979112184369979421611
0.154597013979112184369979421611
-0.15713127000671658237423968561
0.15713127000671658237423968561
-0.15966449173902635663115581984
0.15966449173902635663115581984
-0.162196662501452688157939251861
0.162196662501452688157939251861
-0.164727765626324624830463015558
0.164727765626324624830463015558
-0.167257784452998794068950821816
0.167257784452998794068950821816
-0.169786702327969069265575969246
0.169786702327969069265575969246
-0.172314502604976189232105694403
0.172314502604976189232105694403
-0.174841168645117329946035800087
0.174841168645117329946035800087
-0.177366683816955627873974389068
0.177366683816955627873974389068
-0.179891031496629654151352266761
0.179891031496629654151352266761
-0.182414195067962838897861057973
0.182414195067962838897861057973
-0.184936157922572844948348307602
0.184936157922572844948348307602
-0.187456903459980890279231801157
0.187456903459980890279231801157
-0.189976415087721018410833045673
0.189976415087721018410833045673
-0.192494676221449316066372293126
0.192494676221449316066372293126
-0.195011670285053077368714664293
0.195011670285053077368714664293
-0.197527380710759913856308839035
0.197527380710759913856308839035
-0.200041790939246809600116416784
0.200041790939246809600116416784
-0.202554884419749120703691416339
0.202554884419749120703691416339
-0.205066644610169518468935474419
0.205066644610169518468935474419
-0.207577054977186875510425115493
0.207577054977186875510425115493
-0.210086098996365094101582998725
0.210086098996365094101582998725
-0.212593760152261876036345298891
0.212593760152261876036345298891
-0.215100021938537433290362344475
0.215100021938537433290362344475
-0.217604867858063138766159315208
0.217604867858063138766159315208
-0.220108281423030116407078190502
0.220108281423030116407078190502
-0.222610246155057769965221237048
0.222610246155057769965221237048
-0.225110745585302249709020125541
0.225110745585302249709020125541
-0.227609763254564856356463270529
0.227609763254564856356463270529
-0.23010728271340038152042719095
0.23010728271340038152042719095
-0.232603287522225383952975589437
0.232603287522225383952975589437
-0.235097761251426400875912443032
0.235097761251426400875912443032
-0.237590687481468093685302683901
0.237590687481468093685302683901
-0.240082049803001327318106023121
0.240082049803001327318106023121
-0.242571831816971182569506130747
0.242571831816971182569506130747
-0.245060017134724900649958728342
0.245060017134724900649958728342
-0.247546589378119759271428173009
0.247546589378119759271428173009
-0.250031532179630879552732811831
0.250031532179630879552732811831
-0.252514829182458963034374759435
0.252514829182458963034374759435
-0.254996464040637958093689796286
0.254996464040637958093689796286
-0.257476420419142655051617798097
0.257476420419142655051617798097
-0.259954681993996209262863484546
0.259954681993996209262863484546
-0.262431232452377591481691315005
0.262431232452377591481691315005
-0.264906055492728964796077057337
0.264906055492728964796077057337
-0.267379134824862987423421909601
0.267379134824862987423421909601
-0.269850454170070040661523060765
0.269850454170070040661523060765
-0.272319997261225381288987231908
0.272319997261225381288987231908
-0.274787747842896217709771040673
0.274787747842896217709771040673
-0.277253689671448709137033975721
0.277253689671448709137033975721
-0.27971780651515488711199635121
0.27971780651515488711199635121
-0.282180082154299498654005830645
0.282180082154299498654005830645
-0.28464050038128677033853196139
0.28464050038128677033853196139
-0.287099045000747092600328642345
0.287099045000747092600328642345
-0.289555699829643623559529554299
0.289555699829643623559529554299
-0.292010448697378811668971311879
0.292010448697378811668971311879
-0.294463275445900836481573444276
0.294463275445900836481573444276
-0.296914163929809966837143275572
0.296914163929809966837143275572
-0.299363098016464835768517350916
0.299363098016464835768517350916
-0.301810061586088631427499238525
0.301810061586088631427499238525
-0.304255038531875203331606325751
0.304255038531875203331606325751
-0.306698012760095083233195616805
0.306698012760095083233195616805
-0.309138968190201419913100526302
0.309138968190201419913100526302
-0.311577888754935827201477243101
0.311577888754935827201477243101
-0.314014758400434144529130408974
0.314014758400434144529130408974
-0.316449561086332109313163612999
0.316449561086332109313163612999
-0.318882280785870940481380541084
0.318882280785870940481380541084
-0.321312901486002832440447537273
0.321312901486002832440447537273
-0.323741407187496358793417825186
0.323741407187496358793417825186
-0.326167781905041785112811700648
0.326167781905041785112811700648
-0.32859200966735629007604563595
0.32859200966735629007604563595
-0.331014074517289094270606428697
0.331014074517289094270606428697
-0.333433960511926495976974279515
0.333433960511926495976974279515
-0.335851651722696813237910989326
0.335851651722696813237910989326
-0.338267132235475231523346324139
0.338267132235475231523346324139
-0.34068038615068855630071699956
0.34068038615068855630071699956
-0.343091397583419869821238684138
0.343091397583419869821238684138
-0.345500150663513091433221906354
0.345500150663513091433221906354
-0.347906629535677440734177770203
0.347906629535677440734177770203
-0.350310818359591802874098934828
0.350310818359591802874098934828
-0.352712701310008995322945390308
0.352712701310008995322945390308
-0.355112262576859935416013160201
0.355112262576859935416013160201
-0.357509486365357707991517177629
0.357509486365357707991517177629
-0.359904356896101532435377211114
0.359904356896101532435377211114
-0.362296858405180628448857854866
0.362296858405180628448857854866
-0.364686975144277979855380241297
0.364686975144277979855380241297
-0.367074691380773995763494276902
0.367074691380773995763494276902
-0.369459991397850068403675841782
0.369459991397850068403675841782
-0.371842859494592026957293523659
0.371842859494592026957293523659
-0.37422327998609348669677407469
0.37422327998609348669677407469
-0.37660123720355909275668487923
0.37660123720355909275668487923
-0.378976715494407657856145298398
0.378976715494407657856145298398
-0.38134969922237519329367680836
0.38134969922237519329367680836
-0.383720172767617832536304368888
0.383720172767617832536304368888
-0.386088120526814646725428442616
0.386088120526814646725428442616
-0.388453526913270351422698528579
0.388453526913270351422698528579
-0.390816376357017903919834971607
0.390816376357017903919834971607
-0.393176653304920990437066157131
0.393176653304920990437066157131
-0.395534342220776402535572994209
0.395534342220776402535572994209
-0.397889427585416302070061823413
0.397889427585416302070061823413
-0.400241893896810374008320555674
0.400241893896810374008320555674
-0.402591725670167866445350948628
0.402591725670167866445350948628
-0.404938907438039517140412453392
0.404938907438039517140412453392
-0.407283423750419365906060012268
0.407283423750419365906060012268
-0.409625259174846452179009551693
0.409625259174846452179009551693
-0.41196439829650639710342068977
0.41196439829650639710342068977
-0.41430082571833286945794635913
0.41430082571833286945794635913
-0.416634526061108934758663628527
0.416634526061108934758663628527
-0.418965483963568286870768985502
0.418965483963568286870768985502
-0.421293684082496361462694712614
0.421293684082496361462694712614
-0.423619111092831330637080745971
0.423619111092831330637080745971
-0.425941749687764978073818542082
0.425941749687764978073818542082
-0.428261584578843454021169992113
0.428261584578843454021169992113
-0.430578600496067909471755306445
0.430578600496067909471755306445
-0.432892782187995008860999041629
0.432892782187995008860999041629
-0.435204114421837320626423051336
0.435204114421837320626423051336
-0.437512581983563584966979107295
0.437512581983563584966979107295
-0.439818169677998858142422250356
0.439818169677998858142422250356
-0.44212086232892453265353859026
0.44212086232892453265353859026
-0.444420644779178232644858270141
0.444420644779178232644858270141
-0.446717501890753583872305642926
0.446717501890753583872305642926
-0.449011418544899857579064366072
0.449011418544899857579064366072
-0.451302379642221487623765103181
0.451302379642221487623765103181
-0.453590370102777460205937820487
0.453590370102777460205937820487
-0.455875374866180575534509277415
0.455875374866180575534509277415
-0.458157378891696580785969228011
0.458157378891696580785969228011
-0.460436367158343173699676068349
0.460436367158343173699676068349
-0.462712324664988876158624178534
0.462712324664988876158624178534
-0.464985236430451777104851011012
0.464985236430451777104851011012
-0.467255087493598144139522063942
0.467255087493598144139522063942
-0.469521862913440903158596243703
0.469521862913440903158596243703
-0.471785547769237985375842758526
0.471785547769237985375842758526
-0.474046127160590541085853590058
0.474046127160590541085853590058
-0.476303586207541019520572755581
0.476303586207541019520572755581
-0.478557910050671114153744994911
0.478557910050671114153744994911
-0.480809083851199572808572186847
0.480809083851199572808572186847
-0.483057092791079871924755714622
0.483057092791079871924755714622
-0.485301922073097754341997152252
0.485301922073097754341997152252
-0.487543556920968629957928028115
0.487543556920968629957928028115
-0.489781982579434838619342032586
0.489781982579434838619342032586
-0.492017184314362774606509867195
0.492017184314362774606509867195
-0.49424914741283987207126797757
0.49424914741283987207126797757
-0.496477857183271450790487665357
0.496477857183271450790487665357
-0.498703298955477421597450529454
0.498703298955477421597450529454
-0.500925458080788850854579838022
0.500925458080788850854579838022
-0.503144319932144383331905273956
0.503144319932144383331905273956
-0.505359869904186522856570521599
0.505359869904186522856570521599
-0.507572093413357770099629365296
0.507572093413357770099629365296
-0.509780975897996616867316344875
0.509780975897996616867316344875
-0.511986502818433396264922553001
0.511986502818433396264922553001
-0.514188659657085988102355858406
0.514188659657085988102355858406
-0.516387431918555378911417691008
0.516387431918555378911417691008
-0.518582805129721075945785523656
0.518582805129721075945785523656
-0.520774764839836374535651324253
0.520774764839836374535651324253
-0.522963296620623478169931525201
0.522963296620623478169931525201
-0.525148386066368470679933457867
0.525148386066368470679933457867
-0.527330018794016139899336721972
0.527330018794016139899336721972
-0.529508180443264652176325596805
0.529508180443264652176325596805
-0.531682856676660077114690346726
0.531682856676660077114690346726
-0.53385403317969076192170112094
0.53385403317969076192170112094
-0.536021695660881554741548090588
0.536021695660881554741548090588
-0.53818582985188787635413549828
0.53818582985188787635413549828
-0.540346421507589639620015409712
0.540346421507589639620015409712
-0.542503456406185016053249147457
0.542503456406185016053249147457
-0.544656920349284048904990646713
0.544656920349284048904990646713
-0.546806799162002112141596295221
0.546806799162002112141596295221
-0.548953078693053214702080197977
0.548953078693053214702080197977
-0.551095744814843149420752235108
0.551095744814843149420752235108
-0.553234783423562486001898751734
0.553234783423562486001898751734
-0.555370180439279407434392224931
0.555370180439279407434392224931
-0.55750192180603238923514678839
0.55750192180603238923514678839
-0.559629993491922720911371053246
0.559629993491922720911371053246
-0.561754381489206869032608236929
0.561754381489206869032608236929
-0.56387507181438868130459619406
0.56387507181438868130459619406
-0.565992050508311431038026527406
0.565992050508311431038026527406
-0.568105303636249701406332535882
0.568105303636249701406332535882
-0.570214817288001108887690323652
0.570214817288001108887690323652
-0.572320577577977865287475942498
0.572320577577977865287475942498
-0.574422570645298177738483961985
0.574422570645298177738483961985
-0.576520782653877486077279351356
0.576520782653877486077279351356
-0.578615199792519536996125006751
0.578615199792519536996125006751
-0.580705808275007294371001659978
0.580705808275007294371001659978
-0.582792594340193685167315253819
0.582792594340193685167315253819
-0.584875544252092180325969156459
0.584875544252092180325969156459
-0.586954644299967210033564807047
0.586954644299967210033564807047
-0.589029880798424412781584528499
0.589029880798424412781584528499
-0.591101240087500717620504305148
0.591101240087500717620504305148
-0.593168708532754259015882294716
0.593168708532754259015882294716
-0.595232272525354123714570718879
0.595232272525354123714570718879
-0.597291918482169929030304547382
0.597291918482169929030304547382
-0.599347632845861231959030049788
0.599347632845861231959030049788
-0.601399402084966768535449829315
0.601399402084966768535449829315
-0.603447212693993522843378367455
0.603447212693993522843378367455
-0.605491051193505625093623388813
0.605491051193505625093623388813
-0.607530904130213078184233495515
0.607530904130213078184233495515
-0.609566758077060312159081512156
0.609566758077060312159081512156
-0.611598599633314565981885818214
0.611598599633314565981885818214
-0.613626415424654096043908617612
0.613626415424654096043908617612
-0.615650192103256210824710597282
0.615650192103256210824710597282
-0.617669916347885131126485750577
0.617669916347885131126485750577
-0.619685574863979675303648279716
0.619685574863979675303648279716
-0.621697154383740768910495436531
0.621697154383740768910495436531
-0.623704641666218778190925905095
0.623704641666218778190925905095
-0.625708023497400666835352865643
0.625708023497400666835352865643
-0.62770728669029697543111419902
0.62770728669029697543111419902
-0.629702418085028623033849386993
0.629702418085028623033849386993
-0.631693404548913530288483528444
0.631693404548913530288483528444
-0.63368023297655306352963351708
0.63368023297655306352963351708
-0.63566289028991829929242980506
0.63566289028991829929242980506
-0.637641363438436108665929301106
0.637641363438436108665929301106
-0.639615639399075060922480813486
0.639615639399075060922480813486
-0.641585705176431145857594039883
0.641585705176431145857594039883
-0.643551547802813314276056419794
0.643551547802813314276056419794
-0.645513154338328836061239192852
0.645513154338328836061239192852
-0.647470511870968475265734740513
0.647470511870968475265734740513
-0.64942360751669148166267172091
0.64942360751669148166267172091
-0.651372428419510398198262629487
0.651372428419510398198262629487
-0.653316961751575683787350223328
0.653316961751575683787350223328
-0.655257194713260150894934726842
0.655257194713260150894934726842
-0.657193114533243217347882882805
0.657193114533243217347882882805
-0.659124708468594971822242717446
0.659124708468594971822242717446
-0.661051963804860052452814343516
0.661051963804860052452814343516
-0.662974867856141338012857222762
0.662974867856141338012857222762
-0.664893407965183451113048041035
0.664893407965183451113048041035
-0.666807571503456072870040707206
0.666807571503456072870040707206
-0.668717345871237068496220962936
0.668717345871237068496220962936
-0.670622718497695423263492676125
0.670622718497695423263492676125
-0.672523676840973988295181078201
0.672523676840973988295181078201
-0.674420208388272035641389986203
0.674420208388272035641389986203
-0.676312300655927622094405416578
0.676312300655927622094405416578
-0.678199941189499761201996940427
0.678199941189499761201996940427
-0.680083117563850402937730641502
0.680083117563850402937730641502
-0.681961817383226220488673609984
0.681961817383226220488673609984
-0.683836028281340203622139528891
0.683836028281340203622139528891
-0.685705737921453058094398077386
0.685705737921453058094398077386
-0.687570933996454410565547577859
0.687570933996454410565547577859
-0.689431604228943818486030543194
0.689431604228943818486030543194
-0.691287736371311584421555528503
0.691287736371311584421555528503
-0.693139318205819374284475949492
0.693139318205819374284475949492
-0.694986337544680638940967288962
0.694986337544680638940967288962
-0.69682878223014083866463836532
0.69682878223014083866463836532
-0.698666640134557469908510073775
0.698666640134557469908510073775
-0.700499899160479893868596223677
0.700499899160479893868596223677
-0.702328547240728966313625775543
0.702328547240728966313625775543
-0.704152572338476468156753920269
0.704152572338476468156753920269
-0.705971962447324336246421032064
0.705971962447324336246421032064
-0.707786705591383693854833557264
0.707786705591383693854833557264
-0.709596789825353680343859364691
0.709596789825353680343859364691
-0.711402203234600079489451970891
0.711402203234600079489451970891
-0.713202933935233745947043356819
0.713202933935233745947043356819
-0.714998970074188829341673802475
0.714998970074188829341673802475
-0.716790299829300795467959274041
0.716790299829300795467959274041
-0.718576911409384244086332395314
0.718576911409384244086332395314
-0.720358793054310522803331912999
0.720358793054310522803331912999
-0.722135933035085136525057814821
0.722135933035085136525057814821
-0.723908319653924951974254871666
0.723908319653924951974254871666
-0.725675941244335196762836341145
0.725675941244335196762836341145
-0.727438786171186252513011881302
0.727438786171186252513011881302
-0.729196842830790241521539370652
0.729196842830790241521539370652
-0.730950099650977406462979305489
0.730950099650977406462979305489
-0.732698545091172282629192738498
0.732698545091172282629192738498
-0.734442167642469662203689325117
0.734442167642469662203689325117
-0.736180955827710350070800946897
0.736180955827710350070800946897
-0.737914898201556710661028575281
0.737914898201556710661028575281
-0.739643983350568005335285515673
0.739643983350568005335285515673
-0.741368199893275519812138921444
0.741368199893275519812138921444
-0.743087536480257481143533481453
0.743087536480257481143533481453
-0.744801981794213763745866453739
0.744801981794213763745866453739
-0.746511524550040383994671733015
0.746511524550040383994671733015
-0.748216153494903782892562391542
0.748216153494903782892562391542
-0.749915857408314896321476112458
0.749915857408314896321476112458
-0.75161062510220301239166613273
0.75161062510220301239166613273
-0.753300445420989415401281720246
0.753300445420989415401281720246
-0.754985307241660815921786816993
0.754985307241660815921786816993
-0.756665199473842566525873278541
0.756665199473842566525873278541
-0.758340111059871662675936119868
0.758340111059871662675936119868
-0.760010030974869528292592329675
0.760010030974869528292592329675
-0.761674948226814585524142130415
0.761674948226814585524142130415
-0.763334851856614608239292029968
0.763334851856614608239292029968
-0.764989730938178858766882623911
0.764989730938178858766882623911
-0.766639574578490007407790855258
0.766639574578490007407790855258
-0.768284371917675834245606312018
0.768284371917675834245606312018
-0.769924112129080712784114132489
0.769924112129080712784114132489
-0.771558784419336874941053184489
0.771558784419336874941053184489
-0.773188378028435456929057378245
0.773188378028435456929057378245
-0.774812882229797325556130253928
0.774812882229797325556130253928
-0.776432286330343684479448344383
0.776432286330343684479448344383
-0.778046579670566459947737241911
0.778046579670566459947737241911
-0.779655751624598465568915785514
0.779655751624598465568915785514
-0.781259791600283345641158322227
0.781259791600283345641158322227
-0.782858689039245296586982573472
0.782858689039245296586982573472
-0.784452433416958566031431245229
0.784452433416958566031431245229
-0.786041014242816729066879149516
0.786041014242816729066879149516
-0.787624421060201741248464244699
0.787624421060201741248464244699
-0.78920264344655276786561064373
0.78920264344655276786561064373
-0.790775671013434789036584272986
0.790775671013434789036584272986
-0.792343493406606980174497480176
0.792343493406606980174497480176
-0.793906100306090867374657478107
0.793906100306090867374657478107
-0.795463481426238257274635062275
0.795463481426238257274635062275
-0.797015626515798940939914544436
0.797015626515798940939914544436
-0.798562525357988171329473291806
0.798562525357988171329473291806
-0.800104167770553913897129642555
0.800104167770553913897129642555
-0.801640543605843869885991272934
0.801640543605843869885991272934
-0.803171642750872271874832309945
0.803171642750872271874832309945
-0.804697455127386451136726606033
0.804697455127386451136726606033
-0.806217970691933176371766609032
0.806217970691933176371766609032
-0.807733179435924763377202161589
0.807733179435924763377202161589
-0.809243071385704955219841339678
0.809243071385704955219841339678
-0.810747636602614572477066079654
0.810747636602614572477066079654
-0.812246865183056933114328837621
0.812246865183056933114328837621
-0.81374074725856304156851286379
0.81374074725856304156851286379
-0.815229272995856546608057847953
0.815229272995856546608057847953
-0.816712432596918467542274690266
0.816712432596918467542274690266
-0.818190216299051688353797964101
0.818190216299051688353797964101
-0.819662614374945219329652254918
0.819662614374945219329652254918
-0.82112961713273822576793897068
0.82112961713273822576793897068
-0.822591214916083823338683415395
0.822591214916083823338683415395
-0.824047398104212639678917887734
0.824047398104212639678917887734
-0.825498157111996141803615301236
0.825498157111996141803615301236
-0.826943482390009728915629311324
0.826943482390009728915629311324
-0.828383364424595590199341166966
0.828383364424595590199341166966
-0.829817793737925327184260471298
0.829817793737925327184260471298
-0.831246760888062340266376725562
0.831246760888062340266376725562
-0.832670256469023978976610934239
0.832670256469023978976610934239
-0.834088271110843455587271655975
0.834088271110843455587271655975
-0.835500795479631521648977684624
0.835500795479631521648977684624
-0.83690782027763790705207002718
0.83690782027763790705207002718
-0.838309336243312521208099000368
0.838309336243312521208099000368
-0.839705334151366415948538084771
0.839705334151366415948538084771
-0.841095804812832509739444644493
0.841095804812832509739444644493
-0.842480739075126072812358730992
0.842480739075126072812358730992
-0.84386012782210497281330493166
0.84386012782210497281330493166
-0.845233961974129680573338586599
0.845233961974129680573338586599
-0.846602232488123035605656670413
0.846602232488123035605656670413
-0.847964930357629770935875209457
0.847964930357629770935875209457
-0.849322046612875796873659268322
0.849322046612875796873659268322
-0.850673572320827243335478282085
0.850673572320827243335478282085
-0.852019498585249260329848822483
0.852019498585249260329848822483
-0.853359816546764576218018756369
0.853359816546764576218018756369
-0.854694517382911813364641172977
0.854694517382911813364641172977
-0.856023592308203560794583412247
0.856023592308203560794583412247
-0.857347032574184203473616009305
0.857347032574184203473616009305
-0.858664829469487507832328369522
0.858664829469487507832328369522
-0.859976974319893963154222493969
0.859976974319893963154222493969
-0.861283458488387878450543075995
0.861283458488387878450543075995
-0.862584273375214234446011775425
0.862584273375214234446011775425
-0.863879410417935290301245437123
0.863879410417935290301245437123
-0.865168861091486944699252444604
0.865168861091486944699252444604
-0.866452616908234850925018276561
0.866452616908234850925018276561
-0.867730669418030285568810653931
0.867730669418030285568810653931
-0.869003010208265770485456416782
0.869003010208265770485456416782
-0.870269630903930447643466443356
0.870269630903930447643466443356
-0.871530523167665206499511507233
0.871530523167665206499511507233
-0.872785678699817563535380952223
0.872785678699817563535380952223
-0.874035089238496293596187437575
0.874035089238496293596187437575
-0.875278746559625812670214757628
0.875278746559625812670214757628
-0.876516642477000311752441859502
0.876516642477000311752441859502
-0.877748768842337641435414659083
0.877748768842337641435414659083
-0.878975117545332946872778078646
0.878975117545332946872778078646
-0.88019568051371205276242388825
0.88019568051371205276242388825
-0.88141044971328459799785541681
0.88141044971328459799785541681
-0.882619417147996919638017996649
0.882619417147996919638017996649
-0.88382257485998468584749410667
0.88382257485998468584749410667
-0.885019914929625277460614573213
0.885019914929625277460614573213
-0.886211429475589917824691863394
0.886211429475589917824691863394
-0.887397110654895550579238452444
0.887397110654895550579238452444
-0.888576950662956465029692453476
0.888576950662956465029692453476
-0.889750941733635668775834154334
0.889750941733635668775834154334
-0.890919076139296007256740800922
0.890919076139296007256740800922
-0.892081346190851029875792888806
0.892081346190851029875792888806
-0.893237744237815602370913364064
0.893237744237815602370913364064
-0.894388262668356265096891479493
0.894388262668356265096891479493
-0.895532893909341336888315592444
0.895532893909341336888315592444
-0.896671630426390764173313914968
0.896671630426390764173313914968
-0.897804464723925715009979124588
0.897804464723925715009979124588
-0.898931389345217917719031804158
0.898931389345217917719031804158
-0.900052396872438743787958890864
0.900052396872438743787958890864
-0.901167479926708034723546666702
0.901167479926708034723546666702
-0.902276631168142672531413304794
0.902276631168142672531413304794
-0.903379843295904893502833586719
0.903379843295904893502833586719
-0.904477109048250344990838114893
0.904477109048250344990838114893
-0.905568421202575884859261149847
0.905568421202575884859261149847
-0.906653772575467123290105094308
0.906653772575467123290105094308
-0.907733156022745706636285613274
0.907733156022745706636285613274
-0.908806564439516343008519410965
0.908806564439516343008519410965
-0.909873990760213569286816770734
0.909873990760213569286816770734
-0.910935427958648259248743091849
0.910935427958648259248743091849
-0.91199086904805387250831781673
0.91199086904805387250831781673
-0.913040307081132443961125322721
0.913040307081132443961125322721
-0.914083735150100313432920543214
0.914083735150100313432920543214
-0.915121146386733595230722272853
0.915121146386733595230722272853
-0.916152533962413387297099289994
0.916152533962413387297099289994
-0.917177891088170719670068585786
0.917177891088170719670068585786
-0.918197211014731241952741112305
0.918197211014731241952741112305
-0.91921048703255964949856854157
0.91921048703255964949856854157
-0.920217712471903848019764552136
0.920217712471903848019764552136
-0.921218880702838856328196119752
0.921218880702838856328196119752
-0.922213985135310446919764172609
0.922213985135310446919764172609
-0.923203019219178524115018769435
0.923203019219178524115018769435
-0.924185976444260239470481659575
0.924185976444260239470481659575
-0.925162850340372844176878677773
0.925162850340372844176878677773
-0.926133634477376278162215902215
0.926133634477376278162215902215
-0.92709832246521549561936685213
0.92709832246521549561936685213
-0.92805690795396252667957321066
0.92805690795396252667957321066
-0.929009384633858274954998619545
0.929009384633858274954998619545
-0.929955746235354050675213994305
0.929955746235354050675213994305
-0.930895986529152839144233542143
0.930895986529152839144233542143
-0.93183009932625030424646321962
0.93183009932625030424646321962
-0.932758078477975526731667733749
0.932758078477975526731667733749
-0.933679917876031477010808358565
0.933679917876031477010808358565
-0.934595611452535222196351800248
0.934595611452535222196351800248
-0.935505153180057867122400087851
0.935505153180057867122400087851
-0.936408537071664229081742984673
0.936408537071664229081742984673
-0.937305757180952246018687698165
0.937305757180952246018687698165
-0.938196807602092117918275705272
0.938196807602092117918275705272
-0.939081682469865181134253296696
0.939081682469865181134253296696
-0.939960375959702515399920969455
0.939960375959702515399920969455
-0.940832882287723283267747054242
0.940832882287723283267747054242
-0.941699195710772801725392944817
0.941699195710772801725392944817
-0.942559310526460345737560993568
0.942559310526460345737560993568
-0.943413221073196683464841543494
0.943413221073196683464841543494
-0.944260921730231342912502675605
0.944260921730231342912502675605
-0.945102406917689609763935055979
0.945102406917689609763935055979
-0.945937671096609256155234762873
0.945937671096609256155234762873
-0.946766708768977000149179156244
0.946766708768977000149179156244
-0.947589514477764695668624715397
0.947589514477764695668624715397
-0.948406082806965252651131311487
0.948406082806965252651131311487
-0.949216408381628287188394597169
0.949216408381628287188394597169
-0.95002048586789550141584708375
0.95002048586789550141584708375
-0.950818309973035792919569035437
0.950818309973035792919569035437
-0.951609875445480093429432540407
0.951609875445480093429432540407
-0.952395177074855936569186020514
0.952395177074855936569186020514
-0.953174209692021754435972017492
0.953174209692021754435972017492
-0.953946968169100902783558347153
0.953946968169100902783558347153
-0.954713447419515414585351649476
0.954713447419515414585351649476
-0.955473642398019481755052988411
0.955473642398019481755052988411
-0.956227548100732664804607479474
0.956227548100732664804607479474
-0.956975159565172830220893956817
0.956975159565172830220893956817
-0.957716471870288815344396447564
0.957716471870288815344396447564
-0.958451480136492820534896715998
0.958451480136492820534896715998
-0.959180179525692528411026392519
0.959180179525692528411026392519
-0.959902565241322949952318234569
0.959902565241322949952318234569
-0.960618632528377997254198904974
0.960618632528377997254198904974
-0.961328376673441782728170327675
0.961328376673441782728170327675
-0.96203179300471964454123322654
0.96203179300471964454123322654
-0.962728876892068898090414910154
0.962728876892068898090414910154
-0.963419623747029313310073780262
0.963419623747029313310073780262
-0.964104029022853317611465466814
0.964104029022853317611465466814
-0.964782088214535924255869988634
0.964782088214535924255869988634
-0.965453796858844385964395974404
0.965453796858844385964395974404
-0.966119150534347573569396832311
0.966119150534347573569396832311
-0.966778144861445079514254917532
0.966778144861445079514254917532
-0.967430775502396046010113315993
0.967430775502396046010113315993
-0.968077038161347717659960955912
0.968077038161347717659960955912
-0.968716928584363718362305506116
0.968716928584363718362305506116
-0.969350442559452052308500070995
0.969350442559452052308500070995
-0.969977575916592828889624214742
0.969977575916592828889624214742
-0.970598324527765711330657534421
0.970598324527765711330657534421
-0.971212684306977088871525070265
0.971212684306977088871525070265
-0.971820651210286972316438540597
0.971820651210286972316438540597
-0.972422221235835612774805999943
0.972422221235835612774805999943
-0.973017390423869843418835363667
0.973017390423869843418835363667
-0.973606154856769144084814686729
0.973606154856769144084814686729
-0.974188510659071428546914545467
0.974188510659071428546914545467
-0.974764453997498554294225826111
0.974764453997498554294225826111
-0.975333981080981554643620216429
0.975333981080981554643620216429
-0.975897088160685593022901350179
0.975897088160685593022901350179
-0.976453771530034639260602581037
0.976453771530034639260602581037
-0.977004027524735867720683580839
0.977004027524735867720683580839
-0.977547852522803777122283304961
0.977547852522803777122283304961
-0.978085242944584031886602424208
0.978085242944584031886602424208
-0.978616195252777024854915329759
0.978616195252777024854915329759
-0.979140705952461161223651707158
0.979140705952461161223651707158
-0.979658771591115863544442100136
0.979658771591115863544442100136
-0.980170388758644297638992756844
0.980170388758644297638992756844
-0.980675554087395819280644584045
0.980675554087395819280644584045
-0.981174264252188141496481798098
0.981174264252188141496481798098
-0.981666515970329222345890841232
0.981666515970329222345890841232
-0.982152306001638873033532804728
0.982152306001638873033532804728
-0.98263163114847008621678702341
0.98263163114847008621678702341
-0.983104488255730084369854419571
0.983104488255730084369854419571
-0.98357087421090108806888213176
0.98357087421090108806888213176
-0.98403078594406080406469248137
0.98403078594406080406469248137
-0.98448422042790263301197707158
0.98448422042790263301197707158
-0.984931174677755596726159811806
0.984931174677755596726159811806
-0.985371645751603984841551586802
0.985371645751603984841551586802
-0.985805630750106720746926776877
0.985805630750106720746926776877
-0.986233126816616446677262878827
0.986233126816616446677262878827
-0.98665413113719832784311691616
0.98665413113719832784311691616
-0.987068640940648575481987441405
0.987068640940648575481987441405
-0.987476653498512688719054170841
0.987476653498512688719054170841
-0.987878166125103415127929168997
0.987878166125103415127929168997
-0.988273176177518429885530711447
0.988273176177518429885530711447
-0.988661681055657733418947751661
0.988661681055657733418947751661
-0.989043678202240767446252824294
0.989043678202240767446252824294
-0.98941916510282324931770916943
0.98941916510282324931770916943
-0.989788139285813724568782892001
0.989788139285813724568782892001
-0.990150598322489837601909581081
0.990150598322489837601909581081
-0.990506539827014320420195240669
0.990506539827014320420195240669
-0.990855961456450699343298997815
0.990855961456450699343298997815
-0.99119886091077871964382923819
0.99119886091077871964382923819
-0.99153523593290948805190775848
0.99153523593290948805190775848
-0.991865084308700333086394494315
0.991865084308700333086394494315
-0.992188403866969383183963304384
0.992188403866969383183963304384
-0.992505192479509862612209604171
0.992505192479509862612209604171
-0.992815448061104105170797871131
0.992815448061104105170797871131
-0.99311916856953728570600996356
0.99311916856953728570600996356
-0.993416352005610869489809163632
0.993416352005610869489809163632
-0.993706996413155779545807817501
0.993706996413155779545807817501
-0.993991099879045282042753484427
0.993991099879045282042753484427
-0.994268660533207589923181649686
0.994268660533207589923181649686
-0.994539676548638184993125746251
0.994539676548638184993125746251
-0.994804146141411858771364688017
0.994804146141411858771364688017
-0.995062067570694472487744333306
0.995062067570694472487744333306
-0.995313439138754436735077443805
0.995313439138754436735077443805
-0.995558259190973911425251543
0.995558259190973911425251543
-0.995796526115859726887162420094
0.995796526115859726887162420094
-0.996028238345054027185044417785
0.996028238345054027185044417785
-0.99625339435334463704850791796
0.99625339435334463704850791796
-0.996471992658675154214557944339
0.996471992658675154214557944339
-0.996684031822154769520857963147
0.996684031822154769520857963147
-0.996889510448067817805700724794
0.996889510448067817805700724794
-0.99708842718388306363004341735
0.99708842718388306363004341735
-0.997280780720262727135217783504
0.997280780720262727135217783504
-0.997466569791071257122767109867
0.997466569791071257122767109867
-0.997645793173383860888612661206
0.997645793173383860888612661206
-0.997818449687494803754685199412
0.997818449687494803754685199412
-0.997984538196925496053679741424
0.997984538196925496053679741424
-0.998144057608432392197519781044
0.998144057608432392197519781044
-0.998297006872014736413235188777
0.998297006872014736413235188777
-0.998443384980922204348175809904
0.998443384980922204348175809904
-0.998583190971662511552645885493
0.998583190971662511552645885493
-0.998716423924009092929529110843
0.998716423924009092929529110843
-0.998843082961009008356938944681
0.998843082961009008356938944681
-0.998963167248991310273833650988
0.998963167248991310273833650988
-0.999076675997576238885850980686
0.999076675997576238885850980686
-0.999183608459685825086712534075
0.999183608459685825086712534075
-0.999283963931556844942264896727
0.999283963931556844942264896727
-0.999377741752757705446098569344
0.999377741752757705446098569344
-0.999464941306211990952879428466
0.999464941306211990952879428466
-0.999545562018233559427223641261
0.999545562018233559427223641261
-0.999619603358582315681755713425
0.999619603358582315681755713425
-0.999687064840558534304004594494
0.999687064840558534304004594494
-0.99974794602117274412391605159
0.99974794602117274412391605159
-0.999802246501473089402834343884
0.999802246501473089402834343884
-0.999849965927226650368636644961
0.999849965927226650368636644961
-0.999891103990475350723786868795
0.999891103990475350723786868795
-0.999925660433532701780434928553
0.999925660433532701780434928553
-0.999953635060998036748464192486
0.999953635060998036748464192486
-0.999975027784960866416965390272
0.999975027784960866416965390272
-0.99998983886755843543299375116
0.99998983886755843543299375116
-0.999998071500994241372704015889
0.999998071500994241372704015889