0.01574728214040652
0.01574532968742721
0.01574532968742721
0.01573947281264557
0.01573947281264557
0.01572971296841032
0.01572971296841032
0.01571605257490253
0.01571605257490253
0.01569849501953545
0.01569849501953545
0.01567704465611453
0.01567704465611453
0.01565170680375779
0.01565170680375779
0.01562248774557682
0.01562248774557682
0.01558939472711875
0.01558939472711875
0.01555243595456952
0.01555243595456952
0.015511620592719
0.015511620592719
0.01546695876268833
0.01546695876268833
0.01541846153942017
0.01541846153942017
0.01536614094893242
0.01536614094893242
0.01531000996533609
0.01531000996533609
0.01525008250761802
0.01525008250761802
0.0151863734361894
0.0151863734361894
0.01511889854920076
0.01511889854920076
0.01504767457862446
0.01504767457862446
0.01497271918610559
0.01497271918610559
0.01489405095858237
0.01489405095858237
0.01481168940367706
0.01481168940367706
0.01472565494485865
0.01472565494485865
0.01463596891637831
0.01463596891637831
0.01454265355797911
0.01454265355797911
0.01444573200938116
0.01444573200938116
0.01434522830454356
0.01434522830454356
0.01424116736570462
0.01424116736570462
0.01413357499720182
0.01413357499720182
0.01402247787907302
0.01402247787907302
0.01390790356044053
0.01390790356044053
0.01378988045267967
0.01378988045267967
0.01366843782237346
0.01366843782237346
0.01354360578405537
0.01354360578405537
0.01341541529274164
0.01341541529274164
0.01328389813625534
0.01328389813625534
0.01314908692734377
0.01314908692734377
0.01301101509559143
0.01301101509559143
0.01286971687913033
0.01286971687913033
0.0127252273161499
0.0127252273161499
0.01257758223620842
0.01257758223620842
0.01242681825134826
0.01242681825134826
0.01227297274701708
0.01227297274701708
0.01211608387279725
0.01211608387279725
0.01195619053294577
0.01195619053294577
0.01179333237674705
0.01179333237674705
0.011627549788681
0.011627549788681
0.01145888387840871
0.01145888387840871
0.0112873764705784
0.0112873764705784
0.01111307009445405
0.01111307009445405
0.01093600797336926
0.01093600797336926
0.01075623401400907
0.01075623401400907
0.0105737927955223
0.0105737927955223
0.01038872955846711
0.01038872955846711
0.01020109019359264
0.01020109019359264
0.01001092123045932
0.01001092123045932
0.009818269825900861
0.009818269825900861
0.009623183752330694
0.009623183752330694
0.009425711385895739
0.009425711385895739
0.009225901694480514
0.009225901694480514
0.009023804225564524
0.009023804225564524
0.008819469093935939
0.008819469093935939
0.008612946969264636
0.008612946969264636
0.008404289063537677
0.008404289063537677
0.008193547118360361
0.008193547118360361
0.007980773392126004
0.007980773392126004
0.007766020647057649
0.007766020647057649
0.007549342136124947
0.007549342136124947
0.007330791589839474
0.007330791589839474
0.007110423202931812
0.007110423202931812
0.006888291620913748
0.006888291620913748
0.006664451926529003
0.006664451926529003
0.006438959626095955
0.006438959626095955
0.006211870635745907
0.006211870635745907
0.005983241267560512
0.005983241267560512
0.005753128215612113
0.005753128215612113
0.005521588541910907
0.005521588541910907
0.005288679662263093
0.005288679662263093
0.005054459332044498
0.005054459332044498
0.00481898563189476
0.00481898563189476
0.004582316953338004
0.004582316953338004
0.004344511984337375
0.004344511984337375
0.004105629694793234
0.004105629694793234
0.003865729321998953
0.003865729321998953
0.003624870356075753
0.003624870356075753
0.003383112525421759
0.003383112525421759
0.003140515782236965
0.003140515782236965
0.002897140288238746
0.002897140288238746
0.002653046400794088
0.002653046400794088
0.002408294659942489
0.002408294659942489
0.002162945777371885
0.002162945777371885
0.001917060629918833
0.001917060629918833
0.001670700264413625
0.001670700264413625
0.001423925934124537
0.001423925934124537
0.00117679923626008
0.00117679923626008
0.0009293826391380435
0.0009293826391380435
0.0006817419741034367
0.0006817419741034367
0.0004339640998630637
0.0004339640998630637
0.0001864452138650316
0.0001864452138650316