-0.01134117268231684
0.01134117268231684
-0.03401768306468922
0.03401768306468922
-0.05667669150234984
0.05667669150234984
-0.0793065400375201
0.0793065400375201
-0.1018955857150601
0.1018955857150601
-0.1244322065727167
0.1244322065727167
-0.1469048076205708
0.1469048076205708
-0.1693018268066078
0.1693018268066078
-0.1916117409653408
0.1916117409653408
-0.2138230717464281
0.2138230717464281
-0.2359243915202326
0.2359243915202326
-0.2579043292572856
0.2579043292572856
-0.2797515763786309
0.2797515763786309
-0.3014548925740375
0.3014548925740375
-0.3230031115850892
0.3230031115850892
-0.3443851469501736
0.3443851469501736
-0.365589997708418
0.365589997708418
-0.3866067540596334
0.3866067540596334
-0.4074246029773585
0.4074246029773585
-0.4280328337721131
0.4280328337721131
-0.4484208436019999
0.4484208436019999
-0.4685781429278197
0.4685781429278197
-0.4884943609098916
0.4884943609098916
-0.5081592507438048
0.5081592507438048
-0.5275626949323533
0.5275626949323533
-0.5466947104909433
0.5466947104909433
-0.5655454540837948
0.5655454540837948
-0.5841052270882941
0.5841052270882941
-0.6023644805848929
0.6023644805848929
-0.6203138202699851
0.6203138202699851
-0.6379440112892355
0.6379440112892355
-0.6552459829888724
0.6552459829888724
-0.6722108335824997
0.6722108335824997
-0.6888298347310288
0.6888298347310288
-0.7050944360333726
0.7050944360333726
-0.7209962694255913
0.7209962694255913
-0.7365271534862285
0.7365271534862285
-0.7516790976456204
0.7516790976456204
-0.7664443062970145
0.7664443062970145
-0.7808151828073816
0.7808151828073816
-0.7947843334258598
0.7947843334258598
-0.8083445710878174
0.8083445710878174
-0.8214889191125815
0.8214889191125815
-0.8342106147929284
0.8342106147929284
-0.846503112874491
0.846503112874491
-0.8583600889232966
0.8583600889232966
-0.8697754425797024
0.8697754425797024
-0.8807433006970611
0.8807433006970611
-0.8912580203635056
0.8912580203635056
-0.9013141918053075
0.9013141918053075
-0.9109066411703263
0.9109066411703263
-0.9200304331901378
0.9200304331901378
-0.9286808737194991
0.9286808737194991
-0.936853512151889
0.936853512151889
-0.9445441437099573
0.9445441437099573
-0.9517488116098249
0.9517488116098249
-0.9584638090983383
0.9584638090983383
-0.9646856813626113
0.9646856813626113
-0.9704112273115868
0.9704112273115868
-0.975637501230101
0.975637501230101
-0.9803618143074963
0.9803618143074963
-0.9845817360464056
0.9845817360464056
-0.9882950955663553
0.9882950955663553
-0.9914999828422397
0.9914999828422397
-0.9941947499995211
0.9941947499995211
-0.9963780131015637
0.9963780131015637
-0.9980486563963401
0.9980486563963401
-0.9992058518542896
0.9992058518542896
-0.9998492612820281
0.9998492612820281