0.00193031797562636908680196875256
0.00193031437932171250362654598607
0.00193031437932171250362654598607
0.00193030359042114304083674114076
0.00193030359042114304083674114076
0.00193028560896486150871077862867
0.00193028560896486150871077862867
0.00193026043501986909127533201778
0.00193026043501986909127533201778
0.00193022806867996709665062452788
0.00193022806867996709665062452788
0.00193018851006575660753487206964
0.00193018851006575660753487206964
0.00193014175932463803182937116643
0.00193014175932463803182937116643
0.00193008781663081055340590618649
0.00193008781663081055340590618649
0.00193002668218527148301852239591
0.00193002668218527148301852239591
0.00192995835621581550936208341713
0.00192995835621581550936208341713
0.0019298828389770338502804037439
0.0019298828389770338502804037439
0.00192980013075031330412711901854
0.00192980013075031330412711901854
0.00192971023184383520128282882117
0.00192971023184383520128282882117
0.00192961314259257425583241875083
0.00192961314259257425583241875083
0.00192950886335829731740684059427
0.00192950886335829731740684059427
0.00192939739452956202319400137805
0.00192939739452956202319400137805
0.00192927873652171535012378408218
0.00192927873652171535012378408218
0.00192915288977689206723259475724
0.00192915288977689206723259475724
0.00192901985476401308821320273087
0.00192901985476401308821320273087
0.0019288796319787837241560125115
0.0019288796319787837241560125115
0.00192873222194369183648827789678
0.00192873222194369183648827789678
0.00192857762520800589011814066916
0.00192857762520800589011814066916
0.00192841584234777290679074811053
0.00192841584234777290679074811053
0.00192824687396581631866407539038
0.00192824687396581631866407539038
0.00192807072069173372211245067583
0.00192807072069173372211245067583
0.00192788738318189453176615257614
0.00192788738318189453176615257614
0.0019276968621194375347958212674
0.0019276968621194375347958212674
0.0019274991582142683454507963435
0.0019274991582142683454507963435
0.00192729427220305675986086610598
0.00192729427220305675986086610598
0.00192708220484923401111128463658
0.00192708220484923401111128463658
0.00192686295694298992460128459066
0.00192686295694298992460128459066
0.00192663652930126997369668520614
0.00192663652930126997369668520614
0.00192640292276777223568756653919
0.00192640292276777223568756653919
0.00192616213821294424806235241422
0.00192616213821294424806235241422
0.00192591417653397976511001600896
0.00192591417653397976511001600896
0.00192565903865481541486249338586
0.00192565903865481541486249338586
0.00192539672552612725638976162586
0.00192539672552612725638976162586
0.00192512723812532723746040951912
0.00192512723812532723746040951912
0.00192485057745655955258090001835
0.00192485057745655955258090001835
0.0019245667445506969014270948616
0.0019245667445506969014270948616
0.00192427574046533664768198292284
0.00192427574046533664768198292284
0.00192397756628479687829392494748
0.00192397756628479687829392494748
0.00192367222312011236317009837583
0.00192367222312011236317009837583
0.00192335971210903041532019694864
0.00192335971210903041532019694864
0.00192304003441600665146581072361
0.00192304003441600665146581072361
0.00192271319123220065313128300955
0.00192271319123220065313128300955
0.0019223791837754715282322115432
0.0019223791837754715282322115432
0.00192203801329037337317813199227
0.00192203801329037337317813199227
0.00192168968104815063550629256504
0.00192168968104815063550629256504
0.00192133418834673337706379914043
0.00192133418834673337706379914043
0.00192097153651073243775578090203
0.00192097153651073243775578090203
0.00192060172689143449987759696313
0.00192060172689143449987759696313
0.00192022476086679705304947490613
0.00192022476086679705304947490613
0.00191984063984144325977234252779
0.00191984063984144325977234252779
0.00191944936524665672162398437967
0.00191944936524665672162398437967
0.00191905093854037614611502492011
0.00191905093854037614611502492011
0.00191864536120718991422461024766
0.00191864536120718991422461024766
0.00191823263475833054863603046655
0.00191823263475833054863603046655
0.00191781276073166908269289473883
0.00191781276073166908269289473883
0.00191738574069170933009684100593
0.00191738574069170933009684100593
0.00191695157622958205536813221188
0.00191695157622958205536813221188
0.00191651026896303904509086063057
0.00191651026896303904509086063057
0.00191606182053644707996485158838
0.00191606182053644707996485158838
0.0019156062326207818076867274806
0.0019156062326207818076867274806
0.00191514350691362151668296250285
0.00191514350691362151668296250285
0.00191467364513914081071812795694
0.00191467364513914081071812795694
0.00191419664904810418440189734231
0.00191419664904810418440189734231
0.0019137125204178594996187497076
0.0019137125204178594996187497076
0.0019132212610523313629046789119
0.0019132212610523313629046789119
0.00191272287278201440379558552896
0.00191272287278201440379558552896
0.00191221735746396645417239711975
0.00191221735746396645417239711975
0.00191170471698180162862833149761
0.00191170471698180162862833149761
0.00191118495324568330588408641412
0.00191118495324568330588408641412
0.00191065806819231701127710780176
0.00191065806819231701127710780176
0.00191012406378494320035145732019
0.00191012406378494320035145732019
0.00190958294201332994357516846442
0.00190958294201332994357516846442
0.00190903470489376551221234890461
0.00190903470489376551221234890461
0.00190847935446905086537765503761
0.00190847935446905086537765503761
0.00190791689280849203830113293664
0.00190791689280849203830113293664
0.001907347322007892431831787989
0.001907347322007892431831787989
0.00190677064418954500320861350796
0.00190677064418954500320861350796
0.00190618686150222435812817649551
0.00190618686150222435812817649551
0.00190559597612117874413822651388
0.00190559597612117874413822651388
0.00190499799024812194538716129557
0.00190499799024812194538716129557
0.00190439290611122507875955028211
0.00190439290611122507875955028211
0.00190378072596510829142828473
0.00190378072596510829142828473
0.0019031614520908323598542903563
0.0019031614520908323598542903563
0.00190253508679589019026510571508
0.00190253508679589019026510571508
0.0019019016324141982206439965985
0.0019019016324141982206439965985
0.00190126109130608772426164374012
0.00190126109130608772426164374012
0.00190061346585829601478280796326
0.00190061346585829601478280796326
0.00189995875848395755298074366101
0.00189995875848395755298074366101
0.00189929697162259495509249811664
0.00189929697162259495509249811664
0.0018986281077401099028486006718
0.0018986281077401099028486006718
0.00189795216932877395521101212326
0.00189795216932877395521101212326
0.00189726915890721926185357097673
0.00189726915890721926185357097673
0.001896579079020429178419539306
0.001896579079020429178419539306
0.00189588193223972878359121695674
0.00189588193223972878359121695674
0.0018951777211627752980069586949
0.0018951777211627752980069586949
0.00189446644841354840506129462862
0.00189446644841354840506129462862
0.00189374811664234047362421982874
0.00189374811664234047362421982874
0.00189302272852574668271608453427
0.00189302272852574668271608453427
0.00189229028676665504817488165547
0.00189229028676665504817488165547
0.00189155079409423635135309347543
0.00189155079409423635135309347543
0.00189080425326393396988162450187
0.00189080425326393396988162450187
0.00189005066705745361053871233069
0.00189005066705745361053871233069
0.00188929003828275294426207315275
0.00188929003828275294426207315275
0.00188852236977403114334290316143
0.00188852236977403114334290316143
0.00188774766439171832084072160177
0.00188774766439171832084072160177
0.00188696592502246487225840553921
0.00188696592502246487225840553921
0.00188617715457913071951713061717
0.00188617715457913071951713061717
0.00188538135600077445727129611528
0.00188538135600077445727129611528
0.00188457853225264240160387651398
0.00188457853225264240160387651398
0.0018837686863261575411430055139
0.0018837686863261575411430055139
0.0018829518212389083906409620494
0.0018829518212389083906409620494
0.00188212794003463774705709127298
0.00188212794003463774705709127298
0.00188129704578323134818655677014
0.00188129704578323134818655677014
0.00188045914158070643387718339059
0.00188045914158070643387718339059
0.00187961423054920020987701305118
0.00187961423054920020987701305118
0.00187876231583695821435555867574
0.00187876231583695821435555867574
0.00187790340061832258714210408768
0.00187790340061832258714210408768
0.00187703748809372024172476015943
0.00187703748809372024172476015943
0.00187616458148965094005434984864
0.00187616458148965094005434984864
0.00187528468405867527019755691271
0.00187528468405867527019755691271
0.00187439779907940252688413508895
0.00187439779907940252688413508895
0.00187350392985647849499333635696
0.00187350392985647849499333635696
0.00187260307972057313602507856026
0.00187260307972057313602507856026
0.00187169525202836817760173415573
0.00187169525202836817760173415573
0.00187078045016254460604678317935
0.00187078045016254460604678317935
0.00186985867753177006208693466455
0.00186985867753177006208693466455
0.00186892993757068613972468172414
0.00186892993757068613972468172414
0.00186799423373989558832861630536
0.00186799423373989558832861630536
0.00186705156952594941798919025118
0.00186705156952594941798919025118
0.00186610194844133390818796974562
0.00186610194844133390818796974562
0.00186514537402445751982879048731
0.00186514537402445751982879048731
0.00186418184983963771067958102133
0.00186418184983963771067958102133
0.00186321137947708765427398156335
0.00186321137947708765427398156335
0.00186223396655290286232224537103
0.00186223396655290286232224537103
0.00186124961470904771068126925468
0.00186124961470904771068126925468
0.0018602583276133418689339591695
0.0018602583276133418689339591695
0.00185926010895944663362849599611
0.00185926010895944663362849599611
0.00185825496246685116522842559106
0.00185825496246685116522842559106
0.00185724289188085862882485597505
0.00185724289188085862882485597505
0.00185622390097257223866240312073
0.00185622390097257223866240312073
0.00185519799353888120653088520466
0.00185519799353888120653088520466
0.00185416517340244659407512339584
0.00185416517340244659407512339584
0.00185312544441168706907556526702
0.00185312544441168706907556526702
0.00185207881044076456575280473151
0.00185207881044076456575280473151
0.00185102527538956984914943002753
0.00185102527538956984914943002753
0.00184996484318370798364298869221
0.00184996484318370798364298869221
0.00184889751777448370564421568664
0.00184889751777448370564421568664
0.00184782330313888670053502785175
0.00184782330313888670053502785175
0.00184674220327957678390114468899
0.00184674220327957678390114468899
0.00184565422222486898711455207048
0.00184565422222486898711455207048
0.00184455936402871854732138188795
0.00184455936402871854732138188795
0.00184345763277070580189113684693
0.00184345763277070580189113684693
0.00184234903255602098738354560224
0.00184234903255602098738354560224
0.00184123356751544894308968921004
0.00184123356751544894308968921004
0.00184011124180535371920439543985
0.00184011124180535371920439543985
0.00183898205960766308968725284638
0.00183898205960766308968725284638
0.00183784602512985296986995164287
0.00183784602512985296986995164287
0.00183670314260493173886801334514
0.00183670314260493173886801334514
0.0018355534162914244668553258663
0.0018355534162914244668553258663
0.00183439685047335704726025523553
0.00183439685047335704726025523553
0.00183323344946024023394245938828
0.00183323344946024023394245938828
0.0018320632175870535834098835295
0.0018320632175870535834098835295
0.00183088615921422930213577040358
0.00183088615921422930213577040358
0.00182970227872763599903587241419
0.00182970227872763599903587241419
0.00182851158053856234316640592229
0.00182851158053856234316640592229
0.00182731406908370062670364120998
0.00182731406908370062670364120998
0.00182610974882513023326637453076
0.00182610974882513023326637453076
0.00182489862425030101164288137083
0.00182489862425030101164288137083
0.00182368069987201655498430252126
0.00182368069987201655498430252126
0.0018224559802284173855267668047
0.0018224559802284173855267668047
0.00182122446988296404490490631231
0.00182122446988296404490490631231
0.00181998617342442009011977178502
0.00181998617342442009011977178502
0.00181874109546683499522450731675
0.00181874109546683499522450731675
0.00181748924064952695879149486502
0.00181748924064952695879149486502
0.00181623061363706561722503012435
0.00181623061363706561722503012435
0.0018149652191192546639839421495
0.0018149652191192546639839421495
0.00181369306181111437477891970688
0.00181369306181111437477891970688
0.00181241414645286403880965768284
0.00181241414645286403880965768284
0.00181112847780990429610728698491
0.00181112847780990429610728698491
0.00180983606067279938104790123573
0.00180983606067279938104790123573
0.0018085368998572592721033431778
0.0018085368998572592721033431778
0.00180723100020412174789576307906
0.00180723100020412174789576307906
0.00180591836657933434962281055318
0.00180591836657933434962281055318
0.0018045990038739362499206700836
0.0018045990038739362499206700836
0.00180327291700404002823249916445
0.00180327291700404002823249916445
0.00180194011091081335275017634453
0.00180194011091081335275017634453
0.00180060059056046056899761458005
0.00180060059056046056899761458005
0.00179925436094420419512424316705
0.00179925436094420419512424316705
0.00179790142707826632397760913462
0.00179790142707826632397760913462
0.00179654179400384993202439633217
0.00179654179400384993202439633217
0.00179517546678712009518950753927
0.00179517546678712009518950753927
0.00179380245051918511168320176121
0.00179380245051918511168320176121
0.00179242275031607753188662544794
0.00179242275031607753188662544794
0.00179103637131873509536642268614
0.00179103637131873509536642268614
0.00178964331869298157508945546308
0.00178964331869298157508945546308
0.00178824359762950752890901088507
0.00178824359762950752890901088507
0.00178683721334385095839421775137
0.00178683721334385095839421775137
0.00178542417107637787507474013553
0.00178542417107637787507474013553
0.00178400447609226277417316060841
0.00178400447609226277417316060841
0.00178257813368146901589781044985
0.00178257813368146901589781044985
0.0017811451491587291143691486373
0.0017811451491587291143691486373
0.00177970552786352493425313556896
0.00177970552786352493425313556896
0.00177825927516006779517539137428
0.00177825927516006779517539137428
0.00177680639643727848399027228525
0.00177680639643727848399027228525
0.00177534689710876717497934188621
0.00177534689710876717497934188621
0.00177388078261281325805405712638
0.00177388078261281325805405712638
0.00177240805841234507503783176765
0.00177240805841234507503783176765
0.00177092872999491956410298244773
0.00177092872999491956410298244773
0.00176944280287270181243840476554
0.00176944280287270181243840476554
0.00176795028258244451722416873937
0.00176795028258244451722416873937
0.00176645117468546735498956464879
0.00176645117468546735498956464879
0.00176494548476763625943147164572
0.00176494548476763625943147164572
0.00176343321843934260777026260879
0.00176343321843934260777026260879
0.00176191438133548231572079951579
0.00176191438133548231572079951579
0.00176038897911543484115641412068
0.00176038897911543484115641412068
0.00175885701746304209654410894325
0.00175885701746304209654410894325
0.00175731850208658727022955350945
0.00175731850208658727022955350945
0.0017557734387187735566507904176
0.0017557734387187735566507904176
0.00175422183311670279555990514891
0.00175422183311670279555990514891
0.00175266369106185402033225258866
0.00175266369106185402033225258866
0.00175109901836006191544317197538
0.00175109901836006191544317197538
0.00174952782084149518319246044931
0.00174952782084149518319246044931
0.00174795010436063481975721352524
0.00174795010436063481975721352524
0.00174636587479625230065397866925
0.00174636587479625230065397866925
0.00174477513805138767569150571098
0.00174477513805138767569150571098
0.00174317790005332757349571507271
0.00174317790005332757349571507271
0.00174157416675358311568884174184
0.00174157416675358311568884174184
0.00173996394412786774080504955331
0.00173996394412786774080504955331
0.00173834723817607493802514668207
0.00173834723817607493802514668207
0.0017367240549222558908133692708
0.0017367240549222558908133692708
0.00173509440041459703053953583474
0.00173509440041459703053953583474
0.00173345828072539750017021049121
0.00173345828072539750017021049121
0.00173181570195104652811284815571
0.00173181570195104652811284815571
0.0017301666702120007122972296279
0.0017301666702120007122972296279
0.00172851119165276121457882895801
0.00172851119165276121457882895801
0.00172684927244185086554908963586
0.00172684927244185086554908963586
0.00172518091877179117983791998035
0.00172518091877179117983791998035
0.00172350613685907928199405162404
0.00172350613685907928199405162404
0.00172182493294416474302923818607
0.00172182493294416474302923818607
0.00172013731329142632771260410443
0.00172013731329142632771260410443
0.00171844328418914865270178615467
0.00171844328418914865270178615467
0.00171674285194949875559784241582
0.00171674285194949875559784241582
0.00171503602290850257501123535338
0.00171503602290850257501123535338
0.00171332280342602134172652727341
0.00171332280342602134172652727341
0.00171160319988572788105375765917
0.00171160319988572788105375765917
0.00170987721869508282645480283141
0.00170987721869508282645480283141
0.00170814486628531074453334897409
0.00170814486628531074453334897409
0.00170640614911137617147743983775
0.00170640614911137617147743983775
0.00170466107365195956104389037171
0.00170466107365195956104389037171
0.00170290964640943314417418714223
0.00170290964640943314417418714223
0.00170115187390983670033182566659
0.00170115187390983670033182566659
0.00169938776270285324065136372951
0.00169938776270285324065136372951
0.00169761731936178460298979834959
0.00169761731936178460298979834959
0.0016958405504835269589712023262
0.0016958405504835269589712023262
0.00169405746268854623311588422183
0.00169405746268854623311588422183
0.00169226806262085343414566321873
0.00169226806262085343414566321873
0.00169047235694797989855717753203
0.00169047235694797989855717753203
0.00168867035236095244655547196163
0.00168867035236095244655547196163
0.00168686205557426845044043672201
0.00168686205557426845044043672201
0.00168504747332587081553899590083
0.00168504747332587081553899590083
0.00168322661237712287377626976289
0.00168322661237712287377626976289
0.00168139947951278318997926063412
0.00168139947951278318997926063412
0.0016795660815409802810069372702
0.0016795660815409802810069372702
0.00167772642529318724780091743398
0.00167772642529318724780091743398
0.00167588051762419632045127287503
0.00167588051762419632045127287503
0.00167402836541209331637230502128
0.00167402836541209331637230502128
0.00167216997555823201168346345575
0.00167216997555823201168346345575
0.00167030535498720842589090266042
0.00167030535498720842589090266042
0.00166843451064683501996549556162
0.00166843451064683501996549556162
0.00166655744950811480791344510759
0.00166655744950811480791344510759
0.00166467417856521538193595744599
0.00166467417856521538193595744599
0.00166278470483544285127476224754
0.00166278470483544285127476224754
0.00166088903535921569484058733925
0.00166088903535921569484058733925
0.00165898717720003852772201606652
0.00165898717720003852772201606652
0.00165707913744447578167247669587
0.00165707913744447578167247669587
0.00165516492320212529967343369844
0.00165516492320212529967343369844
0.00165324454160559184467217091755
0.00165324454160559184467217091755
0.00165131799981046052259287641969
0.00165131799981046052259287641969
0.00164938530499527011972005825706
0.00164938530499527011972005825706
0.0016474464643614863545536394293
0.0016474464643614863545536394293
0.00164550148513347504423539902133
0.00164550148513347504423539902133
0.00164355037455847518564674481233
0.00164355037455847518564674481233
0.00164159313990657195127812059624
0.00164159313990657195127812059624
0.00163962978847066959997066902585
0.00163962978847066959997066902585
0.00163766032756646430263108798952
0.00163766032756646430263108798952
0.0016356847645324168830209353499
0.0016356847645324168830209353499
0.00163370310672972547372195331768
0.00163370310672972547372195331768
0.00163171536154229808737929979812
0.00163171536154229808737929979812
0.00162972153637672510332488973361
0.00162972153637672510332488973361
0.00162772163866225166968336476961
0.00162772163866225166968336476961
0.00162571567585075002106352449403
0.00162571567585075002106352449403
0.00162370365541669171193836703945
0.00162370365541669171193836703945
0.00162168558485711976581720099208
0.00162168558485711976581720099208
0.00161966147169162074031360432136
0.00161966147169162074031360432136
0.00161763132346229670821331942646
0.00161763132346229670821331942646
0.0016155951477337371546464863909
0.0016155951477337371546464863909
0.00161355295209299079046892914245
0.00161355295209299079046892914245
0.00161150474414953728195752143119
0.00161150474414953728195752143119
0.00160945053153525889692497136286
0.00160945053153525889692497136286
0.00160739032190441206735967465661
0.00160739032190441206735967465661
0.00160532412293359886869659783426
0.00160532412293359886869659783426
0.00160325194232173841582546319175
0.00160325194232173841582546319175
0.00160117378779003817594281765079
0.00160117378779003817594281765079
0.00159908966708196519835487743871
0.00159908966708196519835487743871
0.0015969995879632172613383499969
0.0015969995879632172613383499969
0.00159490355822169393616674357032
0.00159490355822169393616674357032
0.00159280158566746756840998358272
0.00159280158566746756840998358272
0.00159069367813275417661546315225
0.00159069367813275417661546315225
0.00158857984347188426847896294949
0.00158857984347188426847896294949
0.00158646008956127357461418304297
0.00158646008956127357461418304297
0.00158433442429939370002993641556
0.00158433442429939370002993641556
0.00158220285560674269342436046654
0.00158220285560674269342436046654
0.00158006539142581553440580903854
0.00158006539142581553440580903854
0.00157792203972107453875039332409
0.00157792203972107453875039332409
0.0015757728084789196818064454124
0.0015757728084789196818064454124
0.00157361770570765884015648323186
0.00157361770570765884015648323186
0.00157145673943747795164756022691
0.00157145673943747795164756022691
0.00156928991772041109390118727727
0.00156928991772041109390118727727
0.00156711724863031048141431812356
0.00156711724863031048141431812356
0.00156493874026281638136319290277
0.00156493874026281638136319290277
0.00156275440073532694822213732099
0.00156275440073532694822213732099
0.0015605642381869679773097174963
0.0015605642381869679773097174963
0.00155836826077856257737495259194
0.00155836826077856257737495259194
0.00155616647669260076233658902653
0.00155616647669260076233658902653
0.00155395889413320896228874129457
0.00155395889413320896228874129457
0.00155174552132611945388650525373
0.00155174552132611945388650525373
0.00154952636651863971022545013634
0.00154952636651863971022545013634
0.00154730143797962167032919551809
0.00154730143797962167032919551809
0.00154507074399943092835957902793
0.00154507074399943092835957902793
0.00154283429288991584266421970641
0.00154283429288991584266421970641
0.00154059209298437656477658061641
0.00154059209298437656477658061641
0.00153834415263753398848393257675
0.00153834415263753398848393257675
0.00153609048022549861907891872669
0.00153609048022549861907891872669
0.00153383108414573936291071703536
0.00153383108414573936291071703536
0.00153156597281705223735209484381
0.00153156597281705223735209484381
0.00152929515467952900129894606805
0.00152929515467952900129894606805
0.00152701863819452570631919779739
0.00152701863819452570631919779739
0.00152473643184463116856826869312
0.00152473643184463116856826869312
0.00152244854413363536158855682613
0.00152244854413363536158855682613
0.00152015498358649773011072938867
0.00152015498358649773011072938867
0.00151785575874931542497488107242
0.00151785575874931542497488107242
0.00151555087818929145928992182263
0.00151555087818929145928992182263
0.00151324035049470278594984815442
0.00151324035049470278594984815442
0.00151092418427486829662584525159
0.00151092418427486829662584525159
0.00150860238816011674235345965931
0.00150860238816011674235345965931
0.00150627497080175457583437452884
0.00150627497080175457583437452884
0.00150394194087203371557261107378
0.00150394194087203371557261107378
0.00150160330706411923196527115214
0.00150160330706411923196527115214
0.00149925907809205695546822669604
0.00149925907809205695546822669604
0.0014969092626907410069574520692
0.0014969092626907410069574520692
0.0014945538696158812504069853417
0.0014945538696158812504069853417
0.00149219290764397066800479392929
0.00149219290764397066800479392929
0.00148982638557225265782810905089
0.00148982638557225265782810905089
0.00148745431221868825420008201138
0.00148745431221868825420008201138
0.0014850766964219232708499034157
0.0014850766964219232708499034157
0.00148269354704125536699881406467
0.00148269354704125536699881406467
0.00148030487295660103649472347074
0.00148030487295660103649472347074
0.0014779106830684625201184386627
0.0014779106830684625201184386627
0.00147551098629789464118479222058
0.00147551098629789464118479222058
0.0014731057915864715645622442952
0.0014731057915864715645622442952
0.00147069510789625347923481871904
0.00147069510789625347923481871904
0.00146827894420975320453051820645
0.00146827894420975320453051820645
0.00146585730952990272014064806936
0.00146585730952990272014064806936
0.00146343021288001962005476183971
0.00146343021288001962005476183971
0.00146099766330377349053622568963
0.00146099766330377349053622568963
0.00145855966986515221226368157507
0.00145855966986515221226368157507
0.00145611624164842818676397159587
0.00145611624164842818676397159587
0.00145366738775812448726236816497
0.00145366738775812448726236816497
0.00145121311731898093407623621041
0.00145121311731898093407623621041
0.00144875343947592009467853479444
0.00144875343947592009467853479444
0.00144628836339401320855784622369
0.00144628836339401320855784622369
0.00144381789825844603700190094257
0.00144381789825844603700190094257
0.00144134205327448463793184624622
0.00144134205327448463793184624622
0.00143886083766744106591478612012
0.00143886083766744106591478612012
0.00143637426068263899748239830873
0.00143637426068263899748239830873
0.00143388233158537928188371303467
0.00143388233158537928188371303467
0.00143138505966090541740041563164
0.00143138505966090541740041563164
0.00142888245421436895335331271821
0.00142888245421436895335331271821
0.00142637452457079481792887842334
0.00142637452457079481792887842334
0.0014238612800750465719550735788
0.0014238612800750465719550735788
0.00142134273009179158875590671599
0.00142134273009179158875590671599
0.0014188188840054661602144811446
0.0014188188840054661602144811446
0.00141628975122024052917454734751
0.00141628975122024052917454734751
0.00141375534115998384831085439814
0.00141375534115998384831085439814
0.00141121566326822906559886809346
0.00141121566326822906559886809346
0.00140867072700813773651469699574
0.00140867072700813773651469699574
0.00140612054186246476309634058912
0.00140612054186246476309634058912
0.00140356511733352305999764628082
0.00140356511733352305999764628082
0.00140100446294314814766663401161
0.00140100446294314814766663401161
0.00139843858823266267278011878402
0.00139843858823266267278011878402
0.00139586750276284085606683246916
0.00139586750276284085606683246916
0.00139329121611387286765151681279
0.00139329121611387286765151681279
0.0013907097378853291300527296276
0.0013907097378853291300527296276
0.00138812307769612454896737572988
0.00138812307769612454896737572988
0.00138553124518448267197524325531
0.00138553124518448267197524325531
0.00138293425000789977529709456721
0.00138293425000789977529709456721
0.00138033210184310887874012905302
0.00138033210184310887874012905302
0.00137772481038604368896490268731
0.00137772481038604368896490268731
0.00137511238535180247120805632358
0.00137511238535180247120805632358
0.0013724948364746118495954712596
0.0013724948364746118495954712596
0.00136987217350779053618073670271
0.00136987217350779053618073670271
0.00136724440622371298884407933973
0.00136724440622371298884407933973
0.00136461154441377299818717029186
0.00136461154441377299818717029186
0.0013619735978883472035594893048
0.0013619735978883472035594893048
0.00135933057647675853835219008983
0.00135933057647675853835219008983
0.00135668249002723960469567428993
0.00135668249002723960469567428993
0.00135402934840689597769734459558
0.00135402934840689597769734459558
0.00135137116150166943935627007798
0.00135137116150166943935627007798
0.00134870793921630114229175883967
0.00134870793921630114229175883967
0.00134603969147429470342309460553
0.00134603969147429470342309460553
0.00134336642821787922773795488801
0.00134336642821787922773795488801
0.00134068815940797226228728885899
0.00134068815940797226228728885899
0.00133800489502414268054469304625
0.00133800489502414268054469304625
0.00133531664506457349726858244321
0.00133531664506457349726858244321
0.00133262341954602461400571357626
0.00133262341954602461400571357626
0.00132992522850379549537487451369
0.00132992522850379549537487451369
0.00132722208199168777626981472181
0.00132722208199168777626981472181
0.00132451399008196780012074507834
0.00132451399008196780012074507834
0.00132180096286532908835399523757
0.00132180096286532908835399523757
0.00131908301045085474118967190659
0.00131908301045085474118967190659
0.00131636014296597976991741743548
0.00131636014296597976991741743548
0.00131363237055645336079062344597
0.00131363237055645336079062344597
0.00131089970338630107067970902161
0.00131089970338630107067970902161
0.00130816215163778695462532725726
0.00130816215163778695462532725726
0.00130541972551137562543261771552
0.00130541972551137562543261771552
0.00130267243522569424544787556166
0.00130267243522569424544787556166
0.00129992029101749445065926084602
0.00129992029101749445065926084602
0.00129716330314161420726342357227
0.00129716330314161420726342357227
0.00129440148187093960084017183086
0.00129440148187093960084017183086
0.00129163483749636655827756138848
0.00129163483749636655827756138848
0.00128886338032676250259003570501
0.00128886338032676250259003570501
0.00128608712068892794077249539895
0.00128608712068892794077249539895
0.00128330606892755798483342569932
0.00128330606892755798483342569932
0.00128052023540520380615045940582
0.00128052023540520380615045940582
0.00127772963050223402329200132824
0.00127772963050223402329200132824
0.00127493426461679602344878809101
0.00127493426461679602344878809101
0.00127213414816477721761950456637
0.00127213414816477721761950456637
0.00126932929157976622969482504145
0.00126932929157976622969482504145
0.0012665197053130140195844935276
0.0012665197053130140195844935276
0.00126370539983339494053230338484
0.00126370539983339494053230338484
0.00126088638562736773076408165919
0.00126088638562736773076408165919
0.0012580626731989364396140282146
0.0012580626731989364396140282146
0.00125523427306961128827500388366
0.00125523427306961128827500388366
0.00125240119577836946531860546154
0.00125240119577836946531860546154
0.00124956345188161585713110842397
0.00124956345188161585713110842397
0.00124672105195314371341160076249
0.00124672105195314371341160076249
0.0012438740065840952478788732975
0.0012438740065840952478788732975
0.00124102232638292217433387325033
0.00124102232638292217433387325033
0.00123816602197534617822476872999
0.00123816602197534617822476872999
0.00123530510400431932386191211603
0.00123530510400431932386191211603
0.00123243958312998439743023009642
0.00123243958312998439743023009642
0.00122956947002963518594680734721
0.00122956947002963518594680734721
0.00122669477539767669231166951739
0.00122669477539767669231166951739
0.0012238155099455852866000093084
0.0012238155099455852866000093084
0.0012209316844018687937443370107
0.0012209316844018687937443370107
0.00121804330951202651775527388002
0.00121804330951202651775527388002
0.00121515039603850920262994320185
0.00121515039603850920262994320185
0.00121225295476067893009714980327
0.00121225295476067893009714980327
0.00120935099647476895434877412695
0.00120935099647476895434877412695
0.0012064445319938434739070417796
0.0012064445319938434739070417796
0.00120353357214775734077756370862
0.00120353357214775734077756370862
0.00120061812778311570703827584218
0.00120061812778311570703827584218
0.00119769820976323360901464015119
0.00119769820976323360901464015119
0.00119477382896809548919170165408
0.00119477382896809548919170165408
0.00119184499629431465601382788654
0.00119184499629431465601382788654
0.00118891172265509268172318879833
0.00118891172265509268172318879833
0.00118597401898017873838826591534
0.00118597401898017873838826591534
0.0011830318962158288722739099187
0.0011830318962158288722739099187
0.00118008536532476521670469554064
0.00118008536532476521670469554064
0.00117713443728613514357355186024
0.00117713443728613514357355186024
0.0011741791230954703536478746987
0.0011741791230954703536478746987
0.00117121943376464590582555586387
0.00117121943376464590582555586387
0.00116825538032183918549359147495
0.00116825538032183918549359147495
0.00116528697381148881214215851199
0.00116528697381148881214215851199
0.00116231422529425348638727507728
0.00116231422529425348638727507728
0.0011593371458469707765553856295
0.0011593371458469707765553856295
0.00115635574656261584498343765213
0.00115635574656261584498343765213
0.00115337003855026011418824084779
0.00115337003855026011418824084779
0.00115038003293502987305912400598
0.00115038003293502987305912400598
0.00114738574085806482322812817459
0.00114738574085806482322812817459
0.00114438717347647656577219767337
0.00114438717347647656577219767337
0.00114138434196330702840205281999
0.00114138434196330702840205281999
0.00113837725750748683329264999534
0.00113837725750748683329264999534
0.00113536593131379360571035585398
0.00113536593131379360571035585398
0.00113235037460281022359218308638
0.00113235037460281022359218308638
0.00112933059861088300823265516205
0.00112933059861088300823265516205
0.00112630661459007985623408692534
0.00112630661459007985623408692534
0.0011232784338081483128762867778
0.0011232784338081483128762867778
0.00112024606754847358706190446232
0.00112024606754847358706190446232
0.00111720952711003650799386616295
0.00111720952711003650799386616295
0.00111416882380737142374155575088
0.00111416882380737142374155575088
0.00111112396897052404185261753923
0.00111112396897052404185261753923
0.00110807497394500921216747185778
0.00110807497394500921216747185778
0.00110502185009176865199385012119
0.00110502185009176865199385012119
0.00110196460878712861379887084167
0.00110196460878712861379887084167
0.0010989032614227574955763922263
0.0010989032614227574955763922263
0.00109583781940562339404759060228
0.00109583781940562339404759060228
0.00109276829415795160085292692672
0.00109276829415795160085292692672
0.00108969469711718204189387606259
0.00108969469711718204189387606259
0.0010866170397359266599830053371
0.0010866170397359266599830053371
0.00108353533348192674096120014253
0.00108353533348192674096120014253
0.00108044958983801018344104499209
0.00108044958983801018344104499209
0.00107735982030204871233557850314
0.00107735982030204871233557850314
0.00107426603638691503633185024726
0.00107426603638691503633185024726
0.00107116824962043994946891627912
0.00107116824962043994946891627912
0.00106806647154536937698011843501
0.00106806647154536937698011843501
0.00106496071371932136555970017415
0.00106496071371932136555970017415
0.00106185098771474301821401882289
0.00106185098771474301821401882289
0.00105873730511886737385782057133
0.00105873730511886737385782057133
0.00105561967753367023181625046402
0.00105561967753367023181625046402
0.00105249811657582692139347491948
0.00105249811657582692139347491948
0.00104937263387666901666899900775
0.00104937263387666901666899900775
0.00104624324108214099668296480913
0.00104624324108214099668296480913
0.0010431099498527568511719206706
0.0010431099498527568511719206706
0.00103997277186355663201675406844
0.00103997277186355663201675406844
0.00103683171880406295056468307499
0.00103683171880406295056468307499
0.00103368680237823742098740311408
0.00103368680237823742098740311408
0.00103053803430443704983768677271
0.00103053803430443704983768677271
0.0010273854263153705719669349145
0.0010273854263153705719669349145
0.001024228990158054732966377214
0.001024228990158054732966377214
0.00102106873759377051829481949781
0.00102106873759377051829481949781
0.00101790468039801932925603393904
0.00101790468039801932925603393904
0.00101473683036047910598908620466
0.00101473683036047910598908620466
0.00101156519928496039763509110038
0.00101156519928496039763509110038
0.00100838979898936237984408509337
0.00100838979898936237984408509337
0.00100521064130562881978590032007
0.00100521064130562881978590032007
0.00100202773807970398882912030214
0.00100202773807970398882912030214
0.00099884110117148852305239259896
0.00099884110117148852305239259896
0.0009956507424547952317525680184
0.0009956507424547952317525680184
0.00099245667381730485411432978866
0.00099245667381730485411432978866
0.00098925890716052176420616926176
0.00098925890716052176420616926176
0.00098605745439972962446775727337
0.00098605745439972962446775727337
0.00098285232746394698785395222308
0.00098285232746394698785395222308
0.00097964353829588284880087726342
0.00097964353829588284880087726342
0.00097643109885189214317968969439
0.00097643109885189214317968969439
0.0009732150211019311974038557519
0.0009732150211019311974038557519
0.00096999531702951312685593345276
0.00096999531702951312685593345276
0.00096677199863166318380005501573
0.00096677199863166318380005501573
0.00096354507791887405494648861532
0.00096354507791887405494648861532
0.00096031456691506110883484684396
0.00096031456691506110883484684396
0.00095708047765751759320269625632
0.00095708047765751759320269625632
0.00095384282219686978250650874741
0.00095384282219686978250650874741
0.00095060161259703207576208127237
0.00095060161259703207576208127237
0.00094735686093516204487173555052
0.00094735686093516204487173555052
0.00094410857930161543360579390774
0.00094410857930161543360579390774
0.00094085677979990110740601129984
0.00094085677979990110740601129984
0.00093760147454663595417882682406
0.00093760147454663595417882682406
0.00093434267567149973624648066574
0.00093434267567149973624648066574
0.00093108039531718989362422444174
0.00093108039531718989362422444174
0.00092781464563937629879203429121
0.00092781464563937629879203429121
0.0009245454388066559631294168263
0.0009245454388066559631294168263
0.0009212727870005076951820781908
0.0009212727870005076951820781908
0.00091799670241524671092940598188
0.00091799670241524671092940598188
0.00091471719725797919622189266923
0.00091471719725797919622189266923
0.00091143428374855682155780739595
0.00091143428374855682155780739595
0.00090814797411953120936860066581
0.00090814797411953120936860066581
0.0009048582806161083539827034121
0.0009048582806161083539827034121
0.0009015652154961029944375583022
0.0009015652154961029944375583022
0.00089826879102989294030989686081
0.00089826879102989294030989686081
0.00089496901950037335073445109013
0.00089496901950037335073445109013
0.00089166591320291096678146272956
0.00089166591320291096678146272956
0.00088835948444529829736352712738
0.00088835948444529829736352712738
0.00088504974554770775884248189418
0.00088504974554770775884248189418
0.00088173670884264576850722306988
0.00088173670884264576850722306988
0.0008784203866749067920935034644
0.0008784203866749067920935034644
0.00087510079140152734551693912407
0.00087510079140152734551693912407
0.00087177793539173995099062053281
0.00087177793539173995099062053281
0.00086845183102692704769889517692
0.00086845183102692704769889517692
0.00086512249070057485719905748592
0.00086512249070057485719905748592
0.00086178992681822720372285090728
0.00086178992681822720372285090728
0.00085845415179743928954985498122
0.00085845415179743928954985498122
0.00085511517806773142562499775086
0.00085511517806773142562499775086
0.00085177301807054271759260067355
0.00085177301807054271759260067355
0.00084842768425918470741952939058
0.00084842768425918470741952939058
0.00084507918909879497078018926348
0.00084507918909879497078018926348
0.00084172754506629067037626949628
0.00084172754506629067037626949628
0.00083837276465032206536430393315
0.00083837276465032206536430393315
0.00083501486035122597706428025006
0.00083501486035122597706428025006
0.00083165384468097921112269224636
0.00083165384468097921112269224636
0.00082828973016315193630359228777
0.00082828973016315193630359228777
0.00082492252933286102008136265524
0.00082492252933286102008136265524
0.00082155225473672332120908561437
0.00082155225473672332120908561437
0.00081817891893280893943655243742
0.00081817891893280893943655243742
0.00081480253449059442255211138341
0.00081480253449059442255211138341
0.00081142311399091593092271377185
0.00081142311399091593092271377185
0.0008080406700259223597066757714
0.0008080406700259223597066757714
0.0008046552151990284189138313662
0.0008046552151990284189138313662
0.0008012667621248676714879091592
0.0008012667621248676714879091592
0.0007978753234292455295861222242
0.0007978753234292455295861222242
0.0007944809117490922092311161234
0.0007944809117490922092311161234
0.0007910835397324156435105754723
0.0007910835397324156435105754723
0.000787683220038254354499944044
0.000787683220038254354499944044
0.0007842799653366302840838673812
0.0007842799653366302840838673812
0.0007808737883085015838521202044
0.0007808737883085015838521202044
0.0007774647016457153642459335854
0.0007774647016457153642459335854
0.0007740527180509604031307888865
0.0007740527180509604031307888865
0.0007706378502377198139718968547
0.0007706378502377198139718968547
0.0007672201109302236737887309984
0.0007672201109302236737887309984
0.0007637995128634016110651344705
0.0007637995128634016110651344705
0.0007603760687828353537916691313
0.0007603760687828353537916691313
0.0007569497914447112378170242656
0.0007569497914447112378170242656
0.0007535206936157726756854505903
0.0007535206936157726756854505903
0.0007500887880732725861373326968
0.0007500887880732725861373326968
0.0007466540876049257844501599446
0.0007466540876049257844501599446
0.0007432166050088613337973020421
0.0007432166050088613337973020421
0.0007397763530935748578021411312
0.0007397763530935748578021411312
0.0007363333446778808144652571271
0.0007363333446778808144652571271
0.0007328875925908647316425073555
0.0007328875925908647316425073555
0.0007294391096718354042519851797
0.0007294391096718354042519851797
0.0007259879087702770533879853155
0.0007259879087702770533879853155
0.0007225340027458014475202458993
0.0007225340027458014475202458993
0.0007190774044680999859568790981
0.0007190774044680999859568790981
0.0007156181268168957447495431379
0.0007156181268168957447495431379
0.0007121561826818954852195490728
0.0007121561826818954852195490728
0.000708691584962741625283735428
0.000708691584962741625283735428
0.0007052243465689641737590830223
0.0007052243465689641737590830223
0.0007017544804199326278251808186
0.0007017544804199326278251808186
0.0006982819994448078338237915516
0.0006982819994448078338237915516
0.0006948069165824938115749031609
0.0006948069165824938115749031609
0.0006913292447815895423887887006
0.0006913292447815895423887887006
0.0006878489970003407209537334135
0.0006878489970003407209537334135
0.0006843661862065914712792230495
0.0006843661862065914712792230495
0.0006808808253777360268745222758
0.0006808808253777360268745222758
0.0006773929275006703753427061744
0.0006773929275006703753427061744
0.0006739025055717438675703413503
0.0006739025055717438675703413503
0.0006704095725967107916931460888
0.0006704095725967107916931460888
0.0006669141415906819120180913024
0.0006669141415906819120180913024
0.0006634162255780759730825357024
0.0006634162255780759730825357024
0.000659915837592571169031119717
0.000659915837592571169031119717
0.0006564129906770565784912731703
0.0006564129906770565784912731703
0.0006529076978835835651283216271
0.0006529076978835835651283216271
0.0006493999722733171440613056096
0.0006493999722733171440613056096
0.000645889826916487314320755609
0.000645889826916487314320755609
0.0006423772748923403575297939499
0.0006423772748923403575297939499
0.0006388623292890901029900621249
0.0006388623292890901029900621249
0.0006353450032038691593540992117
0.0006353450032038691593540992117
0.0006318253097426801130659234145
0.0006318253097426801130659234145
0.0006283032620203466937516946545
0.0006283032620203466937516946545
0.0006247788731604649067424614651
0.0006247788731604649067424614651
0.0006212521562953541329111202494
0.0006212521562953541329111202494
0.0006177231245660081960058392278
0.0006177231245660081960058392278
0.0006141917911220463976623231636
0.0006141917911220463976623231636
0.0006106581691216645202774182061
0.0006106581691216645202774182061
0.0006071222717315857979266789521
0.0006071222717315857979266789521
0.0006035841121270118555086421127
0.0006035841121270118555086421127
0.0006000437034915736162986729873
0.0006000437034915736162986729873
0.0005965010590172821780953723213
0.0005965010590172821780953723213
0.0005929561919044796581426520626
0.0005929561919044796581426520626
0.0005894091153617900070107090553
0.0005894091153617900070107090553
0.0005858598426060697916192458491
0.0005858598426060697916192458491
0.0005823083868623589475864075565
0.0005823083868623589475864075565
0.0005787547613638315010870231106
0.0005787547613638315010870231106
0.0005751989793517462604038583618
0.0005751989793517462604038583618
0.0005716410540753974773557072517
0.0005716410540753974773557072517
0.0005680809987920654787862658282
0.0005680809987920654787862658282
0.0005645188267669672682978521676
0.0005645188267669672682978521676
0.0005609545512732070984141533675
0.0005609545512732070984141533675
0.0005573881855917270133562987144
0.0005573881855917270133562987144
0.000553819743011257362616675957
0.000553819743011257362616675957
0.0005502492368282672855150253648
0.0005502492368282672855150253648
0.0005466766803469151669214639848
0.0005466766803469151669214639848
0.0005431020868789990643312102689
0.0005431020868789990643312102689
0.0005395254697439071064758970973
0.0005395254697439071064758970973
0.0005359468422685678636564792321
0.0005359468422685678636564792321
0.0005323662177874006899828594644
0.0005323662177874006899828594644
0.0005287836096422660377054762543
0.0005287836096422660377054762543
0.0005251990311824157438242145768
0.0005251990311824157438242145768
0.0005216124957644432891601210842
0.0005216124957644432891601210842
0.0005180240167522340300755246606
0.0005180240167522340300755246606
0.000514433607516915403028284097
0.000514433607516915403028284097
0.0005108412814368071021460060755
0.0005108412814368071021460060755
0.0005072470518973712300061990364
0.0005072470518973712300061990364
0.0005036509322911624218084519771
0.0005036509322911624218084519771
0.0005000529360177779431248519303
0.0005000529360177779431248519303
0.0004964530764838077614149799839
0.0004964530764838077614149799839
0.0004928513671027845914919534113
0.0004928513671027845914919534113
0.0004892478212951339151261109962
0.0004892478212951339151261109962
0.0004856424524881239749730701799
0.0004856424524881239749730701799
0.0004820352741158157430130184977
0.0004820352741158157430130184977
0.0004784262996190128636882381618
0.0004784262996190128636882381618
0.0004748155424452115719260019165
0.0004748155424452115719260019165
0.0004712030160485505862341207621
0.0004712030160485505862341207621
0.0004675887338897609770565701904
0.0004675887338897609770565701904
0.0004639727094361160105767716113
0.0004639727094361160105767716113
0.00046035495616138096815626013
0.00046035495616138096815626013
0.0004567354875457629415966292525
0.0004567354875457629415966292525
0.0004531143170758606044128080187
0.0004531143170758606044128080187
0.0004494914582446139593058970989
0.0004494914582446139593058970989
0.0004458669245512540620239682169
0.0004458669245512540620239682169
0.0004422407295012527217994166489
0.0004422407295012527217994166489
0.0004386128866062721785516503244
0.0004386128866062721785516503244
0.0004349834093841147570441021587
0.0004349834093841147570441021587
0.000431352311358672498184765717
0.000431352311358672498184765717
0.0004277196060598767676596793036
0.0004277196060598767676596793036
0.0004240853070236478420890213715
0.0004240853070236478420890213715
0.0004204494277918444728957322025
0.0004204494277918444728957322025
0.0004168119819122134280768447084
0.0004168119819122134280768447084
0.0004131729829383390120679927581
0.0004131729829383390120679927581
0.0004095324444295925638918706323
0.0004095324444295925638918706323
0.0004058903799510819337817443054
0.0004058903799510819337817443054
0.0004022468030736009384714667569
0.0004022468030736009384714667569
0.0003986017273735787953438282566
0.0003986017273735787953438282566
0.0003949551664330295356294817032
0.0003949551664330295356294817032
0.0003913071338395013968491261979
0.0003913071338395013968491261979
0.0003876576431860261946921131083
0.0003876576431860261946921131083
0.0003840067080710686745251624301
0.0003840067080710686745251624301
0.0003803543420984758427254483901
0.0003803543420984758427254483901
0.00037670055887742627803293769
0.00037670055887742627803293769
0.00037304537202237942311754807
0.00037304537202237942311754807
0.0003693887951530248565574463224
0.0003693887951530248565574463224
0.000365730841894231545425631845
0.000365730841894231545425631845
0.0003620715258759970786828637277
0.0003620715258759970786828637277
0.000358410860733396881575996961
0.000358410860733396881575996961
0.0003547488601065334112419088253
0.0003547488601065334112419088253
0.0003510855376404853337184337807
0.0003510855376404853337184337807
0.0003474209069852566825651000446
0.0003474209069852566825651000446
0.000343754981795725999297991627
0.000343754981795725999297991627
0.0003400877757315954558447665441
0.0003400877757315954558447665441
0.0003364193024573399592277689328
0.0003364193024573399592277689328
0.000332749575642156238685306957
0.000332749575642156238685306957
0.0003290786089599119154435609014
0.0003290786089599119154435609014
0.0003254064160890945553542724812
0.0003254064160890945553542724812
0.0003217330107127607046163884231
0.0003217330107127607046163884231
0.0003180584065184849088032363372
0.0003180584065184849088032363372
0.0003143826171983087154206537648
0.0003143826171983087154206537648
0.0003107056564486896602258356152
0.0003107056564486896602258356152
0.0003070275379704502375415846723
0.0003070275379704502375415846723
0.000303348275468726854806229996
0.000303348275468726854806229996
0.0002996678826529187716058183251
0.0002996678826529187716058183251
0.0002959863732366370234423998835
0.0002959863732366370234423998835
0.000292303760937653330500457545
0.000292303760937653330500457545
0.0002886200594778489916829252466
0.0002886200594778489916829252466
0.0002849352825831637641989931212
0.0002849352825831637641989931212
0.0002812494439835447289982204932
0.0002812494439835447289982204932
0.0002775625574128951423596294006
0.0002775625574128951423596294006
0.0002738746366090232739607321103
0.0002738746366090232739607321103
0.00027018569531359123177021218
0.00027018569531359123177021218
0.0002664957472720637741296513646
0.0002664957472720637741296513646
0.0002628048062336571094147739243
0.0002628048062336571094147739243
0.0002591128859512876836957599587
0.0002591128859512876836957599587
0.0002554200001815209568499685201
0.0002554200001815209568499685201
0.0002517261626845201676197555214
0.0002517261626845201676197555214
0.0002480313872239950881539840692
0.0002480313872239950881539840692
0.0002443356875671507686255223064
0.0002443356875671507686255223064
0.0002406390774846362725799704698
0.0002406390774846362725799704698
0.0002369415707504934037448220814
0.0002369415707504934037448220814
0.0002332431811421054251153831881
0.0002332431811421054251153831881
0.0002295439224401457712366448383
0.0002295439224401457712366448383
0.0002258438084285267547220884442
0.0002258438084285267547220884442
0.0002221428528943482681949609302
0.0002221428528943482681949609302
0.0002184410696278464830096141615
0.0002184410696278464830096141615
0.0002147384724223425463158704195
0.0002147384724223425463158704195
0.0002110350750741912782752151157
0.0002110350750741912782752151157
0.0002073308913827298715327907075
0.0002073308913827298715327907075
0.0002036259351502265954046736986
0.0002036259351502265954046736986
0.0001999202201818295076694694725
0.0001999202201818295076694694725
0.0001962137602855151773740069033
0.0001962137602855151773740069033
0.0001925065692720374226963926934
0.0001925065692720374226963926934
0.0001887986609548760686830505411
0.0001887986609548760686830505411
0.0001850900491501857306240101472
0.0001850900491501857306240101472
0.0001813807476767446299963614639
0.0001813807476767446299963614639
0.0001776707703559034513453290798
0.0001776707703559034513453290798
0.0001739601310115342502575812498
0.0001739601310115342502575812498
0.000170248843469979424804701734
0.000170248843469979424804701734
0.0001665369215600007656162016652
0.0001665369215600007656162016652
0.0001628243791127286032374329806
0.0001628243791127286032374329806
0.0001591112299616110758432902403
0.0001591112299616110758432902403
0.0001553974879423635459839288014
0.0001553974879423635459839288014
0.0001516831668929182021923650046
0.0001516831668929182021923650046
0.0001479682806533738904642380093
0.0001479682806533738904642380093
0.0001442528430659462324700757931
0.0001442528430659462324700757931
0.0001405368679749181027498492385
0.0001405368679749181027498492385
0.0001368203692265905572536028436
0.0001368203692265905572536028436
0.0001331033606692343320578844285
0.0001331033606692343320578844285
0.0001293858561530420661579765834
0.0001293858561530420661579765834
0.0001256678695300814490543738175
0.0001256678695300814490543738175
0.0001219494146542495568454936121
0.0001219494146542495568454936121
0.000118230505381228725999426158
0.000118230505381228725999426158
0.0001145111555684444309374336478
0.0001145111555684444309374336478
0.0001107913790750257931210703804
0.0001107913790750257931210703804
0.000107071189761769574705382247
0.000107071189761769574705382247
0.0001033506014911088275109295647
0.0001033506014911088275109295647
0.0000996296281270878209110212869
0.0000996296281270878209110212869
0.0000959082835353455254470032866
0.0000959082835353455254470032866
0.0000921865815831108832996911991
0.0000921865815831108832996911991
0.0000884645361392145101075591116
0.0000884645361392145101075591116
0.0000847421610741235967910163886
0.0000847421610741235967910163886
0.0000810194702600100234230217818
0.0000810194702600100234230217818
0.0000772964775708667349990112135
0.0000772964775708667349990112135
0.000073573196882695400740572532
0.000073573196882695400740572532
0.000069849642073801250923561231
0.000069849642073801250923561231
0.000066125827025252235873090786
0.000066125827025252235873090786
0.000062401765621595597147189827
0.000062401765621595597147189827
0.00005867747175198739555267185
0.00005867747175198739555267185
0.000054952959312002333350773035
0.000054952959312002333350773035
0.000051228242206598075877786223
0.000051228242206598075877786223
0.000047503334355105644145422755
0.000047503334355105644145422755
0.000043778249699913716969874475
0.000043778249699913716969874475
0.000040053002222189310263702032
0.000040053002222189310263702032
0.000036327605971701376061835311
0.000036327605971701376061835311
0.00003260207512665389368972338
0.00003260207512665389368972338
0.000028876424122107818839971471
0.000028876424122107818839971471
0.000025150667949422219028008891
0.000025150667949422219028008891
0.000021424822930995909006600061
0.000021424822930995909006600061
0.000017698909013933831136386587
0.000017698909013933831136386587
0.000013972957919187419621039911
0.000013972957919187419621039911
0.000010247050813149395895786901
0.000010247050813149395895786901
6.52158395914550748558911e-6
6.52158395914550748558911e-6
2.80160110526897163152862e-6
2.80160110526897163152862e-6