0.00216437648446330138238857066434
0.00216437141492619036405365737296
0.00216437141492619036405365737296
0.00216435620633860567880298584533
0.00216435620633860567880298584533
0.00216433085877179232464894607643
0.00216433085877179232464894607643
0.00216429537234449159411332572874
0.00216429537234449159411332572874
0.00216424974722294051798084066968
0.00216424974722294051798084066968
0.00216419398362087108655772577762
0.00216419398362087108655772577762
0.00216412808179950924843903404943
0.00216412808179950924843903404943
0.00216405204206757368678933430853
0.00216405204206757368678933430853
0.00216396586478127437314254005637
0.00216396586478127437314254005637
0.00216386955034431089872764422687
0.00216386955034431089872764422687
0.00216376309920787058332817678933
0.00216376309920787058332817678933
0.00216364651187062636168424429335
0.00216364651187062636168424429335
0.00216351978887873444744705255689
0.00216351978887873444744705255689
0.00216338293082583177469685575926
0.00216338293082583177469685575926
0.00216323593835303321703631721035
0.00216323593835303321703631721035
0.00216307881214892858427230902078
0.00216307881214892858427230902078
0.00216291155294957939670021979021
0.00216291155294957939670021979021
0.00216273416153851543700588125711
0.00216273416153851543700588125711
0.00216254663874673107980126660942
0.00216254663874673107980126660942
0.00216234898545268139881115483513
0.00216234898545268139881115483513
0.00216214120258227805172899709161
0.00216214120258227805172899709161
0.00216192329110888494276126258621
0.00216192329110888494276126258621
0.00216169525205331366288058288458
0.00216169525205331366288058288458
0.00216145708648381870780905489174
0.00216145708648381870780905489174
0.00216120879551609247375410397921
0.00216120879551609247375410397921
0.00216095038031326003092034985512
0.00216095038031326003092034985512
0.00216068184208587367482195878805
0.00216068184208587367482195878805
0.00216040318209190725542100669426
0.00216040318209190725542100669426
0.00216011440163675028411841837731
0.00216011440163675028411841837731
0.00215981550207320181862508886439
0.00215981550207320181862508886439
0.00215950648480146412574183330907
0.00215950648480146412574183330907
0.00215918735126913612207785232175
0.00215918735126913612207785232175
0.0021588581029712065927384398416
0.0021588581029712065927384398416
0.00215851874145004718801370077217
0.00215851874145004718801370077217
0.00215816926829540519810108556256
0.00215816926829540519810108556256
0.00215780968514439610589558872192
0.00215780968514439610589558872192
0.00215743999368149591788249790265
0.00215743999368149591788249790265
0.00215706019563853327316861967144
0.00215706019563853327316861967144
0.00215667029279468133068894740328
0.00215667029279468133068894740328
0.00215627028697644943462677587569
0.00215627028697644943462677587569
0.00215586018005767455808630610541
0.00215586018005767455808630610541
0.00215543997395951252505782275091
0.00215543997395951252505782275091
0.00215500967065042901071656499834
0.00215500967065042901071656499834
0.00215456927214619032009745024929
0.00215456927214619032009745024929
0.00215411878050985394518884813294
0.00215411878050985394518884813294
0.0021536581978517589004896403661
0.0021536581978517589004896403661
0.00215318752632951583707483977887
0.00215318752632951583707483977887
0.00215270676814799693521607940597
0.00215270676814799693521607940597
0.00215221592555932557560431990833
0.00215221592555932557560431990833
0.00215171500086286578922316073345
0.00215171500086286578922316073345
0.00215120399640521148592217733908
0.00215120399640521148592217733908
0.00215068291458017546174074349035
0.00215068291458017546174074349035
0.0021501517578287781850338340889
0.0021501517578287781850338340889
0.00214961052863923636145234020019
0.00214961052863923636145234020019
0.00214905922954695127783146390649
0.00214905922954695127783146390649
0.0021484978631344969250417963238
0.0021484978631344969250417963238
0.00214792643203160789985871757505
0.00214792643203160789985871757505
0.00214734493891516708590679270675
0.00214734493891516708590679270675
0.00214675338650919311373687246408
0.00214675338650919311373687246408
0.0021461517775848276000946424981
0.0021461517775848276000946424981
0.00214554011496032216644039896154
0.00214554011496032216644039896154
0.00214491840150102523678086255285
0.00214491840150102523678086255285
0.00214428664011936861487487688594
0.00214428664011936861487487688594
0.00214364483377485384087587059193
0.00214364483377485384087587059193
0.0021429929854740383274749957925
0.0021429929854740383274749957925
0.00214233109827052127560988851955
0.00214233109827052127560988851955
0.00214165917526492936980502928533
0.00214165917526492936980502928533
0.002140977219604902253210714329
0.002140977219604902253210714329
0.00214028523448507778240868007227
0.00214028523448507778240868007227
0.00213958322314707706205345500563
0.00213958322314707706205345500563
0.0021388711888794892594195445913
0.0021388711888794892594195445913
0.00213814913501785619892558580559
0.00213814913501785619892558580559
0.00213741706494465673670763864662
0.00213741706494465673670763864662
0.00213667498208929091531481229857
0.00213667498208929091531481229857
0.0021359228899280638986014536656
0.0021359228899280638986014536656
0.00213516079198416968689115566365
0.00213516079198416968689115566365
0.00213438869182767461248887197971
0.00213438869182767461248887197971
0.00213360659307550061561845397332
0.00213360659307550061561845397332
0.0021328144993914083008639539972
0.0021328144993914083008639539972
0.00213201241448597977419406764941
0.00213201241448597977419406764941
0.00213120034211660126065011533309
0.00213120034211660126065011533309
0.00213037828608744550277899098688
0.00213037828608744550277899098688
0.00212954625024945393989353295439
0.00212954625024945393989353295439
0.0021287042385003186682437986808
0.0021287042385003186682437986808
0.00212785225478446418218375125226
0.00212785225478446418218375125226
0.00212699030309302889641889172682
0.00212699030309302889641889172682
0.00212611838746384644942139673641
0.00212611838746384644942139673641
0.0021252365119814267881003459664
0.0021252365119814267881003459664
0.00212434468077693703381564883429
0.00212434468077693703381564883429
0.00212344289802818212982530399055
0.00212344289802818212982530399055
0.00212253116795958527025664914495
0.00212253116795958527025664914495
0.00212160949484216811069328217824
0.00212160949484216811069328217824
0.00212067788299353076047035752557
0.00212067788299353076047035752557
0.00211973633677783155677198441049
0.00211973633677783155677198441049
0.00211878486060576662062547566183
0.00211878486060576662062547566183
0.00211782345893454919488821755501
0.00211782345893454919488821755501
0.00211685213626788876432395238058
0.00211685213626788876432395238058
0.00211587089715596995786628624984
0.00211587089715596995786628624984
0.00211487974619543123316825499681
0.00211487974619543123316825499681
0.00211387868802934334353780092224
0.00211387868802934334353780092224
0.0021128677273471875873600325434
0.0021128677273471875873600325434
0.00211184686888483384010815845983
0.00211184686888483384010815845983
0.00211081611742451836904600491352
0.00211081611742451836904600491352
0.0021097754777948214307260446087
0.0021097754777948214307260446087
0.00210872495487064465138788185612
0.00210872495487064465138788185612
0.00210766455357318819036315611475
0.00210766455357318819036315611475
0.00210659427886992768659384251551
0.00210659427886992768659384251551
0.00210551413577459098837194396237
0.00210551413577459098837194396237
0.00210442412934713466640958491059
0.00210442412934713466640958491059
0.00210332426469372031034953191595
0.00210332426469372031034953191595
0.0021022145469666906088271805276
0.0021022145469666906088271805276
0.0021010949813645452131960620552
0.0021010949813645452131960620552
0.0020999655731319163850299371749
0.0020999655731319163850299371749
0.00209882632755954442751555624225
0.00209882632755954442751555624225
0.00209767724998425290085117854975
0.00209767724998425290085117854975
0.00209651834578892362176695459694
0.00209651834578892362176695459694
0.00209534962040247144728428672729
0.00209534962040247144728428672729
0.00209417107929981884283229422398
0.00209417107929981884283229422398
0.00209298272800187023484051914088
0.00209298272800187023484051914088
0.00209178457207548614792801877168
0.00209178457207548614792801877168
0.00209057661713345712680999972305
0.00209057661713345712680999972305
0.00208935886883447744304415705417
0.00208935886883447744304415705417
0.00208813133288311858673988986821
0.00208813133288311858673988986821
0.00208689401502980254335457208813
0.00208689401502980254335457208813
0.00208564692107077485570206391416
0.00208564692107077485570206391416
0.00208439005684807747129965563855
0.00208439005684807747129965563855
0.00208312342824952137518064108081
0.00208312342824952137518064108081
0.00208184704120865900830072289793
0.00208184704120865900830072289793
0.00208056090170475647166745641505
0.00208056090170475647166745641505
0.00207926501576276551632294240761
0.00207926501576276551632294240761
0.00207795938945329531931098244192
0.00207795938945329531931098244192
0.00207664402889258404576091294164
0.00207664402889258404576091294164
0.00207531894024247019722133608973
0.00207531894024247019722133608973
0.00207398412971036374637796699274
0.00207398412971036374637796699274
0.00207263960354921705829081722312
0.00207263960354921705829081722312
0.00207128536805749559828693491059
0.00207128536805749559828693491059
0.00206992142957914842664592097102
0.00206992142957914842664592097102
0.00206854779450357848021643983545
0.00206854779450357848021643983545
0.0020671644692656126411029411689
0.0020671644692656126411029411689
0.00206577146034547159256280654351
0.00206577146034547159256280654351
0.00206436877426873946225513184829
0.00206436877426873946225513184829
0.00206295641760633325298335237438
0.00206295641760633325298335237438
0.00206153439697447206107491300486
0.00206153439697447206107491300486
0.00206010271903464608254218075758
0.00206010271903464608254218075758
0.00205866139049358540716979107351
0.00205866139049358540716979107351
0.00205721041810322860067461270677
0.00205721041810322860067461270677
0.00205574980866069107508550885155
0.00205574980866069107508550885155
0.00205427956900823324749106423063
0.00205427956900823324749106423063
0.00205279970603322848730443926553
0.00205279970603322848730443926553
0.00205131022666813085219550314514
0.00205131022666813085219550314514
0.0020498111378904426128413876029
0.0020498111378904426128413876029
0.00204830244672268156664759249767
0.00204830244672268156664759249767
0.00204678416023234814059276286632
0.00204678416023234814059276286632
0.00204525628553189228335124497103
0.00204525628553189228335124497103
0.00204371882977868014684851599804
0.00204371882977868014684851599804
0.00204217180017496055740556847098
0.00204217180017496055740556847098
0.00204061520396783127662931611791
0.00204061520396783127662931611791
0.00203904904844920505220707287093
0.00203904904844920505220707287093
0.00203747334095577545876414087677
0.00203747334095577545876414087677
0.00203588808886898252894452685107
0.00203588808886898252894452685107
0.00203429329961497817487578881422
0.00203429329961497817487578881422
0.00203268898066459140017999719694
0.00203268898066459140017999719694
0.00203107513953329330269377549582
0.00203107513953329330269377549582
0.00202945178378116186806136608749
0.00202945178378116186806136608749
0.00202781892101284655436564647014
0.00202781892101284655436564647014
0.00202617655887753266796300008942
0.00202617655887753266796300008942
0.00202452470506890553068892401596
0.00202452470506890553068892401596
0.00202286336732511443860223307083
0.00202286336732511443860223307083
0.00202119255342873641243669653765
0.00202119255342873641243669653765
0.00201951227120673973992991935181
0.00201951227120673973992991935181
0.00201782252853044731020025461321
0.00201782252853044731020025461321
0.00201612333331549974034350842507
0.00201612333331549974034350842507
0.00201441469352181829442217141282
0.00201441469352181829442217141282
0.00201269661715356759502088381932
0.00201269661715356759502088381932
0.00201096911225911812754281280106
0.00201096911225911812754281280106
0.00200923218693100853742259146053
0.00200923218693100853742259146053
0.00200748584930590772043243923704
0.00200748584930590772043243923704
0.00200573010756457670625905253845
0.00200573010756457670625905253845
0.00200396496993183033552982292439
0.00200396496993183033552982292439
0.00200219044467649873046790774317
0.00200219044467649873046790774317
0.00200040654011138855935664487522
0.00200040654011138855935664487522
0.00199861326459324409499476914109
0.00199861326459324409499476914109
0.00199681062652270806732485298707
0.00199681062652270806732485298707
0.00199499863434428231041835826224
0.00199499863434428231041835826224
0.00199317729654628820400164924184
0.00199317729654628820400164924184
0.00199134662166082690970827953013
0.00199134662166082690970827953013
0.00198950661826373940224382708548
0.00198950661826373940224382708548
0.00198765729497456629565051234744
0.00198765729497456629565051234744
0.00198579866045650746485979430599
0.00198579866045650746485979430599
0.00198393072341638146272209833124
0.00198393072341638146272209833124
0.00198205349260458473270378767438
0.00198205349260458473270378767438
0.00198016697681505061744244775252
0.00198016697681505061744244775252
0.00197827118488520816335250863656
0.00197827118488520816335250863656
0.00197636612569594072147418656854
0.00197636612569594072147418656854
0.00197445180817154434475967983817
0.00197445180817154434475967983817
0.0019725282412796859819915079424
0.0019725282412796859819915079424
0.00197059543403136146852883563429
0.00197059543403136146852883563429
0.00196865339548085331407857523099
0.00196865339548085331407857523099
0.00196670213472568828768901139351
0.00196670213472568828768901139351
0.00196474166090659480016464250672
0.00196474166090659480016464250672
0.00196277198320746008410188177337
0.00196277198320746008410188177337
0.00196079311085528717174620918594
0.00196079311085528717174620918594
0.00195880505312015167087231265048
0.00195880505312015167087231265048
0.00195680781931515833888970270265
0.00195680781931515833888970270265
0.00195480141879639745537723047421
0.00195480141879639745537723047421
0.00195278586096290099325088283255
0.00195278586096290099325088283255
0.00195076115525659858877017192346
0.00195076115525659858877017192346
0.0019487273111622733105893786926
0.0019487273111622733105893786926
0.00194668433820751722806085134073
0.00194668433820751722806085134073
0.00194463224596268677899850007594
0.00194463224596268677899850007594
0.00194257104404085793711056896031
0.00194257104404085793711056896031
0.001940500742097781179311704102
0.001940500742097781179311704102
0.00193842134983183625312527491451
0.00193842134983183625312527491451
0.00193633287698398674438784164668
0.00193633287698398674438784164668
0.00193423533333773444546859787669
0.00193423533333773444546859787669
0.00193212872871907352421755115552
0.00193212872871907352421755115552
0.00193001307299644449385713847667
0.00193001307299644449385713847667
0.00192788837608068798403290573408
0.00192788837608068798403290573408
0.00192575464792499831323981180556
0.00192575464792499831323981180556
0.00192361189852487686284164835969
0.00192361189852487686284164835969
0.00192146013791808525290199592597
0.00192146013791808525290199592597
0.00191929937618459832004606518696
0.00191929937618459832004606518696
0.00191712962344655689757369984186
0.00191712962344655689757369984186
0.00191495088986822039804474375082
0.00191495088986822039804474375082
0.0019127631856559191985589003917
0.0019127631856559191985589003917
0.00191056652105800682895313694388
0.00191056652105800682895313694388
0.00190836090636481196314060855122
0.00190836090636481196314060855122
0.00190614635190859021381600050446
0.00190614635190859021381600050446
0.00190392286806347573075310721831
0.00190392286806347573075310721831
0.00190169046524543260292138695549
0.00190169046524543260292138695549
0.00189944915391220606464915026462
0.00189944915391220606464915026462
0.00189719894456327350606195804734
0.00189719894456327350606195804734
0.00189493984773979528802572204751
0.00189493984773979528802572204751
0.00189267187402456536182491635786
0.00189267187402456536182491635786
0.00189039503404196169380722326269
0.00189039503404196169380722326269
0.00188810933845789649522685037455
0.00188810933845789649522685037455
0.00188581479797976625751966857468
0.00188581479797976625751966857468
0.00188351142335640159324423172602
0.00188351142335640159324423172602
0.00188119922537801688292364949092
0.00188119922537801688292364949092
0.00187887821487615972802419384764
0.00187887821487615972802419384764
0.00187654840272366021030742805693
0.00187654840272366021030742805693
0.00187420979983457995779355387818
0.00187420979983457995779355387818
0.00187186241716416101757457876884
0.00187186241716416101757457876884
0.00186950626570877453571680961765
0.00186950626570877453571680961765
0.00186714135650586924449308325722
0.00186714135650586924449308325722
0.00186476770063391975718604656957
0.00186476770063391975718604656957
0.00186238530921237467070470043697
0.00186238530921237467070470043697
0.00185999419340160447625732209333
0.00185999419340160447625732209333
0.00185759436440284927832477959646
0.00185759436440284927832477959646
0.00185518583345816632217915016269
0.00185518583345816632217915016269
0.00185276861185037733019345097975
0.00185276861185037733019345097975
0.00185034271090301564718918683643
0.00185034271090301564718918683643
0.0018479081419802731950693134747
0.0018479081419802731950693134747
0.00184546491648694723698510897696
0.00184546491648694723698510897696
0.00184301304586838695128633774418
0.00184301304586838695128633774418
0.00184055254161043981550498269583
0.00184055254161043981550498269583
0.00183808341523939780062371122433
0.00183808341523939780062371122433
0.00183560567832194337588112916329
0.00183560567832194337588112916329
0.00183311934246509532436676457312
0.00183311934246509532436676457312
0.00183062441931615436965960950851
0.00183062441931615436965960950851
0.00182812092056264861376493310273
0.00182812092056264861376493310273
0.00182560885793227878660496328195
0.00182560885793227878660496328195
0.00182308824319286330731991720332
0.00182308824319286330731991720332
0.00182055908815228315763674208932
0.00182055908815228315763674208932
0.00181802140465842656756380850466
0.00181802140465842656756380850466
0.00181547520459913351367067728556
0.00181547520459913351367067728556
0.00181292049990214003021293928094
0.00181292049990214003021293928094
0.00181035730253502233336300379721
0.00181035730253502233336300379721
0.00180778562450514075880858714792
0.00180778562450514075880858714792
0.00180520547785958351298152699307
0.00180520547785958351298152699307
0.00180261687468511023818042120668
0.00180261687468511023818042120668
0.00180001982710809539185146182941
0.00180001982710809539185146182941
0.0017974143472944714402927052444
0.0017974143472944714402927052444
0.00179480044744967186704788905177
0.00179480044744967186704788905177
0.00179217813981857399625677420913
0.00179217813981857399625677420913
0.00178954743668544163122985784582
0.00178954743668544163122985784582
0.00178690835037386750851616774491
0.00178690835037386750851616774491
0.0017842608932467155677337138139
0.0017842608932467155677337138139
0.00178160507770606303743303492976
0.00178160507770606303743303492976
0.00177894091619314233726514134117
0.00177894091619314233726514134117
0.00177626842118828279672601333774
0.00177626842118828279672601333774
0.00177358760521085219075067614732
0.00177358760521085219075067614732
0.00177089848081919809243072899557
0.00177089848081919809243072899557
0.00176820106061058904313006295127
0.00176820106061058904313006295127
0.00176549535722115554027435758403
0.00176549535722115554027435758403
0.0017627813833258308430908005723
0.0017627813833258308430908005723
0.00176005915163829159657532721669
0.00176005915163829159657532721669
0.00175732867491089827396552833097
0.00175732867491089827396552833097
0.00175458996593463543799822519819
0.00175458996593463543799822519819
0.00175184303753905182123155918662
0.00175184303753905182123155918662
0.00174908790259220022571229121763
0.00174908790259220022571229121763
0.00174632457400057724226985255878
0.00174632457400057724226985255878
0.00174355306470906278971953337903
0.00174355306470906278971953337903
0.00174077338770085947425803914267
0.00174077338770085947425803914267
0.00173798555599743176933548723207
0.00173798555599743176933548723207
0.00173518958265844501628875717201
0.00173518958265844501628875717201
0.00173238548078170424602194747622
0.00173238548078170424602194747622
0.00172957326350309282202053044598
0.00172957326350309282202053044598
0.00172675294399651090498663321757
0.00172675294399651090498663321757
0.00172392453547381373938370897547
0.00172392453547381373938370897547
0.00172108805118474976217969651842
0.00172108805118474976217969651842
0.00171824350441689853407859928072
0.00171824350441689853407859928072
0.00171539090849560849353124646898
0.00171539090849560849353124646898
0.00171253027678393453381682916966
0.00171253027678393453381682916966
0.00170966162268257540348763311227
0.00170966162268257540348763311227
0.0017067849596298109304702172326
0.0017067849596298109304702172326
0.00170390030110143907011711326628
0.00170390030110143907011711326628
0.00170100766061071277750394631102
0.00170100766061071277750394631102
0.00169810705170827670426769962286
0.00169810705170827670426769962286
0.0016951984879821037202826688531
0.0016951984879821037202826688531
0.00169228198305743126047147148473
0.00169228198305743126047147148473
0.00168935755059669749704929638692
0.00168935755059669749704929638692
0.00168642520429947733750039616784
0.00168642520429947733750039616784
0.00168348495790241824858664136853
0.00168348495790241824858664136853
0.00168053682517917590668877049731
0.00168053682517917590668877049731
0.00167758081994034967478178345333
0.00167758081994034967478178345333
0.00167461695603341790634673802454
0.00167461695603341790634673802454
0.00167164524734267307652201986643
0.00167164524734267307652201986643
0.00166866570778915674079796566865
0.00166866570778915674079796566865
0.0016656783513305943215595270945
0.0016656783513305943215595270945
0.0016626831919613297227824695285
0.0016626831919613297227824695285
0.00165968024371225977318940468627
0.00165968024371225977318940468627
0.00165666952065076849817275972546
0.00165666952065076849817275972546
0.00165365103688066122079258764223
0.00165365103688066122079258764223
0.00165062480654209849215792444078
0.00165062480654209849215792444078
0.00164759084381152985150119782103
0.00164759084381152985150119782103
0.00164454916290162741625598993663
0.00164454916290162741625598993663
0.00164149977806121930244925312919
0.00164149977806121930244925312919
0.00163844270357522287571987244112
0.00163844270357522287571987244112
0.00163537795376457783327626214464
0.00163537795376457783327626214464
0.0016323055429861791171064754952
0.0016323055429861791171064754952
0.00162922548563280965875509741922
0.00162922548563280965875509741922
0.00162613779613307295598197887649
0.00162613779613307295598197887649
0.00162304248895132548161865919085
0.00162304248895132548161865919085
0.00161993957858760892493910871766
0.00161993957858760892493910871766
0.00161682907957758226586220880729
0.00161682907957758226586220880729
0.00161371100649245368230416912831
0.00161371100649245368230416912831
0.00161058537393891229099986402745
0.00161058537393891229099986402745
0.00160745219655905972211284972269
0.00160745219655905972211284972269
0.00160431148903034152795460274729
0.00160431148903034152795460274729
0.00160116326606547842613429718237
0.00160116326606547842613429718237
0.00159800754241239737746121383008
0.00159800754241239737746121383008
0.00159484433285416249892264858543
0.00159484433285416249892264858543
0.00159167365220890581206095985793
0.00159167365220890581206095985793
0.00158849551532975782707416597134
0.00158849551532975782707416597134
0.00158530993710477796296527302762
0.00158530993710477796296527302762
0.00158211693245688480406628175512
0.00158211693245688480406628175512
0.00157891651634378619326358836832
0.00157891651634378619326358836832
0.00157570870375790916225225944349
0.00157570870375790916225225944349
0.00157249350972632969914742425722
0.00157249350972632969914742425722
0.00156927094931070235378178993981
0.00156927094931070235378178993981
0.00156604103760718968101904515943
0.00156604103760718968101904515943
0.00156280378974639152241367687227
0.00156280378974639152241367687227
0.00155955922089327412654848194421
0.00155955922089327412654848194421
0.00155630734624709910838181116892
0.00155630734624709910838181116892
0.00155304818104135224793733737033
0.00155304818104135224793733737033
0.00154978174054367212866989188234
0.00154978174054367212866989188234
0.00154650804005577861584166474028
0.00154650804005577861584166474028
0.00154322709491340117524381339487
0.00154322709491340117524381339487
0.00153993892048620703259927266613
0.00153993892048620703259927266613
0.00153664353217772917398330498782
0.00153664353217772917398330498782
0.00153334094542529418759907475035
0.00153334094542529418759907475035
0.00153003117569994994724627372706
0.00153003117569994994724627372706
0.0015267142385063931378215661622
0.0015267142385063931378215661622
0.0015233901493828966231903621058
0.0015233901493828966231903621058
0.00152005892390123665677016599656
0.00152005892390123665677016599656
0.00151672057766661993516648431647
0.00151672057766661993516648431647
0.00151337512631761049520301136576
0.00151337512631761049520301136576
0.00151002258552605645468854583105
0.00151002258552605645468854583105
0.0015066629709970165972638228397
0.0015066629709970165972638228397
0.00150329629846868680167217660574
0.00150329629846868680167217660574
0.00149992258371232631579867757409
0.00149992258371232631579867757409
0.00149654184253218387582311515687
0.00149654184253218387582311515687
0.00149315409076542367083292272457
0.00149315409076542367083292272457
0.0014897593442820511532428654625
0.0014897593442820511532428654625
0.00148635761898483869536903402647
0.00148635761898483869536903402647
0.00148294893080925109250540762629
0.00148294893080925109250540762629
0.00147953329572337091285196922975
0.00147953329572337091285196922975
0.00147611072972782369464407300854
0.00147611072972782369464407300854
0.0014726812488557029908334799382
0.0014726812488557029908334799382
0.0014692448691724952616721916137
0.0014692448691724952616721916137
0.00146580160677600461555092484673
0.00146580160677600461555092484673
0.00146235147779627739844478046678
0.00146235147779627739844478046678
0.00145889449839552663231936895315
0.00145889449839552663231936895315
0.00145543068476805630285136307505
0.00145543068476805630285136307505
0.00145196005314018549681815360847
0.00145196005314018549681815360847
0.00144848261977017238951198842928
0.00144848261977017238951198842928
0.00144499840094813808253467784744
0.00144499840094813808253467784744
0.00144150741299599029232964994497
0.00144150741299599029232964994497
0.00143800967226734688980883890671
0.00143800967226734688980883890671
0.00143450519514745929143258688446
0.00143450519514745929143258688446
0.00143099399805313570210143580933
0.00143099399805313570210143580933
0.00142747609743266421021937975978
0.00142747609743266421021937975978
0.0014239515097657357352888410012
0.0014239515097657357352888410012
0.00142042025156336682839832363409
0.00142042025156336682839832363409
0.00141688233936782232596438791763
0.00141688233936782232596438791763
0.00141333778975253785709027577164
0.00141333778975253785709027577164
0.00140978661932204220490420369862
0.00140978661932204220490420369862
0.0014062288447118795222410234058
0.0014062288447118795222410234058
0.00140266448258853140203163274179
0.00140266448258853140203163274179
0.00139909354964933880276520019
0.00139909354964933880276520019
0.0013955160626224238293899450788
0.0013955160626224238293899450788
0.0013919320382666113700188928728
0.0013919320382666113700188928728
0.00138834149337135058880770039744
0.00138834149337135058880770039744
0.00138474444475663627537231961788
0.00138474444475663627537231961788
0.00138114090927293005111494063862
0.00138114090927293005111494063862
0.00137753090380108143282732491026
0.00137753090380108143282732491026
0.00137391444525224875394130822072
0.00137391444525224875394130822072
0.00137029155056781994379691990706
0.00137029155056781994379691990706
0.00136666223671933316529922984722
0.00136666223671933316529922984722
0.00136302652070839731133569817665
0.00136302652070839731133569817665
0.00135938441956661236032646431806
0.00135938441956661236032646431806
0.00135573595035548959128067181192
0.00135573595035548959128067181192
0.00135208113016637165873258358664
0.00135208113016637165873258358664
0.00134841997612035252793189870852
0.00134841997612035252793189870852
0.00134475250536819727066333629793
0.00134475250536819727066333629793
0.00134107873509026172207120518906
0.00134107873509026172207120518906
0.00133739868249641199886532904029
0.00133739868249641199886532904029
0.0013337123648259438792853459697
0.0013337123648259438792853459697
0.00133001979934750204520104939176
0.00133001979934750204520104939176
0.00132632100335899918672708256332
0.00132632100335899918672708256332
0.00132261599418753496973094340735
0.00132261599418753496973094340735
0.00131890478918931486661389846836
0.00131890478918931486661389846836
0.00131518740574956885074504536045
0.00131518740574956885074504536045
0.00131146386128246995492940179522
0.00131146386128246995492940179522
0.00130773417323105269429153621901
0.00130773417323105269429153621901
0.00130399835906713135395689024416
0.00130399835906713135395689024416
0.00130025643629121814191357642417
0.00130025643629121814191357642417
0.00129650842243244120743806649507
0.00129650842243244120743806649507
0.00129275433504846252546881498189
0.00129275433504846252546881498189
0.00128899419172539564731249104661
0.00128899419172539564731249104661
0.00128522801007772331806811763019
0.00128522801007772331806811763019
0.00128145580774821496115504131248
0.00128145580774821496115504131248
0.00127767760240784403033127887772
0.00127767760240784403033127887772
0.00127389341175570522958940732641
0.00127389341175570522958940732641
0.00127010325351893160131778301461
0.00127010325351893160131778301461
0.00126630714545261148311549272514
0.00126630714545261148311549272514
0.00126250510533970533365005478001
0.00126250510533970533365005478001
0.00125869715099096242794750178581
0.00125869715099096242794750178581
0.00125488330024483742250508826162
0.00125488330024483742250508826162
0.00125106357096740679061747622914
0.00125106357096740679061747622914
0.00124723798105228512830785984411
0.00124723798105228512830785984411
0.00124340654842054133125609631449
0.00124340654842054133125609631449
0.00123956929102061464311651468059
0.00123956929102061464311651468059
0.00123572622682823057561867652352
0.00123572622682823057561867652352
0.00123187737384631670084496331743
0.00123187737384631670084496331743
0.00122802275010491831607946394574
0.00122802275010491831607946394574
0.00122416237366111398162323285856
0.00122416237366111398162323285856
0.00122029626259893093197158445583
0.00122029626259893093197158445583
0.00121642443502926036074968253475
0.00121642443502926036074968253475
0.00121254690908977257980327503862
0.00121254690908977257980327503862
0.00120866370294483205284201388443
0.00120866370294483205284201388443
0.00120477483478541230403338732531
0.00120477483478541230403338732531
0.00120088032282901070194587811932
0.00120088032282901070194587811932
0.0011969801853195631192405447245
0.0011969801853195631192405447245
0.0011930744405273584685108048193
0.0011930744405273584685108048193
0.00118916310674895311467078065506
0.00118916310674895311467078065506
0.00118524620230708516429314407965
0.00118524620230708516429314407965
0.00118132374555058863229797552687
0.00118132374555058863229797552687
0.0011773957548543074863947258416
0.0011773957548543074863947258416
0.00117346224861900956967994250326
0.00117346224861900956967994250326
0.00116952324527130040179399261795
0.00116952324527130040179399261795
0.00116557876326353685904058396892
0.00116557876326353685904058396892
0.00116162882107374073387345244418
0.00116162882107374073387345244418
0.00115767343720551217415514929631
0.00115767343720551217415514929631
0.00115371263018794300259342492924
0.00115371263018794300259342492924
0.00114974641857552991676126724929
0.00114974641857552991676126724929
0.00114577482094808757010721205856
0.00114577482094808757010721205856
0.00114179785591066153436310050643
0.00114179785591066153436310050643
0.00113781554209344114375701424688
0.00113781554209344114375701424688
0.00113382789815167222143967267232
0.00113382789815167222143967267232
0.00112983494276556968853312840696
0.00112983494276556968853312840696
0.00112583669464023005621114714137
0.00112583669464023005621114714137
0.00112183317250554380122120587246
0.00112183317250554380122120587246
0.00111782439511610762525858967748
0.00111782439511610762525858967748
0.00111381038125113659860361129343
0.00111381038125113659860361129343
0.00110979114971437618843351999331
0.00110979114971437618843351999331
0.00110576671933401417222120654433
0.00110576671933401417222120654433
0.00110173710896259243663334939868
0.00110173710896259243663334939868
0.0010977023374769186623411837025
0.0010977023374769186623411837025
0.00109366242377797789515760921018
0.00109366242377797789515760921018
0.00108961738679084400391488575732
0.00108961738679084400391488575732
0.00108556724546459102549769557429
0.00108556724546459102549769557429
0.00108151201877220439744688040999
0.00108151201877220439744688040999
0.00107745172571049207854968818157
0.00107745172571049207854968818157
0.00107338638529999555783288866584
0.00107338638529999555783288866584
0.00106931601658490075237564060235
0.00106931601658490075237564060235
0.00106524063863294879435951348163
0.00106524063863294879435951348163
0.00106116027053534670777358624469
0.00106116027053534670777358624469
0.00105707493140667797519306211818
0.00105707493140667797519306211818
0.00105298464038481299505035385178
0.00105298464038481299505035385178
0.00104888941663081942981810670817
0.00104888941663081942981810670817
0.0010447892793288724455241376791
0.0010447892793288724455241376791
0.0010406842476861648430187785615
0.0010406842476861648430187785615
0.0010365743409328170814156177232
0.0010365743409328170814156177232
0.0010324595783217871941271406158
0.0010324595783217871941271406158
0.0010283399791287805979172723534
0.0010283399791287805979172723534
0.0010242155626521597953933269605
0.0010242155626521597953933269605
0.0010200863482128539713603672122
0.0010200863482128539713603672122
0.0010159523551542684834614763252
0.0010159523551542684834614763252
0.0010118136028421942475279381236
0.0010118136028421942475279381236
0.0010076701106647170180638156846
0.0010076701106647170180638156846
0.0010035218980321265642899098735
0.0010035218980321265642899098735
0.0009993689843768257421725685944
0.0009993689843768257421725685944
0.0009952113891532394628633050194
0.0009952113891532394628633050194
0.0009910491318377235579756685045
0.0009910491318377235579756685045
0.0009868822319284735421262953614
0.0009868822319284735421262953614
0.0009827107089454332731675481204
0.0009827107089454332731675481204
0.0009785345824302035105396314006
0.0009785345824302035105396314006
0.000974353871945950372170549982
0.000974353871945950372170549982
0.0009701685970773136903527501636
0.0009701685970773136903527501636
0.0009659787774303152670257589849
0.0009659787774303152670257589849
0.0009617844326322670288946073762
0.0009617844326322670288946073762
0.0009575855823316790828142927984
0.0009575855823316790828142927984
0.0009533822461981676718710044237
0.0009533822461981676718710044237
0.0009491744439223630325912993967
0.0009491744439223630325912993967
0.0009449621952158171537108821993
0.0009449621952158171537108821993
0.0009407455198109114369351006225
0.0009407455198109114369351006225
0.0009365244374607642601237313218
0.0009365244374607642601237313218
0.0009322989679391384433330853944
0.0009322989679391384433330853944
0.0009280691310403486181489198774
0.0009280691310403486181489198774
0.0009238349465791685007440945096
0.0009238349465791685007440945096
0.0009195964343907380690953645374
0.0009195964343907380690953645374
0.0009153536143304706447941497698
0.0009153536143304706447941497698
0.0009111065062739598798865675015
0.0009111065062739598798865675015
0.0009068551301168866491784623227
0.0009068551301168866491784623227
0.0009025995057749258484416092242
0.0009025995057749258484416092242
0.0008983396531836530989577077769
0.0008983396531836530989577077769
0.0008940755922984513588372245313
0.0008940755922984513588372245313
0.0008898073430944174415505781245
0.0008898073430944174415505781245
0.0008855349255662684421095969198
0.0008855349255662684421095969198
0.0008812583597282480713376123217
0.0008812583597282480713376123217
0.0008769776656140328986669822191
0.0008769776656140328986669822191
0.0008726928632766385039032683006
0.0008726928632766385039032683006
0.0008684039727883255383957182728
0.0008684039727883255383957182728
0.0008641110142405056960541292807
0.0008641110142405056960541292807
0.0008598140077436475946525920948
0.0008598140077436475946525920948
0.0008555129734271825678610368805
0.0008555129734271825678610368805
0.000851207931439410368445920614
0.000851207931439410368445920614
0.0008468989019474047830818134499
0.0008468989019474047830818134499
0.0008425859051369191592160565853
0.0008425859051369191592160565853
0.0008382689612122918444290774029
0.0008382689612122918444290774029
0.0008339480903963515387333589163
0.0008339480903963515387333589163
0.0008296233129303225602544697875
0.0008296233129303225602544697875
0.0008252946490737300247379684403
0.0008252946490737300247379684403
0.0008209621191043049393264000623
0.0008209621191043049393264000623
0.00081662574331788921105100857
0.00081662574331788921105100857
0.0008122855420283405704831869211
0.0008122855420283405704831869211
0.0008079415355674374109910884877
0.0008079415355674374109910884877
0.0008035937442847835440472195724
0.0008035937442847835440472195724
0.0007992421885477128710332285538
0.0007992421885477128710332285538
0.0007948868887411939719885005967
0.0007948868887411939719885005967
0.0007905278652677346117495583715
0.0007905278652677346117495583715
0.0007861651385472861639276587899
0.0007861651385472861639276587899
0.0007817987290171479531723634069
0.0007817987290171479531723634069
0.0007774286571318715161692458549
0.0007774286571318715161692458549
0.0007730549433631647818202834921
0.0007730549433631647818202834921
0.0007686776081997961710558623634
0.0007686776081997961710558623634
0.0007642966721474986167277046054
0.0007642966721474986167277046054
0.0007599121557288735040324055973
0.0007599121557288735040324055973
0.0007555240794832945319156444696
0.0007555240794832945319156444696
0.0007511324639668114959075060661
0.0007511324639668114959075060661
0.0007467373297520539928397251124
0.0007467373297520539928397251124
0.000742338697428135047896034212
0.000742338697428135047896034212
0.0007379365876005546644471663789
0.0007379365876005546644471663789
0.0007335310208911032971224301568
0.0007335310208911032971224301568
0.000729122017937765248570140985
0.000729122017937765248570140985
0.0007247095993946219903595563924
0.0007247095993946219903595563924
0.0007202937859317554084773248483
0.0007202937859317554084773248483
0.0007158745982351509738718187163
0.0007158745982351509738718187163
0.0007114520570066008384990807839
0.0007114520570066008384990807839
0.0007070261829636068573244713004
0.0007070261829636068573244713004
0.0007025969968392835367344584114
0.0007025969968392835367344584114
0.0006981645193822609098133493666
0.0006981645193822609098133493666
0.0006937287713565873389401129453
0.0006937287713565873389401129453
0.0006892897735416322461607952623
0.0006892897735416322461607952623
0.0006848475467319887717923815335
0.0006848475467319887717923815335
0.0006804021117373763617143055654
0.0006804021117373763617143055654
0.0006759534893825432838041567634
0.0006759534893825432838041567634
0.0006715017005071690739744814077
0.0006715017005071690739744814077
0.0006670467659657669122679209003
0.0006670467659657669122679209003
0.0006625887066275859294682747587
0.0006625887066275859294682747587
0.0006581275433765134446854203978
0.0006581275433765134446854203978
0.0006536632971109771343723653396
0.0006536632971109771343723653396
0.0006491959887438471332330505287
0.0006491959887438471332330505287
0.0006447256392023380674798660506
0.0006447256392023380674798660506
0.0006402522694279110209001829064
0.0006402522694279110209001829064
0.0006357759003761754341915467397
0.0006357759003761754341915467397
0.0006312965530167909380255217335
0.0006312965530167909380255217335
0.0006268142483333691203005154829
0.0006268142483333691203005154829
0.0006223290073233752280442587279
0.0006223290073233752280442587279
0.0006178408509980298044269576255
0.0006178408509980298044269576255
0.0006133498003822102613464810248
0.0006133498003822102613464810248
0.0006088558765143523880472912623
0.0006088558765143523880472912623
0.0006043591004463517962351746326
0.0006043591004463517962351746326
0.0005998594932434653021501772619
0.0005998594932434653021501772619
0.0005953570759842122460605040046
0.0005953570759842122460605040046
0.0005908518697602757496404926101
0.0005908518697602757496404926101
0.0005863438956764039116961332456
0.0005863438956764039116961332456
0.0005818331748503109427019650162
0.0005818331748503109427019650162
0.0005773197284125782386135469742
0.0005773197284125782386135469742
0.0005728035775065553944200718765
0.0005728035775065553944200718765
0.000568284743288261157902067341
0.000568284743288261157902067341
0.0005637632469262843240595118266
0.0005637632469262843240595118266
0.0005592391096016845706760828927
0.0005592391096016845706760828927
0.0005547123525078932354856534148
0.0005547123525078932354856534148
0.0005501829968506140354075589134
0.0005501829968506140354075589134
0.0005456510638477237283175770559
0.0005456510638477237283175770559
0.0005411165747291727178219900293
0.0005411165747291727178219900293
0.0005365795507368856015025433037
0.0005365795507368856015025433037
0.0005320400131246616631005719282
0.0005320400131246616631005719282
0.0005274979831580753091090397434
0.0005274979831580753091090397434
0.0005229534821143764502417297499
0.0005229534821143764502417297499
0.0005184065312823908282493376192
0.0005184065312823908282493376192
0.0005138571519624202885527574713
0.0005138571519624202885527574713
0.0005093053654661429991644124062
0.0005093053654661429991644124062
0.0005047511931165136163690750199
0.0005047511931165136163690750199
0.0005001946562476633976362488067
0.0005001946562476633976362488067
0.0004956357762048002622368439359
0.0004956357762048002622368439359
0.0004910745743441088000375848611
0.0004910745743441088000375848611
0.0004865110720326502289473376203
0.0004865110720326502289473376203
0.0004819452906482623014903471859
0.0004819452906482623014903471859
0.0004773772515794591609822362247
0.0004773772515794591609822362247
0.0004728069762253311477855433582
0.0004728069762253311477855433582
0.0004682344859954445561225796411
0.0004682344859954445561225796411
0.0004636598023097413419244657349
0.0004636598023097413419244657349
0.0004590829465984387821963896294
0.0004590829465984387821963896294
0.0004545039403019290863804076207
0.0004545039403019290863804076207
0.0004499228048706789601985130909
0.0004499228048706789601985130909
0.0004453395617651291224602337889
0.0004453395617651291224602337889
0.0004407542324555937753207062463
0.0004407542324555937753207062463
0.0004361668384221600284770355999
0.0004361668384221600284770355999
0.0004315774011545872777928031602
0.0004315774011545872777928031602
0.0004269859421522065388428585556
0.0004269859421522065388428585556
0.0004223924829238197358730579523
0.0004223924829238197358730579523
0.0004177970449875989466724188039
0.0004177970449875989466724188039
0.0004131996498709856038582939848
0.0004131996498709856038582939848
0.0004086003191105896530786690393
0.0004086003191105896530786690393
0.0004039990742520886686396074754
0.0004039990742520886686396074754
0.0003993959368501269270702703533
0.0003993959368501269270702703533
0.0003947909284682144391428869417
0.0003947909284682144391428869417
0.0003901840706786259408706328537
0.0003901840706786259408706328537
0.0003855753850622998440126734707
0.0003855753850622998440126734707
0.0003809648932087371466227611304
0.0003809648932087371466227611304
0.0003763526167159003041858595535
0.0003763526167159003041858595535
0.0003717385771901120618964539901
0.0003717385771901120618964539901
0.0003671227962459542486426606039
0.0003671227962459542486426606039
0.0003625052955061665332721724847
0.0003625052955061665332721724847
0.0003578860966015451437297052944
0.0003578860966015451437297052944
0.0003532652211708415496712062864
0.0003532652211708415496712062864
0.0003486426908606611091779878351
0.0003486426908606611091779878351
0.0003440185273253616802145196306
0.0003440185273253616802145196306
0.0003393927522269521974973099041
0.0003393927522269521974973099041
0.0003347653872349912154696552147
0.0003347653872349912154696552147
0.0003301364540264854181086688572
0.0003301364540264854181086688572
0.00032550597428578809632765701
0.00032550597428578809632765701
0.0003208739697044975937794897475
0.0003208739697044975937794897475
0.0003162404619813557219161746797
0.0003162404619813557219161746797
0.0003116054728221461452176580908
0.0003116054728221461452176580908
0.000306969023939592737570481403
0.000306969023939592737570481403
0.0003023311370532579108561505495
0.0003023311370532579108561505495
0.0002976918338894409169021544498
0.0002976918338894409169021544498
0.000293051136181076124058185624
0.000293051136181076124058185624
0.0002884090656676312697895354271
0.0002884090656676312697895354271
0.0002837656440950056908328323355
0.0002837656440950056908328323355
0.0002791208932154285326411165237
0.0002791208932154285326411165237
0.0002744748347873569400616411479
0.0002744748347873569400616411479
0.0002698274905753742314480638637
0.0002698274905753742314480638637
0.0002651788823500880587178458884
0.0002651788823500880587178458884
0.000260529031888028556236850743
0.000260529031888028556236850743
0.0002558779609715464818601622749
0.0002558779609715464818601622749
0.0002512256913887113539982577492
0.0002512256913887113539982577492
0.0002465722449332095892324370931
0.0002465722449332095892324370931
0.0002419176434042426457998996768
0.0002419176434042426457998996768
0.0002372619086064251792412165207
0.0002372619086064251792412165207
0.0002326050623496832176944010129
0.0002326050623496832176944010129
0.0002279471264491523657853200944
0.0002279471264491523657853200944
0.0002232881227250760478740615959
0.0002232881227250760478740615959
0.0002186280730027038036612629734
0.0002186280730027038036612629734
0.0002139669991121896519536466902
0.0002139669991121896519536466902
0.000209304922888490541884939713
0.000209304922888490541884939713
0.0002046418661712649152836065666
0.0002046418661712649152836065666
0.0001999778508047714094301324014
0.0001999778508047714094301324014
0.0001953128986377677364937469533
0.0001953128986377677364937469533
0.0001906470315234097849321677134
0.0001906470315234097849321677134
0.0001859802713191509996797107618
0.0001859802713191509996797107618
0.0001813126398866421128471966028
0.0001813126398866421128471966028
0.0001766441590916313160048990369
0.0001766441590916313160048990369
0.000171974850803864990407373988
0.000171974850803864990407373988
0.0001673047368969891447923036069
0.0001673047368969891447923036069
0.0001626338392484517544762611442
0.0001626338392484517544762611442
0.0001579621797394062543309797585
0.0001579621797394062543309797585
0.0001532897802546165174198909297
0.0001532897802546165174198909297
0.0001486166626823637585169655605
0.0001486166626823637585169655605
0.0001439428489143559487731367795
0.0001439428489143559487731367795
0.0001392683608456405309094700364
0.0001392683608456405309094700364
0.000134593220374521507654514679
0.000134593220374521507654514679
0.0001299174494024823755468140267
0.0001299174494024823755468140267
0.0001252410698341169455432873798
0.0001252410698341169455432873798
0.0001205641035770709131046943539
0.0001205641035770709131046943539
0.0001158865725419982402043923137
0.0001158865725419982402043923137
0.0001112084986425381886005576984
0.0001112084986425381886005576984
0.0001065299037953215142388786108
0.0001065299037953215142388786108
0.0001018508099200184102646644319
0.0001018508099200184102646644319
0.000097171238939447119713413969
0.000097171238939447119713413969
0.0000924912127797721611546912
0.0000924912127797721611546912
0.00008781075337083729382309313
0.00008781075337083729382309313
0.000083129882646705065308416987
0.000083129882646705065308416987
0.000078448622546519975778399393
0.000078448622546519975778399393
0.000073766995015890811301290275
0.000073766995015890811301290275
0.000069085022009128245787248209
0.000069085022009128245787248209
0.00006440272549293388748183354
0.00006440272549293388748183354
0.00005972012745263651900024727
0.00005972012745263651900024727
0.000055037249903072354945778755
0.000055037249903072354945778755
0.000050354114908311502091224332
0.000050354114908311502091224332
0.000045670744619114752470930193
0.000045670744619114752470930193
0.000040987161348118616288745079
0.000040987161348118616288745079
0.000036303387731250970855811933
0.000036303387731250970855811933
0.000031619447104153789597236376
0.000031619447104153789597236376
0.000026935364476158551959486083
0.000026935364476158551959486083
0.000022251169413869479503336975
0.000022251169413869479503336975
0.000017566906286308935193114515
0.000017566906286308935193114515
0.000012882681625996293017458113
0.000012882681625996293017458113
8.1989981086972367289077e-6
8.1989981086972367289077e-6
3.52220127584971930114994e-6
3.52220127584971930114994e-6