0.00272589105422224559147994451656
0.00272589105422224559147994451656
0.00272587079950882956571707241174
0.00272587079950882956571707241174
0.00272583029023250001315624331541
0.00272583029023250001315624331541
0.00272576952669426081341957665013
0.00272576952669426081341957665013
0.0027256885093456149901792841167
0.0027256885093456149901792841167
0.00272558723878856135626777552915
0.00272558723878856135626777552915
0.00272546571577559004052991100016
0.00272546571577559004052991100016
0.00272532394120967689645063716869
0.00272532394120967689645063716869
0.00272516191614427679259955412084
0.00272516191614427679259955412084
0.00272497964178331578494226830658
0.00272497964178331578494226830658
0.00272477711948118217107669503505
0.00272477711948118217107669503505
0.00272455435074271642646078198021
0.00272455435074271642646078198021
0.00272431133722320002270643248257
0.00272431133722320002270643248257
0.00272404808072834312802271423203
0.00272404808072834312802271423203
0.00272376458321427118989974509823
0.00272376458321427118989974509823
0.00272346084678751040013295337712
0.00272346084678751040013295337712
0.00272313687370497204229571448456
0.00272313687370497204229571448456
0.00272279266637393572177667008613
0.00272279266637393572177667008613
0.00272242822735203147850633874814
0.00272242822735203147850633874814
0.00272204355934722078250592936309
0.00272204355934722078250592936309
0.00272163866521777641239956978468
0.00272163866521777641239956978468
0.00272121354797226121703946323949
0.00272121354797226121703946323949
0.00272076821076950576040178410366
0.00272076821076950576040178410366
0.00272030265691858484991942248133
0.00272030265691858484991942248133
0.00271981688987879294842598363618
0.00271981688987879294842598363618
0.00271931091325961846989374364552
0.00271931091325961846989374364552
0.00271878473082071695915655660732
0.00271878473082071695915655660732
0.00271823834647188315581700127215
0.00271823834647188315581700127215
0.00271767176427302194254534603287
0.00271767176427302194254534603287
0.00271708498843411817798620072322
0.00271708498843411817798620072322
0.002716478023315205414497011591
0.002716478023315205414497011591
0.00271585087342633350095084206014
0.00271585087342633350095084206014
0.0027152035434275350708441664178
0.0027152035434275350708441664178
0.00271453603812879091595868629532
0.00271453603812879091595868629532
0.00271384836248999424583446069487
0.00271384836248999424583446069487
0.00271314052162091383331991928397
0.00271314052162091383331991928397
0.00271241252078115604647260567819
0.00271241252078115604647260567819
0.00271166436538012576709277239451
0.00271166436538012576709277239451
0.00271089606097698619618022202469
0.00271089606097698619618022202469
0.00271010761328061754661305988637
0.00271010761328061754661305988637
0.00270929902814957462335529189914
0.00270929902814957462335529189914
0.00270847031159204329150846764155
0.00270847031159204329150846764155
0.0027076214697657958325308324118
0.0027076214697657958325308324118
0.00270675250897814518895571357774
0.00270675250897814518895571357774
0.00270586343568589809794912550048
0.00270586343568589809794912550048
0.00270495425649530711405483378747
0.00270495425649530711405483378747
0.00270402497816202152148337351594
0.00270402497816202152148337351594
0.00270307560759103713630976730242
0.00270307560759103713630976730242
0.00270210615183664499895293761994
0.00270210615183664499895293761994
0.00270111661810237895731805351769
0.00270111661810237895731805351769
0.00270010701374096214099129481941
0.00270010701374096214099129481941
0.00269907734625425232688475690313
0.00269907734625425232688475690313
0.00269802762329318619673745623674
0.00269802762329318619673745623674
0.00269695785265772248688663089913
0.00269695785265772248688663089913
0.00269586804229678403073176129371
0.00269586804229678403073176129371
0.00269475820030819869432196410001
0.00269475820030819869432196410001
0.00269362833493863920550563714773
0.00269362833493863920550563714773
0.00269247845458356187708945427499
0.00269247845458356187708945427499
0.00269130856778714422446202728821
0.00269130856778714422446202728821
0.00269011868324222147814576681287
0.00269011868324222147814576681287
0.00268890880979022199174868505287
0.00268890880979022199174868505287
0.00268767895642110154579609119812
0.00268767895642110154579609119812
0.00268642913227327654793033437712
0.00268642913227327654793033437712
0.00268515934663355612997494957975
0.00268515934663355612997494957975
0.00268386960893707314236775881695
0.00268386960893707314236775881695
0.00268255992876721404647567287553
0.00268255992876721404647567287553
0.00268123031585554770531212830861
0.00268123031585554770531212830861
0.00267988078008175307318627971294
0.00267988078008175307318627971294
0.00267851133147354578482124882433
0.00267851133147354578482124882433
0.00267712198020660364448690944909
0.00267712198020660364448690944909
0.00267571273660449101570086068369
0.00267571273660449101570086068369
0.00267428361113858211205941019457
0.00267428361113858211205941019457
0.00267283461442798318976855447571
0.00267283461442798318976855447571
0.0026713657572394536424531039114
0.0026713657572394536424531039114
0.00266987705048732599883025708615
0.00266987705048732599883025708615
0.00266836850523342482384208104116
0.00266836850523342482384208104116
0.00266684013268698452384950201745
0.00266684013268698452384950201745
0.00266529194420456605649855458854
0.00266529194420456605649855458854
0.00266372395128997254587777591051
0.00266372395128997254587777591051
0.0026621361655941638035937660433
0.0026621361655941638035937660433
0.00266052859891516975640006486408
0.00266052859891516975640006486408
0.00265890126319800278102262094142
0.00265890126319800278102262094142
0.00265725417053456894683324780619
0.00265725417053456894683324780619
0.00265558733316357816703057828334
0.00265558733316357816703057828334
0.00265390076347045325899613787502
0.00265390076347045325899613787502
0.00265219447398723791450126355243
0.00265219447398723791450126355243
0.00265046847739250358044869465876
0.00265046847739250358044869465876
0.00264872278651125525084075788981
0.00264872278651125525084075788981
0.00264695741431483617067415844167
0.00264695741431483617067415844167
0.00264517237392083145246947433648
0.00264517237392083145246947433648
0.00264336767859297060615153059673
0.00264336767859297060615153059673
0.00264154334174102898300490427741
0.00264154334174102898300490427741
0.00263969937692072813443688032171
0.00263969937692072813443688032171
0.00263783579783363508628824172154
0.00263783579783363508628824172154
0.00263595261832706052944033547787
0.00263595261832706052944033547787
0.00263404985239395592747490830872
0.00263404985239395592747490830872
0.00263212751417280954215125288378
0.00263212751417280954215125288378
0.00263018561794754137747324651552
0.00263018561794754137747324651552
0.00262822417814739704312689964645
0.00262822417814739704312689964645
0.00262624320934684053807706108163
0.00262624320934684053807706108163
0.00262424272626544595511995066524
0.00262424272626544595511995066524
0.0026222227437677881071962079297
0.0026222227437677881071962079297
0.00262018327686333207627715709648
0.00262018327686333207627715709648
0.00261812434070632168564499461974
0.00261812434070632168564499461974
0.0026160459505956668963956051773
0.0026160459505956668963956051773
0.00261394812197483012900070556966
0.00261394812197483012900070556966
0.00261183087043171151077400332629
0.00261183087043171151077400332629
0.00260969421169853305009403788109
0.00260969421169853305009403788109
0.00260753816165172173824434690539
0.00260753816165172173824434690539
0.00260536273631179157973956871866
0.00260536273631179157973956871866
0.00260316795184322455201405357436
0.00260316795184322455201405357436
0.00260095382455435049535751198261
0.00260095382455435049535751198261
0.00259872037089722593399017702294
0.00259872037089722593399017702294
0.00259646760746751182917789976039
0.00259646760746751182917789976039
0.00259419555100435026529553234775
0.00259419555100435026529553234775
0.00259190421839024006975488211676
0.00259190421839024006975488211676
0.00258959362665091136772144187261
0.00258959362665091136772144187261
0.00258726379295519907255201665041
0.00258726379295519907255201665041
0.00258491473461491531289327531026
0.00258491473461491531289327531026
0.00258254646908472079738915648114
0.00258254646908472079738915648114
0.00258015901396199511795295245318
0.00258015901396199511795295245318
0.00257775238698670599256778160558
0.00257775238698670599256778160558
0.00257532660604127744858703978405
0.00257532660604127744858703978405
0.00257288168915045694751429364863
0.00257288168915045694751429364863
0.00257041765448118145224994434245
0.00257041765448118145224994434245
0.00256793452034244243779984782464
0.00256793452034244243779984782464
0.00256543230518514984644892880912
0.00256543230518514984644892880912
0.00256291102760199498841066839611
0.00256291102760199498841066839611
0.00256037070632731238897118111709
0.00256037070632731238897118111709
0.00255781136023694058315442517837
0.00255781136023694058315442517837
0.00255523300834808185894291012485
0.00255523300834808185894291012485
0.00255263566981916095009607889656
0.00255263566981916095009607889656
0.00255001936394968267961634625727
0.00255001936394968267961634625727
0.00254738411018008855492057277957
0.00254738411018008855492057277957
0.00254472992809161231578254291599
0.00254472992809161231578254291599
0.00254205683740613443611979711327
0.00254205683740613443611979711327
0.00253936485798603558070594137873
0.00253936485798603558070594137873
0.00253665400983404901789732312663
0.00253665400983404901789732312663
0.00253392431309311198947071946
0.00253392431309311198947071946
0.00253117578804621603867643322239
0.00253117578804621603867643322239
0.00252840845511625629761893312735
0.00252840845511625629761893312735
0.00252562233486587973508490698214
0.00252562233486587973508490698214
0.00252281744799733236594632141056
0.00252281744799733236594632141056
0.00251999381535230542327379748905
0.00251999381535230542327379748905
0.00251715145791178049430331928386
0.00251715145791178049430331928386
0.00251429039679587362140699135755
0.00251429039679587362140699135755
0.00251141065326367836922625184272
0.00251141065326367836922625184272
0.0025085122487131078591336296039
0.0025085122487131078591336296039
0.00250559520468073577219680726584
0.00250559520468073577219680726584
0.00250265954284163632182641642312
0.00250265954284163632182641642312
0.00249970528500922319729664710331
0.00249970528500922319729664710331
0.00249673245313508747933540047842
0.00249673245313508747933540047842
0.00249374106930883452898835184913
0.00249374106930883452898835184913
0.00249073115575791985096892000721
0.00249073115575791985096892000721
0.00248770273484748393271375915674
0.00248770273484748393271375915674
0.00248465582908018606037100058756
0.00248465582908018606037100058756
0.00248159046109603711295607318834
0.00248159046109603711295607318834
0.00247850665367223133591752460515
0.00247850665367223133591752460515
0.00247540442972297709536284833818
0.00247540442972297709536284833818
0.0024722838122993266142018962679
0.0024722838122993266142018962679
0.0024691448245890046914730209562
0.0024691448245890046914730209562
0.00246598748991623640612464752124
0.00246598748991623640612464752124
0.00246281183174157380653252088208
0.00246281183174157380653252088208
0.0024596178736617215870404106525
0.0024596178736617215870404106525
0.00245640563940936175281958287879
0.00245640563940936175281958287879
0.0024531751528529772743498651066
0.0024531751528529772743498651066
0.00244992643799667473283263887139
0.00244992643799667473283263887139
0.00244665951898000595785359158043
0.00244665951898000595785359158043
0.0024433744200777886586205478353
0.0024433744200777886586205478353
0.0024400711656999260501091784773
0.0024400711656999260501091784773
0.00243674978039122547545685396788
0.00243674978039122547545685396788
0.00243341028883121602595236708786
0.00243341028883121602595236708786
0.00243005271583396515997669829553
0.00243005271583396515997669829553
0.00242667708634789432225743537147
0.00242667708634789432225743537147
0.00242328342545559356480688714033
0.00242328342545559356480688714033
0.00241987175837363517092134904185
0.00241987175837363517092134904185
0.00241644211045238628362638607119
0.00241644211045238628362638607119
0.00241299450717582053996039606506
0.00241299450717582053996039606506
0.00240952897416132871249610342239
0.00240952897416132871249610342239
0.00240604553715952835950701005968
0.00240604553715952835950701005968
0.00240254422205407248519319665833
0.00240254422205407248519319665833
0.00239902505486145721138822300813
0.00239902505486145721138822300813
0.00239548806173082846217622143424
0.00239548806173082846217622143424
0.00239193326894378766285561185914
0.00239193326894378766285561185914
0.00238836070291419645469319094142
0.00238836070291419645469319094142
0.00238477039018798042691966089661
0.00238477039018798042691966089661
0.00238116235744293186742496598588
0.00238116235744293186742496598588
0.00237753663148851153361909620284
0.00237753663148851153361909620284
0.00237389323926564944493129834272
0.00237389323926564944493129834272
0.00237023220784654469842790434741
0.00237023220784654469842790434741
0.00236655356443446430903624553029
0.00236655356443446430903624553029
0.00236285733636354107586936894294
0.00236285733636354107586936894294
0.0023591435510985704761535086972
0.0023591435510985704761535086972
0.00235541223623480658826749044732
0.00235541223623480658826749044732
0.00235166341949775704541046141445
0.00235166341949775704541046141445
0.00234789712874297702142154124532
0.00234789712874297702142154124532
0.00234411339195586225028218058602
0.00234411339195586225028218058602
0.00234031223725144108083919446585
0.00234031223725144108083919446585
0.00233649369287416556829360637299
0.00233649369287416556829360637299
0.00233265778719770160400759620883
0.00233265778719770160400759620883
0.00232880454872471808518899107915
0.00232880454872471808518899107915
0.00232493400608667512601987206391
0.00232493400608667512601987206391
0.00232104618804361131180299265097
0.00232104618804361131180299265097
0.0023171411234839299977068153688
0.0023171411234839299977068153688
0.00231321884142418465369707225754
0.00231321884142418465369707225754
0.0023092793710088632572498421224
0.0023092793710088632572498421224
0.00230532274151017173544821296705
0.00230532274151017173544821296705
0.00230134898232781645807166155407
0.00230134898232781645807166155407
0.00229735812298878578329433363197
0.00229735812298878578329433363197
0.00229335019314713065761544795226
0.00229335019314713065761544795226
0.00228932522258374427165207472235
0.00228932522258374427165207472235
0.00228528324120614077343155454894
0.00228528324120614077343155454894
0.00228122427904823304082782716964
0.00228122427904823304082782716964
0.00227714836627010951479293029646
0.00227714836627010951479293029646
0.00227305553315781009504190765019
0.00227305553315781009504190765019
0.00226894581012310109985633169942
0.00226894581012310109985633169942
0.00226481922770324929167860067902
0.00226481922770324929167860067902
0.00226067581656079497017611109896
0.00226067581656079497017611109896
0.00225651560748332413446133611427
0.00225651560748332413446133611427
0.0022523386313832397161607567584
0.0022523386313832397161607567584
0.00224814491929753188503249709476
0.00224814491929753188503249709476
0.00224393450238754742883940576279
0.00224393450238754742883940576279
0.00223970741193875820919120513463
0.00223970741193875820919120513463
0.0022354636793605286950761953053
0.0022354636793605286950761953053
0.00223120333618588257580985336184
0.00223120333618588257580985336184
0.00222692641407126845513450876508
0.00222692641407126845513450876508
0.0022226329447963246282111031792
0.0022226329447963246282111031792
0.00221832296026364294325085765027
0.00221832296026364294325085765027
0.00221399649249853174954147161317
0.00221399649249853174954147161317
0.002209653573648777933629266747
0.002209653573648777933629266747
0.00220529423598440804542546415206
0.00220529423598440804542546415206
0.00220091851189744851601154563525
0.00220091851189744851601154563525
0.00219652643390168496892539901675
0.00219652643390168496892539901675
0.00219211803463242062671668325717
0.00219211803463242062671668325717
0.00218769334684623381456657180245
0.00218769334684623381456657180245
0.00218325240342073456277374180256
0.00218325240342073456277374180256
0.00217879523735432030991517273052
0.00217879523735432030991517273052
0.00217432188176593070849700036004
0.00217432188176593070849700036004
0.00216983236989480153491734100385
0.00216983236989480153491734100385
0.00216532673510021770556965632103
0.00216532673510021770556965632103
0.00216080501086126540092187082061
0.00216080501086126540092187082061
0.00215626723077658329941308237139
0.00215626723077658329941308237139
0.00215171342856411292301632052487
0.00215171342856411292301632052487
0.00214714363806084809632240822031
0.00214714363806084809632240822031
0.00214255789322258352100656941915
0.00214255789322258352100656941915
0.00213795622812366246754599836156
0.00213795622812366246754599836156
0.00213333867695672358606316540151
0.00213333867695672358606316540151
0.00212870527403244683817617971035
0.00212870527403244683817617971035
0.00212405605377929855174406049323
0.00212405605377929855174406049323
0.00211939105074327560040128568937
0.00211939105074327560040128568937
0.00211471029958764870978249037841
0.00211471029958764870978249037841
0.00211001383509270489234467624147
0.00211001383509270489234467624147
0.00210530169215548901270076837962
0.00210530169215548901270076837962
0.00210057390578954448538481652628
0.00210057390578954448538481652628
0.00209583051112465310697558415458
0.00209583051112465310697558415458
0.00209107154340657402451170112961
0.00209107154340657402451170112961
0.00208629703799678184213797333928
0.00208629703799678184213797333928
0.00208150703037220386792884610974
0.00208150703037220386792884610974
0.00207670155612495650284140712432
0.00207670155612495650284140712432
0.00207188065096208077375668897003
0.00207188065096208077375668897003
0.00206704435070527701257439128749
0.00206704435070527701257439128749
0.00206219269129063868333248774947
0.00206219269129063868333248774947
0.00205732570876838535932951369431
0.00205732570876838535932951369431
0.00205244343930259485223364614565
0.00205244343930259485223364614565
0.00204754591917093449516898911232
0.00204754591917093449516898911232
0.00204263318476439158177576343502
0.00204263318476439158177576343502
0.00203770527258700296324737198341
0.00203770527258700296324737198341
0.002032762219255583805353567661
0.002032762219255583805353567661
0.00202780406149945550746519339964
0.00202780406149945550746519339964
0.00202283083616017278560219007468
0.00202283083616017278560219007468
0.00201784258019124992153277999887
0.00201784258019124992153277999887
0.00201283933065788617995793031163
0.00201283933065788617995793031163
0.0020078211247366903958213821259
0.0020078211247366903958213821259
0.00200278799971540473379169767898
0.00200278799971540473379169767898
0.00199773999299262762196892891323
0.00199773999299262762196892891323
0.00199267714207753586187464683991
0.00199267714207753586187464683991
0.00198759948458960591679019166986
0.00198759948458960591679019166986
0.00198250705825833438051410898269
0.00198250705825833438051410898269
0.00197739990092295762861582710591
0.00197739990092295762861582710591
0.00197227805053217065426870534271
0.00197227805053217065426870534271
0.00196714154514384509075164167508
0.00196714154514384509075164167508
0.0019619904229247464227144720348
0.0019619904229247464227144720348
0.00195682472215025038830842113167
0.00195682472215025038830842113167
0.00195164448120405857428887711263
0.00195164448120405857428887711263
0.00194644973857791320620375895215
0.00194644973857791320620375895215
0.00194124053287131113578672639867
0.00194124053287131113578672639867
0.00193601690279121702768044748001
0.00193601690279121702768044748001
0.00193077888715177574762108795753
0.00193077888715177574762108795753
0.0019255265248740239542211206713
0.0019255265248740239542211206713
0.00192025985498560089649347039128
0.00192025985498560089649347039128
0.00191497891662045841926591153953
0.00191497891662045841926591153953
0.00190968374901857017864052193182
0.00190968374901857017864052193182
0.00190437439152564006965886545921
0.00190437439152564006965886545921
0.00189905088359280986833943034888
0.00189905088359280986833943034888
0.00189371326477636609025968726403
0.00189371326477636609025968726403
0.00188836157473744606786095298268
0.00188836157473744606786095298268
0.00188299585324174324866005069063
0.00188299585324174324866005069063
0.00187761614015921171655754699232
0.00187761614015921171655754699232
0.0018722224754637699384381185412
0.0018722224754637699384381185412
0.00186681489923300373826435767643
0.00186681489923300373826435767643
0.00186139345164786850087106658146
0.00186139345164786850087106658146
0.00185595817299239060767281321087
0.00185595817299239060767281321087
0.00185050910365336810650322952146
0.00185050910365336810650322952146
0.00184504628412007061781022334965
0.00184504628412007061781022334965
0.00183956975498393847943694955845
0.00183956975498393847943694955845
0.00183407955693828113222404378991
0.00183407955693828113222404378991
0.00182857573077797474867426326258
0.00182857573077797474867426326258
0.00182305831739915910692630350552
0.00182305831739915910692630350552
0.00181752735779893371229016767877
0.00181752735779893371229016767877
0.0018119828930750531686020561543
0.0018119828930750531686020561543
0.0018064249644256218016623182786
0.0018064249644256218016623182786
0.0018008536131487875370255656684
0.0018008536131487875370255656684
0.0017952688806424350344175869604
0.0017952688806424350344175869604
0.0017896708084038780810592276097
0.0017896708084038780810592276097
0.0017840594380295512461829050569
0.0017840594380295512461829050569
0.0017784348112147007990329193371
0.0017784348112147007990329193371
0.0017727969697530748926461919254
0.0017727969697530748926461919254
0.0017671459555366130157155212773
0.0017671459555366130157155212773
0.0017614818105551347148428820826
0.0017614818105551347148428820826
0.0017558045768960275894957166646
0.0017558045768960275894957166646
0.0017501142967439345619845711875
0.0017501142967439345619845711875
0.0017444110123804404247858163432
0.0017444110123804404247858163432
0.0017386947661837576675385619304
0.0017386947661837576675385619304
0.0017329656006284115860502271777
0.0017329656006284115860502271777
0.0017272235582849246756505637606
0.0017272235582849246756505637606
0.0017214686818195003112392461706
0.0017214686818195003112392461706
0.0017157010139937057163774443904
0.0017157010139937057163774443904
0.0017099205976641542237790766538
0.0017099205976641542237790766538
0.001704127475782186829562705399
0.001704127475782186829562705399
0.0016983216913935530436302873142
0.0016983216913935530436302873142
0.0016925032876380910385442185813
0.0016925032876380910385442185813
0.0016866723077494070992793290191
0.0016866723077494070992793290191
0.0016808287950545543762316737662
0.0016808287950545543762316737662
0.0016749727929737109438711483822
0.0016749727929737109438711483822
0.0016691043450198571674301127645
0.0016691043450198571674301127645
0.0016632234947984523800253510114
0.0016632234947984523800253510114
0.0016573302860071108726158183005
0.0016573302860071108726158183005
0.001651424762435277199203731934
0.001651424762435277199203731934
0.001645506967963900799691651907
0.001645506967963900799691651907
0.0016395769465651099428132666348
0.0016395769465651099428132666348
0.0016336347423018849915606517978
0.0016336347423018849915606517978
0.0016276803993277309935358045888
0.0016276803993277309935358045888
0.0016217139618863495986592719408
0.0016217139618863495986592719408
0.0016157354743113103066736895363
0.0016157354743113103066736895363
0.0016097449810257210468850285147
0.0016097449810257210468850285147
0.0016037425265418980925893087692
0.0016037425265418980925893087692
0.0015977281554610353126374815145
0.0015977281554610353126374815145
0.0015917019124728727625961093873
0.0015917019124728727625961093873
0.0015856638423553646179663796625
0.0015856638423553646179663796625
0.0015796139899743464519288752056
0.0015796139899743464519288752056
0.0015735524002832018600863984944
0.0015735524002832018600863984944
0.001567479118322528434681996395
0.001567479118322528434681996395
0.0015613941892198030907741673323
0.0015613941892198030907741673323
0.0015552976581890467468560480247
0.0015552976581890467468560480247
0.00154918957053048836241017401
0.00154918957053048836241017401
0.0015430699716302283348951867529
0.0015430699716302283348951867529
0.0015369389069599012586656201449
0.0015369389069599012586656201449
0.001530796422076338048330640666
0.001530796422076338048330640666
0.0015246425626212274290623383235
0.0015246425626212274290623383235
0.0015184773743207767963688696974
0.0015184773743207767963688696974
0.0015123009029853724478524399575
0.0015123009029853724478524399575
0.0015061131945092391894767775516
0.0015061131945092391894767775516
0.0014999142948700993188734033521
0.0014999142948700993188734033521
0.0014937042501288309882206253685
0.0014937042501288309882206253685
0.0014874831064291259492338006436
0.0014874831064291259492338006436
0.0014812509099971466828099976178
0.0014812509099971466828099976178
0.0014750077071411829158747650497
0.0014750077071411829158747650497
0.0014687535442513075279832674663
0.0014687535442513075279832674663
0.0014624884677990318502325820756
0.0014624884677990318502325820756
0.0014562125243369603590464680543
0.0014562125243369603590464680543
0.0014499257604984447673984161097
0.0014499257604984447673984161097
0.0014436282229972375160432641575
0.0014436282229972375160432641575
0.0014373199586271446673321238476
0.0014373199586271446673321238476
0.0014310010142616782041898024514
0.0014310010142616782041898024514
0.0014246714368537077368383252883
0.0014246714368537077368383252883
0.0014183312734351116198545653707
0.0014183312734351116198545653707
0.0014119805711164274821543692608
0.0014119805711164274821543692608
0.0014056193770865021724999312311
0.0014056193770865021724999312311
0.0013992477386121411231315116703
0.0013992477386121411231315116703
0.0013928657030377571341289202455
0.0013928657030377571341289202455
0.0013864733177850185811124896039
0.0013864733177850185811124896039
0.001380070630352497048897551323
0.001380070630352497048897551323
0.0013736576883153143937206923931
0.0013736576883153143937206923931
0.0013672345393247892366603176889
0.0013672345393247892366603176889
0.001360801231108082890878271652
0.001360801231108082890878271652
0.0013543578114678447253134807164
0.0013543578114678447253134807164
0.0013479043282818569674627668528
0.0013479043282818569674627668528
0.001341440829502678947888151953
0.001341440829502678947888151953
0.0013349673631572907890941225935
0.0013349673631572907890941225935
0.0013284839773467365414224549893
0.0013284839773467365414224549893
0.0013219907202457667686163106451
0.0013219907202457667686163106451
0.0013154876401024805857094043118
0.0013154876401024805857094043118
0.0013089747852379671519001173313
0.0013089747852379671519001173313
0.0013024522040459466210744812883
0.0013024522040459466210744812883
0.001295919944992410552645989053
0.001295919944992410552645989053
0.00128937805661526178538420278
0.00128937805661526178538420278
0.0012828265875239537769081211964
0.0012828265875239537769081211964
0.0012762655863991294115242415575
0.0012762655863991294115242415575
0.0012696951019922592790932049426
0.0012696951019922592790932049426
0.0012631151831252794276128470921
0.0012631151831252794276128470921
0.0012565258786902285922093907375
0.0012565258786902285922093907375
0.0012499272376488849032324093206
0.0012499272376488849032324093206
0.0012433193090324020761530661393
0.0012433193090324020761530661393
0.0012367021419409450859689872624
0.0012367021419409450859689872624
0.0012300757855433253288229610258
0.0012300757855433253288229610258
0.001223440289076635273546471545
0.001223440289076635273546471545
0.0012167957018458826058428684346
0.0012167957018458826058428684346
0.0012101420732236238678287498196
0.0012101420732236238678287498196
0.0012034794526495975956558907417
0.0012034794526495975956558907417
0.0011968078896303569579397842045
0.0011968078896303569579397842045
0.0011901274337389018977245773593
0.0011901274337389018977245773593
0.0011834381346143107807178807165
0.0011834381346143107807178807165
0.0011767400419613715525326037678
0.0011767400419613715525326037678
0.001170033205550212407676626032
0.001170033205550212407676626032
0.0011633176752159319730347483014
0.0011633176752159319730347483014
0.0011565935008582290085909847747
0.0011565935008582290085909847747
0.0011498607324410316281428528252
0.0011498607324410316281428528252
0.0011431194199921260427628933986
0.0011431194199921260427628933986
0.0011363696136027848297662114711
0.0011363696136027848297662114711
0.0011296113634273947299463626623
0.0011296113634273947299463626623
0.0011228447196830839758454290049
0.0011228447196830839758454290049
0.0011160697326493491538276240779
0.0011160697326493491538276240779
0.0011092864526676816027292452286
0.0011092864526676816027292452286
0.0011024949301411933518612485085
0.0011024949301411933518612485085
0.0010956952155342426011441602639
0.0010956952155342426011441602639
0.0010888873593720587461584581258
0.0010888873593720587461584581258
0.0010820714122403669508969534911
0.0010820714122403669508969534911
0.0010752474247850122710090875587
0.0010752474247850122710090875587
0.0010684154477115833303304136654
0.0010684154477115833303304136654
0.0010615755317850355534938801378
0.0010615755317850355534938801378
0.0010547277278293139574228502656
0.0010547277278293139574228502656
0.0010478720867269755045090993934
0.0010478720867269755045090993934
0.0010410086594188110202823136826
0.0010410086594188110202823136826
0.0010341374969034666783808809309
0.0010341374969034666783808809309
0.0010272586502370650556370111252
0.0010272586502370650556370111252
0.0010203721705328257600924533193
0.0010203721705328257600924533193
0.0010134781089606856347642861571
0.0010134781089606856347642861571
0.0010065765167469185399834521335
0.0010065765167469185399834521335
0.0009996674451737547171318807235
0.0009996674451737547171318807235
0.0009927509455789997366072030865
0.0009927509455789997366072030865
0.0009858270693556530328472014578
0.0009858270693556530328472014578
0.0009788958679515260292492598913
0.0009788958679515260292492598913
0.0009719573928688598558231900758
0.0009719573928688598558231900758
0.0009650116956639426624188969014
0.0009650116956639426624188969014
0.000958058827946726530373423741
0.000958058827946726530373423741
0.0009510988413804439854249775135
0.0009510988413804439854249775135
0.0009441317876812241147445790402
0.0009441317876812241147445790402
0.0009371577186177082909390155829
0.0009371577186177082909390155829
0.0009301766860106655058817904176
0.0009301766860106655058817904176
0.000923188741732607317231769559
0.000923188741732607317231769559
0.0009161939377074024105022191211
0.0009161939377074024105022191211
0.0009091923259098907795459091511
0.0009091923259098907795459091511
0.000902183958365497528324932094
0.000902183958365497528324932094
0.0008951688871498462968368474159
0.0008951688871498462968368474159
0.0008881471643883723140717195478
0.0008881471643883723140717195478
0.0008811188422559350808775655432
0.0008811188422559350808775655432
0.0008740839729764306856146731635
0.0008740839729764306856146731635
0.0008670426088224037554821911702
0.0008670426088224037554821911702
0.0008599948021146590464033332604
0.0008599948021146590464033332604
0.0008529406052218726743584773682
0.0008529406052218726743584773682
0.0008458800705602029910583852815
0.0008458800705602029910583852815
0.0008388132505929011068527162153
0.0008388132505929011068527162153
0.0008317401978299210637719650052
0.0008317401978299210637719650052
0.0008246609648275296616039241082
0.0008246609648275296616039241082
0.0008175756041879159399087521887
0.0008175756041879159399087521887
0.0008104841685588003188797346863
0.0008104841685588003188797346863
0.0008033867106330434019598478958
0.0008033867106330434019598478958
0.000796283283148254443127292705
0.000796283283148254443127292705
0.0007891739388863994817662528658
0.0007891739388863994817662528658
0.0007820587306734091480422618061
0.0007820587306734091480422618061
0.000774937711378786141704738615
0.000774937711378786141704738615
0.0007678109339152123872424859187
0.0007678109339152123872424859187
0.0007606784512381558683212389101
0.0007606784512381558683212389101
0.0007535403163454771444357259165
0.0007535403163454771444357259165
0.0007463965822770355527121580522
0.0007463965822770355527121580522
0.0007392473021142950978006216327
0.0007392473021142950978006216327
0.0007320925289799300328005167741
0.0007320925289799300328005167741
0.0007249323160374301341659855602
0.0007249323160374301341659855602
0.0007177667164907056735422221497
0.0007177667164907056735422221497
0.0007105957835836920894876766084
0.0007105957835836920894876766084
0.000703419570599954362041478397
0.000703419570599954362041478397
0.0006962381308622910930999420125
0.0006962381308622910930999420125
0.0006890515177323382955708078567
0.0006890515177323382955708078567
0.0006818597846101728942789520147
0.0006818597846101728942789520147
0.0006746629849339159416027105008
0.0006746629849339159416027105008
0.0006674611721793355508257538338
0.0006674611721793355508257538338
0.0006602543998594495501956706364
0.0006602543998594495501956706364
0.0006530427215241278606871364121
0.0006530427215241278606871364121
0.0006458261907596946004748271476
0.0006458261907596946004748271476
0.0006386048611885299191291691451
0.0006386048611885299191291691451
0.0006313787864686715645566913443
0.0006313787864686715645566913443
0.000624148020293416185716273913
0.000624148020293416185716273913
0.0006169126163909203741530938113
0.0006169126163909203741530938113
0.0006096726285238014474037012892
0.0006096726285238014474037012892
0.0006024281104887379773385914077
0.0006024281104887379773385914077
0.0005951791161160700665230600049
0.0005951791161160700665230600049
0.0005879256992693993756932851438
0.0005879256992693993756932851438
0.000580667913845188905462722629
0.000580667913845188905462722629
0.0005734058137723625353943630161
0.0005734058137723625353943630161
0.0005661394530119043235975370563
0.0005661394530119043235975370563
0.0005588688855564575700342103534
0.0005588688855564575700342103534
0.0005515941654299236467495861592
0.0005515941654299236467495861592
0.0005443153466870605982759387872
0.0005443153466870605982759387872
0.0005370324834130815154976390062
0.0005370324834130815154976390062
0.0005297456297232526863101472485
0.0005297456297232526863101472485
0.0005224548397624915264573373222
0.0005224548397624915264573373222
0.0005151601677049642939910576586
0.0005151601677049642939910576586
0.0005078616677536835908657513048
0.0005078616677536835908657513048
0.0005005593941401056552609270865
0.0005005593941401056552609270865
0.0004932534011237274483173231367
0.0004932534011237274483173231367
0.0004859437429916835390811561453
0.0004859437429916835390811561453
0.0004786304740583427915778253503
0.0004786304740583427915778253503
0.0004713136486649048580853639783
0.0004713136486649048580853639783
0.0004639933211789964828530684109
0.0004639933211789964828530684109
0.0004566695459942676207172646543
0.0004566695459942676207172646543
0.0004493423775299873753103960406
0.0004493423775299873753103960406
0.0004420118702306397618492321716
0.0004420118702306397618492321716
0.0004346780785655192998324344153
0.0004346780785655192998324344153
0.0004273410570283264413885525117
0.0004273410570283264413885525117
0.0004200008601367628415070531677
0.0004200008601367628415070531677
0.0004126575424321264769748655468
0.0004126575424321264769748655468
0.0004053111584789066215511096442
0.0004053111584789066215511096442
0.000397961762864378685770491218
0.000397961762864378685770491218
0.0003906094101981989308054998366
0.0003906094101981989308054998366
0.0003832541551119990670819819095
0.0003832541551119990670819819095
0.0003758960522589807498860323698
0.0003758960522589807498860323698
0.000368535156313509986091031414
0.000368535156313509986091031414
0.0003611715219707114684592624241
0.0003611715219707114684592624241
0.0003538052039460628568443148511
0.0003538052039460628568443148511
0.0003464362569749890291814446195
0.0003464362569749890291814446195
0.0003390647358124563295877620304
0.0003390647358124563295877620304
0.0003316906952325668464418053201
0.0003316906952325668464418053201
0.0003243141900281527602846234449
0.0003243141900281527602846234449
0.0003169352750103708101907486824
0.0003169352750103708101907486824
0.0003095540050082969384363598621
0.0003095540050082969384363598621
0.0003021704348685211875583885965
0.0003021704348685211875583885965
0.000294784619454742942206469409
0.000294784619454742942206469409
0.0002873966136473666318214715016
0.0002873966136473666318214715016
0.0002800064723430980408642559133
0.0002800064723430980408642559133
0.0002726142504545414134297258793
0.0002726142504545414134297258793
0.0002652200029097975918594099681
0.0002652200029097975918594099681
0.0002578237846520634989024195564
0.0002578237846520634989024195564
0.0002504256506392333663389258782
0.0002504256506392333663389258782
0.0002430256558435022386003422182
0.0002430256558435022386003422182
0.0002356238552509724503437716885
0.0002356238552509724503437716885
0.0002282203038612640101758869495
0.0002282203038612640101758869495
0.0002208150566871301448970813676
0.0002208150566871301448970813676
0.0002134081687540797080626345765
0.0002134081687540797080626345765
0.0002059996951000087901838483607
0.0002059996951000087901838483607
0.0001985896907748447709358415696
0.0001985896907748447709358415696
0.0001911782108402073563580251659
0.0001911782108402073563580251659
0.0001837653103690930470920245172
0.0001837653103690930470920245172
0.0001763510444455923021746554253
0.0001763510444455923021746554253
0.0001689354681646528988382969225
0.0001689354681646528988382969225
0.000161518636631909456594897084
0.000161518636631909456594897084
0.0001541006049636091400894379275
0.0001541006049636091400894379275
0.000146681428286679452223915653
0.000146681428286679452223915653
0.00013926116173900969860265731
0.00013926116173900969860265731
0.000131839860470060081568604518
0.000131839860470060081568604518
0.000124417579641984062969895317
0.000124417579641984062969895317
0.000116994374431574179359782506
0.000116994374431574179359782506
0.000109570300033564425989809241
0.000109570300033564425989809241
0.000102145411666234853764448269
0.000102145411666234853764448269
0.000094719764581056435732226408
0.000094719764581056435732226408
0.000087293414079702144151550056
0.000087293414079702144151550056
0.000079866415545089658960947003
0.000079866415545089658960947003
0.000072438824500547532984754999
0.000072438824500547532984754999
0.000065010696728825080726540682
0.000065010696728825080726540682
0.000057582088527879454648796884
0.000057582088527879454648796884
0.000050153057307702462987644288
0.000050153057307702462987644288
0.00004272366313497301380470944
0.00004272366313497301380470944
0.000035293973306689784853803156
0.000035293973306689784853803156
0.000027864078600560706152465277
0.000027864078600560706152465277
0.000020434168397913756707460689
0.000020434168397913756707460689
0.0000130050604351707109171108
0.0000130050604351707109171108
5.58684028092465821082152e-6
5.58684028092465821082152e-6