0.006881866748513667
0.006881866748513667
0.006881540819721776
0.006881540819721776
0.006880888977574153
0.006880888977574153
0.006879911252942379
0.006879911252942379
0.006878607692132004
0.006878607692132004
0.006876978356880345
0.006876978356880345
0.006875023324353568
0.006875023324353568
0.006872742687143031
0.006872742687143031
0.006870136553260901
0.006870136553260901
0.006867205046135034
0.006867205046135034
0.006863948304603134
0.006863948304603134
0.006860366482906176
0.006860366482906176
0.006856459750681099
0.006856459750681099
0.006852228292952777
0.006852228292952777
0.006847672310125249
0.006847672310125249
0.006842792017972235
0.006842792017972235
0.00683758764762691
0.00683758764762691
0.006832059445570966
0.006832059445570966
0.006826207673622928
0.006826207673622928
0.006820032608925762
0.006820032608925762
0.006813534543933749
0.006813534543933749
0.006806713786398627
0.006806713786398627
0.006799570659355026
0.006799570659355026
0.00679210550110516
0.00679210550110516
0.006784318665202812
0.006784318665202812
0.006776210520436582
0.006776210520436582
0.006767781450812428
0.006767781450812428
0.006759031855535477
0.006759031855535477
0.006749962148991114
0.006749962148991114
0.006740572760725365
0.006740572760725365
0.006730864135424544
0.006730864135424544
0.006720836732894202
0.006720836732894202
0.006710491028037342
0.006710491028037342
0.006699827510831932
0.006699827510831932
0.006688846686307698
0.006688846686307698
0.006677549074522207
0.006677549074522207
0.006665935210536234
0.006665935210536234
0.006654005644388424
0.006654005644388424
0.00664176094106924
0.00664176094106924
0.006629201680494207
0.006629201680494207
0.006616328457476442
0.006616328457476442
0.006603141881698491
0.006603141881698491
0.006589642577683447
0.006589642577683447
0.006575831184765377
0.006575831184765377
0.006561708357059038
0.006561708357059038
0.006547274763428904
0.006547274763428904
0.006532531087457483
0.006532531087457483
0.006517478027412944
0.006517478027412944
0.006502116296216049
0.006502116296216049
0.006486446621406384
0.006486446621406384
0.006470469745107906
0.006470469745107906
0.006454186423993793
0.006454186423993793
0.006437597429250612
0.006437597429250612
0.006420703546541789
0.006420703546541789
0.006403505575970404
0.006403505575970404
0.006386004332041298
0.006386004332041298
0.006368200643622494
0.006368200643622494
0.006350095353905944
0.006350095353905944
0.006331689320367596
0.006331689320367596
0.006312983414726778
0.006312983414726778
0.006293978522904922
0.006293978522904922
0.006274675544983598
0.006274675544983598
0.00625507539516189
0.00625507539516189
0.006235179001713097
0.006235179001713097
0.006214987306940771
0.006214987306940771
0.006194501267134088
0.006194501267134088
0.00617372185252256
0.00617372185252256
0.006152650047230079
0.006152650047230079
0.006131286849228315
0.006131286849228315
0.006109633270289448
0.006109633270289448
0.006087690335938248
0.006087690335938248
0.00606545908540351
0.00606545908540351
0.006042940571568834
0.006042940571568834
0.006020135860922758
0.006020135860922758
0.00599704603350825
0.00599704603350825
0.005973672182871558
0.005973672182871558
0.005950015416010417
0.005950015416010417
0.005926076853321621
0.005926076853321621
0.005901857628547962
0.005901857628547962
0.005877358888724534
0.005877358888724534
0.00585258179412441
0.00585258179412441
0.005827527518203688
0.005827527518203688
0.005802197247545921
0.005802197247545921
0.005776592181805914
0.005776592181805914
0.005750713533652911
0.005750713533652911
0.00572456252871316
0.00572456252871316
0.005698140405511872
0.005698140405511872
0.005671448415414556
0.005671448415414556
0.00564448782256776
0.00564448782256776
0.005617259903839197
0.005617259903839197
0.005589765948757274
0.005589765948757274
0.005562007259450017
0.005562007259450017
0.005533985150583403
0.005533985150583403
0.005505700949299098
0.005505700949299098
0.0054771559951516
0.0054771559951516
0.005448351640044798
0.005448351640044798
0.005419289248167946
0.005419289248167946
0.005389970195931055
0.005389970195931055
0.005360395871899702
0.005360395871899702
0.005330567676729271
0.005330567676729271
0.005300487023098615
0.005300487023098615
0.00527015533564315
0.00527015533564315
0.005239574050887386
0.005239574050887386
0.005208744617176891
0.005208744617176891
0.005177668494609696
0.005177668494609696
0.005146347154967146
0.005146347154967146
0.005114782081644192
0.005114782081644192
0.005082974769579141
0.005082974769579141
0.005050926725182854
0.005050926725182854
0.005018639466267397
0.005018639466267397
0.004986114521974165
0.004986114521974165
0.004953353432701451
0.004953353432701451
0.004920357750031502
0.004920357750031502
0.004887129036657028
0.004887129036657028
0.004853668866307194
0.004853668866307194
0.004819978823673091
0.004819978823673091
0.004786060504332677
0.004786060504332677
0.004751915514675218
0.004751915514675218
0.004717545471825201
0.004717545471825201
0.004682952003565751
0.004682952003565751
0.004648136748261537
0.004648136748261537
0.004613101354781178
0.004613101354781178
0.00457784748241915
0.00457784748241915
0.004542376800817205
0.004542376800817205
0.004506690989885293
0.004506690989885293
0.004470791739722001
0.004470791739722001
0.00443468075053451
0.00443468075053451
0.00439835973255807
0.00439835973255807
0.004361830405975005
0.004361830405975005
0.004325094500833244
0.004325094500833244
0.004288153756964384
0.004288153756964384
0.00425100992390129
0.00425100992390129
0.004213664760795238
0.004213664760795238
0.0041761200363326
0.0041761200363326
0.004138377528651078
0.004138377528651078
0.004100439025255492
0.004100439025255492
0.004062306322933118
0.004062306322933118
0.004023981227668599
0.004023981227668599
0.003985465554558404
0.003985465554558404
0.003946761127724872
0.003946761127724872
0.003907869780229816
0.003907869780229816
0.003868793353987709
0.003868793353987709
0.00382953369967845
0.00382953369967845
0.003790092676659717
0.003790092676659717
0.003750472152878904
0.003750472152878904
0.003710674004784656
0.003710674004784656
0.003670700117237998
0.003670700117237998
0.003630552383423069
0.003630552383423069
0.003590232704757458
0.003590232704757458
0.003549742990802154
0.003549742990802154
0.003509085159171105
0.003509085159171105
0.003468261135440403
0.003468261135440403
0.003427272853057084
0.003427272853057084
0.003386122253247563
0.003386122253247563
0.003344811284925694
0.003344811284925694
0.003303341904600468
0.003303341904600468
0.003261716076283355
0.003261716076283355
0.003219935771395283
0.003219935771395283
0.003178002968673277
0.003178002968673277
0.003135919654076738
0.003135919654076738
0.003093687820693395
0.003093687820693395
0.003051309468644903
0.003051309468644903
0.003008786604992126
0.003008786604992126
0.002966121243640073
0.002966121243640073
0.002923315405242525
0.002923315405242525
0.002880371117106336
0.002880371117106336
0.002837290413095414
0.002837290413095414
0.002794075333534403
0.002794075333534403
0.00275072792511205
0.00275072792511205
0.002707250240784274
0.002707250240784274
0.00266364433967694
0.00266364433967694
0.002619912286988333
0.002619912286988333
0.002576056153891359
0.002576056153891359
0.002532078017435448
0.002532078017435448
0.002487979960448187
0.002487979960448187
0.002443764071436682
0.002443764071436682
0.002399432444488642
0.002399432444488642
0.002354987179173209
0.002354987179173209
0.002310430380441524
0.002310430380441524
0.002265764158527037
0.002265764158527037
0.002220990628845571
0.002220990628845571
0.002176111911895139
0.002176111911895139
0.002131130133155526
0.002131130133155526
0.002086047422987628
0.002086047422987628
0.002040865916532566
0.002040865916532566
0.001995587753610577
0.001995587753610577
0.001950215078619685
0.001950215078619685
0.001904750040434148
0.001904750040434148
0.001859194792302714
0.001859194792302714
0.001813551491746656
0.001813551491746656
0.001767822300457619
0.001767822300457619
0.001722009384195277
0.001722009384195277
0.001676114912684794
0.001676114912684794
0.001630141059514119
0.001630141059514119
0.001584090002031101
0.001584090002031101
0.001537963921240445
0.001537963921240445
0.001491765001700517
0.001491765001700517
0.001445495431419998
0.001445495431419998
0.001399157401754417
0.001399157401754417
0.001352753107302564
0.001352753107302564
0.001306284745802814
0.001306284745802814
0.001259754518029375
0.001259754518029375
0.001213164627688508
0.001213164627688508
0.001166517281314754
0.001166517281314754
0.00111981468816724
0.00111981468816724
0.001073059060126143
0.001073059060126143
0.001026252611589466
0.001026252611589466
0.0009793975593702906
0.0009793975593702906
0.0009324961225948406
0.0009324961225948406
0.0008855505226017839
0.0008855505226017839
0.0008385629828435268
0.0008385629828435268
0.0007915357287906791
0.0007915357287906791
0.0007444709878416739
0.0007444709878416739
0.0006973709892409458
0.0006973709892409458
0.0006502379640116986
0.0006502379640116986
0.0006030741449143464
0.0006030741449143464
0.0005558817664518327
0.0005558817664518327
0.0005086630649643147
0.0005086630649643147
0.0004614202789030394
0.0004614202789030394
0.0004141556494855943
0.0004141556494855943
0.0003668714222228998
0.0003668714222228998
0.0003195698506198852
0.0003195698506198852
0.000272253205917406
0.000272253205917406
0.000224923806140348
0.000224923806140348
0.0001775841195714305
0.0001775841195714305
0.0001302372434687258
0.0001302372434687258
0.0000828902805099396
0.0000828902805099396
0.00003560940525001715
0.00003560940525001715