0.01148660842343048
0.01148585064519161
0.01148585064519161
0.01148357741045714
0.01148357741045714
0.0114797890191603
0.0114797890191603
0.01147448597114586
0.01147448597114586
0.01146766896610413
0.01146766896610413
0.0114593389034787
0.0114593389034787
0.01144949688234771
0.01144949688234771
0.01143814420127889
0.01143814420127889
0.01142528235815819
0.01142528235815819
0.01141091304999214
0.01141091304999214
0.01139503817268398
0.01139503817268398
0.01137765982078351
0.01137765982078351
0.01135878028721068
0.01135878028721068
0.01133840206295311
0.01133840206295311
0.01131652783673744
0.01131652783673744
0.01129316049467451
0.01129316049467451
0.01126830311987862
0.01126830311987862
0.01124195899206072
0.01124195899206072
0.01121413158709569
0.01121413158709569
0.01118482457656372
0.01118482457656372
0.01115404182726586
0.01115404182726586
0.01112178740071387
0.01112178740071387
0.01108806555259433
0.01108806555259433
0.01105288073220711
0.01105288073220711
0.01101623758187834
0.01101623758187834
0.01097814093634792
0.01097814093634792
0.01093859582213157
0.01093859582213157
0.01089760745685767
0.01089760745685767
0.01085518124857884
0.01085518124857884
0.01081132279505835
0.01081132279505835
0.01076603788303159
0.01076603788303159
0.01071933248744254
0.01071933248744254
0.01067121277065543
0.01067121277065543
0.01062168508164169
0.01062168508164169
0.01057075595514223
0.01057075595514223
0.01051843211080525
0.01051843211080525
0.01046472045229967
0.01046472045229967
0.01040962806640419
0.01040962806640419
0.01035316222207231
0.01035316222207231
0.01029533036947324
0.01029533036947324
0.01023614013900891
0.01023614013900891
0.01017559934030718
0.01017559934030718
0.01011371596119148
0.01011371596119148
0.01005049816662686
0.01005049816662686
0.009985954297642699
0.009985954297642699
0.009920092870232172
0.009920092870232172
0.00985292257422865
0.00985292257422865
0.00978445227215915
0.00978445227215915
0.009714690998075003
0.009714690998075003
0.009643647956359893
0.009643647956359893
0.009571332520515415
0.009571332520515415
0.009497754231924331
0.009497754231924331
0.009422922798591664
0.009422922798591664
0.009346848093863813
0.009346848093863813
0.009269540155125856
0.009269540155125856
0.009191009182477203
0.009191009182477203
0.009111265537385783
0.009111265537385783
0.009030319741320942
0.009030319741320942
0.008948182474365227
0.008948182474365227
0.008864864573805246
0.008864864573805246
0.00878037703270178
0.00878037703270178
0.00869473099843935
0.00869473099843935
0.008607937771255416
0.008607937771255416
0.008520008802749414
0.008520008802749414
0.008430955694371817
0.008430955694371817
0.008340790195893425
0.008340790195893425
0.008249524203855093
0.008249524203855093
0.00815716975999808
0.00815716975999808
0.008063739049675259
0.008063739049675259
0.007969244400243357
0.007969244400243357
0.00787369827943648
0.00787369827943648
0.0077771132937211
0.0077771132937211
0.007679502186632749
0.007679502186632749
0.007580877837094621
0.007580877837094621
0.007481253257718313
0.007481253257718313
0.007380641593086934
0.007380641593086934
0.007279056118020785
0.007279056118020785
0.007176510235825877
0.007176510235825877
0.007073017476525478
0.007073017476525478
0.006968591495074957
0.006968591495074957
0.006863246069560128
0.006863246069560128
0.006756995099379365
0.006756995099379365
0.006649852603409703
0.006649852603409703
0.006541832718157174
0.006541832718157174
0.006432949695891628
0.006432949695891628
0.006323217902766281
0.006323217902766281
0.006212651816922236
0.006212651816922236
0.00610126602657823
0.00610126602657823
0.005989075228105864
0.005989075228105864
0.005876094224090553
0.005876094224090553
0.005762337921378483
0.005762337921378483
0.005647821329109796
0.005647821329109796
0.005532559556738296
0.005532559556738296
0.005416567812037915
0.005416567812037915
0.005299861399096219
0.005299861399096219
0.00518245571629521
0.00518245571629521
0.005064366254279691
0.005064366254279691
0.004945608593913478
0.004945608593913478
0.004826198404223712
0.004826198404223712
0.004706151440333561
0.004706151440333561
0.004585483541383577
0.004585483541383577
0.004464210628442003
0.004464210628442003
0.004342348702404293
0.004342348702404293
0.00421991384188215
0.00421991384188215
0.004096922201082358
0.004096922201082358
0.003973390007675718
0.003973390007675718
0.003849333560656381
0.003849333560656381
0.003724769228191895
0.003724769228191895
0.003599713445464289
0.003599713445464289
0.003474182712502542
0.003474182712502542
0.003348193592006795
0.003348193592006795
0.003221762707164717
0.003221762707164717
0.00309490673946047
0.00309490673946047
0.002967642426476806
0.002967642426476806
0.002839986559690941
0.002839986559690941
0.002711955982265029
0.002711955982265029
0.002583567586832342
0.002583567586832342
0.002454838313280728
0.002454838313280728
0.002325785146535649
0.002325785146535649
0.002196425114346412
0.002196425114346412
0.002066775285081374
0.002066775285081374
0.001936852765541901
0.001936852765541901
0.001806674698812159
0.001806674698812159
0.001676258262175908
0.001676258262175908
0.001545620665159638
0.001545620665159638
0.001414779147820734
0.001414779147820734
0.001283750979531158
0.001283750979531158
0.001152553458820245
0.001152553458820245
0.001021203915642984
0.001021203915642984
0.0008897197197012075
0.0008897197197012075
0.0007581183055926393
0.0007581183055926393
0.0006264172517431579
0.0006264172517431579
0.0004946345666809061
0.0004946345666809061
0.0003627900207061924
0.0003627900207061924
0.0002309145503789007
0.0002309145503789007
0.0000992036667966301
0.0000992036667966301