0
-0.003253844317663648
0.003253844317663648
-0.006507654185140906
0.006507654185140906
-0.009761395152610125
0.009761395152610125
-0.01301503277097914
0.01301503277097914
-0.01626853259224999
0.01626853259224999
-0.01952186016988366
0.01952186016988366
-0.02277498105916476
0.02277498105916476
-0.02602786081756622
0.02602786081756622
-0.02928046500511396
0.02928046500511396
-0.03253275918475149
0.03253275918475149
-0.03578470892270458
0.03578470892270458
-0.03903627978884575
0.03903627978884575
-0.04228743735705887
0.04228743735705887
-0.04553814720560358
0.04553814720560358
-0.04878837491747981
0.04878837491747981
-0.05203808608079208
0.05203808608079208
-0.05528724628911393
0.05528724628911393
-0.05853582114185213
0.05853582114185213
-0.06178377624461093
0.06178377624461093
-0.06503107720955619
0.06503107720955619
-0.06827768965577949
0.06827768965577949
-0.07152357920966213
0.07152357920966213
-0.07476871150523904
0.07476871150523904
-0.07801305218456267
0.07801305218456267
-0.08125656689806671
0.08125656689806671
-0.0844992213049298
0.0844992213049298
-0.08774098107343911
0.08774098107343911
-0.09098181188135383
0.09098181188135383
-0.09422167941626853
0.09422167941626853
-0.09746054937597648
0.09746054937597648
-0.1006983874688328
0.1006983874688328
-0.1039351594141176
0.1039351594141176
-0.1071708309423987
0.1071708309423987
-0.1104053677958949
0.1104053677958949
-0.113638735728838
0.113638735728838
-0.1168709005078362
0.1168709005078362
-0.120101827912236
0.120101827912236
-0.1233314837344844
0.1233314837344844
-0.1265598337804917
0.1265598337804917
-0.1297868438699928
0.1297868438699928
-0.1330124798369098
0.1330124798369098
-0.136236707529713
0.136236707529713
-0.1394594928117832
0.1394594928117832
-0.1426808015617725
0.1426808015617725
-0.1459005996739658
0.1459005996739658
-0.1491188530586423
0.1491188530586423
-0.1523355276424357
0.1523355276424357
-0.1555505893686953
0.1555505893686953
-0.1587640041978469
0.1587640041978469
-0.1619757381077526
0.1619757381077526
-0.1651857570940714
0.1651857570940714
-0.168394027170619
0.168394027170619
-0.171600514369728
0.171600514369728
-0.1748051847426068
0.1748051847426068
-0.1780080043597001
0.1780080043597001
-0.1812089393110471
0.1812089393110471
-0.1844079557066412
0.1844079557066412
-0.1876050196767883
0.1876050196767883
-0.1908000973724661
0.1908000973724661
-0.1939931549656816
0.1939931549656816
-0.19718415864983
0.19718415864983
-0.2003730746400522
0.2003730746400522
-0.2035598691735927
0.2035598691735927
-0.2067445085101569
0.2067445085101569
-0.2099269589322686
0.2099269589322686
-0.2131071867456265
0.2131071867456265
-0.2162851582794616
0.2162851582794616
-0.2194608398868931
0.2194608398868931
-0.2226341979452849
0.2226341979452849
-0.2258051988566017
0.2258051988566017
-0.2289738090477643
0.2289738090477643
-0.2321399949710057
0.2321399949710057
-0.2353037231042255
0.2353037231042255
-0.2384649599513456
0.2384649599513456
-0.2416236720426643
0.2416236720426643
-0.2447798259352109
0.2447798259352109
-0.2479333882130995
0.2479333882130995
-0.2510843254878834
0.2510843254878834
-0.2542326043989079
0.2542326043989079
-0.2573781916136639
0.2573781916136639
-0.2605210538281408
0.2605210538281408
-0.2636611577671788
0.2636611577671788
-0.2667984701848218
0.2667984701848218
-0.2699329578646688
0.2699329578646688
-0.2730645876202257
0.2730645876202257
-0.276193326295257
0.276193326295257
-0.2793191407641366
0.2793191407641366
-0.2824419979321983
0.2824419979321983
-0.2855618647360866
0.2855618647360866
-0.2886787081441066
0.2886787081441066
-0.2917924951565736
0.2917924951565736
-0.2949031928061628
0.2949031928061628
-0.2980107681582578
0.2980107681582578
-0.3011151883112999
0.3011151883112999
-0.304216420397136
0.304216420397136
-0.307314431581367
0.307314431581367
-0.310409189063695
0.310409189063695
-0.3135006600782709
0.3135006600782709
-0.316588811894041
0.316588811894041
-0.3196736118150939
0.3196736118150939
-0.3227550271810065
0.3227550271810065
-0.3258330253671897
0.3258330253671897
-0.328907573785234
0.328907573785234
-0.3319786398832544
0.3319786398832544
-0.335046191146235
0.335046191146235
-0.3381101950963735
0.3381101950963735
-0.3411706192934247
0.3411706192934247
-0.3442274313350443
0.3442274313350443
-0.3472805988571318
0.3472805988571318
-0.3503300895341732
0.3503300895341732
-0.353375871079583
0.353375871079583
-0.3564179112460465
0.3564179112460465
-0.359456177825861
0.359456177825861
-0.3624906386512765
0.3624906386512765
-0.3655212615948369
0.3655212615948369
-0.3685480145697195
0.3685480145697195
-0.3715708655300752
0.3715708655300752
-0.3745897824713676
0.3745897824713676
-0.3776047334307118
0.3776047334307118
-0.3806156864872129
0.3806156864872129
-0.3836226097623039
0.3836226097623039
-0.3866254714200832
0.3866254714200832
-0.389624239667652
0.389624239667652
-0.3926188827554502
0.3926188827554502
-0.3956093689775933
0.3956093689775933
-0.3985956666722075
0.3985956666722075
-0.4015777442217654
0.4015777442217654
-0.4045555700534203
0.4045555700534203
-0.407529112639341
0.407529112639341
-0.410498340497045
0.410498340497045
-0.4134632221897324
0.4134632221897324
-0.4164237263266183
0.4164237263266183
-0.4193798215632653
0.4193798215632653
-0.4223314766019154
0.4223314766019154
-0.4252786601918215
0.4252786601918215
-0.428221341129578
0.428221341129578
-0.4311594882594513
0.4311594882594513
-0.4340930704737095
0.4340930704737095
-0.4370220567129521
0.4370220567129521
-0.4399464159664386
0.4399464159664386
-0.4428661172724168
0.4428661172724168
-0.4457811297184506
0.4457811297184506
-0.4486914224417477
0.4486914224417477
-0.4515969646294856
0.4515969646294856
-0.4544977255191386
0.4544977255191386
-0.4573936743988029
0.4573936743988029
-0.4602847806075221
0.4602847806075221
-0.4631710135356118
0.4631710135356118
-0.4660523426249837
0.4660523426249837
-0.4689287373694688
0.4689287373694688
-0.4718001673151408
0.4718001673151408
-0.4746666020606384
0.4746666020606384
-0.4775280112574872
0.4775280112574872
-0.4803843646104207
0.4803843646104207
-0.4832356318777016
0.4832356318777016
-0.4860817828714416
0.4860817828714416
-0.4889227874579212
0.4889227874579212
-0.4917586155579084
0.4917586155579084
-0.4945892371469776
0.4945892371469776
-0.4974146222558275
0.4974146222558275
-0.500234740970598
0.500234740970598
-0.503049563433187
0.503049563433187
-0.5058590598415669
0.5058590598415669
-0.5086632004500997
0.5086632004500997
-0.5114619555698523
0.5114619555698523
-0.5142552955689104
0.5142552955689104
-0.5170431908726928
0.5170431908726928
-0.5198256119642638
0.5198256119642638
-0.5226025293846464
0.5226025293846464
-0.5253739137331338
0.5253739137331338
-0.5281397356676008
0.5281397356676008
-0.5308999659048144
0.5308999659048144
-0.533654575220744
0.533654575220744
-0.5364035344508705
0.5364035344508705
-0.5391468144904955
0.5391468144904955
-0.5418843862950491
0.5418843862950491
-0.5446162208803976
0.5446162208803976
-0.5473422893231501
0.5473422893231501
-0.5500625627609651
0.5500625627609651
-0.552777012392856
0.552777012392856
-0.5554856094794957
0.5554856094794957
-0.5581883253435213
0.5581883253435213
-0.5608851313698375
0.5608851313698375
-0.5635759990059196
0.5635759990059196
-0.5662608997621158
0.5662608997621158
-0.5689398052119489
0.5689398052119489
-0.571612686992417
0.571612686992417
-0.5742795168042942
0.5742795168042942
-0.5769402664124301
0.5769402664124301
-0.5795949076460484
0.5795949076460484
-0.5822434123990457
0.5822434123990457
-0.5848857526302885
0.5848857526302885
-0.5875219003639106
0.5875219003639106
-0.590151827689609
0.590151827689609
-0.5927755067629396
0.5927755067629396
-0.5953929098056116
0.5953929098056116
-0.5980040091057822
0.5980040091057822
-0.6006087770183495
0.6006087770183495
-0.6032071859652454
0.6032071859652454
-0.6057992084357276
0.6057992084357276
-0.6083848169866708
0.6083848169866708
-0.6109639842428574
0.6109639842428574
-0.6135366828972671
0.6135366828972671
-0.6161028857113662
0.6161028857113662
-0.6186625655153958
0.6186625655153958
-0.6212156952086598
0.6212156952086598
-0.6237622477598115
0.6237622477598115
-0.6263021962071399
0.6263021962071399
-0.6288355136588552
0.6288355136588552
-0.6313621732933736
0.6313621732933736
-0.6338821483596008
0.6338821483596008
-0.6363954121772161
0.6363954121772161
-0.638901938136954
0.638901938136954
-0.6414016997008865
0.6414016997008865
-0.6438946704027036
0.6438946704027036
-0.6463808238479941
0.6463808238479941
-0.6488601337145247
0.6488601337145247
-0.6513325737525184
0.6513325737525184
-0.653798117784933
0.653798117784933
-0.6562567397077381
0.6562567397077381
-0.6587084134901911
0.6587084134901911
-0.6611531131751132
0.6611531131751132
-0.6635908128791641
0.6635908128791641
-0.6660214867931161
0.6660214867931161
-0.668445109182127
0.668445109182127
-0.6708616543860132
0.6708616543860132
-0.6732710968195209
0.6732710968195209
-0.6756734109725972
0.6756734109725972
-0.6780685714106598
0.6780685714106598
-0.680456552774867
0.680456552774867
-0.6828373297823856
0.6828373297823856
-0.6852108772266588
0.6852108772266588
-0.6875771699776729
0.6875771699776729
-0.6899361829822238
0.6899361829822238
-0.6922878912641817
0.6922878912641817
-0.6946322699247559
0.6946322699247559
-0.6969692941427584
0.6969692941427584
-0.6992989391748664
0.6992989391748664
-0.7016211803558847
0.7016211803558847
-0.7039359930990064
0.7039359930990064
-0.7062433528960737
0.7062433528960737
-0.7085432353178368
0.7085432353178368
-0.7108356160142132
0.7108356160142132
-0.713120470714545
0.713120470714545
-0.7153977752278559
0.7153977752278559
-0.7176675054431078
0.7176675054431078
-0.7199296373294553
0.7199296373294553
-0.722184146936501
0.722184146936501
-0.7244310103945484
0.7244310103945484
-0.7266702039148549
0.7266702039148549
-0.7289017037898836
0.7289017037898836
-0.7311254863935544
0.7311254863935544
-0.733341528181494
0.733341528181494
-0.7355498056912852
0.7355498056912852
-0.7377502955427156
0.7377502955427156
-0.7399429744380246
0.7399429744380246
-0.7421278191621505
0.7421278191621505
-0.7443048065829761
0.7443048065829761
-0.7464739136515738
0.7464739136515738
-0.7486351174024494
0.7486351174024494
-0.7507883949537853
0.7507883949537853
-0.7529337235076828
0.7529337235076828
-0.7550710803504036
0.7550710803504036
-0.75720044285261
0.75720044285261
-0.7593217884696048
0.7593217884696048
-0.7614350947415698
0.7614350947415698
-0.7635403392938036
0.7635403392938036
-0.7656374998369584
0.7656374998369584
-0.7677265541672765
0.7677265541672765
-0.7698074801668246
0.7698074801668246
-0.7718802558037285
0.7718802558037285
-0.7739448591324065
0.7739448591324065
-0.776001268293801
0.776001268293801
-0.7780494615156109
0.7780494615156109
-0.7800894171125212
0.7800894171125212
-0.7821211134864335
0.7821211134864335
-0.7841445291266939
0.7841445291266939
-0.786159642610321
0.786159642610321
-0.7881664326022329
0.7881664326022329
-0.790164877855473
0.790164877855473
-0.7921549572114347
0.7921549572114347
-0.7941366496000859
0.7941366496000859
-0.7961099340401915
0.7961099340401915
-0.798074789639536
0.798074789639536
-0.8000311955951446
0.8000311955951446
-0.8019791311935032
0.8019791311935032
-0.803918575810778
0.803918575810778
-0.8058495089130338
0.8058495089130338
-0.8077719100564513
0.8077719100564513
-0.8096857588875435
0.8096857588875435
-0.8115910351433715
0.8115910351433715
-0.8134877186517587
0.8134877186517587
-0.8153757893315045
0.8153757893315045
-0.8172552271925969
0.8172552271925969
-0.8191260123364243
0.8191260123364243
-0.8209881249559858
0.8209881249559858
-0.8228415453361014
0.8228415453361014
-0.8246862538536203
0.8246862538536203
-0.8265222309776288
0.8265222309776288
-0.8283494572696574
0.8283494572696574
-0.830167913383886
0.830167913383886
-0.8319775800673493
0.8319775800673493
-0.8337784381601402
0.8337784381601402
-0.835570468595613
0.835570468595613
-0.837353652400585
0.837353652400585
-0.8391279706955376
0.8391279706955376
-0.8408934046948161
0.8408934046948161
-0.8426499357068284
0.8426499357068284
-0.8443975451342434
0.8443975451342434
-0.8461362144741871
0.8461362144741871
-0.8478659253184395
0.8478659253184395
-0.8495866593536287
0.8495866593536287
-0.851298398361425
0.851298398361425
-0.853001124218734
0.853001124218734
-0.8546948188978884
0.8546948188978884
-0.8563794644668385
0.8563794644668385
-0.8580550430893427
0.8580550430893427
-0.8597215370251558
0.8597215370251558
-0.8613789286302172
0.8613789286302172
-0.8630272003568372
0.8630272003568372
-0.8646663347538835
0.8646663347538835
-0.8662963144669654
0.8662963144669654
-0.8679171222386177
0.8679171222386177
-0.8695287409084835
0.8695287409084835
-0.8711311534134959
0.8711311534134959
-0.8727243427880584
0.8727243427880584
-0.8743082921642247
0.8743082921642247
-0.8758829847718776
0.8758829847718776
-0.877448403938906
0.877448403938906
-0.8790045330913816
0.8790045330913816
-0.8805513557537346
0.8805513557537346
-0.8820888555489279
0.8820888555489279
-0.8836170161986307
0.8836170161986307
-0.8851358215233905
0.8851358215233905
-0.8866452554428048
0.8866452554428048
-0.888145301975691
0.888145301975691
-0.889635945240256
0.889635945240256
-0.8911171694542639
0.8911171694542639
-0.8925889589352035
0.8925889589352035
-0.894051298100454
0.894051298100454
-0.8955041714674502
0.8955041714674502
-0.8969475636538464
0.8969475636538464
-0.8983814593776792
0.8983814593776792
-0.8998058434575292
0.8998058434575292
-0.9012207008126819
0.9012207008126819
-0.9026260164632876
0.9026260164632876
-0.9040217755305193
0.9040217755305193
-0.9054079632367308
0.9054079632367308
-0.9067845649056132
0.9067845649056132
-0.9081515659623499
0.9081515659623499
-0.909508951933771
0.909508951933771
-0.9108567084485069
0.9108567084485069
-0.91219482123714
0.91219482123714
-0.9135232761323561
0.9135232761323561
-0.9148420590690943
0.9148420590690943
-0.9161511560846957
0.9161511560846957
-0.9174505533190515
0.9174505533190515
-0.9187402370147498
0.9187402370147498
-0.920020193517221
0.920020193517221
-0.9212904092748824
0.9212904092748824
-0.9225508708392819
0.9225508708392819
-0.9238015648652402
0.9238015648652402
-0.9250424781109922
0.9250424781109922
-0.926273597438327
0.926273597438327
-0.9274949098127273
0.9274949098127273
-0.9287064023035072
0.9287064023035072
-0.9299080620839491
0.9299080620839491
-0.9310998764314396
0.9310998764314396
-0.932281832727604
0.932281832727604
-0.9334539184584403
0.9334539184584403
-0.9346161212144514
0.9346161212144514
-0.9357684286907763
0.9357684286907763
-0.9369108286873209
0.9369108286873209
-0.9380433091088866
0.9380433091088866
-0.9391658579652989
0.9391658579652989
-0.9402784633715339
0.9402784633715339
-0.9413811135478444
0.9413811135478444
-0.9424737968198845
0.9424737968198845
-0.9435565016188332
0.9435565016188332
-0.9446292164815171
0.9446292164815171
-0.9456919300505312
0.9456919300505312
-0.94674463107436
0.94674463107436
-0.9477873084074959
0.9477873084074959
-0.9488199510105574
0.9488199510105574
-0.9498425479504063
0.9498425479504063
-0.9508550884002629
0.9508550884002629
-0.9518575616398213
0.9518575616398213
-0.9528499570553621
0.9528499570553621
-0.9538322641398655
0.9538322641398655
-0.9548044724931221
0.9548044724931221
-0.9557665718218433
0.9557665718218433
-0.95671855193977
0.95671855193977
-0.9576604027677807
0.9576604027677807
-0.958592114333998
0.958592114333998
-0.9595136767738943
0.9595136767738943
-0.9604250803303963
0.9604250803303963
-0.9613263153539881
0.9613263153539881
-0.9622173723028136
0.9622173723028136
-0.9630982417427773
0.9630982417427773
-0.9639689143476444
0.9639689143476444
-0.9648293808991394
0.9648293808991394
-0.9656796322870438
0.9656796322870438
-0.9665196595092923
0.9665196595092923
-0.9673494536720685
0.9673494536720685
-0.9681690059898987
0.9681690059898987
-0.9689783077857453
0.9689783077857453
-0.9697773504910983
0.9697773504910983
-0.9705661256460662
0.9705661256460662
-0.9713446248994655
0.9713446248994655
-0.9721128400089092
0.9721128400089092
-0.972870762840894
0.972870762840894
-0.9736183853708865
0.9736183853708865
-0.9743556996834081
0.9743556996834081
-0.9750826979721187
0.9750826979721187
-0.9757993725398997
0.9757993725398997
-0.9765057157989349
0.9765057157989349
-0.9772017202707914
0.9772017202707914
-0.9778873785864986
0.9778873785864986
-0.9785626834866261
0.9785626834866261
-0.9792276278213608
0.9792276278213608
-0.9798822045505821
0.9798822045505821
-0.9805264067439372
0.9805264067439372
-0.9811602275809139
0.9811602275809139
-0.9817836603509128
0.9817836603509128
-0.9823966984533188
0.9823966984533188
-0.9829993353975707
0.9829993353975707
-0.9835915648032297
0.9835915648032297
-0.9841733804000474
0.9841733804000474
-0.9847447760280319
0.9847447760280319
-0.9853057456375132
0.9853057456375132
-0.9858562832892071
0.9858562832892071
-0.986396383154278
0.986396383154278
-0.9869260395144011
0.9869260395144011
-0.9874452467618223
0.9874452467618223
-0.9879539993994182
0.9879539993994182
-0.9884522920407536
0.9884522920407536
-0.9889401194101393
0.9889401194101393
-0.9894174763426874
0.9894174763426874
-0.9898843577843664
0.9898843577843664
-0.9903407587920544
0.9903407587920544
-0.9907866745335916
0.9907866745335916
-0.9912221002878314
0.9912221002878314
-0.9916470314446907
0.9916470314446907
-0.9920614635051982
0.9920614635051982
-0.9924653920815426
0.9924653920815426
-0.9928588128971188
0.9928588128971188
-0.9932417217865733
0.9932417217865733
-0.9936141146958485
0.9936141146958485
-0.9939759876822253
0.9939759876822253
-0.9943273369143653
0.9943273369143653
-0.9946681586723514
0.9946681586723514
-0.9949984493477272
0.9949984493477272
-0.9953182054435355
0.9953182054435355
-0.9956274235743553
0.9956274235743553
-0.9959261004663382
0.9959261004663382
-0.9962142329572431
0.9962142329572431
-0.9964918179964702
0.9964918179964702
-0.996758852645094
0.996758852645094
-0.9970153340758946
0.9970153340758946
-0.9972612595733892
0.9972612595733892
-0.9974966265338612
0.9974966265338612
-0.9977214324653901
0.9977214324653901
-0.9979356749878796
0.9979356749878796
-0.998139351833086
0.998139351833086
-0.9983324608446463
0.9983324608446463
-0.9985149999781068
0.9985149999781068
-0.9986869673009537
0.9986869673009537
-0.9988483609926466
0.9988483609926466
-0.9989991793446569
0.9989991793446569
-0.9991394207605175
0.9991394207605175
-0.9992690837558892
0.9992690837558892
-0.99938816695866
0.99938816695866
-0.999496669109106
0.999496669109106
-0.9995945890601726
0.9995945890601726
-0.9996819257780088
0.9996819257780088
-0.9997586783430695
0.9997586783430695
-0.9998248459526242
0.9998248459526242
-0.9998804279271912
0.9998804279271912
-0.9999254237298664
0.9999254237298664
-0.9999598330390371
0.9999598330390371
-0.9999836561385315
0.9999836561385315
-0.9999968980675049
0.9999968980675049