-0.00277280441682615
0.00277280441682615
-0.00831832797620239
0.00831832797620239
-0.01386359571537296
0.01386359571537296
-0.01940843709627569
0.01940843709627569
-0.02495268159396056
0.02495268159396056
-0.03049615870183395
0.03049615870183395
-0.03603869793690243
0.03603869793690243
-0.04158012884501569
0.04158012884501569
-0.04712028100610872
0.04712028100610872
-0.05265898403944281
0.05265898403944281
-0.05819606760884546
0.05819606760884546
-0.06373136142794882
0.06373136142794882
-0.0692646952654267
0.0692646952654267
-0.07479589895022976
0.07479589895022976
-0.08032480237681897
0.08032480237681897
-0.08585123551039698
0.08585123551039698
-0.09137502839213734
0.09137502839213734
-0.09689601114441138
0.09689601114441138
-0.1024140139760126
0.1024140139760126
-0.1079288671873784
0.1079288671873784
-0.1134404011758089
0.1134404011758089
-0.118948446440683
0.118948446440683
-0.1244528335886712
0.1244528335886712
-0.1299533933389448
0.1299533933389448
-0.1354499565283824
0.1354499565283824
-0.1409423541167717
0.1409423541167717
-0.1464304171920087
0.1464304171920087
-0.1519139769752922
0.1519139769752922
-0.1573928648263141
0.1573928648263141
-0.1628669122484462
0.1628669122484462
-0.1683359508939218
0.1683359508939218
-0.1737998125690131
0.1737998125690131
-0.1792583292392039
0.1792583292392039
-0.1847113330343572
0.1847113330343572
-0.1901586562538778
0.1901586562538778
-0.1956001313718697
0.1956001313718697
-0.2010355910422886
0.2010355910422886
-0.2064648681040877
0.2064648681040877
-0.2118877955863592
0.2118877955863592
-0.2173042067134688
0.2173042067134688
-0.2227139349101849
0.2227139349101849
-0.2281168138068017
0.2281168138068017
-0.233512677244255
0.233512677244255
-0.238901359279233
0.238901359279233
-0.244282694189279
0.244282694189279
-0.2496565164778886
0.2496565164778886
-0.2550226608795989
0.2550226608795989
-0.2603809623650714
0.2603809623650714
-0.2657312561461667
0.2657312561461667
-0.2710733776810132
0.2710733776810132
-0.2764071626790667
0.2764071626790667
-0.2817324471061632
0.2817324471061632
-0.2870490671895635
0.2870490671895635
-0.2923568594229902
0.2923568594229902
-0.2976556605716555
0.2976556605716555
-0.3029453076772818
0.3029453076772818
-0.3082256380631132
0.3082256380631132
-0.3134964893389182
0.3134964893389182
-0.3187576994059839
0.3187576994059839
-0.3240091064621016
0.3240091064621016
-0.3292505490065419
0.3292505490065419
-0.3344818658450225
0.3344818658450225
-0.3397028960946648
0.3397028960946648
-0.3449134791889419
0.3449134791889419
-0.3501134548826167
0.3501134548826167
-0.3553026632566701
0.3553026632566701
-0.3604809447232188
0.3604809447232188
-0.3656481400304236
0.3656481400304236
-0.3708040902673867
0.3708040902673867
-0.3759486368690391
0.3759486368690391
-0.3810816216210169
0.3810816216210169
-0.3862028866645269
0.3862028866645269
-0.3913122745012016
0.3913122745012016
-0.3964096279979428
0.3964096279979428
-0.4014947903917539
0.4014947903917539
-0.4065676052945612
0.4065676052945612
-0.411627916698023
0.411627916698023
-0.4166755689783281
0.4166755689783281
-0.4217104069009811
0.4217104069009811
-0.4267322756255771
0.4267322756255771
-0.4317410207105633
0.4317410207105633
-0.4367364881179885
0.4367364881179885
-0.4417185242182406
0.4417185242182406
-0.4466869757947716
0.4466869757947716
-0.4516416900488088
0.4516416900488088
-0.4565825146040546
0.4565825146040546
-0.4615092975113724
0.4615092975113724
-0.4664218872534597
0.4664218872534597
-0.4713201327495077
0.4713201327495077
-0.4762038833598478
0.4762038833598478
-0.4810729888905841
0.4810729888905841
-0.4859272995982126
0.4859272995982126
-0.4907666661942264
0.4907666661942264
-0.4955909398497069
0.4955909398497069
-0.5003999721999007
0.5003999721999007
-0.5051936153487824
0.5051936153487824
-0.5099717218736033
0.5099717218736033
-0.5147341448294246
0.5147341448294246
-0.5194807377536371
0.5194807377536371
-0.5242113546704652
0.5242113546704652
-0.5289258500954564
0.5289258500954564
-0.5336240790399549
0.5336240790399549
-0.5383058970155616
0.5383058970155616
-0.5429711600385766
0.5429711600385766
-0.547619724634428
0.547619724634428
-0.5522514478420839
0.5522514478420839
-0.5568661872184492
0.5568661872184492
-0.561463800842746
0.561463800842746
-0.5660441473208785
0.5660441473208785
-0.5706070857897813
0.5706070857897813
-0.5751524759217514
0.5751524759217514
-0.5796801779287639
0.5796801779287639
-0.5841900525667709
0.5841900525667709
-0.588681961139984
0.588681961139984
-0.5931557655051395
0.5931557655051395
-0.597611328075747
0.597611328075747
-0.6020485118263204
0.6020485118263204
-0.6064671802965925
0.6064671802965925
-0.610867197595711
0.610867197595711
-0.6152484284064184
0.6152484284064184
-0.6196107379892129
0.6196107379892129
-0.6239539921864923
0.6239539921864923
-0.6282780574266801
0.6282780574266801
-0.6325828007283332
0.6325828007283332
-0.6368680897042315
0.6368680897042315
-0.6411337925654492
0.6411337925654492
-0.6453797781254083
0.6453797781254083
-0.6496059158039125
0.6496059158039125
-0.6538120756311634
0.6538120756311634
-0.6579981282517576
0.6579981282517576
-0.6621639449286644
0.6621639449286644
-0.6663093975471858
0.6663093975471858
-0.6704343586188954
0.6704343586188954
-0.6745387012855602
0.6745387012855602
-0.6786222993230415
0.6786222993230415
-0.6826850271451765
0.6826850271451765
-0.6867267598076412
0.6867267598076412
-0.6907473730117923
0.6907473730117923
-0.6947467431084905
0.6947467431084905
-0.6987247471019022
0.6987247471019022
-0.7026812626532834
0.7026812626532834
-0.7066161680847408
0.7066161680847408
-0.7105293423829747
0.7105293423829747
-0.7144206652030004
0.7144206652030004
-0.7182900168718491
0.7182900168718491
-0.7221372783922485
0.7221372783922485
-0.7259623314462821
0.7259623314462821
-0.7297650583990286
0.7297650583990286
-0.7335453423021787
0.7335453423021787
-0.7373030668976327
0.7373030668976327
-0.7410381166210748
0.7410381166210748
-0.7447503766055282
0.7447503766055282
-0.7484397326848869
0.7484397326848869
-0.7521060713974272
0.7521060713974272
-0.7557492799892969
0.7557492799892969
-0.7593692464179829
0.7593692464179829
-0.7629658593557569
0.7629658593557569
-0.7665390081930993
0.7665390081930993
-0.7700885830421009
0.7700885830421009
-0.7736144747398421
0.7736144747398421
-0.7771165748517502
0.7771165748517502
-0.7805947756749344
0.7805947756749344
-0.7840489702414976
0.7840489702414976
-0.7874790523218265
0.7874790523218265
-0.7908849164278586
0.7908849164278586
-0.7942664578163257
0.7942664578163257
-0.7976235724919761
0.7976235724919761
-0.8009561572107721
0.8009561572107721
-0.8042641094830655
0.8042641094830655
-0.8075473275767494
0.8075473275767494
-0.8108057105203871
0.8108057105203871
-0.814039158106317
0.814039158106317
-0.8172475708937345
0.8172475708937345
-0.8204308502117504
0.8204308502117504
-0.823588898162425
0.823588898162425
-0.8267216176237794
0.8267216176237794
-0.8298289122527816
0.8298289122527816
-0.8329106864883102
0.8329106864883102
-0.8359668455540927
0.8359668455540927
-0.8389972954616206
0.8389972954616206
-0.8420019430130395
0.8420019430130395
-0.8449806958040159
0.8449806958040159
-0.8479334622265783
0.8479334622265783
-0.8508601514719349
0.8508601514719349
-0.8537606735332663
0.8537606735332663
-0.8566349392084934
0.8566349392084934
-0.8594828601030209
0.8594828601030209
-0.8623043486324556
0.8623043486324556
-0.8650993180252999
0.8650993180252999
-0.8678676823256205
0.8678676823256205
-0.8706093563956919
0.8706093563956919
-0.8733242559186148
0.8733242559186148
-0.8760122974009086
0.8760122974009086
-0.8786733981750798
0.8786733981750798
-0.8813074764021642
0.8813074764021642
-0.8839144510742435
0.8839144510742435
-0.8864942420169366
0.8864942420169366
-0.8890467698918657
0.8890467698918657
-0.8915719561990958
0.8915719561990958
-0.8940697232795492
0.8940697232795492
-0.8965399943173935
0.8965399943173935
-0.8989826933424042
0.8989826933424042
-0.9013977452323011
0.9013977452323011
-0.9037850757150583
0.9037850757150583
-0.9061446113711887
0.9061446113711887
-0.9084762796360018
0.9084762796360018
-0.9107800088018353
0.9107800088018353
-0.9130557280202604
0.9130557280202604
-0.9153033673042606
0.9153033673042606
-0.9175228575303844
0.9175228575303844
-0.9197141304408705
0.9197141304408705
-0.9218771186457475
0.9218771186457475
-0.9240117556249063
0.9240117556249063
-0.9261179757301457
0.9261179757301457
-0.9281957141871914
0.9281957141871914
-0.9302449070976882
0.9302449070976882
-0.9322654914411648
0.9322654914411648
-0.9342574050769722
0.9342574050769722
-0.9362205867461947
0.9362205867461947
-0.9381549760735339
0.9381549760735339
-0.9400605135691652
0.9400605135691652
-0.9419371406305677
0.9419371406305677
-0.9437847995443263
0.9437847995443263
-0.9456034334879064
0.9456034334879064
-0.947392986531402
0.947392986531402
-0.949153403639255
0.949153403639255
-0.9508846306719484
0.9508846306719484
-0.9525866143876709
0.9525866143876709
-0.9542593024439544
0.9542593024439544
-0.9559026433992841
0.9559026433992841
-0.9575165867146798
0.9575165867146798
-0.9591010827552508
0.9591010827552508
-0.9606560827917222
0.9606560827917222
-0.9621815390019334
0.9621815390019334
-0.9636774044723091
0.9636774044723091
-0.9651436331993016
0.9651436331993016
-0.9665801800908062
0.9665801800908062
-0.9679870009675476
0.9679870009675476
-0.9693640525644387
0.9693640525644387
-0.9707112925319113
0.9707112925319113
-0.9720286794372183
0.9720286794372183
-0.9733161727657085
0.9733161727657085
-0.9745737329220718
0.9745737329220718
-0.9758013212315578
0.9758013212315578
-0.9769988999411649
0.9769988999411649
-0.9781664322208012
0.9781664322208012
-0.9793038821644178
0.9793038821644178
-0.9804112147911131
0.9804112147911131
-0.9814883960462081
0.9814883960462081
-0.9825353928022949
0.9825353928022949
-0.9835521728602551
0.9835521728602551
-0.9845387049502505
0.9845387049502505
-0.9854949587326851
0.9854949587326851
-0.9864209047991387
0.9864209047991387
-0.9873165146732718
0.9873165146732718
-0.9881817608117024
0.9881817608117024
-0.9890166166048535
0.9890166166048535
-0.9898210563777728
0.9898210563777728
-0.990595055390924
0.990595055390924
-0.9913385898409492
0.9913385898409492
-0.9920516368614041
0.9920516368614041
-0.9927341745234639
0.9927341745234639
-0.9933861818366029
0.9933861818366029
-0.994007638749246
0.994007638749246
-0.9945985261493941
0.9945985261493941
-0.995158825865224
0.995158825865224
-0.9956885206656643
0.9956885206656643
-0.996187594260951
0.996187594260951
-0.9966560313031658
0.9966560313031658
-0.9970938173867653
0.9970938173867653
-0.9975009390491141
0.9975009390491141
-0.9978773837710432
0.9978773837710432
-0.9982231399774788
0.9982231399774788
-0.9985381970382218
0.9985381970382218
-0.9988225452690544
0.9988225452690544
-0.9990761759335535
0.9990761759335535
-0.9992990812465304
0.9992990812465304
-0.9994912543815296
0.9994912543815296
-0.999652689489703
0.999652689489703
-0.999783381756116
0.999783381756116
-0.9998833276110953
0.9998833276110953
-0.9999525258636155
0.9999525258636155
-0.9999909897556549
0.9999909897556549