-0.000890221624400984190375719905772
0.000890221624400984190375719905772
-0.0026706620512196171025452768153
0.0026706620512196171025452768153
-0.00445109401209718923523503232101
0.00445109401209718923523503232101
-0.00623151186310281212798716764106
0.00623151186310281212798716764106
-0.00801190996035032530988597946382
0.00801190996035032530988597946382
-0.00979228266001618729687313422678
0.00979228266001618729687313422678
-0.0115726243183573663905620855816
0.0115726243183573663905620855816
-0.0133529292917292312218382089456
0.0133529292917292312218382089456
-0.0151331919366034409825320160646
0.0151331919366034409825320160646
-0.0169134066095858352884538013123
0.0169134066095858352884538013123
-0.0186935676674343236170792400294
0.0186935676674343236170792400294
-0.0204736694670767742631768075518
0.0204736694670767742631768075518
-0.0222537063656289027556694156907
0.0222537063656289027556694156907
-0.0240336727204121596790243713058
0.0240336727204121596790243713058
-0.0258135628889716178424676492416
0.0258135628889716178424676492416
-0.0275933712290938587403205392828
0.0275933712290938587403205392828
-0.0293730920988248582467589739105
0.0293730920988248582467589739105
-0.0311527198564878714882982705033
0.0311527198564878714882982705033
-0.0329322488607013168373086282212
0.0329322488607013168373086282212
-0.0347116734703966589698695061254
0.0347116734703966589698695061254
-0.0364909880448362909312739751081
0.0364909880448362909312739751081
-0.0382701869436314151524972819395
0.0382701869436314151524972819395
-0.0400492645267599233609471891573
0.0400492645267599233609471891573
-0.0418282151545842753288171596268
0.0418282151545842753288171596268
-0.0436070331878693764023671393753
0.0436070331878693764023671393753
-0.0453857129878004537554605567357
0.0453857129878004537554605567357
-0.0471642489160009313106901999161
0.0471642489160009313106901999161
-0.0489426353345503032714298588261
0.0489426353345503032714298588261
-0.0507208666060020062081530203247
0.0507208666060020062081530203247
-0.0524989370934012896423644889998
0.0524989370934012896423644889998
-0.0542768411603030850714955681203
0.0542768411603030850714955681203
-0.0560545731707898733781183775167
0.0560545731707898733781183775167
-0.0578321274894895505668400068179
0.0578321274894895505668400068179
-0.0596094984815932917722425036913
0.0596094984815932917722425036913
-0.0613866805128734134812401774799
0.0613866805128734134812401774799
-0.0631636679497012339132313588913
0.0631636679497012339132313588913
-0.0649404551590649315014275961404
0.0649404551590649315014275961404
-0.0667170365085874014187492871797
0.0667170365085874014187492871797
-0.0684934063665441100916829463296
0.0684934063665441100916829463296
-0.0702695591018809476455016817403
0.0702695591018809476455016817403
-0.0720454890842320782242570176511
0.0720454890842320782242570176511
-0.0738211906839377881289569323422
0.0738211906839377881289569323422
-0.0755966582720623317173518989754
0.0755966582720623317173518989754
-0.0773718862204117750087578121761
0.0773718862204117750087578121761
-0.079146868901551836937351958191
0.079146868901551836937351958191
-0.0809216006888257281973856407475
0.0809216006888257281973856407475
-0.0826960759563719876237647083096
0.0826960759563719876237647083096
-0.0844702890791423160514570412605
0.0844702890791423160514570412605
-0.0862442344329194075971940496025
0.0862442344329194075971940496025
-0.088017906394334778306941403037
0.088017906394334778306941403037
-0.0897912993408865921126225657461
0.0897912993408865921126225657461
-0.0915644076509574840415872378028
0.0915644076509574840415872378028
-0.0933372257038323806223255138793
0.0933372257038323806223255138793
-0.0951097478797163174299374577628
0.0951097478797163174299374577628
-0.0968819685597522537148768581016
0.0968819685597522537148768581016
-0.0986538821260388840584971767618
0.0986538821260388840584971767618
-0.100425482961648446998937126148
0.100425482961648446998937126148
-0.102196765450644530570892915802
0.102196765450644530570892915802
-0.103967723978099874702833991498
0.103967723978099874702833991498
-0.105738352930114170415229051904
0.105738352930114170415229051904
-0.107508646693831855763359268589
0.107508646693831855763359268589
-0.109278599657459908468305954755
0.109278599657459908468305954755
-0.111048206210285635179710426501
0.111048206210285635179710426501
-0.112817460742694457313914477588
0.112817460742694457313914477588
-0.114586357646187693411100744723
0.114586357646187693411100744723
-0.116354891313400337955063274981
0.116354891313400337955063274981
-0.118123056138118836599249820456
0.118123056138118836599249820456
-0.119890846515298857742728777212
0.119890846515298857742728777212
-0.121658256841083060399745256301
0.121658256841083060399745256301
-0.123425281512818858306542523832
0.123425281512818858306542523832
-0.125191914929076180209136974891
0.125191914929076180209136974891
-0.126958151489665226275746912378
0.126958151489665226275746912378
-0.128723985595654220577587686606
0.128723985595654220577587686606
-0.130489411649387159581758214706
0.130489411649387159581758214706
-0.132254424054501556599956540448
0.132254424054501556599956540448
-0.134019017215946182136774915045
0.134019017215946182136774915045
-0.13578318553999880008133787773
0.13578318553999880008133787773
-0.137546923434283899686059991424
0.137546923434283899686059991424
-0.139310225307790423276313243545
0.139310225307790423276313243545
-0.14107308557088948963480765494
0.14107308557088948963480765494
-0.142835498635352113004502350975
0.142835498635352113004502350975
-0.144597458914366917653878237998
0.144597458914366917653878237998
-0.146358960822557847948417495592
0.146358960822557847948417495592
-0.148119998776001873872149340275
0.148119998776001873872149340275
-0.149880567192246691943135939484
0.149880567192246691943135939484
-0.151640660490328421466786955812
0.151640660490328421466786955812
-0.15340027309078929607090598041
0.15340027309078929607090598041
-0.155159399415695350466387071329
0.155159399415695350466387071329
-0.156918033888654102377494747099
0.156918033888654102377494747099
-0.158676170934832229585676098228
0.158676170934832229585676098228
-0.160433804980973242030869169231
0.160433804980973242030869169231
-0.162190930455415148914287431491
0.162190930455415148914287431491
-0.163947541788108120746676012427
0.163947541788108120746676012427
-0.165703633410632146286051369196
0.165703633410632146286051369196
-0.167459199756214684308952295412
0.167459199756214684308952295412
-0.169214235259748310159246526972
0.169214235259748310159246526972
-0.170968734357808357018553768166
0.170968734357808357018553768166
-0.172722691488670551842362691572
0.172722691488670551842362691572
-0.174476101092328645905936374896
0.174476101092328645905936374896
-0.176228957610512039904117724756
0.176228957610512039904117724756
-0.177981255486703403549163701442
0.177981255486703403549163701442
-0.1797329891661562896107545998
0.1797329891661562896107545998
-0.181484153095912742342342259582
0.181484153095912742342342259582
-0.183234741724820900238018873787
0.183234741724820900238018873787
-0.184984749503552593064106035652
0.184984749503552593064106035652
-0.186734170884620933109681813938
0.186734170884620933109681813938
-0.188483000322397900600281972041
0.188483000322397900600281972041
-0.190231232273131923219029949034
0.190231232273131923219029949034
-0.19197886119496544967946890008
0.19197886119496544967946890008
-0.193725881547952517294387949645
0.193725881547952517294387949645
-0.19547228779407631348495384349
0.19547228779407631348495384349
-0.197218074397266731174478394529
0.197218074397266731174478394529
-0.198963235823417918011171503226
0.198963235823417918011171503226
-0.200707766540405819364249095157
0.200707766540405819364249095157
-0.202451661018105715037785056727
0.202451661018105715037785056727
-0.204194913728409749646716164619
0.204194913728409749646716164619
-0.205937519145244456599429095411
0.205937519145244456599429095411
-0.20767947174458827563137886879
0.20767947174458827563137886879
-0.209420766004489063834208520862
0.209420766004489063834208520862
-0.211161396405081600124860423213
0.211161396405081600124860423213
-0.212901357428605083099190458438
0.212901357428605083099190458438
-0.214640643559420622214617233834
0.214640643559420622214617233834
-0.216379249284028722246359661787
0.216379249284028722246359661787
-0.218117169091086760961837557949
0.218117169091086760961837557949
-0.219854397471426459957831406584
0.219854397471426459957831406584
-0.221590928918071348605019116359
0.221590928918071348605019116359
-0.223326757926254221044529439336
0.223326757926254221044529439336
-0.225061878993434586181173750865
0.225061878993434586181173750865
-0.226796286619316110618040088465
0.226796286619316110618040088465
-0.228529975305864054477155723511
0.228529975305864054477155723511
-0.230262939557322700050947090538
0.230262939557322700050947090538
-0.231995173880232773229248625215
0.231995173880232773229248625215
-0.233726672783448857646634963372
0.233726672783448857646634963372
-0.235457430778156801494874029908
0.235457430778156801494874029908
-0.237187442377891116945321797781
0.237187442377891116945321797781
-0.238916702098552372126102923643
0.238916702098552372126102923643
-0.240645204458424575598945067823
0.240645204458424575598945067823
-0.242372943978192553280558482318
0.242372943978192553280558482318
-0.244099915180959317753476401062
0.244099915180959317753476401062
-0.245826112592263429911295892
0.245826112592263429911295892
-0.24755153074009635288328313028
0.24755153074009635288328313028
-0.249276164154919798183331526113
0.249276164154919798183331526113
-0.251000007369683064028285789496
0.251000007369683064028285789496
-0.252723054919840365770669836926
0.252723054919840365770669836926
-0.254445301343368158390881442414
0.254445301343368158390881442414
-0.25616674118078245099394170641
0.25616674118078245099394170641
-0.257887368975156113255912761655
0.257887368975156113255912761655
-0.259607179272136173765122654337
0.259607179272136173765122654337
-0.261326166619961110203362032243
0.261326166619961110203362032243
-0.263044325569478131312243138672
0.263044325569478131312243138672
-0.264761650674160450589937651766
0.264761650674160450589937651766
-0.266478136490124551663536123428
0.266478136490124551663536123428
-0.268193777576147445282298160076
0.268193777576147445282298160076
-0.269908568493683917877089049112
0.269908568493683917877089049112
-0.271622503806883771631325269964
0.271622503806883771631325269964
-0.273335578082609056008778236903
0.273335578082609056008778236903
-0.275047785890451290683612702408
0.275047785890451290683612702408
-0.276759121802748679818063504603
0.276759121802748679818063504603
-0.278469580394603317633181770049
0.278469580394603317633181770049
-0.280179156243898385218109283989
0.280179156243898385218109283989
-0.281887843931315338523367513828
0.281887843931315338523367513828
-0.283595638040351087483675718065
0.283595638040351087483675718065
-0.28530253315733516621584069215
0.28530253315733516621584069215
-0.287008523871446894237288994546
0.287008523871446894237288994546
-0.288713604774732528650840960625
0.288713604774732528650840960625
-0.290417770462122407241354448898
0.290417770462122407241354448898
-0.292121015531448082429895073192
0.292121015531448082429895073192
-0.293823334583459446031118655888
0.293823334583459446031118655888
-0.29552472222184184475958079091
0.29552472222184184475958079091
-0.297225173053233186430717730892
0.297225173053233186430717730892
-0.298924681687241036802272310599
0.298924681687241036802272310599
-0.300623242736459707001968288317
0.300623242736459707001968288317
-0.302320850816487331487266328266
0.302320850816487331487266328266
-0.304017500545942936483064860225
0.304017500545942936483064860225
-0.305713186546483498843239237237
0.305713186546483498843239237237
-0.307407903442820995281942968525
0.307407903442820995281942968525
-0.309101645862739441920625332347
0.309101645862739441920625332347
-0.310794408437111924096750372542
0.310794408437111924096750372542
-0.312486185799917616380233152665
0.312486185799917616380233152665
-0.314176972588258792743640182975
0.314176972588258792743640182975
-0.315866763442377826832232147871
0.315866763442377826832232147871
-0.317555553005674182279958444668
0.317555553005674182279958444668
-0.319243335924721393017544598704
0.319243335924721393017544598704
-0.320930106849284033518845344665
0.320930106849284033518845344665
-0.322615860432334678931668059424
0.322615860432334678931668059424
-0.324300591330070855039303297779
0.324300591330070855039303297779
-0.325984294201931977999031418849
0.325984294201931977999031418849
-0.327666963710616283803906697696
0.327666963710616283803906697696
-0.329348594522097747414152893701
0.329348594522097747414152893701
-0.331029181305642991504536994348
0.331029181305642991504536994348
-0.332708718733828184774120770199
0.332708718733828184774120770199
-0.334387201482555929764822863847
0.334387201482555929764822863847
-0.336064624231072140135257392529
0.336064624231072140135257392529
-0.337740981661982907336348470581
0.337740981661982907336348470581
-0.339416268461271356635253654084
0.339416268461271356635253654084
-0.34109047931831449243416307568
0.34109047931831449243416307568
-0.342763608925900032830574972531
0.342763608925900032830574972531
-0.344435651980243233365682414707
0.344435651980243233365682414707
-0.34610660318100369990754031473
0.34610660318100369990754031473
-0.347776457231302190615716241507
0.347776457231302190615716241507
-0.349445208837737406934163173358
0.349445208837737406934163173358
-0.351112852710402773559087105143
0.351112852710402773559087105143
-0.352779383562903207328617373509
0.352779383562903207328617373509
-0.354444796112371874981122681941
0.354444796112371874981122681941
-0.356109085079486939729051093439
0.356109085079486939729051093439
-0.357772245188488296595207713198
0.357772245188488296595207713198
-0.359434271167194296458419406503
0.359434271167194296458419406503
-0.361095157747018458755571688033
0.361095157747018458755571688033
-0.362754899662986172787038877851
0.362754899662986172787038877851
-0.364413491653751387572564746319
0.364413491653751387572564746319
-0.366070928461613290204687165041
0.366070928461613290204687165041
-0.367727204832532972646836743435
0.367727204832532972646836743435
-0.36938231551615008692327606071
0.36938231551615008692327606071
-0.371036255265799488648082900594
0.371036255265799488648082900594
-0.372689018838527868840417861184
0.372689018838527868840417861184
-0.374340600995110373973353844472
0.374340600995110373973353844472
-0.375990996500067214203582229493
0.375990996500067214203582229493
-0.377640200121680259729347999376
0.377640200121680259729347999376
-0.379288206632009625224003725863
0.379288206632009625224003725863
-0.380935010806910242292610114868
0.380935010806910242292610114868
-0.382580607426048419899048783355
0.382580607426048419899048783355
-0.384224991272918392711151071008
0.384224991272918392711151071008
-0.385868157134858857311384989818
0.385868157134858857311384989818
-0.387510099803069496220680880611
0.387510099803069496220680880611
-0.389150814072627489683014977633
0.389150814072627489683014977633
-0.390790294742504015158408880455
0.390790294742504015158408880455
-0.392428536615580734472041896495
0.392428536615580734472041896495
-0.394065534498666268567212347336
0.394065534498666268567212347336
-0.395701283202512659809923227517
0.395701283202512659809923227517
-0.397335777541831821792907065587
0.397335777541831821792907065587
-0.398969012335311976586944463716
0.398969012335311976586944463716
-0.40060098240563407938737058393
0.40060098240563407938737058393
-0.402231682579488230503703806081
0.402231682579488230503703806081
-0.403861107687590074640370904627
0.403861107687590074640370904627
-0.405489252564697187416543378298
0.405489252564697187416543378298
-0.40711611204962544907314001844
0.40711611204962544907314001844
-0.408741680985265405315091418233
0.408741680985265405315091418233
-0.410365954218598615237002905951
0.410365954218598615237002905951
-0.411988926600713986280393330733
0.411988926600713986280393330733
-0.413610592986824096170728239003
0.413610592986824096170728239003
-0.415230948236281501782507253421
0.415230948236281501782507253421
-0.416849987212595034880706904049
0.416849987212595034880706904049
-0.418467704783446084686921763071
0.418467704783446084686921763071
-0.420084095820704867218588499835
0.420084095820704867218588499835
-0.421699155200446681349719402037
0.421699155200446681349719402037
-0.423312877802968151541614001377
0.423312877802968151541614001377
-0.424925258512803457192059697911
0.424925258512803457192059697911
-0.42653629221874054855157469642
0.42653629221874054855157469642
-0.428145973813837349155289150308
0.428145973813837349155289150308
-0.429754298195437944719103153664
0.429754298195437944719103153664
-0.431361260265188758448803130088
0.431361260265188758448803130088
-0.43296685492905471271086123751
0.43296685492905471271086123751
-0.434571077097335377013685641379
0.434571077097335377013685641379
-0.436173921684681102248132904208
0.436173921684681102248132904208
-0.437775383610109141136137297272
0.437775383610109141136137297272
-0.439375457797019754836355560256
0.439375457797019754836355560256
-0.440974139173212305655769516584
0.440974139173212305655769516584
-0.442571422670901335816232996004
0.442571422670901335816232996004
-0.444167303226732632224993721495
0.444167303226732632224993721495
-0.445761775781799277198265184701
0.445761775781799277198265184701
-0.44735483528165768508696806258
0.44735483528165768508696806258
-0.448946476676343624753805417813
0.448946476676343624753805417813
-0.450536694920388227850880776465
0.450536694920388227850880776465
-0.45212548497283398284711318836
0.45212548497283398284711318836
-0.453712841797250714754748548486
0.453712841797250714754748548486
-0.455298760361751550504311791278
0.455298760361751550504311791278
-0.456883235639008869917390063787
0.456883235639008869917390063787
-0.458466262606270242226682638275
0.458466262606270242226682638275
-0.46004783624537434809279913967
0.46004783624537434809279913967
-0.461627951542766887067333638271
0.461627951542766887067333638271
-0.463206603489516470451788293101
0.463206603489516470451788293101
-0.464783787081330499501966526157
0.464783787081330499501966526157
-0.466359497318571028927502162337
0.466359497318571028927502162337
-0.467933729206270615636237583931
0.467933729206270615636237583931
-0.469506477754148152673210722064
0.469506477754148152673210722064
-0.471077737976624688304057640283
0.471077737976624688304057640283
-0.472647504892839230192684557307
0.472647504892839230192684557307
-0.474215773526664534623110406858
0.474215773526664534623110406858
-0.47578253890672288071542844211
0.47578253890672288071542844211
-0.477347796066401829585882960633
0.477347796066401829585882960633
-0.478911540043869968401104952526
0.478911540043869968401104952526
-0.480473765882092639276598359631
0.480473765882092639276598359631
-0.482034468628847652969616677126
0.482034468628847652969616677126
-0.483593643336740987316617830218
0.483593643336740987316617830218
-0.485151285063222470365533618063
0.485151285063222470365533618063
-0.486707388870601448153138534102
0.486707388870601448153138534102
-0.488261949826062437077851446737
0.488261949826062437077851446737
-0.489814963001680760818352456397
0.489814963001680760818352456397
-0.491366423474438171748446234492
0.491366423474438171748446234492
-0.492916326326238456798652296302
0.492916326326238456798652296302
-0.4944646666439230277150519634
0.4944646666439230277150519634
-0.49601143951928649566597123156
0.49601143951928649566597123156
-0.497556640049092230147128377137
0.497556640049092230147128377137
-0.499100263335087902135924908405
0.499100263335087902135924908405
-0.500642304484021011445608398253
0.500642304484021011445608398253
-0.502182758607654398230085820672
0.502182758607654398230085820672
-0.503721620822781738590216255581
0.503721620822781738590216255581
-0.505258886251243024232462224502
0.505258886251243024232462224502
-0.506794550019940026130829473262
0.506794550019940026130829473262
-0.508328607260851742143075727163
0.508328607260851742143075727163
-0.509861053111049828532219808633
0.509861053111049828532219808633
-0.511391882712714015344433527273
0.511391882712714015344433527273
-0.51292109121314750559444992709
0.51292109121314750559444992709
-0.514448673764792358209672805566
0.514448673764792358209672805566
-0.515974625525244854684223903748
0.515974625525244854684223903748
-0.517498941657270849394215805717
0.517498941657270849394215805717
-0.519021617328821103525590379334
0.519021617328821103525590379334
-0.520542647713046602565914537995
0.520542647713046602565914537995
-0.522062027988313857311577205006
0.522062027988313857311577205006
-0.523579753338220188341883618031
0.523579753338220188341883618031
-0.52509581895160899391159552064
0.52509581895160899391159552064
-0.526610220022585001213518351136
0.526610220022585001213518351136
-0.528122951750529500962789255465
0.528122951750529500962789255465
-0.529634009340115565254572620821
0.529634009340115565254572620821
-0.531143388001323248646922849542
0.531143388001323248646922849542
-0.532651082949454772420627268702
0.532651082949454772420627268702
-0.534157089405149691967895399457
0.534157089405149691967895399457
-0.535661402594400047261814291366
0.535661402594400047261814291366
-0.537164017748565496358543260528
0.537164017748565496358543260528
-0.538664930104388431884275156238
0.538664930104388431884275156238
-0.540164134904009080459045218742
0.540164134904009080459045218742
-0.541661627394980585009522680571
0.541661627394980585009522680571
-0.543157402830284069922974505412
0.543157402830284069922974505412
-0.544651456468343688994645051637
0.544651456468343688994645051637
-0.546143783573041656120849992108
0.546143783573041656120849992108
-0.547634379413733258690137517552
0.547634379413733258690137517552
-0.549123239265261853624924697616
0.549123239265261853624924697616
-0.550610358407973846026071871268
0.550610358407973846026071871268
-0.552095732127733650372913086561
0.552095732127733650372913086561
-0.553579355715938634231315908601
0.553579355715938634231315908601
-0.555061224469534044422399363704
0.555061224469534044422399363704
-0.556541333691027915604594387107
0.556541333691027915604594387107
-0.558019678688505961221786890868
0.558019678688505961221786890868
-0.559496254775646446770339467785
0.559496254775646446770339467785
-0.56097105727173504533784379589
0.56097105727173504533784379589
-0.562444081501679675366512006326
0.562444081501679675366512006326
-0.563915322796025320594171624944
0.563915322796025320594171624944
-0.565384776490968832125885194527
0.565384776490968832125885194527
-0.566852437928373712589272330113
0.566852437928373712589272330113
-0.568318302455784882326668754172
0.568318302455784882326668754172
-0.569782365426443427577313801199
0.569782365426443427577313801199
-0.571244622199301330602814972536
0.571244622199301330602814972536
-0.572705068139036181709195361648
0.572705068139036181709195361648
-0.57416369861606587311888715752
0.57416369861606587311888715752
-0.575620509006563274646091969113
0.575620509006563274646091969113
-0.577075494692470891128986396775
0.577075494692470891128986396775
-0.578528651061515501572309106886
0.578528651061515501572309106886
-0.579979973507222779953923643722
0.579979973507222779953923643722
-0.581429457428931897649009337326
0.581429457428931897649009337326
-0.582877098231810107425590937905
0.582877098231810107425590937905
-0.584322891326867308965176025699
0.584322891326867308965176025699
-0.585766832130970595862327810323
0.585766832130970595862327810323
-0.587208916066858784057059644924
0.587208916066858784057059644924
-0.588649138563156921653996438061
0.588649138563156921653996438061
-0.590087495054390780082307149772
0.590087495054390780082307149772
-0.591523980981001326550471707627
0.591523980981001326550471707627
-0.592958591789359177750004973562
0.592958591789359177750004973562
-0.594391322931779034762319832664
0.594391322931779034762319832664
-0.595822169866534099122971060738
0.595822169866534099122971060738
-0.597251128057870469997581358193
0.597251128057870469997581358193
-0.598678192976021522423810813307
0.598678192976021522423810813307
-0.600103360097222266573791078212
0.600103360097222266573791078212
-0.601526624903723687991505705623
0.601526624903723687991505705623
-0.602947982883807068759658403361
0.602947982883807068759658403361
-0.604367429531798289550631416832
0.604367429531798289550631416832
-0.605784960348082112516196846637
0.605784960348082112516196846637
-0.607200570839116444970704449247
0.607200570839116444970704449247
-0.60861425651744658382253035291
0.60861425651744658382253035291
-0.610026012901719440708632148603
0.610026012901719440708632148603
-0.61143583551669774778711698652
0.61143583551669774778711698652
-0.612843719893274244142790622334
0.612843719893274244142790622334
-0.614249661568485842760716813839
0.614249661568485842760716813839
-0.615653656085527778022878067617
0.615653656085527778022878067617
-0.617055698993767733683090476698
0.617055698993767733683090476698
-0.618455785848759951275387273702
0.618455785848759951275387273702
-0.619853912212259318911147749435
0.619853912212259318911147749435
-0.621250073652235440420310354163
0.621250073652235440420310354163
-0.622644265742886684792071107616
0.622644265742886684792071107616
-0.624036484064654215870530893998
0.624036484064654215870530893998
-0.625426724204236002260817809631
0.625426724204236002260817809631
-0.62681498175460080740127346327
0.62681498175460080740127346327
-0.628201252315002159757355002241
0.628201252315002159757355002241
-0.629585531490992303092967651314
0.629585531490992303092967651314
-0.630967814894436126775005705313
0.630967814894436126775005705313
-0.632348098143525076066943210796
0.632348098143525076066943210796
-0.633726376862791042367379006379
0.633726376862791042367379006379
-0.635102646683120233349504365383
0.635102646683120233349504365383
-0.636476903241767022957525198098
0.636476903241767022957525198098
-0.637849142182367781216134623986
0.637849142182367781216134623986
-0.639219359154954683809195716333
0.639219359154954683809195716333
-0.640587549815969501383858353053
0.640587549815969501383858353053
-0.641953709828277368536398377251
0.641953709828277368536398377251
-0.643317834861180532436131679676
0.643317834861180532436131679676
-0.644679920590432081043820362055
0.644679920590432081043820362055
-0.646039962698249650881052825323
0.646039962698249650881052825323
-0.64739795687332911430714444971
0.64739795687332911430714444971
-0.648753898810858246260170494422
0.648753898810858246260170494422
-0.65010778421253037041880794284
0.65010778421253037041880794284
-0.651459608786557984741728254818
0.651459608786557984741728254818
-0.652809368247686366341348360329
0.652809368247686366341348360329
-0.654157058317207155648812738391
0.654157058317207155648812738391
-0.655502674722971919827145071524
0.655502674722971919827145071524
-0.65684621319940569538957374886
0.65684621319940569538957374886
-0.658187669487520509980101410177
0.658187669487520509980101410177
-0.659527039334928883273454778373
0.659527039334928883273454778373
-0.660864318495857306951617218987
0.660864318495857306951617218987
-0.662199502731159703714212792187
0.662199502731159703714212792187
-0.663532587808330865280077024877
0.663532587808330865280077024877
-0.664863569501519869337416228024
0.664863569501519869337416228024
-0.666192443591543475400023916904
0.666192443591543475400023916904
-0.667519205865899499527089759221
0.667519205865899499527089759221
-0.668843852118780167864203478085
0.668843852118780167864203478085
-0.670166378151085448963223273149
0.670166378151085448963223273149
-0.671486779770436364838745593759
0.671486779770436364838745593759
-0.672805052791188280718980502494
0.672805052791188280718980502494
-0.674121193034444173448904405737
0.674121193034444173448904405737
-0.67543519632806787850362959975
0.67543519632806787850362959975
-0.676747058506697315569997885876
0.676747058506697315569997885876
-0.678056775411757692654473446754
0.678056775411757692654473446754
-0.679364342891474688675478246611
0.679364342891474688675478246611
-0.680669756800887614498381422543
0.680669756800887614498381422543
-0.681973013001862552371422470028
0.681973013001862552371422470028
-0.683274107363105473720916494483
0.683274107363105473720916494483
-0.684573035760175335264158401281
0.684573035760175335264158401281
-0.685869794075497153398511629094
0.685869794075497153398511629094
-0.687164378198375056825235895444
0.687164378198375056825235895444
-0.68845678402500531736667741873
0.68845678402500531736667741873
-0.689747007458489358935514207629
0.689747007458489358935514207629
-0.691035044408846744614818266216
0.691035044408846744614818266216
-0.69232089079302814180776595145
0.69232089079302814180776595145
-0.693604542534928265415897238369
0.693604542534928265415897238369
-0.694885995565398799004894297402
0.694885995565398799004894297402
-0.696165245822261293916919567265
0.696165245822261293916919567265
-0.697442289250320046288623415871
0.697442289250320046288623415871
-0.698717121801374951934001520212
0.698717121801374951934001520212
-0.699989739434234339051352264138
0.699989739434234339051352264138
-0.701260138114727778713654750078
0.701260138114727778713654750078
-0.702528313815718873101758446831
0.702528313815718873101758446831
-0.703794262517118021439846050357
0.703794262517118021439846050357
-0.705057980205895163592701817825
0.705057980205895163592701817825
-0.706319462876092501284388446768
0.706319462876092501284388446768
-0.707578706528837196898006510838
0.707578706528837196898006510838
-0.708835707172354049816281531167
0.708835707172354049816281531167
-0.710090460821978150262794957399
0.710090460821978150262794957399
-0.711342963500167510603746654979
0.711342963500167510603746654979
-0.712593211236515674070207944866
0.712593211236515674070207944866
-0.713841200067764300860895818452
0.713841200067764300860895818452
-0.715086926037815731585570653675
0.715086926037815731585570653675
-0.716330385197745528009231588102
0.716330385197745528009231588102
-0.717571573605814991057355660721
0.717571573605814991057355660721
-0.718810487327483656042498916166
0.718810487327483656042498916166
-0.720047122435421765072649872936
0.720047122435421765072649872936
-0.721281475009522716601798090497
0.721281475009522716601798090497
-0.722513541136915492083253028835
0.722513541136915492083253028835
-0.723743316911977059686320977858
0.723743316911977059686320977858
-0.724970798436344755037020542666
0.724970798436344755037020542666
-0.726195981818928638943590004039
0.726195981818928638943590004039
-0.727418863175923832067612831214
0.727418863175923832067612831214
-0.728639438630822826501660705892
0.728639438630822826501660705892
-0.72985770431442777421442662229
0.72985770431442777421442662229
-0.731073656364862752324393957602
0.731073656364862752324393957602
-0.732287290927586005163160860277
0.732287290927586005163160860277
-0.733498604155402163089612879825
0.733498604155402163089612879825
-0.734707592208474438016210461164
0.734707592208474438016210461164
-0.735914251254336795608731748639
0.735914251254336795608731748639
-0.73711857746790610412088508947
0.73711857746790610412088508947
-0.738320567031494259825279693366
0.738320567031494259825279693366
-0.73952021613482028900231709408
0.73952021613482028900231709408
-0.74071752097502242644864036957
0.74071752097502242644864036957
-0.741912477756670170466852509935
0.741912477756670170466852509935
-0.743105082691776314298289876164
0.743105082691776314298289876164
-0.744295331999808953960711367761
0.744295331999808953960711367761
-0.745483221907703472452838713207
0.745483221907703472452838713207
-0.746668748649874500287758213801
0.746668748649874500287758213801
-0.74785190846822785231726930845
0.74785190846822785231726930845
-0.749032697612172440809340484129
0.749032697612172440809340484129
-0.750211112338632164740908333911
0.750211112338632164740908333911
-0.751387148912057775268330961314
0.751387148912057775268330961314
-0.752560803604438717337882446024
0.752560803604438717337882446024
-0.753732072695314947398750721639
0.753732072695314947398750721639
-0.754900952471788727181076970618
0.754900952471788727181076970618
-0.75606743922853639350165051493
0.75606743922853639350165051493
-0.757231529267820104059949172736
0.757231529267820104059949172736
-0.758393218899499559187291161502
0.758393218899499559187291161502
-0.759552504441043699511940856092
0.759552504441043699511940856092
-0.760709382217542379503087056305
0.760709382217542379503087056305
-0.761863848561718016856688881746
0.761863848561718016856688881746
-0.763015899813937217686260992749
0.763015899813937217686260992749
-0.764165532322222377481746533831
0.764165532322222377481746533831
-0.765312742442263257799703010864
0.765312742442263257799703010864
-0.76645752653742853864810324433
0.76645752653742853864810324433
-0.767599880978777346529130588604
0.767599880978777346529130588604
-0.768739802145070758103424770854
0.768739802145070758103424770854
-0.769877286422783279439311982611
0.769877286422783279439311982611
-0.77101233020611430081063025216
0.77101233020611430081063025216
-0.772144929896999527006838636353
0.772144929896999527006838636353
-0.773275081905122383119176395953
0.773275081905122383119176395953
-0.774402782647925395766716059044
0.774402782647925395766716059044
-0.775528028550621549726232132068
0.775528028550621549726232132068
-0.776650816046205619929885187404
0.776650816046205619929885187404
-0.777771141575465478794799139941
0.777771141575465478794799139941
-0.778889001586993378848687722462
0.778889001586993378848687722462
-0.780004392537197210615764480648
0.780004392537197210615764480648
-0.78111731089031173572724903292
0.78111731089031173572724903292
-0.782227753118409795220860877813
0.782227753118409795220860877813
-0.78333571570141349299377068199
0.78333571570141349299377068199
-0.784441195127105354373557745003
0.784441195127105354373557745003
-0.785544187891139459771801212315
0.785544187891139459771801212315
-0.786644690497052553385011595622
0.786644690497052553385011595622
-0.787742699456275126907688258929
0.787742699456275126907688258929
-0.788838211288142478222367739849
0.788838211288142478222367739849
-0.789931222519905745031607098042
0.789931222519905745031607098042
-0.791021729686742913396925916223
0.791021729686742913396925916223
-0.792109729331769801149810123592
0.792109729331769801149810123592
-0.793195218006051016139960466603
0.793195218006051016139960466603
-0.794278192268610889286048217346
0.794278192268610889286048217346
-0.795358648686444382394320585396
0.795358648686444382394320585396
-0.796436583834527970710478284345
0.796436583834527970710478284345
-0.797511994295830500170327799234
0.797511994295830500170327799234
-0.798584876661324019314791105466
0.798584876661324019314791105466
-0.79965522752999458583493590325
0.79965522752999458583493590325
-0.800723043508853047712769853915
0.800723043508853047712769853915
-0.801788321212945798923622835344
0.801788321212945798923622835344
-0.802851057265365509666021873025
0.802851057265365509666021873025
-0.803911248297261831085044150519
0.803911248297261831085044150519
-0.804968890947852074455214358308
0.804968890947852074455214358308
-0.8060239818644318647890936027
0.8060239818644318647890936027
-0.807076517702385768837788166482
0.807076517702385768837788166482
-0.808126495125197897449687590129
0.808126495125197897449687590129
-0.809173910804462482253822826234
0.809173910804462482253822826234
-0.810218761419894426634316610265
0.810218761419894426634316610265
-0.811261043659339830962479687467
0.811261043659339830962479687467
-0.812300754218786492053188138447
0.812300754218786492053188138447
-0.813337889802374376812258754509
0.813337889802374376812258754509
-0.814372447122406070041621227785
0.814372447122406070041621227785
-0.81540442289935719636916784048
0.81540442289935719636916784048
-0.816433813861886816270243361798
0.816433813861886816270243361798
-0.817460616746847796147819990088
0.817460616746847796147819990088
-0.818484828299297152438484411173
0.818484828299297152438484411173
-0.819506445272506369711446381507
0.819506445272506369711446381507
-0.820525464427971692727860686373
0.820525464427971692727860686373
-0.821541882535424392427836868624
0.821541882535424392427836868624
-0.822555696372841005812593772189
0.822555696372841005812593772189
-0.823566902726453549689298696407
0.823566902726453549689298696407
-0.824575498390759708246213812028
0.824575498390759708246213812028
-0.825581480168532994425855447143
0.825581480168532994425855447143
-0.82658484487083288506395491103
0.82658484487083288506395491103
-0.827585589317014929762092685856
0.827585589317014929762092685856
-0.82858371033474083346196107985
0.82858371033474083346196107985
-0.829579204759988512689293800905
0.829579204759988512689293800905
-0.830572069437062125435584376207
0.830572069437062125435584376207
-0.831562301218602074645798911169
0.831562301218602074645798911169
-0.832549896965594985280372349418
0.832549896965594985280372349418
-0.833534853547383654919861164609
0.833534853547383654919861164609
-0.834517167841676977880709284075
0.834517167841676977880709284075
-0.835496836734559842810668013613
0.835496836734559842810668013613
-0.836473857120503003732494801632
0.836473857120503003732494801632
-0.837448225902372924504639849391
0.837448225902372924504639849391
-0.838419939991441596667713841654
0.838419939991441596667713841654
-0.839388996307396330645614438654
0.839388996307396330645614438654
-0.840355391778349520270273635488
0.840355391778349520270273635488
-0.841319123340848380599072658678
0.841319123340848380599072658678
-0.842280187939884658994055731358
0.842280187939884658994055731358
-0.84323858252890431943215879815
0.84323858252890431943215879815
-0.844194304069817200015754157963
0.844194304069817200015754157963
-0.845147349533006643652896907437
0.845147349533006643652896907437
-0.846097715897339101876744149325
0.846097715897339101876744149325
-0.847045400150173711773703068391
0.847045400150173711773703068391
-0.84799039928737184598994922226
0.84799039928737184598994922226
-0.848932710313306635786041735723
0.848932710313306635786041735723
-0.849872330240872467109447524024
0.849872330240872467109447524024
-0.850809256091494449654872203413
0.850809256091494449654872203413
-0.851743484895137858882380975399
0.851743484895137858882380975399
-0.852675013690317550963378494457
0.852675013690317550963378494457
-0.853603839524107350624602547149
0.853603839524107350624602547149
-0.854529959452149411860372283442
0.854529959452149411860372283442
-0.855453370538663551483417748127
0.855453370538663551483417748127
-0.856374069856456555484703561518
0.856374069856456555484703561518
-0.85729205448693145817274579356
0.85729205448693145817274579356
-0.85820732152009679406300736408
0.85820732152009679406300736408
-0.859119868054575822488043683633
0.859119868054575822488043683633
-0.860029691197615724899156724212
0.860029691197615724899156724212
-0.860936788065096774830402276496
0.860936788065096774830402276496
-0.861841155781541480495881810248
0.861841155781541480495881810248
-0.862742791480123699991337106453
0.862742791480123699991337106453
-0.863641692302677729071152673752
0.863641692302677729071152673752
-0.864537855399707361471957897199
0.864537855399707361471957897199
-0.865431277930394921754107894239
0.865431277930394921754107894239
-0.86632195706261027063240917066
0.86632195706261027063240917066
-0.867209889972919782767543377979
0.867209889972919782767543377979
-0.868095073846595296989729772833
0.868095073846595296989729772833
-0.868977505877623038926254368382
0.868977505877623038926254368382
-0.869857183268712516004581247014
0.869857183268712516004581247014
-0.870734103231305384802849072655
0.870734103231305384802849072655
-0.871608262985584290719643499391
0.871608262985584290719643499391
-0.872479659760481679935023920567
0.872479659760481679935023920567
-0.873348290793688583634870838902
0.873348290793688583634870838902
-0.874214153331663374470708063012
0.874214153331663374470708063012
-0.875077244629640495227241948939
0.875077244629640495227241948939
-0.875937561951639159669948006412
0.875937561951639159669948006412
-0.876795102570472025545123378486
0.876795102570472025545123378486
-0.877649863767753839704911979506
0.877649863767753839704911979506
-0.878501842833910055329897439868
0.878501842833910055329897439868
-0.87935103706818542122194745638
0.87935103706818542122194745638
-0.880197443778652543140081684035
0.880197443778652543140081684035
-0.881041060282220417152223928285
0.881041060282220417152223928285
-0.881881883904642934975788106251
0.881881883904642934975788106251
-0.882719911980527361280136240395
0.882719911980527361280136240395
-0.883555141853342782924035628766
0.883555141853342782924035628766
-0.884387570875428530101331301694
0.884387570875428530101331301694
-0.885217196408002569368138925511
0.885217196408002569368138925511
-0.886044015821169868524952449192
0.886044015821169868524952449192
-0.886868026493930733327150009495
0.886868026493930733327150009495
-0.88768922581418911599747091393
0.88768922581418911599747091393
-0.888507611178760895514125908412
0.888507611178760895514125908412
-0.889323179993382129648292407501
0.889323179993382129648292407501
-0.890135929672717278724835919409
0.890135929672717278724835919409
-0.890945857640367401080188535128
0.890945857640367401080188535128
-0.891752961328878320191405070916
0.891752961328878320191405070916
-0.892557238179748763450507255593
0.892557238179748763450507255593
-0.893358685643438472558316238422
0.893358685643438472558316238422
-0.894157301179376285512063659472
0.894157301179376285512063659472
-0.894953082255968190161161571986
0.894953082255968190161161571986
-0.89574602635060534930560163517
0.89574602635060534930560163517
-0.896536130949672097311544205632
0.896536130949672097311544205632
-0.897323393548553908218748246176
0.897323393548553908218748246176
-0.898107811651645335314583341565
0.898107811651645335314583341565
-0.898889382772357922149455561757
0.898889382772357922149455561757
-0.899668104433128084968569443976
0.899668104433128084968569443976
-0.900443974165424966535038975187
0.900443974165424966535038975187
-0.901216989509758261319451146137
0.901216989509758261319451146137
-0.901987148015686012031076416551
0.901987148015686012031076416551
-0.902754447241822377466011278266
0.902754447241822377466011278266
-0.903518884755845371647629028547
0.903518884755845371647629028547
-0.904280458134504574234805869485
0.904280458134504574234805869485
-0.905039164963628812173480530761
0.905039164963628812173480530761
-0.905795002838133812567196771997
0.905795002838133812567196771997
-0.906547969362029826742369357065
0.906547969362029826742369357065
-0.907298062148429225484105405835
0.907298062148429225484105405835
-0.908045278819554065418504418564
0.908045278819554065418504418564
-0.908789617006743626517451734286
0.908789617006743626517451734286
-0.909531074350461920702011726706
0.909531074350461920702011726706
-0.910269648500305171520618659127
0.910269648500305171520618659127
-0.911005337115009264878354813389
0.911005337115009264878354813389
-0.911738137862457170793697276524
0.911738137862457170793697276524
-0.912468048419686336159206612409
0.912468048419686336159206612409
-0.913195066472896048482722564008
0.913195066472896048482722564008
-0.913919189717454770585723924347
0.913919189717454770585723924347
-0.914640415857907446235601781051
0.914640415857907446235601781051
-0.9153587426079827766886874797
0.9153587426079827766886874797
-0.916074167690600468120968865155
0.916074167690600468120968865155
-0.916786688837878449923520647122
0.916786688837878449923520647122
-0.91749630379114006383976709621
0.91749630379114006383976709621
-0.918203010300921223921787709356
0.918203010300921223921787709356
-0.918906806126977547282968988428
0.918906806126977547282968988428
-0.919607689038291455624398052789
0.919607689038291455624398052789
-0.920305656813079247512486455313
0.920305656813079247512486455313
-0.921000707238798141385405291522
0.921000707238798141385405291522
-0.921692838112153289266005482845
0.921692838112153289266005482845
-0.922382047239104761158989977211
0.922382047239104761158989977211
-0.923068332434874500110197543003
0.923068332434874500110197543003
-0.923751691523953247905950835469
0.923751691523953247905950835469
-0.924432122340107441390514487834
0.924432122340107441390514487834
-0.925109622726386079379802122146
0.925109622726386079379802122146
-0.925784190535127560149564387179
0.925784190535127560149564387179
-0.926455823627966489476383412102
0.926455823627966489476383412102
-0.927124519875840459209892414885
0.927124519875840459209892414885
-0.927790277158996796354732623227
0.927790277158996796354732623227
-0.928453093366999282640853152912
0.928453093366999282640853152912
-0.929112966398734844560853043552
0.929112966398734844560853043552
-0.929769894162420213853158274502
0.929769894162420213853158274502
-0.930423874575608558409920273914
0.930423874575608558409920273914
-0.931074905565196083588616191233
0.931074905565196083588616191233
-0.931722985067428603906425027612
0.931722985067428603906425027612
-0.932368111027908085096547609448
0.932368111027908085096547609448
-0.933010281401599156505732347235
0.933010281401599156505732347235
-0.933649494152835593812362744892
0.933649494152835593812362744892
-0.934285747255326772044556713429
0.934285747255326772044556713429
-0.934919038692164088877821896861
0.934919038692164088877821896861
-0.93554936645582735819190543752
0.93554936645582735819190543752
-0.936176728548191173866570891981
0.936176728548191173866570891981
-0.936801122980531243796129357414
0.936801122980531243796129357414
-0.937422547773530694102646281124
0.937422547773530694102646281124
-0.938041000957286343527839902906
0.938041000957286343527839902906
-0.93865648057131494798378182051
0.93865648057131494798378182051
-0.939268984664559415242604772562
0.939268984664559415242604772562
-0.939878511295394989745517400536
0.939878511295394989745517400536
-0.940485058531635407511520481495
0.940485058531635407511520481495
-0.941088624450539021126313916065
0.941088624450539021126313916065
-0.941689207138814894791978611179
0.941689207138814894791978611179
-0.942286804692628869418112314285
0.942286804692628869418112314285
-0.942881415217609597735193434644
0.942881415217609597735193434644
-0.943473036828854549411041927824
0.943473036828854549411041927824
-0.944061667650935986151341421217
0.944061667650935986151341421217
-0.944647305817906906765281921142
0.944647305817906906765281921142
-0.945229949473306962177477665532
0.945229949473306962177477665532
-0.945809596770168340367409970151
0.945809596770168340367409970151
-0.946386245871021621217740260404
0.946386245871021621217740260404
-0.946959894947901601252933884902
0.946959894947901601252933884902
-0.947530542182353088249730770746
0.947530542182353088249730770746
-0.948098185765436665701094503728
0.948098185765436665701094503728
-0.948662823897734427115366999108
0.948662823897734427115366999108
-0.949224454789355680132451570046
0.949224454789355680132451570046
-0.949783076659942620438942900908
0.949783076659942620438942900908
-0.950338687738675975464218191293
0.950338687738675975464218191293
-0.950891286264280617839599553518
0.950891286264280617839599553518
-0.95144087048503114860279362124
0.95144087048503114860279362124
-0.951987438658757450129910259593
0.951987438658757450129910259593
-0.952530989052850208777458257603
0.952530989052850208777458257603
-0.953071519944266407216811931318
0.953071519944266407216811931318
-0.953609029619534786443738671038
0.953609029619534786443738671038
-0.954143516374761277445673627924
0.954143516374761277445673627924
-0.954674978515634402509523953951
0.954674978515634402509523953951
-0.955203414357430646152881284541
0.955203414357430646152881284541
-0.955728822225019795661617484956
0.955728822225019795661617484956
-0.956251200452870251216935069645
0.956251200452870251216935069645
-0.95677054738505430559504014792
0.95677054738505430559504014792
-0.95728686137525339342270224961
0.95728686137525339342270224961
-0.957800140786763309972061940372
0.957800140786763309972061940372
-0.958310383992499399478143748253
0.958310383992499399478143748253
-0.958817589375001712962628590573
0.958817589375001712962628590573
-0.959321755326440135547536613294
0.959321755326440135547536613294
-0.959822880248619483242568133648
0.959822880248619483242568133648
-0.960320962552984569189947210798
0.960320962552984569189947210798
-0.960816000660625239350709258828
0.960816000660625239350709258828
-0.961307993002281377616471061176
0.961307993002281377616471061176
-0.96179693801834788033081854596
0.96179693801834788033081854596
-0.962282834158879600204544737369
0.962282834158879600204544737369
-0.962765679883596259609067409604
0.962765679883596259609067409604
-0.9632454736618873332324531367
0.9632454736618873332324531367
-0.963722213972816900082571654214
0.963722213972816900082571654214
-0.96419589930512846482200172728
0.96419589930512846482200172728
-0.964666528157249748419407054137
0.964666528157249748419407054137
-0.965134099037297448102198125176
0.965134099037297448102198125176
-0.965598610463081966595393405106
0.965598610463081966595393405106
-0.966060060962112110631690710299
0.966060060962112110631690710299
-0.9665184490715997587178572152
0.9665184490715997587178572152
-0.966973773338464498142644141199
0.966973773338464498142644141199
-0.967426032319338231211529859207
0.967426032319338231211529859207
-0.967875224580569750693692873752
0.967875224580569750693692873752
-0.968321348698229284466713952569
0.968321348698229284466713952569
-0.968764403258113009344604521863
0.968764403258113009344604521863
-0.969204386855747534074856364758
0.969204386855747534074856364758
-0.969641298096394351490305639624
0.969641298096394351490305639624
-0.970075135595054259801702277085
0.970075135595054259801702277085
-0.97050589797647175301697392071
0.97050589797647175301697392071
-0.970933583875139380473271747893
0.970933583875139380473271747893
-0.971358191935302075467983745661
0.971358191935302075467983745661
-0.971779720810961452974999322674
0.971779720810961452974999322674
-0.972198169165880076432607515175
0.972198169165880076432607515175
-0.972613535673585693589509493134
0.972613535673585693589509493134
-0.973025819017375441395524595245
0.973025819017375441395524595245
-0.973435017890320019923667720326
0.973435017890320019923667720326
-0.973841130995267835310374580435
0.973841130995267835310374580435
-0.974244157044849111700750080672
0.974244157044849111700750080672
-0.974644094761479972185813935217
0.974644094761479972185813935217
-0.975040942877366488718816562271
0.975040942877366488718816562271
-0.975434700134508700997797325977
0.975434700134508700997797325977
-0.975825365284704604301656315445
0.975825365284704604301656315445
-0.976212937089554106267110074401
0.976212937089554106267110074401
-0.97659741432046295259400102487
0.97659741432046295259400102487
-0.976978795758646621666529770563
0.976978795758646621666529770563
-0.977357080195134188078079026568
0.977357080195134188078079026568
-0.977732266430772155047397608613
0.977732266430772155047397608613
-0.978104353276228255714012735437
0.978104353276228255714012735437
-0.978473339551995223300838860253
0.978473339551995223300838860253
-0.978839224088394530132051361562
0.978839224088394530132051361562
-0.979202005725580095494393700264
0.979202005725580095494393700264
-0.979561683313541962330187100875
0.979561683313541962330187100875
-0.979918255712109942750412452863
0.979918255712109942750412452863
-0.980271721790957232356334968041
0.980271721790957232356334968041
-0.980622080429603993358243187866
0.980622080429603993358243187866
-0.98096933051742090647997522821
0.98096933051742090647997522821
-0.981313470953632691638006698782
0.981313470953632691638006698782
-0.981654500647321597383976561943
0.981654500647321597383976561943
-0.981992418517430859099629326139
0.981992418517430859099629326139
-0.982327223492768125933254430056
0.982327223492768125933254430056
-0.982658914512008856466806495783
0.982658914512008856466806495783
-0.982987490523699683102993347246
0.982987490523699683102993347246
-0.983312950486261745161722342453
0.983312950486261745161722342453
-0.98363529336799399067539969785
0.98363529336799399067539969785
-0.983954518147076446872682138666
0.983954518147076446872682138666
-0.984270623811573459340385444796
0.984270623811573459340385444796
-0.984583609359436899853360338387
0.984583609359436899853360338387
-0.984893473798509342862252745345
0.984893473798509342862252745345
-0.985200216146527210629172835489
0.985200216146527210629172835489
-0.985503835431123887001405491783
0.985503835431123887001405491783
-0.985804330689832799813404075852
0.985804330689832799813404075852
-0.986101700970090471907419655295
0.986101700970090471907419655295
-0.986395945329239540763229363056
0.986395945329239540763229363056
-0.986687062834531746727540411614
0.986687062834531746727540411614
-0.986975052563130889833760645202
0.986975052563130889833760645202
-0.987259913602115755202942563416
0.987259913602115755202942563416
-0.987541645048483007016825695923
0.987541645048483007016825695923
-0.987820246009150051054022285427
0.987820246009150051054022285427
-0.988095715600957865780513712288
0.988095715600957865780513712288
-0.988368052950673801985750274589
0.988368052950673801985750274589
-0.988637257194994350955775170802
0.988637257194994350955775170802
-0.988903327480547881174925217868
0.988903327480547881174925217868
-0.989166262963897343547796432763
0.989166262963897343547796432763
-0.98942606281154294513330263573
0.98942606281154294513330263573
-0.989682726199924791382800301708
0.989682726199924791382800301708
-0.989936252315425496874403688272
0.989936252315425496874403688272
-0.990186640354372764535771604999
0.990186640354372764535771604999
-0.990433889523041933347811986933
0.990433889523041933347811986933
-0.990677999037658494521923765341
0.990677999037658494521923765341
-0.990918968124400576143578635171
0.990918968124400576143578635171
-0.991156796019401396275239644054
0.991156796019401396275239644054
-0.991391481968751684511820752248
0.991391481968751684511820752248
-0.991623025228502071982113595753
0.991623025228502071982113595753
-0.991851425064665449789846914559
0.991851425064665449789846914559
-0.992076680753219295888303164383
0.992076680753219295888303164383
-0.99229879158010797038269885705
0.99229879158010797038269885705
-0.992517756841244979254843868313
0.992517756841244979254843868313
-0.992733575842515206504934667949
0.992733575842515206504934667949
-0.992946247899777114705712309725
0.992946247899777114705712309725
-0.99315577233886491396463415817
0.99315577233886491396463415817
-0.993362148495590699290175951622
0.993362148495590699290175951622
-0.993565375715746556358906503929
0.993565375715746556358906503929
-0.993765453355106635680571383697
0.993765453355106635680571383697
-0.993962380779429195159096541341
0.993962380779429195159096541341
-0.994156157364458611048192781801
0.994156157364458611048192781801
-0.994346782495927357301124882201
0.994346782495927357301124882201
-0.994534255569557953315226345285
0.994534255569557953315226345285
-0.99471857599106488007291804309
0.99471857599106488007291804309
-0.99489974317615646468235761873
0.99489974317615646468235761873
-0.995077756550536733322444543819
0.995077756550536733322444543819
-0.995252615549907232598779655075
0.995252615549907232598779655075
-0.995424319619968819319384762283
0.995424319619968819319384762283
-0.995592868216423418701597545303
0.995592868216423418701597545303
-0.995758260804975751024655833917
0.995758260804975751024655833917
-0.995920496861335026746180498016
0.995920496861335026746180498016
-0.996079575871216610105190622616
0.996079575871216610105190622616
-0.996235497330343651239604518208
0.996235497330343651239604518208
-0.996388260744448686852603683819
0.996388260744448686852603683819
-0.996537865629275209470026339208
0.996537865629275209470026339208
-0.996684311510579205340444284806
0.996684311510579205340444284806
-0.996827597924130661041183198248
0.996827597924130661041183198248
-0.996967724415715038867810428072
0.996967724415715038867810428072
-0.99710469054113472110222702001
0.99710469054113472110222702001
-0.997238495866210423276354025968
0.997238495866210423276354025968
-0.99736913996678257657565457157
0.99736913996678257657565457157
-0.99749662242871267956089354306
0.99749662242871267956089354306
-0.997620942847884619429590235433
0.997620942847884619429590235433
-0.997742100830205963093188207212
0.997742100830205963093188207212
-0.997860095991609218415539897622
0.997860095991609218415539897622
-0.997974927958053066047555952321
0.997974927958053066047555952321
-0.998086596365523562408110206703
0.998086596365523562408110206703
-0.998195100860035314511103166946
0.998195100860035314511103166946
-0.998300441097632627534738788549
0.998300441097632627534738788549
-0.998402616744390626287840174376
0.998402616744390626287840174376
-0.998501627476416352072141204032
0.998501627476416352072141204032
-0.99859747297984983690096377925
0.99859747297984983690096377925
-0.998690152950865157659111436228
0.998690152950865157659111436228
-0.998779667095671473641786015938
0.998779667095671473641786015938
-0.998866015130514052087373850204
0.998866015130514052087373850204
-0.998949196781675287960806213615
0.998949196781675287960806213615
-0.999029211785475726561043301554
0.999029211785475726561043301554
-0.999106059888275100836301763613
0.999106059888275100836301763613
-0.99917974084647340008313076509
0.99917974084647340008313076509
-0.99925025442651199374457486039
0.99925025442651199374457486039
-0.999317600404874844523411660382
0.999317600404874844523411660382
-0.999381778568089860957243102674
0.999381778568089860957243102674
-0.999442788712730464218410551528
0.999442788712730464218410551528
-0.999500630645417482709012940252
0.999500630645417482709012940252
-0.99955530418282155056283516525
0.99955530418282155056283516525
-0.999606809151666289435657229001
0.999606809151666289435657229001
-0.999655145388732728142484071014
0.999655145388732728142484071014
-0.999700312740865720921850118358
0.999700312740865720921850118358
-0.999742311064983678785057082687
0.999742311064983678785057082687
-0.999781140228093968504765942001
0.999781140228093968504765942001
-0.999816800107318374776877951586
0.999816800107318374776877951586
-0.999849290589937232815041942922
0.999849290589937232815041942922
-0.999878611573470055791301043051
0.999878611573470055791301043051
-0.999904762965832106367306364928
0.999904762965832106367306364928
-0.999927744685661535680438424708
0.999927744685661535680438424708
-0.999947556663067816967517442059
0.999947556663067816967517442059
-0.999964198841555758340450312778
0.999964198841555758340450312778
-0.99997767118381073514404906172
0.99997767118381073514404906172
-0.999987973693467938559236854862
0.999987973693467938559236854862
-0.999995106531924346901241959646
0.999995106531924346901241959646
-0.99999907126084025349551653545
0.99999907126084025349551653545