0.005855690258801221
0.005855690258801221
0.005855489471081263
0.005855489471081263
0.005855087902526225
0.005855087902526225
0.005854485566905624
0.005854485566905624
0.005853682484873149
0.005853682484873149
0.005852678683965947
0.005852678683965947
0.005851474198603683
0.005851474198603683
0.005850069070087359
0.005850069070087359
0.005848463346597894
0.005848463346597894
0.00584665708319448
0.00584665708319448
0.005844650341812684
0.005844650341812684
0.005842443191262333
0.005842443191262333
0.00584003570722515
0.00584003570722515
0.005837427972252159
0.005837427972252159
0.005834620075760857
0.005834620075760857
0.005831612114032143
0.005831612114032143
0.005828404190207023
0.005828404190207023
0.00582499641428307
0.00582499641428307
0.005821388903110649
0.005821388903110649
0.005817581780388918
0.005817581780388918
0.00581357517666158
0.00581357517666158
0.005809369229312408
0.005809369229312408
0.005804964082560536
0.005804964082560536
0.005800359887455514
0.005800359887455514
0.005795556801872127
0.005795556801872127
0.00579055499050498
0.00579055499050498
0.005785354624862854
0.005785354624862854
0.005779955883262826
0.005779955883262826
0.00577435895082415
0.00577435895082415
0.005768564019461912
0.005768564019461912
0.00576257128788045
0.00576257128788045
0.00575638096156654
0.00575638096156654
0.00574999325278235
0.00574999325278235
0.00574340838055816
0.00574340838055816
0.005736626570684855
0.005736626570684855
0.005729648055706179
0.005729648055706179
0.005722473074910764
0.005722473074910764
0.005715101874323925
0.005715101874323925
0.005707534706699221
0.005707534706699221
0.005699771831509792
0.005699771831509792
0.005691813514939459
0.005691813514939459
0.005683660029873598
0.005683660029873598
0.005675311655889783
0.005675311655889783
0.0056667686792482
0.0056667686792482
0.005658031392881828
0.005658031392881828
0.0056491000963864
0.0056491000963864
0.005639975096010126
0.005639975096010126
0.005630656704643193
0.005630656704643193
0.005621145241807035
0.005621145241807035
0.005611441033643382
0.005611441033643382
0.005601544412903068
0.005601544412903068
0.005591455718934629
0.005591455718934629
0.005581175297672665
0.005581175297672665
0.005570703501625975
0.005570703501625975
0.005560040689865473
0.005560040689865473
0.005549187228011874
0.005549187228011874
0.005538143488223158
0.005538143488223158
0.00552690984918181
0.00552690984918181
0.005515486696081832
0.005515486696081832
0.005503874420615538
0.005503874420615538
0.005492073420960122
0.005492073420960122
0.005480084101764004
0.005480084101764004
0.005467906874132957
0.005467906874132957
0.005455542155616007
0.005455542155616007
0.005442990370191119
0.005442990370191119
0.005430251948250659
0.005430251948250659
0.005417327326586633
0.005417327326586633
0.005404216948375712
0.005404216948375712
0.005390921263164034
0.005390921263164034
0.005377440726851794
0.005377440726851794
0.005363775801677605
0.005363775801677605
0.005349926956202653
0.005349926956202653
0.005335894665294628
0.005335894665294628
0.005321679410111442
0.005321679410111442
0.005307281678084729
0.005307281678084729
0.005292701962903135
0.005292701962903135
0.005277940764495385
0.005277940764495385
0.005262998589013144
0.005262998589013144
0.005247875948813659
0.005247875948813659
0.005232573362442195
0.005232573362442195
0.005217091354614248
0.005217091354614248
0.005201430456197559
0.005201430456197559
0.005185591204193905
0.005185591204193905
0.005169574141720693
0.005169574141720693
0.005153379817992329
0.005153379817992329
0.005137008788301391
0.005137008788301391
0.005120461613999586
0.005120461613999586
0.005103738862478504
0.005103738862478504
0.005086841107150159
0.005086841107150159
0.005069768927427331
0.005069768927427331
0.005052522908703694
0.005052522908703694
0.005035103642333747
0.005035103642333747
0.005017511725612536
0.005017511725612536
0.004999747761755172
0.004999747761755172
0.004981812359876147
0.004981812359876147
0.004963706134968449
0.004963706134968449
0.004945429707882475
0.004945429707882475
0.00492698370530474
0.00492698370530474
0.00490836875973639
0.00490836875973639
0.004889585509471515
0.004889585509471515
0.004870634598575259
0.004870634598575259
0.004851516676861738
0.004851516676861738
0.004832232399871759
0.004832232399871759
0.004812782428850339
0.004812782428850339
0.004793167430724034
0.004793167430724034
0.004773388078078069
0.004773388078078069
0.004753445049133276
0.004753445049133276
0.00473333902772284
0.00473333902772284
0.004713070703268846
0.004713070703268846
0.004692640770758645
0.004692640770758645
0.004672049930721019
0.004672049930721019
0.004651298889202164
0.004651298889202164
0.004630388357741476
0.004630388357741476
0.004609319053347155
0.004609319053347155
0.004588091698471621
0.004588091698471621
0.004566707020986738
0.004566707020986738
0.004545165754158858
0.004545165754158858
0.004523468636623679
0.004523468636623679
0.004501616412360913
0.004501616412360913
0.00447960983066878
0.00447960983066878
0.004457449646138314
0.004457449646138314
0.004435136618627488
0.004435136618627488
0.004412671513235157
0.004412671513235157
0.004390055100274828
0.004390055100274828
0.004367288155248242
0.004367288155248242
0.004344371458818785
0.004344371458818785
0.004321305796784719
0.004321305796784719
0.004298091960052238
0.004298091960052238
0.004274730744608345
0.004274730744608345
0.004251222951493565
0.004251222951493565
0.00422756938677447
0.00422756938677447
0.004203770861516047
0.004203770861516047
0.004179828191753879
0.004179828191753879
0.004155742198466172
0.004155742198466172
0.004131513707545598
0.004131513707545598
0.004107143549770978
0.004107143549770978
0.004082632560778797
0.004082632560778797
0.004057981581034547
0.004057981581034547
0.004033191455803911
0.004033191455803911
0.004008263035123776
0.004008263035123776
0.003983197173773089
0.003983197173773089
0.003957994731243548
0.003957994731243548
0.003932656571710125
0.003932656571710125
0.003907183564001441
0.003907183564001441
0.00388157658156997
0.00388157658156997
0.00385583650246209
0.00385583650246209
0.003829964209287974
0.003829964209287974
0.003803960589191331
0.003803960589191331
0.003777826533818979
0.003777826533818979
0.003751562939290277
0.003751562939290277
0.003725170706166395
0.003725170706166395
0.003698650739419435
0.003698650739419435
0.003672003948401398
0.003672003948401398
0.003645231246813008
0.003645231246813008
0.003618333552672376
0.003618333552672376
0.003591311788283527
0.003591311788283527
0.003564166880204771
0.003564166880204771
0.003536899759216932
0.003536899759216932
0.003509511360291435
0.003509511360291435
0.003482002622558244
0.003482002622558244
0.003454374489273661
0.003454374489273661
0.003426627907787983
0.003426627907787983
0.003398763829513015
0.003398763829513015
0.003370783209889451
0.003370783209889451
0.003342687008354108
0.003342687008354108
0.003314476188307032
0.003314476188307032
0.003286151717078461
0.003286151717078461
0.003257714565895656
0.003257714565895656
0.0032291657098496
0.0032291657098496
0.003200506127861558
0.003200506127861558
0.00317173680264952
0.00317173680264952
0.003142858720694492
0.003142858720694492
0.003113872872206681
0.003113872872206681
0.003084780251091535
0.003084780251091535
0.003055581854915666
0.003055581854915666
0.003026278684872639
0.003026278684872639
0.002996871745748651
0.002996871745748651
0.002967362045888066
0.002967362045888066
0.002937750597158851
0.002937750597158851
0.002908038414917871
0.002908038414917871
0.002878226517976077
0.002878226517976077
0.002848315928563572
0.002848315928563572
0.002818307672294558
0.002818307672294558
0.002788202778132169
0.002788202778132169
0.002758002278353188
0.002758002278353188
0.002727707208512653
0.002727707208512653
0.002697318607408345
0.002697318607408345
0.002666837517045174
0.002666837517045174
0.002636264982599441
0.002636264982599441
0.002605602052383008
0.002605602052383008
0.002574849777807347
0.002574849777807347
0.002544009213347492
0.002544009213347492
0.002513081416505877
0.002513081416505877
0.002482067447776079
0.002482067447776079
0.00245096837060645
0.00245096837060645
0.002419785251363659
0.002419785251363659
0.002388519159296122
0.002388519159296122
0.002357171166497338
0.002357171166497338
0.002325742347869132
0.002325742347869132
0.002294233781084793
0.002294233781084793
0.002262646546552124
0.002262646546552124
0.002230981727376396
0.002230981727376396
0.002199240409323208
0.002199240409323208
0.002167423680781258
0.002167423680781258
0.002135532632725022
0.002135532632725022
0.002103568358677348
0.002103568358677348
0.002071531954671958
0.002071531954671958
0.002039424519215867
0.002039424519215867
0.002007247153251717
0.002007247153251717
0.001975000960120026
0.001975000960120026
0.001942687045521358
0.001942687045521358
0.001910306517478407
0.001910306517478407
0.001877860486298006
0.001877860486298006
0.00184535006453306
0.00184535006453306
0.001812776366944392
0.001812776366944392
0.001780140510462525
0.001780140510462525
0.001747443614149382
0.001747443614149382
0.00171468679915992
0.00171468679915992
0.001681871188703684
0.001681871188703684
0.001648997908006298
0.001648997908006298
0.001616068084270887
0.001616068084270887
0.001583082846639426
0.001583082846639426
0.001550043326154026
0.001550043326154026
0.001516950655718164
0.001516950655718164
0.001483805970057833
0.001483805970057833
0.001450610405682649
0.001450610405682649
0.001417365100846882
0.001417365100846882
0.001384071195510444
0.001384071195510444
0.001350729831299808
0.001350729831299808
0.00131734215146888
0.00131734215146888
0.001283909300859816
0.001283909300859816
0.001250432425863791
0.001250432425863791
0.001216912674381716
0.001216912674381716
0.001183351195784913
0.001183351195784913
0.001149749140875749
0.001149749140875749
0.001116107661848231
0.001116107661848231
0.001082427912248563
0.001082427912248563
0.001048711046935683
0.001048711046935683
0.001014958222041777
0.001014958222041777
0.0009811705949327746
0.0009811705949327746
0.0009473493241688539
0.0009473493241688539
0.0009134955694649605
0.0009134955694649605
0.0008796104916513638
0.0008796104916513638
0.0008456952526342857
0.0008456952526342857
0.0008117510153566429
0.0008117510153566429
0.0007777789437589676
0.0007777789437589676
0.0007437802027405993
0.0007437802027405993
0.0007097559581212891
0.0007097559581212891
0.0006757073766034271
0.0006757073766034271
0.0006416356257352277
0.0006416356257352277
0.0006075418738753972
0.0006075418738753972
0.0005734272901601442
0.0005734272901601442
0.0005392930444739632
0.0005392930444739632
0.0005051403074266552
0.0005051403074266552
0.0004709702503409484
0.0004709702503409484
0.0004367840452587431
0.0004367840452587431
0.000402582864981328
0.000402582864981328
0.0003683678831743305
0.0003683678831743305
0.00033414027460243
0.00033414027460243
0.000299901215640216
0.000299901215640216
0.0002656518854142158
0.0002656518854142158
0.0002313934685187037
0.0002313934685187037
0.0001971271621054213
0.0001971271621054213
0.0001628541969511036
0.0001628541969511036
0.0001285759124096409
0.0001285759124096409
0.00009429410304281684
0.00009429410304281684
0.00006001346322170194
0.00006001346322170194
0.00002578145559809912
0.00002578145559809912