0
-0.00230744741383276025209986415181
0.00230744741383276025209986415181
-0.00461488254207393848068020354734
0.00461488254207393848068020354734
-0.00692229309919736510005894238539
0.00692229309919736510005894238539
-0.00922966679980769505195206196238
0.00922966679980769505195206196238
-0.0115369913587058191984823815275
0.0115369913587058191984823815275
-0.0138442544909542746703652340417
0.0138442544909542746703652340417
-0.016151443911942653822005322005
0.016151443911942653822005322005
-0.0184585473374530114452464557706
0.0184585473374530114452464557706
-0.0207655524837252698935251482545
0.0207655524837252698935251482545
-0.0230724470675226217681901656313
0.0230724470675226217681901656313
-0.0253792188061969298187631134189
0.0253792188061969298187631134189
-0.0276858554177541237089299712285
0.0276858554177541237089299712285
-0.0299923446209195933000701773109
0.0299923446209195933000701773109
-0.0322986741352035781041484057805
0.0322986741352035781041484057805
-0.0346048316809665525578145749417
0.0346048316809665525578145749417
-0.0369108049794846067695798743732
0.0369108049794846067695798743732
-0.0392165817530148223919607012239
0.0392165817530148223919607012239
-0.0415221497248606432705083524119
0.0415221497248606432705083524119
-0.0438274966194372405216701289546
0.0438274966194372405216701289546
-0.0461326101623368716914571713552
0.0461326101623368716914571713552
-0.0484374780803942336469258606514
0.0484374780803942336469258606514
-0.0507420881017518088525129882527
0.0507420881017518088525129882527
-0.0530464279559252046833001188529
0.0530464279559252046833001188529
-0.0553504853738684854273196443354
0.0553504853738684854273196443354
-0.0576542480880394966290539524749
0.0576542480880394966290539524749
-0.0599577038324651814263199121948
0.0599577038324651814263199121948
-0.0622608403428068885327735069236
0.0622608403428068885327735069236
-0.0645636453564256715183139290012
0.0645636453564256715183139290012
-0.0668661066124475790397127808625
0.0668661066124475790397127808625
-0.0691682118518289356738422126383
0.0691682118518289356738422126383
-0.0714699488174216130059258605959
0.0714699488174216130059258605959
-0.0737713052540382906252883362309
0.0737713052540382906252883362309
-0.0760722689085177066811327515459
0.0760722689085177066811327515459
-0.0783728275297898976509313518145
0.0783728275297898976509313518145
-0.0806729688689414269740717626461
0.0806729688689414269740717626461
-0.0829726806792806022034606431235
0.0829726806792806022034606431235
-0.0852719507164026803278476708696
0.0852719507164026803278476708696
-0.0875707667382550609176957677879
0.0875707667382550609176957677879
-0.089869116505202466747488306573
0.089869116505202466747488306573
-0.0921669877800921115474307175616
0.0921669877800921115474307175616
-0.0944643683283188545375724427367
0.0944643683283188545375724427367
-0.0967612459178903413974455583375
0.0967612459178903413974455583375
-0.099057608319492131324388609198
0.099057608319492131324388609198
-0.101353443306552809833798266246
0.101353443306552809833798266246
-0.103648738655309086954627333155
0.103648738655309086954627333155
-0.105943482144870880473525388541
0.105943482144870880473525388541
-0.108237661557286383881097955935
0.108237661557286383881097955935
-0.11053126467760711867384154458
0.11053126467760711867384154458
-0.112824279293952970665395199541
0.112824279293952970665395199541
-0.11511669319757720996083433913
0.11511669319757720996083433913
-0.117408494182931494247819640865
0.117408494182931494247819640865
-0.11969967004773085505850256362
0.11969967004773085505850256362
-0.121990208593018666656179762773
0.121990208593018666656179762773
-0.124280097623231597200781166588
0.124280097623231597200781166588
-0.126569324946264541847370835252
0.126569324946264541847370835252
-0.128857878373535537431935918427
0.128857878373535537431935918427
-0.131145745720050658398837062378
0.131145745720050658398837062378
-0.133432914804468893624393493172
0.133432914804468893624393493172
-0.13571937344916700379117771753
0.13571937344916700379117771753
-0.138005109480304358967698337226
0.138005109480304358967698337226
-0.140290110727887756048254865775
0.140290110727887756048254865775
-0.142574365025836215707855667067
0.142574365025836215707855667067
-0.144857860212045758527199204029
0.144857860212045758527199204029
-0.147140584128454159942829690609
0.147140584128454159942829690609
-0.149422524621105683677690982028
0.149422524621105683677690982028
-0.151703669540215793307417115453
0.151703669540215793307417115453
-0.153984006740235841617814325659
0.153984006740235841617814325659
-0.156263524079917737409107607055
0.156263524079917737409107607055
-0.158542209422378589402644974132
0.158542209422378589402644974132
-0.160820050635165326905874486262
0.160820050635165326905874486262
-0.163097035590319296891532849209
0.163097035590319296891532849209
-0.165373152164440837147109984015
0.165373152164440837147109984015
-0.167648388238753825150781363491
0.167648388238753825150781363491
-0.169922731699170202330129156595
0.169922731699170202330129156595
-0.172196170436354473360104290964
0.172196170436354473360104290964
-0.174468692345788180156814442921
0.174468692345788180156814442921
-0.176740285327834350223857691898
0.176740285327834350223857691898
-0.179010937287801919008058131422
0.179010937287801919008058131422
-0.181280636136010125921598111196
0.181280636136010125921598111196
-0.183549369787852883687681993306
0.183549369787852883687681993306
-0.185817126163863120667008339708
0.185817126163863120667008339708
-0.188083893189777095822471307015
0.188083893189777095822471307015
-0.190349658796598685979657707432
0.190349658796598685979657707432
-0.192614410920663645040853700816
0.192614410920663645040853700816
-0.194878137503703834810424411335
0.194878137503703834810424411335
-0.197140826492911427089580912386
0.197140826492911427089580912386
-0.19940246584100307669870199445
0.19940246584100307669870199445
-0.201663043506284065085532921596
0.201663043506284065085532921596
-0.203922547452712414177739992601
0.203922547452712414177739992601
-0.206180965649962970138458151244
0.206180965649962970138458151244
-0.208438286073491456683629136503
0.208438286073491456683629136503
-0.210694496704598497620089726161
0.210694496704598497620089726161
-0.212949585530493608263533505962
0.212949585530493608263533505962
-0.215203540544359155395635290017
0.215203540544359155395635290017
-0.21745634974541428541979482575
0.21745634974541428541979482575
-0.219708001138978820375125737462
0.219708001138978820375125737462
-0.221958482736537121468486795628
0.221958482736537121468486795628
-0.224207782555801919784525543397
0.224207782555801919784525543397
-0.226455888620778113833879066601
0.226455888620778113833879066601
-0.228702788961826533599853257886
0.228702788961826533599853257886
-0.230948471615727670744080298422
0.230948471615727670744080298422
-0.233192924625745374631834261162
0.233192924625745374631834261162
-0.235436136041690513837866726708
0.235436136041690513837866726708
-0.237678093919984602793808095673
0.237678093919984602793808095673
-0.239918786323723393238365878919
0.239918786323723393238365878919
-0.242158201322740430131738648296
0.242158201322740430131738648296
-0.2443963269936705716958535344
0.2443963269936705716958535344
-0.246633151420013473242226163563
0.246633151420013473242226163563
-0.248868662692197034449434732587
0.248868662692197034449434732587
-0.25110284890764080975239452575
0.25110284890764080975239452575
-0.253335698170819381505815583247
0.253335698170819381505815583247
-0.255567198593325695584424432425
0.255567198593325695584424432425
-0.257797338293934359082730791926
0.257797338293934359082730791926
-0.26002610539866489977732195305
0.26002610539866489977732195305
-0.262253488040844987014871131241
0.262253488040844987014871131241
-0.264479474361173613689251462491
0.264479474361173613689251462491
-0.266704052507784238971354493583
0.266704052507784238971354493583
-0.268927210636307891455420980269
0.268927210636307891455420980269
-0.271148936909936232385902562741
0.271148936909936232385902562741
-0.273369219499484578629085431789
0.273369219499484578629085431789
-0.275588046583454885053921430897
0.275588046583454885053921430897
-0.277805406348098685986728157932
0.277805406348098685986728157932
-0.280021286987479995404637533969
0.280021286987479995404637533969
-0.282235676703538165532891994954
0.282235676703538165532891994954
-0.284448563706150703511308933186
0.284448563706150703511308933186
-0.286659936213196045795457268831
0.286659936213196045795457268831
-0.288869782450616289958315065653
0.288869782450616289958315065653
-0.291078090652479883558403918678
0.291078090652479883558403918678
-0.293284849061044269740624433381
0.293284849061044269740624433381
-0.295490045926818489236247484987
0.295490045926818489236247484987
-0.297693669508625738428748091405
0.297693669508625738428748091405
-0.299895708073665883152402652852
0.299895708073665883152402652852
-0.302096149897577927890806004252
0.302096149897577927890806004252
-0.304294983264502440042702191634
0.304294983264502440042702191634
-0.306492196467143928922762119841
0.306492196467143928922762119841
-0.308687777806833179165182224506
0.308687777806833179165182224506
-0.31088171559358953819822109534
0.31088171559358953819822109534
-0.313073998146183157458035518836
0.313073998146183157458035518836
-0.31526461379219718701042371532
0.31526461379219718701042371532
-0.317453550868089923249331616587
0.317453550868089923249331616587
-0.319640797719256909341227864728
0.319640797719256909341227864728
-0.321826342700092988084704808949
0.321826342700092988084704808949
-0.324010174174054306854916133804
0.324010174174054306854916133804
-0.326192280513720274302716868004
0.326192280513720274302716868004
-0.328372650100855468478628396428
0.328372650100855468478628396428
-0.330551271326471496052009727799
0.330551271326471496052009727799
-0.33272813259088880229607665534
0.33272813259088880229607665534
-0.334903222303798431509672586161
0.334903222303798431509672586161
-0.337076528884323737546958705809
0.337076528884323737546958705809
-0.339248040761082044126456785859
0.339248040761082044126456785859
-0.341417746372246254591145333317
0.341417746372246254591145333317
-0.343585634165606410791578919427
0.343585634165606410791578919427
-0.345751692598631200764271410862
0.345751692598631200764271410862
-0.34791591013852941487785645673
0.34791591013852941487785645673
-0.350078275262311350119812958974
0.350078275262311350119812958974
-0.352238776456850162196819370016
0.352238776456850162196819370016
-0.354397402218943165122078518509
0.354397402218943165122078518509
-0.356554141055373077963234260338
0.356554141055373077963234260338
-0.358708981482969218424782585958
0.358708981482969218424782585958
-0.360861912028668642939162885425
0.360861912028668642939162885425
-0.363012921229577232940999877449
0.363012921229577232940999877449
-0.36516199763303072699925324699
0.36516199763303072699925324699
-0.367309129796655698482320305839
0.367309129796655698482320305839
-0.369454306288430478431426990653
0.369454306288430478431426990653
-0.371597515686746023317934241647
0.371597515686746023317934241647
-0.373738746580466727360480260836
0.373738746580466727360480260836
-0.375877987568991179078174330033
0.375877987568991179078174330033
-0.378015227262312861756354773923
0.378015227262312861756354773923
-0.38015045428108079750172228115
0.38015045428108079750172228115
-0.382283657256660134563960144562
0.382283657256660134563960144562
-0.384414824831192677601255049293
0.384414824831192677601255049293
-0.386543945657657360567435822316
0.386543945657657360567435822316
-0.388671008399930661898753058087
0.388671008399930661898753058087
-0.390796001732846961678629750127
0.390796001732846961678629750127
-0.392918914342258840459021986339
0.392918914342258840459021986339
-0.39503973492509731941733940481
0.39503973492509731941733940481
-0.397158452189432041528187455178
0.397158452189432041528187455178
-0.399275054854531393429507566697
0.399275054854531393429507566697
-0.401389531650922567663007086217
0.401389531650922567663007086217
-0.403501871320451564969088315735
0.403501871320451564969088315735
-0.405612062616343136316805148299
0.405612062616343136316805148299
-0.407720094303260664349696671108
0.407720094303260664349696671108
-0.409825955157365983928669674026
0.409825955157365983928669674026
-0.41192963396637914145342626857
0.41192963396637914145342626857
-0.414031119529638092644258785185
0.414031119529638092644258785185
-0.416130400658158338466361773349
0.416130400658158338466361773349
-0.418227466174692498879140278219
0.418227466174692498879140278219
-0.420322304913789824093324607197
0.420322304913789824093324607197
-0.422414905721855643019034528341
0.422414905721855643019034528341
-0.424505257457210748588270258098
0.424505257457210748588270258098
-0.4265933489901507196356436967
0.4265933489901507196356436967
-0.428679169203005179021501153852
0.428679169203005179021501153852
-0.430762706990196987681928273382
0.430762706990196987681928273382
-0.432843951258301374290469011346
0.432843951258301374290469011346
-0.434922890926105000216733346059
0.434922890926105000216733346059
-0.436999514924664959467412898641
0.436999514924664959467412898641
-0.439073812197367713295569817255
0.439073812197367713295569817255
-0.44114577169998795916441212531
0.44114577169998795916441212531
-0.443215382400747433752118251708
0.443215382400747433752118251708
-0.445282633280373649684624647894
0.445282633280373649684624647894
-0.447347513332158565683643250063
0.447347513332158565683643250063
-0.449410011562017189817530063614
0.449410011562017189817530063614
-0.451470116988546115542982328845
0.451470116988546115542982328845
-0.45352781864308199022589957015
0.45352781864308199022589957015
-0.45558310556975991583010333355
0.45558310556975991583010333355
-0.457635966825571781462971577589
0.457635966825571781462971577589
-0.459686391480424527467406498238
0.459686391480424527467406498238
-0.461734368617198340749919037828
0.461734368617198340749919037828
-0.463779887331804781034979449034
0.463779887331804781034979449034
-0.465822936733244837736151055662
0.465822936733244837736151055662
-0.467863505943666917134893770596
0.467863505943666917134893770596
-0.469901584098424759558294995568
0.469901584098424759558294995568
-0.471937160346135286247358235668
0.471937160346135286247358235668
-0.47397022384873637560785411156
0.47397022384873637560785411156
-0.476000763781544568536114442299
0.476000763781544568536114442299
-0.478028769333312702512527699465
0.478028769333312702512527699465
-0.480054229706287474155873396966
0.480054229706287474155873396966
-0.482077134116266929932013878352
0.482077134116266929932013878352
-0.484097471792657884710844492776
0.484097471792657884710844492776
-0.486115231978533267865787309811
0.486115231978533267865787309811
-0.488130403930689396610499310099
0.488130403930689396610499310099
-0.490142976919703176267853401287
0.490142976919703176267853401287
-0.492152940229989227166639644755
0.492152940229989227166639644755
-0.494160283159856937861824736245
0.494160283159856937861824736245
-0.496164995021567444374600060562
0.496164995021567444374600060562
-0.498167065141390535148842534942
0.498167065141390535148842534942
-0.500166482859661481421007965365
0.500166482859661481421007965365
-0.502163237530837792700873762963
0.502163237530837792700873762963
-0.504157318523555897060946601585
0.504157318523555897060946601585
-0.506148715220687745932750940392
0.506148715220687745932750940392
-0.508137417019397343108616285034
0.508137417019397343108616285034
-0.510123413331197197647984615182
0.510123413331197197647984615182
-0.51210669358200470038766456305
0.51210669358200470038766456305
-0.514087247212198423755865684639
0.514087247212198423755865684639
-0.516065063676674344590254520782
0.516065063676674344590254520782
-0.518040132444901989660684096393
0.518040132444901989660684096393
-0.520012443000980503597660051506
0.520012443000980503597660051506
-0.521981984843694638928019734475
0.521981984843694638928019734475
-0.523948747486570667919715313938
0.523948747486570667919715313938
-0.525912720457932215938008279624
0.525912720457932215938008279624
-0.527873893300956016015800600555
0.527873893300956016015800600555
-0.529832255573727584341247290442
0.529832255573727584341247290442
-0.531787796849296816366216191908
0.531787796849296816366216191908
-0.533740506715733503239583431278
0.533740506715733503239583431278
-0.535690374776182768269777211879
0.535690374776182768269777211879
-0.537637390648920423121408403764
0.537637390648920423121408403764
-0.539581543967408243451253749306
0.539581543967408243451253749306
-0.541522824380349163689286434892
0.541522824380349163689286434892
-0.543461221551742390670879276706
0.543461221551742390670879276706
-0.545396725160938435826737831016
0.545396725160938435826737831016
-0.547329324902694065637554364226
0.547329324902694065637554364226
-0.549259010487227170060808802858
0.549259010487227170060808802858
-0.55118577164027154863757952624
0.55118577164027154863757952624
-0.553109598103131613987665162848
0.553109598103131613987665162848
-0.555030479632737012401758402343
0.555030479632737012401758402343
-0.556948406001697161239854237369
0.556948406001697161239854237369
-0.558863366998355702845517999486
0.558863366998355702845517999486
-0.560775352426844874686083050015
0.560775352426844874686083050015
-0.56268435210713979542929402667
0.56268435210713979542929402667
-0.564590355875112666667359128223
0.564590355875112666667359128223
-0.566493353582586889999824039763
0.566493353582586889999824039763
-0.568393335097391099187130757965
0.568393335097391099187130757965
-0.570290290303413107087176766728
0.570290290303413107087176766728
-0.572184209100653767087643736295
0.572184209100653767087643736295
-0.57407508140528074874732017092
0.57407508140528074874732017092
-0.575962897149682227360099209086
0.575962897149682227360099209086
-0.577847646282520487155791083604
0.577847646282520487155791083604
-0.579729318768785437852349574303
0.579729318768785437852349574303
-0.581607904589848044274573130932
0.581607904589848044274573130932
-0.583483393743513668754804205936
0.583483393743513668754804205936
-0.585355776244075326031614713472
0.585355776244075326031614713472
-0.587225042122366850362931419831
0.587225042122366850362931419831
-0.589091181425815974570522469047
0.589091181425815974570522469047
-0.590954184218497320733235153151
0.590954184218497320733235153151
-0.592814040581185302246845447034
0.592814040581185302246845447034
-0.59467074061140693696885174051
0.59467074061140693696885174051
-0.596524274423494571167018612514
0.596524274423494571167018612514
-0.5983746321486385139909514019
0.5983746321486385139909514019
-0.60022180393493958218645873344
0.60022180393493958218645873344
-0.60206577994746155477293805387
0.60206577994746155477293805387
-0.603906550368283537404498618684
0.603906550368283537404498618684
-0.605744105396552236136017243138
0.605744105396552236136017243138
-0.60757843524853414031580448825
0.60757843524853414031580448825
-0.609409530157667614327042791679
0.609409530157667614327042791679
-0.61123738037461489790064337185
0.61123738037461489790064337185
-0.613061976167314014722655528819
0.613061976167314014722655528819
-0.614883307821030589059850234698
0.614883307821030589059850234698
-0.616701365638409570127589647244
0.616701365638409570127589647244
-0.61851613993952686392458538997
0.61851613993952686392458538997
-0.620327621061940872259641118173
0.620327621061940872259641118173
-0.622135799360743938695969029973
0.622135799360743938695969029973
-0.623940665208613701139165582252
0.623940665208613701139165582252
-0.625742208995864350795428730538
0.625742208995864350795428730538
-0.627540421130497797227097526832
0.627540421130497797227097526832
-0.629335292038254739233094877419
0.629335292038254739233094877419
-0.63112681216266564128235568122
0.63112681216266564128235568122
-0.632914971965101615228825435494
0.632914971965101615228825435494
-0.634699761924825207037118707102
0.634699761924825207037118707102
-0.636481172539041088248432621323
0.636481172539041088248432621323
-0.638259194322946651916817713741
0.638259194322946651916817713741
-0.64003381780978251274641712124
0.64003381780978251274641712124
-0.641805033550882911160795153032
0.641805033550882911160795153032
-0.643572832115726021035987779056
0.643572832115726021035987779056
-0.645337204091984160829420498446
0.645337204091984160829420498446
-0.647098140085573907837353402211
0.647098140085573907837353402211
-0.648855630720706115314029019171
0.648855630720706115314029019171
-0.650609666639935832186215729711
0.650609666639935832186215729711
-0.65236023850421212509735814537
0.65236023850421212509735814537
-0.654107336992927802516065880854
0.654107336992927802516065880854
-0.655850952803969040644193586051
0.655850952803969040644193586051
-0.657591076653764910860287956154
0.657591076653764910860287956154
-0.659327699277336808434701695414
0.659327699277336808434701695414
-0.66106081142834778225320007141
0.66106081142834778225320007141
-0.662790403879151765286412759384
0.662790403879151765286412759384
-0.664516467420842705543012137216
0.664516467420842705543012137216
-0.666238992863303597245029048278
0.666238992863303597245029048278
-0.667957971035255411964248298831
0.667957971035255411964248298831
-0.669673392784305929459158796053
0.669673392784305929459158796053
-0.671385248976998467952467259256
0.671385248976998467952467259256
-0.67309353049886051358971984769
0.67309353049886051358971984769
-0.67479822825445224882011284051
0.67479822825445224882011284051
-0.676499333167414979441111675288
0.676499333167414979441111675288
-0.678196836180519460049037197948
0.678196836180519460049037197948
-0.679890728255714117638318896292
0.679890728255714117638318896292
-0.681581000374173173092657178599
0.681581000374173173092657178599
-0.683267643536344660311880415051
0.683267643536344660311880415051
-0.684950648761998342718827480319
0.684950648761998342718827480319
-0.686630007090273526891132917319
0.686630007090273526891132917319
-0.688305709579726773063339582357
0.688305709579726773063339582357
-0.689977747308379502245312727396
0.689977747308379502245312727396
-0.691646111373765499703479923262
0.691646111373765499703479923262
-0.693310792892978314551973025317
0.693310792892978314551973025317
-0.694971783002718555201301527399
0.694971783002718555201301527399
-0.696629072859341080412741137878
0.696629072859341080412741137878
-0.69828265363890208570717724045
0.69828265363890208570717724045
-0.699932516537206084877700068848
0.699932516537206084877700068848
-0.701578652769852786355806926056
0.701578652769852786355806926056
-0.703221053572283864181626611845
0.703221053572283864181626611845
-0.70485971019982962332914238457
0.70485971019982962332914238457
-0.706494613927755559137952271185
0.706494613927755559137952271185
-0.708125756051308810603669350281
0.708125756051308810603669350281
-0.709753127885764507279629763781
0.709753127885764507279629763781
-0.71137672076647200954314266054
0.71137672076647200954314266054
-0.712996526048901041980084036644
0.712996526048901041980084036644
-0.714612535108687719642205509528
0.714612535108687719642205509528
-0.716224739341680466932099443243
0.716224739341680466932099443243
-0.717833130163985828871333527091
0.717833130163985828871333527091
-0.719437699012014174507840896565
0.719437699012014174507840896565
-0.721038437342525292219226170836
0.721038437342525292219226170836
-0.722635336632673876669223362032
0.722635336632673876669223362032
-0.724228388380054907175118485046
0.724228388380054907175118485046
-0.725817584102748917244527859653
0.725817584102748917244527859653
-0.727402915339367155040502546095
0.727402915339367155040502546095
-0.728984373649096634534510088063
0.728984373649096634534510088063
-0.730561950611745077107426749956
0.730561950611745077107426749956
-0.732135637827785743359256725393
0.732135637827785743359256725393
-0.733705426918402154888879358085
0.733705426918402154888879358085
-0.735271309525532705805711251211
0.735271309525532705805711251211
-0.73683327731191516373575724426
0.73683327731191516373575724426
-0.73839132196113106008511260382
0.73839132196113106008511260382
-0.73994543517764996932456840381
0.73994543517764996932456840381
-0.7414956086868736770595629581
0.7414956086868736770595629581
-0.743041834235180236650314311126
0.743041834235180236650314311126
-0.744584103589967914147562186904
0.744584103589967914147562186904
-0.746122408539699021309942440558
0.746122408539699021309942440558
-0.747656740893943636469612945964
0.747656740893943636469612945964
-0.749187092483423213013346985208
0.749187092483423213013346985208
-0.750713455160054075246908577071
0.750713455160054075246908577071
-0.752235820796990801411123789486
0.752235820796990801411123789486
-0.753754181288669493618662921721
0.753754181288669493618662921721
-0.755268528550850934481150512661
0.755268528550850934481150512661
-0.756778854520663630196823428848
0.756778854520663630196823428848
-0.758285151156646739869561806607
0.758285151156646739869561806607
-0.759787410438792890830723363543
0.759787410438792890830723363543
-0.761285624368590879735818552532
0.761285624368590879735818552532
-0.762779784969068259208672202996
0.762779784969068259208672202996
-0.764269884284833809806326676416
0.764269884284833809806326676416
-0.765755914382119897078552152432
0.765755914382119897078552152432
-0.767237867348824713496441455353
0.767237867348824713496441455353
-0.768715735294554405025179825081
0.768715735294554405025179825081
-0.77018951035066508211669422817
0.77018951035066508211669422817
-0.771659184670304714898502190673
0.771659184670304714898502190673
-0.773124750428454912335696711289
0.773124750428454912335696711289
-0.774586199821972585143621577918
0.774586199821972585143621577918
-0.776043525069631492229410359612
0.776043525069631492229410359612
-0.777496718412163670441182475974
0.777496718412163670441182475974
-0.778945772112300747404311053825
0.778945772112300747404311053825
-0.780390678454815137224799763259
0.780390678454815137224799763259
-0.781831429746561118840429478631
0.781831429746561118840429478631
-0.783268018316515796800960431305
0.783268018316515796800960431305
-0.78470043651581994425930150681
0.78470043651581994425930150681
-0.786128676717818727956185485982
0.786128676717818727956185485982
-0.787552731318102314981517334557
0.787552731318102314981517334557
-0.788972592734546361096192104949
0.788972592734546361096192104949
-0.790388253407352380398809624451
0.790388253407352380398809624451
-0.79179970579908799612234490235
0.79179970579908799612234490235
-0.79320694239472707234646609114
0.79320694239472707234646609114
-0.794609955701689726411825880764
0.794609955701689726411825880764
-0.796008738249882221823287386255
0.796008738249882221823287386255
-0.79740328259173674142968190488
0.79740328259173674142968190488
-0.79879358130225104066833336553
0.79879358130225104066833336553
-0.800179626979027980663222867301
0.800179626979027980663222867301
-0.801561412242314940966306402462
0.801561412242314940966306402462
-0.802938929735043111732139678052
0.802938929735043111732139678052
-0.804312172122866665116605886652
0.804312172122866665116605886652
-0.805681132094201805691185327071
0.805681132094201805691185327071
-0.807045802360265699664849936366
0.807045802360265699664849936366
-0.808406175655115282706311062322
0.808406175655115282706311062322
-0.809762244735685946159995176817
0.809762244735685946159995176817
-0.811114002381830101449769701968
0.811114002381830101449769701968
-0.812461441396355622465089689132
0.812461441396355622465089689132
-0.813804554605064165724885752281
0.813804554605064165724885752281
-0.815143334856789368115164408524
0.815143334856789368115164408524
-0.816477775023434921996943816123
0.816477775023434921996943816123
-0.817807868000012527481800820808
0.817807868000012527481800820808
-0.81913360670467972167295922107
0.81913360670467972167295922107
-0.82045498407877758467050423884
0.82045498407877758467050423884
-0.821771993086868322139964330201
0.821771993086868322139964330201
-0.823084626716772724244158687859
0.823084626716772724244158687859
-0.824392877979607500738867069721
0.824392877979607500738867069721
-0.825696739909822492033537932376
0.825696739909822492033537932376
-0.826996205565237756018911251236
0.826996205565237756018911251236
-0.828291268027080530464093866912
0.828291268027080530464093866912
-0.829581920400022070786287706631
0.829581920400022070786287706631
-0.830868155812214362997034786586
0.830868155812214362997034786586
-0.832149967415326711629507502522
0.832149967415326711629507502522
-0.833427348384582202452038358098
0.833427348384582202452038358098
-0.834700291918794039773749960021
0.834700291918794039773749960021
-0.835968791240401758148813822109
0.835968791240401758148813822109
-0.837232839595507308286535263811
0.837232839595507308286535263811
-0.838492430253911016975131458583
0.838492430253911016975131458583
-0.839747556509147420827740480506
0.839747556509147420827740480506
-0.840998211678520973659871009943
0.840998211678520973659871009943
-0.842244389103141627308175187308
0.842244389103141627308175187308
-0.843486082147960285701100944666
0.843486082147960285701100944666
-0.84472328420180413199265499417
0.84472328420180413199265499417
-0.845955988677411828571183506849
0.845955988677411828571183506849
-0.847184189011468589755754371206
0.847184189011468589755754371206
-0.848407878664641126993402775074
0.848407878664641126993402775074
-0.849627051121612466371180702392
0.849627051121612466371180702392
-0.850841699891116638257630775571
0.850841699891116638257630775571
-0.852051818505973238888985700206
0.852051818505973238888985700206
-0.85325740052312186371607637844
0.85325740052312186371607637844
-0.854458439523656412328614546712
0.854458439523656412328614546712
-0.85565492911285926477419955929
0.85565492911285926477419955929
-0.856846862920235329090083677179
0.856846862920235329090083677179
-0.858034234599545959866415929217
0.858034234599545959866415929217
-0.859217037828842747660371284628
0.859217037828842747660371284628
-0.860395266310501179081259510449
0.860395266310501179081259510449
-0.861568913771254167367396679353
0.861568913771254167367396679353
-0.862737973962225453276211839879
0.862737973962225453276211839879
-0.863902440658962876109751858176
0.863902440658962876109751858176
-0.86506230766147151469843888452
0.86506230766147151469843888452
-0.866217568794246698166627285299
0.866217568794246698166627285299
-0.867368217906306886304200208253
0.867368217906306886304200208253
-0.868514248871226419369140211825
0.868514248871226419369140211825
-0.869655655587168137146703584782
0.869655655587168137146703584782
-0.870792431976915867091524106177
0.870792431976915867091524106177
-0.87192457198790678137966904452
0.87192457198790678137966904452
-0.873052069592263622698368164949
0.873052069592263622698368164949
-0.874174918786826798601835400667
0.874174918786826798601835400667
-0.875293113593186344262302646074
0.875293113593186344262302646074
-0.87640664805771375344608584026
0.87640664805771375344608584026
-0.877515516251593677545205127116
0.877515516251593677545205127116
-0.87861971227085549249578339844
0.87861971227085549249578339844
-0.879719230236404733415150945492
0.879719230236404733415150945492
-0.880814064294054396790288258617
0.880814064294054396790288258617
-0.881904208614556110050944220132
0.881904208614556110050944220132
-0.882989657393631168361473028946
0.882989657393631168361473028946
-0.884070404852001438466140172539
0.884070404852001438466140172539
-0.885146445235420129423355619289
0.885146445235420129423355619289
-0.886217772814702430065001137897
0.886217772814702430065001137897
-0.887284381885756013017728257114
0.887284381885756013017728257114
-0.888346266769611405123813854323
0.888346266769611405123813854323
-0.889403421812452224099871702018
0.889403421812452224099871702018
-0.890455841385645281272430503121
0.890455841385645281272430503121
-0.891503519885770550230102005568
0.891503519885770550230102005568
-0.89254645173465100123277669993
0.89254645173465100123277669993
-0.893584631379382301218999367249
0.893584631379382301218999367249
-0.894618053292362379253392353948
0.894618053292362379253392353948
-0.895646711971320857256710902916
0.895646711971320857256710902916
-0.89667060193934834586183216074
0.89667060193934834586183216074
-0.897689717744925605239697606982
0.897689717744925605239697606982
-0.898704053961952570739947608376
0.898704053961952570739947608376
-0.899713605189777243191706585231
0.899713605189777243191706585231
-0.900718366053224443710697885234
0.900718366053224443710697885234
-0.901718331202624432859588887613
0.901718331202624432859588887613
-0.902713495313841394009189104271
0.902713495313841394009189104271
-0.903703853088301780748847100399
0.903703853088301780748847100399
-0.904689399253022528195115921324
0.904689399253022528195115921324
-0.905670128560639128048481381164
0.905670128560639128048481381164
-0.906646035789433567248673038499
0.906646035789433567248673038499
-0.907617115743362130079803950792
0.907617115743362130079803950792
-0.908583363252083063577312359125
0.908583363252083063577312359125
-0.909544773170984106089406303858
0.909544773170984106089406303858
-0.910501340381209878846440806576
0.910501340381209878846440806576
-0.911453059789689140392386670107
0.911453059789689140392386670107
-0.912399926329161903733280142837
0.912399926329161903733280142837
-0.913341934958206416058273662137
0.913341934958206416058273662137
-0.914279080661266000889639630685
0.914279080661266000889639630685
-0.915211358448675762518811684987
0.915211358448675762518811684987
-0.916138763356689152586281183737
0.916138763356689152586281183737
-0.917061290447504398663900670976
0.917061290447504398663900670976
-0.917978934809290794698880851493
0.917978934809290794698880851493
-0.918891691556214853179503149918
0.918891691556214853179503149918
-0.919799555828466318883306206504
0.919799555828466318883306206504
-0.920702522792284044069241688102
0.920702522792284044069241688102
-0.921600587639981724976032558438
0.921600587639981724976032558438
-0.922493745589973499489705453731
0.922493745589973499489705453731
-0.9233819918867994058440080443
0.9233819918867994058440080443
-0.924265321801150702218162226217
0.924265321801150702218162226217
-0.925143730629895047097144675683
0.925143730629895047097144675683
-0.926017213696101540260427708809
0.926017213696101540260427708809
-0.926885766349065624265855517215
0.926885766349065624265855517215
-0.927749383964333846296073691639
0.927749383964333846296073691639
-0.928608061943728480235673497883
0.928608061943728480235673497883
-0.92946179571537200884795662821
0.92946179571537200884795662821
-0.930310580733711465920971113204
0.930310580733711465920971113204
-0.931154412479542638253214740401
0.931154412479542638253214740401
-0.931993286460034127350148683129
0.931993286460034127350148683129
-0.932827198208751270703411092405
0.932827198208751270703411092405
-0.933656143285679922525368142823
0.933656143285679922525368142823
-0.934480117277250093812388446689
0.934480117277250093812388446689
-0.935299115796359451610975855642
0.935299115796359451610975855642
-0.93611313448239667736164545227
0.93611313448239667736164545227
-0.936922169001264684196177992309
0.936922169001264684196177992309
-0.937726215045403693064639187597
0.937726215045403693064639187597
-0.938525268333814167569302017611
0.938525268333814167569302017611
-0.939319324612079607383362720032
0.939319324612079607383362720032
-0.940108379652389200133094234922
0.940108379652389200133094234922
-0.940892429253560331622834659815
0.940892429253560331622834659815
-0.94167146924106095428296271105
0.94167146924106095428296271105
-0.942445495467031813721767277083
0.942445495467031813721767277083
-0.943214503810308533262873889305
0.943214503810308533262873889305
-0.943978490176443556350647322245
0.943978490176443556350647322245
-0.944737450497727946706746565108
0.944737450497727946706746565108
-0.945491380733213046121766077812
0.945491380733213046121766077812
-0.946240276868731989766655554406
0.946240276868731989766655554406
-0.946984134916921078909369362552
0.946984134916921078909369362552
-0.947722950917241010922956407414
0.947722950917241010922956407414
-0.948456720935997966472061379512
0.948456720935997966472061379512
-0.949185441066364553765569187001
0.949185441066364553765569187001
-0.949909107428400609763885841575
0.949909107428400609763885841575
-0.950627716169073858230111162073
0.950627716169073858230111162073
-0.951341263462280424515121379555
0.951341263462280424515121379555
-0.952049745508865206967343070918
0.952049745508865206967343070918
-0.952753158536642104858763814024
0.952753158536642104858763814024
-0.953451498800414102719489545323
0.953451498800414102719489545323
-0.954144762581993210973923810566
0.954144762581993210973923810566
-0.954832946190220262772409930566
0.954832946190220262772409930566
-0.955516045960984566912943557359
0.955516045960984566912943557359
-0.956194058257243416748330172388
0.956194058257243416748330172388
-0.956866979469041454974929778704
0.956866979469041454974929778704
-0.957534806013529894199899365433
0.957534806013529894199899365433
-0.95819753433498559318461267714
0.95819753433498559318461267714
-0.95885516090482998866270640626
0.95885516090482998866270640626
-0.959507682221647882631972146939
0.959507682221647882631972146939
-0.960155094811206085020084307892
0.960155094811206085020084307892
-0.960797395226471911624925685393
0.960797395226471911624925685393
-0.961434580047631537231044551331
0.961434580047631537231044551331
-0.962066645882108203804549922618
0.962066645882108203804549922618
-0.962693589364580283669525155343
0.962693589364580283669525155343
-0.963315407156999197569814159437
0.963315407156999197569814159437
-0.963932095948607187520809368283
0.963932095948607187520809368283
-0.964543652455954944356646135094
0.964543652455954944356646135094
-0.965150073422919089878984478276
0.965150073422919089878984478276
-0.965751355620719513514336077602
0.965751355620719513514336077602
-0.966347495847936563387672150183
0.966347495847936563387672150183
-0.966938490930528091720826330727
0.966938490930528091720826330727
-0.967524337721846354464985967915
0.967524337721846354464985967915
-0.968105033102654765077345354461
0.968105033102654765077345354461
-0.968680573981144502352775362377
0.968680573981144502352775362377
-0.969250957292950972222145790999
0.969250957292950972222145790999
-0.96981618000117012342971949131
0.96981618000117012342971949131
-0.970376239096374617002821048907
0.970376239096374617002821048907
-0.970931131596629849427767537782
0.970931131596629849427767537782
-0.971480854547509829446834652144
0.971480854547509829446834652144
-0.972025405022112908391818445018
0.972025405022112908391818445018
-0.972564780121077363970541019103
0.972564780121077363970541019103
-0.973098976972596837423437904992
0.973098976972596837423437904992
-0.973627992732435623968155611812
0.973627992732435623968155611812
-0.974151824583943816450880044297
0.974151824583943816450880044297
-0.97467046973807230212391025961
0.97467046973807230212391025961
-0.975183925433387612469787512596
0.975183925433387612469787512596
-0.975692188936086625993086851728
0.975692188936086625993086851728
-0.976195257540011123901777840415
0.976195257540011123901777840415
-0.97669312856666219860086247163
0.97669312856666219860086247163
-0.977185799365214514921802223955
0.977185799365214514921802223955
-0.977673267312530424012052708045
0.977673267312530424012052708045
-0.978155529813173929809833739405
0.978155529813173929809833739405
-0.97863258429942450803007524806
0.97863258429942450803007524806
-0.979104428231290777588295541177
0.979104428231290777588295541177
-0.979571059096524024389988462056
0.979571059096524024389988462056
-0.980032474410631577413920383966
0.980032474410631577413920383966
-0.980488671716890037018567249322
0.980488671716890037018567249322
-0.980939648586358355401756595992
0.980939648586358355401756595992
-0.981385402617890769144420369956
0.981385402617890769144420369956
-0.981825931438149583770212071819
0.981825931438149583770212071819
-0.982261232701617810253597301991
0.982261232701617810253597301991
-0.982691304090611653409891065912
0.982691304090611653409891065912
-0.983116143315292852101589440079
0.983116143315292852101589440079
-0.983535748113680871196228724565
0.983535748113680871196228724565
-0.98395011625166494521190357005
0.98395011625166494521190357005
-0.984359245523015973587488563659
0.984359245523015973587488563659
-0.98476313374939826751553747188
0.98476313374939826751553747188
-0.985161778780381148276783191347
0.985161778780381148276783191347
-0.98555517849345039701613226753
0.98555517849345039701613226753
-0.98594333079401955590104389392
0.98594333079401955590104389392
-0.986326233615441080604208440723
0.986326233615441080604208440723
-0.986703884919017344053499279538
0.986703884919017344053499279538
-0.987076282694011491393269245621
0.987076282694011491393269245621
-0.987443424957658146102205716901
0.987443424957658146102205716901
-0.987805309755173967214153301032
0.987805309755173967214153301032
-0.988161935159768057589569145051
0.988161935159768057589569145051
-0.988513299272652223186603141609
0.988513299272652223186603141609
-0.988859400223051083282205935471
0.988859400223051083282205935471
-0.989200236168212031595176070194
0.989200236168212031595176070194
-0.989535805293415048264681075387
0.989535805293415048264681075387
-0.989866105811982362639546369972
0.989866105811982362639546369972
-0.990191135965287966835525235556
0.990191135965287966835525235556
-0.99051089402276698001987248378
0.99051089402276698001987248378
-0.990825378281924863384879601966
0.990825378281924863384879601966
-0.991134587068346485774633412249
0.991134587068346485774633412249
-0.991438518735705039932186151357
0.991438518735705039932186151357
-0.991737171665770809337636304255
0.991737171665770809337636304255
-0.992030544268419785611394569755
0.992030544268419785611394569755
-0.992318634981642136461243643633
0.992318634981642136461243643633
-0.992601442271550524156811667555
0.992601442271550524156811667555
-0.992878964632388274520912314234
0.992878964632388274520912314234
-0.993151200586537396434039286737
0.993151200586537396434039286737
-0.99341814868452645185636298067
0.99341814868452645185636298067
-0.993679807505038276381141197615
0.993679807505038276381141197615
-0.993936175654917550344873901437
0.993936175654917550344873901437
-0.994187251769178220533244534929
0.994187251769178220533244534929
-0.99443303451101077253845450355
0.99443303451101077253845450355
-0.99467352257178935384368114608
0.99467352257178935384368114608
-0.994908714671078747734977135335
0.994908714671078747734977135335
-0.995138609556641198171141595746
0.995138609556641198171141595746
-0.995363206004443085779428355824
0.995363206004443085779428355824
-0.995582502818661455191358767128
0.995582502818661455191358767128
-0.995796498831690393990913047029
0.995796498831690393990913047029
-0.996005192904147263620317709909
0.996005192904147263620317709909
-0.996208583924878782680931818469
0.996208583924878782680931818469
-0.996406670810966963184221637659
0.996406670810966963184221637659
-0.996599452507734900458353425796
0.996599452507734900458353425796
-0.996786927988752417610125091369
0.996786927988752417610125091369
-0.99696909625584156569421414001
0.99696909625584156569421414001
-0.997145956339081981071809345645
0.997145956339081981071809345645
-0.997317507296816101875958901101
0.997317507296816101875958901101
-0.997483748215654246079572002069
0.997483748215654246079572002069
-0.997644678210479554437736157683
0.997644678210479554437736157683
-0.997800296424452802625427496773
0.997800296424452802625427496773
-0.997950602029017088324989152223
0.997950602029017088324989152223
-0.998095594223902400995351104863
0.998095594223902400995351104863
-0.998235272237130084813276443133
0.998235272237130084813276443133
-0.998369635325017209168943291128
0.998369635325017209168943291128
-0.998498682772180866658427360375
0.998498682772180866658427360375
-0.998622413891542426565781383954
0.998622413891542426565781383954
-0.998740828024331783651028864063
0.998740828024331783651028864063
-0.998853924540091659698171255426
0.998853924540091659698171255426
-0.998961702836682042035432905666
0.998961702836682042035432905666
-0.999064162340284884586166305894
0.999064162340284884586166305894
-0.999161302505409262190560678596
0.999161302505409262190560678596
-0.999253122814897273984214243814
0.999253122814897273984214243814
-0.999339622779931165072871423398
0.999339622779931165072871423398
-0.999420801940042429972160087083
0.999420801940042429972160087083
-0.999496659863124175614232977624
0.999496659863124175614232977624
-0.99956719614544895168564683107
0.99956719614544895168564683107
-0.999632410411696003016504713258
0.999632410411696003016504713258
-0.999692302314995326788120259916
0.999692302314995326788120259916
-0.999746871537002991376999906339
0.999746871537002991376999906339
-0.99979611778803765486431748282
0.99979611778803765486431748282
-0.999840040807344542491037900694
0.999840040807344542491037900694
-0.999878640363645813261490627498
0.999878640363645813261490627498
-0.999911916256398439201929883444
0.999911916256398439201929883444
-0.99993986831902649996283369891
0.99993986831902649996283369891
-0.999962496428638717280765955737
0.999962496428638717280765955737
-0.999979800542592781602653746326
0.999979800542592781602653746326
-0.999991780894694144634434158966
0.999991780894694144634434158966
-0.999998440082112397905614459
0.999998440082112397905614459