-0.000790735521442060297681479849347
0.000790735521442060297681479849347
-0.00237220458665645822535096069313
0.00237220458665645822535096069313
-0.00395366771886663440241747687825
0.00395366771886663440241747687825
-0.00553512096275292849103312951476
0.00553512096275292849103312951476
-0.00711656036302041135388326616123
0.00711656036302041135388326616123
-0.0086979819644087774478041510378
0.0086979819644087774478041510378
-0.0102793818117022371308052667691
0.0102793818117022371308052667691
-0.0118607559497394088577550850877
0.0118607559497394088577550850877
-0.0134421004234232112399894223878
0.0134421004234232112399894223878
-0.0150234112777307549441018363534
0.0150234112777307549441018363534
-0.0166046845577232344051759221032
0.0166046845577232344051759221032
-0.0181859163085558193297198303787
0.0181859163085558193297198303787
-0.0197671025754875459635638562736
0.0197671025754875459635638562736
-0.0213482394038912080999825348375
0.0213482394038912080999825348375
-0.0229293228392632478033033296005
0.0229293228392632478033033296005
-0.0245103489272336458232647116478
0.0245103489272336458232647116478
-0.0260913137135758116753872003241
0.0260913137135758116753872003241
-0.0276722132442164733626217719668
0.0276722132442164733626217719668
-0.0292530435652455667135409402503
0.0292530435652455667135409402503
-0.0308338007229261243123387707702
0.0308338007229261243123387707702
-0.0324144807637041639959071134017
0.0324144807637041639959071134017
-0.0339950797342185768932564187336
0.0339950797342185768932564187336
-0.0355755936813110149825506494952
0.0355755936813110149825506494952
-0.0371560186520357781410270043667
0.0371560186520357781410270043667
-0.0387363506936697006630724398869
0.0387363506936697006630724398869
-0.0403165858537220372217303063336
0.0403165858537220372217303063336
-0.0418967201799443482489118054672
0.0418967201799443482489118054672
-0.0434767497203403847095884318723
0.0434767497203403847095884318723
-0.0450566705231759722452430753204
0.0450566705231759722452430753204
-0.046636478636988894661859039089
0.046636478636988894661859039089
-0.0482161701105987767377278685196
0.0482161701105987767377278685196
-0.0497957409931169663263585852637
0.0497957409931169663263585852637
-0.0513751873339564157297726856517
0.0513751873339564157297726856517
-0.0529545051828415623174710864246
0.0529545051828415623174710864246
-0.0545336905898182083663610876792
0.0545336905898182083663610876792
-0.0561127396052634000969333712958
0.0561127396052634000969333712958
-0.0576916482798953058809810633397
0.0576916482798953058809810633397
-0.0592704126647830935961549609394
0.0592704126647830935961549609394
-0.0608490288113568071026511579528
0.0608490288113568071026511579528
-0.0624274927714172418173294993247
0.0624274927714172418173294993247
-0.0640058005971458193605635514082
0.0640058005971458193605635514082
-0.0655839483411144612511250946694
0.0655839483411144612511250946694
-0.0671619320562954616244085261099
0.0671619320562954616244085261099
-0.0687397477960713589493030014151
0.0687397477960713589493030014151
-0.070317391614244806719022651273
0.070317391614244806719022651273
-0.0718948595650484430912077724874
0.0718948595650484430912077724874
-0.0734721477031547594526125224393
0.0734721477031547594526125224393
-0.0750492520836859678836973351126
0.0750492520836859678836973351126
-0.0766261687622238674984470282938
0.0766261687622238674984470282938
-0.0782028937948197096347383846739
0.0782028937948197096347383846739
-0.0797794232380040618705838644164
0.0797794232380040618705838644164
-0.0813557531487966708415810432945
0.0813557531487966708415810432945
-0.0829318795847163238349003687515
0.0829318795847163238349003687515
-0.0845077986037907091351468861731
0.0845077986037907091351468861731
-0.086083506264566275097434709291
0.086083506264566275097434709291
-0.0876589986261180879230161919401
0.0876589986261180879230161919401
-0.0892342717480596881128110033689
0.0892342717480596881128110033689
-0.0908093216905529455741836159438
0.0908093216905529455741836159438
-0.0923841445143179133563210823801
0.0923841445143179133563210823801
-0.0939587362806426799895664095729
0.0939587362806426799895664095729
-0.0955330930513932204040663276817
0.0955330930513932204040663276817
-0.0971072108890232454030958063255
0.0971072108890232454030958063255
-0.0986810858565840496664252845759
0.0986810858565840496664252845759
-0.100254714017734358259100257871
0.100254714017734358259100257871
-0.101828091436750171621006603011
0.101828091436750171621006603011
-0.103401214178534609012598822041
0.103401214178534609012598822041
-0.104974078308627750392172247009
0.104974078308627750392172247009
-0.106546679893216476700064170432
0.106546679893216476700064170432
-0.108119014999144308525172850581
0.108119014999144308525172850581
-0.109691079693921243129187386674
0.109691079693921243129187386674
-0.111262870045733589803925566463
0.111262870045733589803925566463
-0.112834382123453803537180957703
0.112834382123453803537180957703
-0.114405611996650316962484745497
0.114405611996650316962484745497
-0.115976555735597370568192109525
0.115976555735597370568192109525
-0.11754720941128484114130728867
0.11754720941128484114130728867
-0.119117569095428068421465895589
0.119117569095428068421465895589
-0.12068763086047767994049752024
0.12068763086047767994049752024
-0.122257390779629414022996199342
0.122257390779629414022996199342
-0.123826844926833940923330928156
0.123826844926833940923330928156
-0.12539598937680668207453305184
0.12539598937680668207453305184
-0.126964820205037627424502095912
0.126964820205037627424502095912
-0.128533333487801150834976379072
0.128533333487801150834976379072
-0.130101525302165823518719596766
0.130101525302165823518719596766
-0.131669391726004225490379470382
0.131669391726004225490379470382
-0.133236928838002755006479524893
0.133236928838002755006479524893
-0.134804132717671435970010087019
0.134804132717671435970010087019
-0.136370999445353723275089686651
0.136370999445353723275089686651
-0.137937525102236306067173196234
0.137937525102236306067173196234
-0.139503705770358908894288256164
0.139503705770358908894288256164
-0.141069537532624090724786808864
0.141069537532624090724786808864
-0.142635016472807041807103900202
0.142635016472807041807103900202
-0.144200138675565378347021304109
0.144200138675565378347021304109
-0.14576490022644893497793898484
0.14576490022644893497793898484
-0.147329297211909554999662931087
0.147329297211909554999662931087
-0.148893325719310878361223477209
0.148893325719310878361223477209
-0.150456981836938127363243869156
0.150456981836938127363243869156
-0.152020261654007890055384536178
0.152020261654007890055384536178
-0.15358316126067790130439429412
0.15358316126067790130439429412
-0.155145676748056821508305532074
0.155145676748056821508305532074
-0.15670780420821401293231632124
0.15670780420821401293231632124
-0.158269539734189313641908333149
0.158269539734189313641908333149
-0.159830879420002809008755463821
0.159830879420002809008755463821
-0.161391819360664600764984131024
0.161391819360664600764984131024
-0.162952355652184573581352343475
0.162952355652184573581352343475
-0.164512484391582159144920833648
0.164512484391582159144920833648
-0.166072201676896097711795799742
0.166072201676896097711795799742
-0.167631503607194197110529117334
0.167631503607194197110529117334
-0.169190386282583089171768257283
0.169190386282583089171768257283
-0.170748845804217983559754583535
0.170748845804217983559754583535
-0.172306878274312418981275202574
0.172306878274312418981275202574
-0.173864479796148011747680095394
0.173864479796148011747680095394
-0.175421646474084201665582883
0.175421646474084201665582883
-0.176978374413567995231870257507
0.176978374413567995231870257507
-0.178534659721143706108651853013
0.178534659721143706108651853013
-0.180090498504462692853789133385
0.180090498504462692853789133385
-0.181645886872293093882648738075
0.181645886872293093882648738075
-0.183200820934529559636732651887
0.183200820934529559636732651887
-0.184755296802202981934844550406
0.184755296802202981934844550406
-0.186309310587490220482458719381
0.186309310587490220482458719381
-0.187862858403723826514965053857
0.187862858403723826514965053857
-0.189415936365401763550470811156
0.189415936365401763550470811156
-0.19096854058819712522784702098
0.19096854058819712522784702098
-0.192520667188967850205714745819
0.192520667188967850205714745819
-0.194072312285766434098073735627
0.194072312285766434098073735627
-0.195623471997849638422283432207
0.195623471997849638422283432207
-0.197174142445688196535113751024
0.197174142445688196535113751024
-0.198724319750976516532590601141
0.198724319750976516532590601141
-0.200274000036642381089368697687
0.200274000036642381089368697687
-0.201823179426856644213371875665
0.201823179426856644213371875665
-0.203371854047042924891448828962
0.203371854047042924891448828962
-0.204920020023887297601799974181
0.204920020023887297601799974181
-0.206467673485347979668938975255
0.206467673485347979668938975255
-0.208014810560665015436960361793
0.208014810560665015436960361793
-0.209561427380369957236892631691
0.209561427380369957236892631691
-0.211107520076295543123924246691
0.211107520076295543123924246691
-0.212653084781585371360298008274
0.212653084781585371360298008274
-0.214198117630703571619677440548
0.214198117630703571619677440548
-0.215742614759444472888797006529
0.215742614759444472888797006529
-0.21728657230494226804221624448
0.21728657230494226804221624448
-0.218829986405680675066006231734
0.218829986405680675066006231734
-0.220372853201502594906205164582
0.220372853201502594906205164582
-0.221915168833619765917888284445
0.221915168833619765917888284445
-0.223456929444622414890705882607
0.223456929444622414890705882607
-0.224998131178488904626751678166
0.224998131178488904626751678166
-0.226538770180595378046632486715
0.226538770180595378046632486715
-0.228078842597725398799618780348
0.228078842597725398799618780348
-0.229618344578079588353764483116
0.229618344578079588353764483116
-0.231157272271285259541893149793
0.231157272271285259541893149793
-0.232695621828406046539356539884
0.232695621828406046539356539884
-0.23423338940195153124948052313
0.23423338940195153124948052313
-0.235770571145886866072622237318
0.235770571145886866072622237318
-0.237307163215642393034771463967
0.237307163215642393034771463967
-0.238843161768123259251638292448
0.238843161768123259251638292448
-0.240378562961719028704178308201
0.240378562961719028704178308201
-0.241913362956313290301515766026
0.241913362956313290301515766026
-0.2434475579132932622072344948
0.2434475579132932622072344948
-0.244981143995559392405015625511
0.244981143995559392405015625511
-0.246514117367534955479610640058
0.246514117367534955479610640058
-0.248046474195175645589147703912
0.248046474195175645589147703912
-0.249578210645979165604778771423
0.249578210645979165604778771423
-0.251109322888994812393684538193
0.251109322888994812393684538193
-0.252639807094833058221463960632
0.252639807094833058221463960632
-0.254169659435675128249944768412
0.254169659435675128249944768412
-0.255698876085282574106461161075
0.255698876085282574106461161075
-0.257227453219006843500654705538
0.257227453219006843500654705538
-0.258755387013798845864864336565
0.258755387013798845864864336565
-0.260282673648218513994181307473
0.260282673648218513994181307473
-0.261809309302444361662254943407
0.261809309302444361662254943407
-0.263335290158283037188945114353
0.263335290158283037188945114353
-0.264860612399178872935927469687
0.264860612399178872935927469687
-0.266385272210223430706367660485
0.266385272210223430706367660485
-0.267909265778165043024791019911
0.267909265778165043024791019911
-0.269432589291418350273284475878
0.269432589291418350273284475878
-0.270955238940073833660177833678
0.270955238940073833660177833678
-0.27247721091590734399736198946
0.27247721091590734399736198946
-0.273998501412389626262412118257
0.273998501412389626262412118257
-0.275519106624695839921694422672
0.275519106624695839921694422672
-0.277039022749715074990645630324
0.277039022749715074990645630324
-0.278558245986059863807425089725
0.278558245986059863807425089725
-0.280076772534075688496150035294
0.280076772534075688496150035294
-0.281594598595850484095935372829
0.281594598595850484095935372829
-0.283111720375224137331970176766
0.283111720375224137331970176766
-0.284628134077797981004873990054
0.284628134077797981004873990054
-0.2861438359109442839745869764
0.2861438359109442839745869764
-0.287658822083815736715058992881
0.287658822083815736715058992881
-0.289173088807354932416013728653
0.289173088807354932416013728653
-0.290686632294303843608075192387
0.290686632294303843608075192387
-0.292199448759213294287555027453
0.292199448759213294287555027453
-0.293711534418452427517210389375
0.293711534418452427517210389375
-0.295222885490218168479293434956
0.295222885490218168479293434956
-0.296733498194544682957224846491
0.296733498194544682957224846491
-0.298243368753312831222235247756
0.298243368753312831222235247756
-0.299752493390259617301329860843
0.299752493390259617301329860843
-0.301260868330987633602943304482
0.301260868330987633602943304482
-0.302768489802974500876663045124
0.302768489802974500876663045124
-0.304275354035582303483411681796
0.304275354035582303483411681796
-0.305781457260067019952489974533
0.305781457260067019952489974533
-0.307286795709587948801894313968
0.307286795709587948801894313968
-0.308791365619217129598334176476
0.308791365619217129598334176476
-0.310295163225948759233387015005
0.310295163225948759233387015005
-0.31179818476870860339224000042
0.31179818476870860339224000042
-0.313300426488363403191480051758
0.313300426488363403191480051758
-0.314801884627730276962405676263
0.314801884627730276962405676263
-0.316302555431586117156346281366
0.316302555431586117156346281366
-0.317802435146676982348486820853
0.317802435146676982348486820853
-0.319301520021727484316707896399
0.319301520021727484316707896399
-0.320799806307450170171963753248
0.320799806307450170171963753248
-0.322297290256554899516732985174
0.322297290256554899516732985174
-0.323793968123758216608089198931
0.323793968123758216608089198931
-0.325289836165792717501951382059
0.325289836165792717501951382059
-0.326784890641416412155086270272
0.326784890641416412155086270272
-0.328279127811422081461447621551
0.328279127811422081461447621551
-0.329772543938646629199449973554
0.329772543938646629199449973554
-0.331265135287980428866787188967
0.331265135287980428866787188967
-0.332756898126376665379418879929
0.332756898126376665379418879929
-0.334247828722860671611360647635
0.334247828722860671611360647635
-0.335737923348539259751926976652
0.335737923348539259751926976652
-0.337227178276610047457088585268
0.337227178276610047457088585268
-0.338715589782370778771619053404
0.338715589782370778771619053404
-0.340203154143228639798718628131
0.340203154143228639798718628131
-0.341689867638709569093816243658
0.341689867638709569093816243658
-0.343175726550467562759263987755
0.343175726550467562759263987755
-0.344660727162293974216651499925
0.344660727162293974216651499925
-0.346144865760126808633481098158
0.346144865760126808633481098158
-0.34762813863206001198095780085
0.34762813863206001198095780085
-0.349110542068352754699661838281
0.349110542068352754699661838281
-0.350592072361438709949884734043
0.350592072361438709949884734043
-0.35207272580593532642342358083
0.35207272580593532642342358083
-0.353552498698653095693641737058
0.353552498698653095693641737058
-0.355031387338604814080617830871
0.355031387338604814080617830871
-0.356509388027014839008218676128
0.356509388027014839008218676128
-0.357986497067328339829945480945
0.357986497067328339829945480945
-0.359462710765220543100416563243
0.359462710765220543100416563243
-0.360938025428605972269363679489
0.360938025428605972269363679489
-0.362412437367647681775033022427
0.362412437367647681775033022427
-0.36388594289476648551389595092
0.36388594289476648551389595092
-0.365358538324650179663588580205
0.365358538324650179663588580205
-0.366830219974262759836013483698
0.366830219974262759836013483698
-0.368300984162853632537550938042
0.368300984162853632537550938042
-0.369770827211966820913341381315
0.369770827211966820913341381315
-0.371239745445450164752615050114
0.371239745445450164752615050114
-0.372707735189464514732059114686
0.372707735189464514732059114686
-0.374174792772492920874227042181
0.374174792772492920874227042181
-0.375640914525349815198009386646
0.375640914525349815198009386646
-0.377106096781190188538199730254
0.377106096781190188538199730254
-0.378570335875518761511204083709
0.378570335875518761511204083709
-0.380033628146199149603956694541
0.380033628146199149603956694541
-0.381495969933463022363119910141
0.381495969933463022363119910141
-0.382957357579919256661660497931
0.382957357579919256661660497931
-0.384417787430563084019909637776
0.384417787430563084019909637776
-0.38587725583278523195822867185
0.38587725583278523195822867185
-0.387335759136381059358417624378
0.387335759136381059358417624378
-0.388793293693559685811018488139
0.388793293693559685811018488139
-0.390249855858953114925680316189
0.390249855858953114925680316189
-0.391705441989625351581768255956
0.391705441989625351581768255956
-0.393160048445081513096413818615
0.393160048445081513096413818615
-0.394613671587276934287218889435
0.394613671587276934287218889435
-0.396066307780626266406841254588
0.396066307780626266406841254588
-0.397517953392012569926704746614
0.397517953392012569926704746614
-0.398968604790796401147092494431
0.398968604790796401147092494431
-0.40041825834882489261089720427
0.40041825834882489261089720427
-0.401866910440440827298317895296
0.401866910440440827298317895296
-0.403314557442491706579808067867
0.403314557442491706579808067867
-0.404761195734338811904595893271
0.404761195734338811904595893271
-0.406206821697866260202112681476
0.406206821697866260202112681476
-0.407651431717490052973681607732
0.407651431717490052973681607732
-0.409095022180167119051834459863
0.409095022180167119051834459863
-0.410537589475404351004640005666
0.410537589475404351004640005666
-0.411979129995267635162443473979
0.411979129995267635162443473979
-0.413419640134390875244432593652
0.413419640134390875244432593652
-0.414859116289985009562461641829
0.414859116289985009562461641829
-0.416297554861847021779581016537
0.416297554861847021779581016537
-0.417734952252368945200735968593
0.417734952252368945200735968593
-0.419171304866546860573114304213
0.419171304866546860573114304213
-0.420606609111989887373639102406
0.420606609111989887373639102406
-0.42204086139892916856111878022
0.42204086139892916856111878022
-0.42347405814022684877058318412
0.42347405814022684877058318412
-0.424906195751385045927350787223
0.424906195751385045927350787223
-0.426337270650554816258388529673
0.426337270650554816258388529673
-0.427767279258545112678542353187
0.427767279258545112678542353187
-0.429196217998831736529233050541
0.429196217998831736529233050541
-0.430624083297566282647228676629
0.430624083297566282647228676629
-0.432050871583585077741121449511
0.432050871583585077741121449511
-0.433476579288418112053153807669
0.433476579288418112053153807669
-0.434901202846297964284055083344
0.434901202846297964284055083344
-0.436324738694168719758567101398
0.436324738694168719758567101398
-0.437747183271694881809353918524
0.437747183271694881809353918524
-0.439168533021270276357007878786
0.439168533021270276357007878786
-0.440588784388026949663881178375
0.440588784388026949663881178375
-0.442007933819844059239489205108
0.442007933819844059239489205108
-0.443425977767356757875249046409
0.443425977767356757875249046409
-0.444842912683965070786333743451
0.444842912683965070786333743451
-0.446258735025842765838440108556
0.446258735025842765838440108556
-0.447673441251946216837285217936
0.447673441251946216837285217936
-0.449087027824023259858664042338
0.449087027824023259858664042338
-0.450499491206622042596918084066
0.450499491206622042596918084066
-0.451910827867099866709682350144
0.451910827867099866709682350144
-0.453321034275632023136795508066
0.453321034275632023136795508066
-0.454730106905220620371275642556
0.454730106905220620371275642556
-0.456138042231703405660281658977
0.456138042231703405660281658977
-0.457544836733762579113998061531
0.457544836733762579113998061531
-0.458950486892933600700398572002
0.458950486892933600700398572002
-0.460354989193613990103861847593
0.460354989193613990103861847593
-0.461758340123072119425630404273
0.461758340123072119425630404273
-0.463160536171455998704121754954
0.463160536171455998704121754954
-0.464561573831802054233118729752
0.464561573831802054233118729752
-0.465961449600043899655883958425
0.465961449600043899655883958425
-0.467360159975021099813261562906
0.467360159975021099813261562906
-0.468757701458487927323847230448
0.468757701458487927323847230448
-0.470154070555122111874326015399
0.470154070555122111874326015399
-0.471549263772533582198095449851
0.471549263772533582198095449851
-0.472943277621273200720309830377
0.472943277621273200720309830377
-0.474336108614841490847499889734
0.474336108614841490847499889734
-0.475727753269697356879940458675
0.475727753269697356879940458675
-0.47711820810526679652495717394
0.47711820810526679652495717394
-0.478507469643951605989381793868
0.478507469643951605989381793868
-0.479895534411138077629384243052
0.479895534411138077629384243052
-0.48128239893520569013592812179
0.48128239893520569013592812179
-0.482668059747535791234115084915
0.482668059747535791234115084915
-0.484052513382520272874702217692
0.484052513382520272874702217692
-0.485435756377570238896095313955
0.485435756377570238896095313955
-0.486817785273124665135139793364
0.486817785273124665135139793364
-0.488198596612659051965049880606
0.488198596612659051965049880606
-0.48957818694269406923883560949
0.48957818694269406923883560949
-0.490956552812804193616606209087
0.490956552812804193616606209087
-0.492333690775626338255147477428
0.492333690775626338255147477428
-0.493709597386868474838189850563
0.493709597386868474838189850563
-0.495084269205318247925803031144
0.495084269205318247925803031144
-0.496457702792851581601372250934
0.496457702792851581601372250934
-0.497829894714441278394630505776
0.497829894714441278394630505776
-0.499200841538165610459240419557
0.499200841538165610459240419557
-0.500570539835216902983438765439
0.500570539835216902983438765439
-0.501938986179910109812276098148
0.501938986179910109812276098148
-0.503306177149691381260003430321
0.503306177149691381260003430321
-0.504672109325146624091177418718
0.504672109325146624091177418718
-0.50603677929001005364907511257
0.50603677929001005364907511257
-0.507400183631172738110028956296
0.507400183631172738110028956296
-0.508762318938691134842312432295
0.508762318938691134842312432295
-0.510123181805795618848226476456
0.510123181805795618848226476456
-0.511482768828899003268056599312
0.511482768828899003268056599312
-0.512841076607605051924590499474
0.512841076607605051924590499474
-0.514198101744716983886905862906
0.514198101744716983886905862906
-0.515553840846245970032158001825
0.515553840846245970032158001825
-0.516908290521419621584117000432
0.516908290521419621584117000432
-0.518261447382690470607224101218
0.518261447382690470607224101218
-0.519613308045744442434957185252
0.519613308045744442434957185252
-0.52096386912950932001131537257
0.52096386912950932001131537257
-0.522313127256163200124252994464
0.522313127256163200124252994464
-0.523661079051142941509913468135
0.523661079051142941509913468135
-0.525007721143152604806533935711
0.525007721143152604806533935711
-0.526353050164171884336911914012
0.526353050164171884336911914012
-0.527697062749464531698345638636
0.527697062749464531698345638636
-0.529039755537586771138980275856
0.529039755537586771138980275856
-0.530381125170395706699512718441
0.530381125170395706699512718441
-0.531721168293057721099228276769
0.531721168293057721099228276769
-0.533059881554056866345363224439
0.533059881554056866345363224439
-0.534397261605203246044807857985
0.534397261605203246044807857985
-0.535733305101641389397185483143
0.535733305101641389397185483143
-0.537068008701858616848363545455
0.537068008701858616848363545455
-0.538401369067693397383473980639
0.538401369067693397383473980639
-0.53973338286434369743854077019
0.53973338286434369743854077019
-0.541064046760375321409833649977
0.541064046760375321409833649977
-0.542393357427730243740087934073
0.542393357427730243740087934073
-0.543721311541734932560751482793
0.543721311541734932560751482793
-0.545047905781108664869440962673
0.545047905781108664869440962673
-0.54637313682797183322181071704
0.54637313682797183322181071704
-0.54769700136785424391705878866
0.54769700136785424391705878866
-0.549019496089703406656315910843
0.549019496089703406656315910843
-0.5503406176858928156531846101
0.5503406176858928156531846101
-0.551660362852230222175716942081
0.551660362852230222175716942081
-0.552978728287965898499140812917
0.552978728287965898499140812917
-0.55429571069580089324866632024
0.55429571069580089324866632024
-0.555611306781895278111725082011
0.555611306781895278111725082011
-0.55692551325587638589901710678
0.55692551325587638589901710678
-0.558238326830847039933761396044
0.558238326830847039933761396044
-0.559549744223393774748568158015
0.559549744223393774748568158015
-0.560859762153595048069372252144
0.560859762153595048069372252144
-0.562168377345029444065889275299
0.562168377345029444065889275299
-0.563475586524783867848077543315
0.563475586524783867848077543315
-0.564781386423461731188111115861
0.564781386423461731188111115861
-0.566085773775191129447390957985
0.566085773775191129447390957985
-0.567388745317633009688143328355
0.567388745317633009688143328355
-0.568690297791989329949176532013
0.568690297791989329949176532013
-0.569990427943011209665389274339
0.569990427943011209665389274339
-0.571289132519007071210646002847
0.571289132519007071210646002847
-0.572586408271850772543656824372
0.572586408271850772543656824372
-0.573882251956989730936521836994
0.573882251956989730936521836994
-0.575176660333453037765622018823
0.575176660333453037765622018823
-0.576469630163859564344561169218
0.576469630163859564344561169218
-0.577761158214426058778885802366
0.577761158214426058778885802366
-0.579051241254975233822332348099
0.579051241254975233822332348099
-0.580339876058943845714373520463
0.580339876058943845714373520463
-0.581627059403390763978858270817
0.581627059403390763978858270817
-0.582912788069005032163562348949
0.582912788069005032163562348949
-0.584197058840113919500489153005
0.584197058840113919500489153005
-0.585479868504690963466783256622
0.585479868504690963466783256622
-0.586761213854364003226141759753
0.586761213854364003226141759753
-0.588041091684423203930631417959
0.588041091684423203930631417959
-0.589319498793829071862842363559
0.589319498793829071862842363559
-0.590596431985220460398332140807
0.590596431985220460398332140807
-0.591871888064922566768336736183
0.591871888064922566768336736183
-0.593145863842954919602748293895
0.593145863842954919602748293895
-0.594418356133039357233382265688
0.594418356133039357233382265688
-0.595689361752607996737579853067
0.595689361752607996737579853067
-0.596958877522811193702214758926
0.596958877522811193702214758926
-0.598226900268525492688196474299
0.598226900268525492688196474299
-0.599493426818361568375585584501
0.599493426818361568375585584501
-0.600758454004672157369459887186
0.600758454004672157369459887186
-0.602021978663559980646693472775
0.602021978663559980646693472775
-0.603283997634885656623834325268
0.603283997634885656623834325268
-0.604544507762275604826289458558
0.604544507762275604826289458558
-0.605803505893129940139050109994
0.605803505893129940139050109994
-0.60706098887863035761921306894
0.60706098887863035761921306894
-0.608316953573748007850577823564
0.608316953573748007850577823564
-0.609571396837251362820622863788
0.609571396837251362820622863788
-0.610824315531714072300188182379
0.610824315531714072300188182379
-0.612075706523522810706214769346
0.612075706523522810706214769346
-0.613325566682885114427915697199
0.613325566682885114427915697199
-0.614573892883837209596777246032
0.614573892883837209596777246032
-0.615820682004251830280812417884
0.615820682004251830280812417884
-0.617065930925846027083513139267
0.617065930925846027083513139267
-0.61830963653418896612797144905
0.61830963653418896612797144905
-0.619551795718709718406664016127
0.619551795718709718406664016127
-0.620792405372705039477418427206
0.620792405372705039477418427206
-0.622031462393347139486103829776
0.622031462393347139486103829776
-0.623268963681691443496612708674
0.623268963681691443496612708674
-0.624504906142684342108724816589
0.624504906142684342108724816589
-0.625739286685170932344468569395
0.625739286685170932344468569395
-0.626972102221902748783619556133
0.626972102221902748783619556133
-0.628203349669545484929000200919
0.628203349669545484929000200919
-0.629433025948686704782269049767
0.629433025948686704782269049767
-0.630661127983843544610912639427
0.630661127983843544610912639427
-0.631887652703470404887177437601
0.631887652703470404887177437601
-0.633112597039966632379703924399
0.633112597039966632379703924399
-0.634335957929684192378649513489
0.634335957929684192378649513489
-0.635557732312935331035111688023
0.635557732312935331035111688023
-0.636777917134000227795687451085
0.636777917134000227795687451085
-0.637996509341134637913029962953
0.637996509341134637913029962953
-0.639213505886577525013288057915
0.639213505886577525013288057915
-0.640428903726558683701339201614
0.640428903726558683701339201614
-0.64164269982130635218475136588
0.64164269982130635218475136588
-0.642854891135054814897434261692
0.642854891135054814897434261692
-0.644065474636051995103965382169
0.644065474636051995103965382169
-0.645274447296567037465601366352
0.645274447296567037465601366352
-0.646481806092897880549010300871
0.646481806092897880549010300871
-0.647687548005378819258785730348
0.647687548005378819258785730348
-0.648891670018388057174828348535
0.648891670018388057174828348535
-0.650094169120355248775706590613
0.650094169120355248775706590613
-0.651295042303769031529132642766
0.651295042303769031529132642766
-0.652494286565184547830715728004
0.652494286565184547830715728004
-0.653691898905230956772179917172
0.653691898905230956772179917172
-0.654887876328618935720259151133
0.654887876328618935720259151133
-0.656082215844148171687507644098
0.656082215844148171687507644098
-0.657274914464714842476289369034
0.657274914464714842476289369034
-0.658465969207319087577235903882
0.658465969207319087577235903882
-0.65965537709307246880348754189
0.65965537709307246880348754189
-0.660843135147205420642058240724
0.660843135147205420642058240724
-0.662029240399074690303690702996
0.662029240399074690303690702996
-0.66321368988217076745259364545
0.66321368988217076745259364545
-0.664396480634125303597479125199
0.664396480634125303597479125199
-0.665577609696718521125343649002
0.665577609696718521125343649002
-0.66675707411588661195946269561
0.66675707411588661195946269561
-0.667934870941729125823094231571
0.667934870941729125823094231571
-0.669110997228516348090412797542
0.669110997228516348090412797542
-0.670285450034696667206221785007
0.670285450034696667206221785007
-0.671458226422903931656017612339
0.671458226422903931656017612339
-0.67262932345996479646800564422
0.67262932345996479646800564422
-0.673798738216906059228693879576
0.673798738216906059228693879576
-0.674966467768961985593716660249
0.674966467768961985593716660249
-0.676132509195581624275566925585
0.676132509195581624275566925585
-0.677296859580436111489941856922
0.677296859580436111489941856922
-0.678459516011425964842433120486
0.678459516011425964842433120486
-0.679620475580688366637319327464
0.679620475580688366637319327464
-0.68077973538460443659024478584
0.68077973538460443659024478584
-0.681937292523806493926595120061
0.681937292523806493926595120061
-0.683093144103185308847406881446
0.683093144103185308847406881446
-0.684247287231897343344674864642
0.684247287231897343344674864642
-0.685399719023371981347947483101
0.685399719023371981347947483101
-0.686550436595318748184127239548
0.686550436595318748184127239548
-0.68769943706973451933242005563
0.68769943706973451933242005563
-0.688846717572910718456403998323
0.688846717572910718456403998323
-0.689992275235440504695214759117
0.689992275235440504695214759117
-0.691136107192225949195872105524
0.691136107192225949195872105524
-0.692278210582485200868798432894
0.692278210582485200868798432894
-0.693418582549759641348607497862
0.693418582549759641348607497862
-0.694557220241921029142268412932
0.694557220241921029142268412932
-0.695694120811178632946777024622
0.695694120811178632946777024622
-0.696829281414086354118493885199
0.696829281414086354118493885199
-0.697962699211549838276335160283
0.697962699211549838276335160283
-0.699094371368833576021029991376
0.699094371368833576021029991376
-0.700224295055567992752685053636
0.700224295055567992752685053636
-0.701352467445756527568924314921
0.701352467445756527568924314921
-0.702478885717782701225899312158
0.702478885717782701225899312158
-0.7036035470544171731444926154
0.7036035470544171731444926154
-0.704726448642824787444064548479
0.704726448642824787444064548479
-0.705847587674571607986120677821
0.705847587674571607986120677821
-0.706966961345631942410305067748
0.706966961345631942410305067748
-0.708084566856395355145151831344
0.708084566856395355145151831344
-0.70920040141167366937605508064
0.70920040141167366937605508064
-0.710314462220707957952944998441
0.710314462220707957952944998441
-0.711426746497175523220185416489
0.711426746497175523220185416489
-0.712537251459196865751235990714
0.712537251459196865751235990714
-0.713645974329342641970649814098
0.713645974329342641970649814098
-0.714752912334640610646005101009
0.714752912334640610646005101009
-0.715858062706582568232397413716
0.715858062706582568232397413716
-0.716961422681131273052146782121
0.716961422681131273052146782121
-0.718062989498727358292401991441
0.718062989498727358292401991441
-0.719162760404296233803352279554
0.719162760404296233803352279554
-0.720260732647254976679784696019
0.720260732647254976679784696019
-0.721356903481519210608753428169
0.721356903481519210608753428169
-0.722451270165509973966155496201
0.722451270165509973966155496201
-0.723543829962160576645035358781
0.723543829962160576645035358781
-0.724634580138923445598469153154
0.724634580138923445598469153154
-0.725723517967776959079907519187
0.725723517967776959079907519187
-0.726810640725232269563884225016
0.726810640725232269563884225016
-0.727895945692340115330026122902
0.727895945692340115330026122902
-0.72897943015469762069332831763
0.72897943015469762069332831763
-0.730061091402455084863686825984
0.730061091402455084863686825984
-0.731140926730322759417709444687
0.731140926730322759417709444687
-0.732218933437577614365854025447
0.732218933437577614365854025447
-0.733295108828070092797971879409
0.733295108828070092797971879409
-0.734369450210230854090362599337
0.734369450210230854090362599337
-0.735441954897077505657475196034
0.735441954897077505657475196034
-0.736512620206221323231419096003
0.736512620206221323231419096003
-0.737581443459873959652477239814
0.737581443459873959652477239814
-0.738648421984854142153842255273
0.738648421984854142153842255273
-0.739713553112594358123825455964
0.739713553112594358123825455964
-0.74077683417914752932881723422
0.74077683417914752932881723422
-0.741838262525193674580306277775
0.741838262525193674580306277775
-0.742897835496046560829293941388
0.742897835496046560829293941388
-0.743955550441660342671469048382
0.743955550441660342671469048382
-0.745011404716636190246537382315
0.745011404716636190246537382315
-0.74606539568022890551512915584
0.74606539568022890551512915584
-0.747117520696353526896736812038
0.747117520696353526896736812038
-0.748167777133591922252164623204
0.748167777133591922252164623204
-0.74921616236519937019400070301
0.74921616236519937019400070301
-0.75026267376911112970865124019
0.75026267376911112970865124019
-0.751307308727948998073505995266
0.751307308727948998073505995266
-0.752350064629027857052833376319
0.752350064629027857052833376319
-0.753390938864362207356032725284
0.753390938864362207356032725284
-0.754429928830672691341900802701
0.754429928830672691341900802701
-0.755467031929392603952598856187
0.755467031929392603952598856187
-0.756502245566674391861036095977
0.756502245566674391861036095977
-0.757535567153396140815414879767
0.757535567153396140815414879767
-0.758566994105168051164712428557
0.758566994105168051164712428557
-0.759596523842338901548903455311
0.759596523842338901548903455311
-0.760624153790002500737757688793
0.760624153790002500737757688793
-0.761649881378004127602075916
0.761649881378004127602075916
-0.762673704040946959201257847951
0.762673704040946959201257847951
-0.763695619218198486971124835285
0.763695619218198486971124835285
-0.764715624353896920995950221962
0.764715624353896920995950221962
-0.765733716896957582348679927386
0.765733716896957582348679927386
-0.766749894301079283483355689323
0.766749894301079283483355689323
-0.767764154024750696663783282037
0.767764154024750696663783282037
-0.768776493531256710412517946041
0.768776493531256710412517946041
-0.76978691028868477396426922764
0.76978691028868477396426922764
-0.770795401769931229707857428013
0.770795401769931229707857428013
-0.771801965452707633600883902832
0.771801965452707633600883902832
-0.772806598819547063541307534252
0.772806598819547063541307534252
-0.773809299357810415680149817525
0.773809299357810415680149817525
-0.774810064559692688659581164315
0.774810064559692688659581164315
-0.775808891922229255760671224063
0.775808891922229255760671224063
-0.776805778947302124945116263255
0.776805778947302124945116263255
-0.777800723141646186775286920279
0.777800723141646186775286920279
-0.778793722016855450196969970451
0.778793722016855450196969970451
-0.77978477308938926616920809183
0.77978477308938926616920809183
-0.780773873880578539125672017492
0.780773873880578539125672017492
-0.781761021916631926252029893841
0.781761021916631926252029893841
-0.782746214728642024563809137411
0.782746214728642024563809137411
-0.783729449852591545769276594142
0.783729449852591545769276594142
-0.784710724829359478901893355463
0.784710724829359478901893355463
-0.785690037204727240706931174389
0.785690037204727240706931174389
-0.786667384529384813766868052335
0.786667384529384813766868052335
-0.787642764358936872350211233279
0.787642764358936872350211233279
-0.788616174253908895968426546238
0.788616174253908895968426546238
-0.78958761177975327062568377969
0.78958761177975327062568377969
-0.790557074506855377746158552451
0.790557074506855377746158552451
-0.7915245600105396707636619646
0.7915245600105396707636619646
-0.792490065871075739358400169169
0.792490065871075739358400169169
-0.793453589673684361325696900506
0.793453589673684361325696900506
-0.794415129008543542061542928278
0.794415129008543542061542928278
-0.79537468147079454164986737706
0.79537468147079454164986737706
-0.796332244660547889536456860169
0.796332244660547889536456860169
-0.79728781618288938677447942283
0.79728781618288938677447942283
-0.798241393647886095826601373826
0.798241393647886095826601373826
-0.799192974670592317908716206362
0.799192974670592317908716206362
-0.800142556871055557860335967973
0.800142556871055557860335967973
-0.801090137874322476526726635715
0.801090137874322476526726635715
-0.802035715310444830637900286693
0.802035715310444830637900286693
-0.80297928681448540016960812495
0.80297928681448540016960812495
-0.803920850026523903171509733914
0.803920850026523903171509733914
-0.804860402591662898047725268829
0.804860402591662898047725268829
-0.805797942160033673275008685828
0.805797942160033673275008685828
-0.806733466386802124543811523476
0.806733466386802124543811523476
-0.807666972932174619307538208568
0.807666972932174619307538208568
-0.808598459461403848725325350788
0.808598459461403848725325350788
-0.809527923644794666983709020209
0.809527923644794666983709020209
-0.810455363157709917982575567715
0.810455363157709917982575567715
-0.811380775680576249370823150987
0.811380775680576249370823150987
-0.812304158898889913917192767699
0.812304158898889913917192767699
-0.813225510503222558201759272992
0.813225510503222558201759272992
-0.814144828189226998613604569951
0.814144828189226998613604569951
-0.815062109657642984640226909721
0.815062109657642984640226909721
-0.815977352614302949434272021895
0.815977352614302949434272021895
-0.816890554770137747643203615908
0.816890554770137747643203615908
-0.817801713841182380487562650185
0.817801713841182380487562650185
-0.81871082754858170807349665776
0.81871082754858170807349665776
-0.819617893618596148925272344797
0.819617893618596148925272344797
-0.820522909782607366723516641945
0.820522909782607366723516641945
-0.821425873777123944234963387587
0.821425873777123944234963387587
-0.822326783343787044419514856755
0.822326783343787044419514856755
-0.823225636229376058700459419645
0.823225636229376058700459419645
-0.824122430185814242383718719334
0.824122430185814242383718719334
-0.825017162970174337212029899181
0.825017162970174337212029899181
-0.825909832344684181040000586626
0.825909832344684181040000586626
-0.826800436076732304616006551441
0.826800436076732304616006551441
-0.827688971938873515456934202957
0.827688971938873515456934202957
-0.82857543770883446880180237223
0.82857543770883446880180237223
-0.829459831169519225630330141526
0.829459831169519225630330141526
-0.830342150109014797732549834723
0.830342150109014797732549834723
-0.831222392320596679815596668243
0.831222392320596679815596668243
-0.832100555602734368633838982819
0.832100555602734368633838982819
-0.8329766377590968691285454317
0.8329766377590968691285454317
-0.833850636598558187563317990708
0.833850636598558187563317990708
-0.834722549935202811641552179843
0.834722549935202811641552179843
-0.835592375588331177592218444745
0.835592375588331177592218444745
-0.836460111382465124210291239217
0.836460111382465124210291239217
-0.837325755147353333838184977145
0.837325755147353333838184977145
-0.838189304717976760274588683341
0.838189304717976760274588683341
-0.839050757934554043597123868115
0.839050757934554043597123868115
-0.839910112642546911885282879565
0.839910112642546911885282879565
-0.840767366692665569830137750682
0.840767366692665569830137750682
-0.841622517940874074217342355213
0.841622517940874074217342355213
-0.84247556424839569626998351682
0.84247556424839569626998351682
-0.843326503481718270837869580265
0.843326503481718270837869580265
-0.844175333512599532419877851093
0.844175333512599532419877851093
-0.845022052218072438006015241516
0.845022052218072438006015241516
-0.845866657480450476725879424756
0.845866657480450476725879424756
-0.846709147187332966290240798004
0.846709147187332966290240798004
-0.847549519231610336212498585253
0.847549519231610336212498585253
-0.848387771511469397796797475474
0.848387771511469397796797475474
-0.849223901930398600879624288892
0.849223901930398600879624288892
-0.850057908397193277311737294353
0.850057908397193277311737294353
-0.850889788825960871167313963908
0.850889788825960871167313963908
-0.851719541136126155667236146644
0.851719541136126155667236146644
-0.852547163252436436803464872457
0.852547163252436436803464872457
-0.853372653104966743651490257719
0.853372653104966743651490257719
-0.85419600862912500535787527862
0.85419600862912500535787527862
-0.855017227765657214789945504276
0.855017227765657214789945504276
-0.855836308460652578834710240338
0.855836308460652578834710240338
-0.856653248665548655334133924841
0.856653248665548655334133924841
-0.857468046337136476643910041235
0.857468046337136476643910041235
-0.858280699437565659802923268823
0.858280699437565659802923268823
-0.859091205934349503300619078269
0.859091205934349503300619078269
-0.859899563800370070429533499143
0.859899563800370070429533499143
-0.860705771013883259210269337706
0.860705771013883259210269337706
-0.861509825558523858876238706175
0.861509825558523858876238706175
-0.862311725423310592905525339444
0.862311725423310592905525339444
-0.863111468602651148587253821598
0.863111468602651148587253821598
-0.863909053096347193109886522484
0.863909053096347193109886522484
-0.864704476909599376158902753995
0.864704476909599376158902753995
-0.865497738053012319011348396447
0.865497738053012319011348396447
-0.866288834542599590114778017523
0.866288834542599590114778017523
-0.86707776439978866713814530948
0.86707776439978866713814530948
-0.867864525651425885482231504733
0.867864525651425885482231504733
-0.868649116329781373237235295335
0.868649116329781373237235295335
-0.869431534472553972575181678254
0.869431534472553972575181678254
-0.870211778122876147564841075621
0.870211778122876147564841075621
-0.870989845329318878396884037136
0.870989845329318878396884037136
-0.871765734145896542007030820561
0.871765734145896542007030820561
-0.87253944263207177908498916561
0.87253944263207177908498916561
-0.8733109688527603474570076264
0.8733109688527603474570076264
-0.874080310878335961829905907976
0.874080310878335961829905907976
-0.874847466784635119884477763111
0.874847466784635119884477763111
-0.875612434652961914706196146562
0.875612434652961914706196146562
-0.876375212570092833541184495095
0.876375212570092833541184495095
-0.877135798628281542865452202888
0.877135798628281542865452202888
-0.877894190925263659755426593185
0.877894190925263659755426593185
-0.878650387564261509547847948287
0.878650387564261509547847948287
-0.879404386653988869777128451045
0.879404386653988869777128451045
-0.880156186308655700378310211834
0.880156186308655700378310211834
-0.88090578464797286014379190551
0.88090578464797286014379190551
-0.881653179797156809422027922914
0.881653179797156809422027922914
-0.88239836988693429904643835112
0.88239836988693429904643835112
-0.883141353053547045482802535626
0.883141353053547045482802535626
-0.883882127438756392183443446041
0.883882127438756392183443446041
-0.884620691189847957136544564416
0.884620691189847957136544564416
-0.885357042459636266598975542137
0.885357042459636266598975542137
-0.886091179406469375001037427121
0.886091179406469375001037427121
-0.886823100194233471011572847871
0.886823100194233471011572847871
-0.887552802992357469751921154698
0.887552802992357469751921154698
-0.888280285975817591147233160921
0.888280285975817591147233160921
-0.889005547325141924403694798138
0.889005547325141924403694798138
-0.889728585226414978600243699584
0.889728585226414978600243699584
-0.890449397871282219383397454025
0.890449397871282219383397454025
-0.8911679834569545917538470296
0.8911679834569545917538470296
-0.891884340186213028933503652322
0.891884340186213028933503652322
-0.892598466267412947301722237552
0.892598466267412947301722237552
-0.893310359914488727389459314605
0.893310359914488727389459314605
-0.894020019346958180920158254551
0.894020019346958180920158254551
-0.89472744278992700388618950928
0.89472744278992700388618950928
-0.89543262847409321564970849578
0.89543262847409321564970849578
-0.896135574635751584056828713414
0.896135574635751584056828713414
-0.896836279516798036554042663469
0.896836279516798036554042663469
-0.897534741364734057295858149531
0.897534741364734057295858149531
-0.898230958432671070232652574067
0.898230958432671070232652574067
-0.898924928979334808167782910923
0.898924928979334808167782910923
-0.899616651269069667773024125236
0.899616651269069667773024125236
-0.900306123571843050551443931348
0.900306123571843050551443931348
-0.900993344163249689736856925666
0.900993344163249689736856925666
-0.901678311324515963119036304923
0.901678311324515963119036304923
-0.902361023342504191783896580875
0.902361023342504191783896580875
-0.903041478509716924757895930045
0.903041478509716924757895930045
-0.903719675124301209545942071573
0.903719675124301209545942071573
-0.90439561149005284855212084753
0.90439561149005284855212084753
-0.905069285916420641372601988015
0.905069285916420641372601988015
-0.905740696718510612950111878016
0.905740696718510612950111878016
-0.906409842217090227579398504157
0.906409842217090227579398504157
-0.907076720738592588753149147107
0.907076720738592588753149147107
-0.90774133061512062483785679939
0.90774133061512062483785679939
-0.908403670184451260569166728665
0.908403670184451260569166728665
-0.909063737790039574356270072946
0.909063737790039574356270072946
-0.909721531781022941384946846875
0.909721531781022941384946846875
-0.910377050512225162508896256682
0.910377050512225162508896256682
-0.911030292344160578919027766039
0.911030292344160578919027766039
-0.911681255643038172580421925327
0.911681255643038172580421925327
-0.912329938780765652426705572958
0.912329938780765652426705572958
-0.912976340134953526301621639154
0.912976340134953526301621639154
-0.913620458088919158637609429918
0.913620458088919158637609429918
-0.914262291031690813861246941767
0.914262291031690813861246941767
-0.914901837358011685515442455987
0.914901837358011685515442455987
-0.915539095468343911088298384736
0.915539095468343911088298384736
-0.916174063768872572538606090006
0.916174063768872572538606090006
-0.916806740671509682507966170393
0.916806740671509682507966170393
-0.917437124593898156209564509463
0.917437124593898156209564509463
-0.91806521395941576898367020344
0.91806521395941576898367020344
-0.918691007197179099509957334601
0.918691007197179099509957334601
-0.919314502742047458666788430302
0.919314502742047458666788430302
-0.919935699034626804027633345742
0.919935699034626804027633345742
-0.920554594521273639984833231331
0.920554594521273639984833231331
-0.921171187654098903490955192837
0.921171187654098903490955192837
-0.921785476890971835408019224179
0.921785476890971835408019224179
-0.922397460695523837454914988781
0.922397460695523837454914988781
-0.92300713753715231474336204566
0.92300713753715231474336204566
-0.92361450589102450389280316086
0.92361450589102450389280316086
-0.924219564238081286714656413325
0.924219564238081286714656413325
-0.924822311065040989456387896768
0.924822311065040989456387896768
-0.925422744864403167595902935428
0.925422744864403167595902935428
-0.926020864134452376176789871762
0.926020864134452376176789871762
-0.926616667379261925674986647946
0.926616667379261925674986647946
-0.92721015310869762338747659053
0.92721015310869762338747659053
-0.927801319838421500333656018579
0.927801319838421500333656018579
-0.92839016608989552366005253006
0.92839016608989552366005253006
-0.928976690390385294539109079001
0.928976690390385294539109079001
-0.929560891272963731552785237008
0.929560891272963731552785237008
-0.93014276727651473955176333691
0.93014276727651473955176333691
-0.930722316945736863981083523607
0.930722316945736863981083523607
-0.931299538831146930663068087478
0.931299538831146930663068087478
-0.931874431489083671028431828909
0.931874431489083671028431828909
-0.932446993481711332786511598472
0.932446993481711332786511598472
-0.933017223377023276025584576068
0.933017223377023276025584576068
-0.933585119748845554734281293674
0.933585119748845554734281293674
-0.934150681176840483735135870305
0.934150681176840483735135870305
-0.934713906246510191021352414128
0.934713906246510191021352414128
-0.935274793549200155487903055478
0.935274793549200155487903055478
-0.935833341682102730048109605547
0.935833341682102730048109605547
-0.93638954924826065012689738873
0.93638954924826065012689738873
-0.936943414856570527521946372022
0.936943414856570527521946372022
-0.937494937121786329624001312156
0.937494937121786329624001312156
-0.938044114664522843987639260535
0.938044114664522843987639260535
-0.938590946111259128243829407115
0.938590946111259128243829407115
-0.939135430094341945345656907323
0.939135430094341945345656907323
-0.939677565251989184138619020653
0.939677565251989184138619020653
-0.940217350228293265246938595749
0.940217350228293265246938595749
-0.940754783673224532267376664424
0.940754783673224532267376664424
-0.941289864242634628262062656143
0.941289864242634628262062656143
-0.94182259059825985754189751485
0.94182259059825985754189751485
-0.942352961407724532732121791671
0.942352961407724532732121791671
-0.942880975344544307111677599764
0.942880975344544307111677599764
-0.943406631088129492218030151438
0.943406631088129492218030151438
-0.94392992732378836070915145246
0.94392992732378836070915145246
-0.944450862742730434474405604178
0.944450862742730434474405604178
-0.944969436042069757986112060594
0.944969436042069757986112060594
-0.945485645924828156883600104767
0.945485645924828156883600104767
-0.945999491099938481781604746781
0.945999491099938481781604746781
-0.946510970282247837294891203963
0.946510970282247837294891203963
-0.947020082192520796271032102922
0.947020082192520796271032102922
-0.947526825557442599223298542282
0.947526825557442599223298542282
-0.948031199109622338955663174592
0.948031199109622338955663174592
-0.948533201587596130371950505692
0.948533201587596130371950505692
-0.949032831735830265461206669819
0.949032831735830265461206669819
-0.949530088304724353451398018759
0.949530088304724353451398018759
-0.950024970050614446123584963366
0.950024970050614446123584963366
-0.950517475735776148278754625713
0.950517475735776148278754625713
-0.951007604128427713349532999876
0.951007604128427713349532999876
-0.951495354002733124149034478872
0.951495354002733124149034478872
-0.95198072413880515874914378445
0.95198072413880515874914378445
-0.952463713322708441480562535201
0.952463713322708441480562535201
-0.952944320346462479046989906766
0.952944320346462479046989906766
-0.953422544008044681745844075666
0.953422544008044681745844075666
-0.953898383111393369787968395422
0.953898383111393369787968395422
-0.954371836466410764708803530045
0.954371836466410764708803530045
-0.954842902888965965863544065685
0.954842902888965965863544065685
-0.955311581200897911998835436044
0.955311581200897911998835436044
-0.955777870230018327893604331128
0.955777870230018327893604331128
-0.956241768810114656061653111891
0.956241768810114656061653111891
-0.956703275780952973508686125289
0.956703275780952973508686125289
-0.957162389988280893536473205133
0.957162389988280893536473205133
-0.957619110283830452586893053877
0.957619110283830452586893053877
-0.958073435525320982118636628989
0.958073435525320982118636628989
-0.95852536457646196550938810483
0.95852536457646196550938810483
-0.95897489630695587997633844695
0.95897489630695587997633844695
-0.959422029592501023507924120278
0.959422029592501023507924120278
-0.959866763314794326799720955934
0.959866763314794326799720955934
-0.960309096361534150187460723092
0.960309096361534150187460723092
-0.960749027626423065570175492645
0.960749027626423065570175492645
-0.961186556009170623316512438117
0.961186556009170623316512438117
-0.961621680415496104147299296497
0.961621680415496104147299296497
-0.962054399757131255987478307242
0.962054399757131255987478307242
-0.962484712951823015780564061711
0.962484712951823015780564061711
-0.962912618923336216258818327652
0.962912618923336216258818327652
-0.963338116601456277662372564105
0.963338116601456277662372564105
-0.963761204921991884400566511148
0.963761204921991884400566511148
-0.964181882826777646648808926366
0.964181882826777646648808926366
-0.964600149263676746874304245695
0.964600149263676746874304245695
-0.965016003186583571284026670448
0.965016003186583571284026670448
-0.965429443555426326188360924886
0.965429443555426326188360924886
-0.965840469336169639273866689626
0.965840469336169639273866689626
-0.966249079500817145778661495609
0.966249079500817145778661495609
-0.966655273027414059563954661224
0.966655273027414059563954661224
-0.967059048900049729075302671666
0.967059048900049729075302671666
-0.967460406108860178187194234649
0.967460406108860178187194234649
-0.967859343650030631924611100397
0.967859343650030631924611100397
-0.968255860525798027055248606382
0.968255860525798027055248606382
-0.968649955744453507546117798746
0.968649955744453507546117798746
-0.969041628320344904878288892845
0.969041628320344904878288892845
-0.969430877273879203213573764969
0.969430877273879203213573764969
-0.969817701631524989406983116304
0.969817701631524989406983116304
-0.970202100425814887858831918604
0.970202100425814887858831918604
-0.970584072695347980200404739245
0.970584072695347980200404739245
-0.970963617484792209807130551344
0.970963617484792209807130551344
-0.971340733844886771133254662892
0.971340733844886771133254662892
-0.971715420832444483862033447457
0.971715420832444483862033447457
-0.972087677510354151865515628428
0.972087677510354151865515628428
-0.972457502947582906968011959193
0.972457502947582906968011959193
-0.972824896219178537507393253539
0.972824896219178537507393253539
-0.973189856406271801688394854299
0.973189856406271801688394854299
-0.97355238259607872572214378426
0.97355238259607872572214378426
-0.97391247388190288674616300219
0.97391247388190288674616300219
-0.974270129363137680519145388933
0.974270129363137680519145388933
-0.974625348145268573884828314627
0.974625348145268573884828314627
-0.974978129339875341999337888695
0.974978129339875341999337888695
-0.975328472064634290316410270247
0.975328472064634290316410270247
-0.975676375443320461324935718534
0.975676375443320461324935718534
-0.976021838605809826033309392124
0.976021838605809826033309392124
-0.976364860688081460195111262335
0.976364860688081460195111262335
-0.976705440832219705270675892385
0.976705440832219705270675892385
-0.977043578186416314119151249609
0.977043578186416314119151249609
-0.977379271904972581415684165469
0.977379271904972581415684165469
-0.977712521148301458788408538092
0.977712521148301458788408538092
-0.978043325082929654669950886381
0.978043325082929654669950886381
-0.978371682881499718858206414907
0.978371682881499718858206414907
-0.978697593722772111781177336713
0.978697593722772111781177336713
-0.97902105679162725846070382877
0.97902105679162725846070382877
-0.979342071279067587169956664329
0.979342071279067587169956664329
-0.979660636382219552779599280272
0.979660636382219552779599280272
-0.97997675130433564478756579832
0.97997675130433564478756579832
-0.980290415254796380027440329641
0.980290415254796380027440329641
-0.980601627449112280050461756091
0.980601627449112280050461756091
-0.980910387108925833176217101639
0.980910387108925833176217101639
-0.98121669346201344120712558825
0.98121669346201344120712558825
-0.981520545742287350801854516017
0.981520545742287350801854516017
-0.981821943189797569502847222161
0.981821943189797569502847222161
-0.982120885050733766413182563088
0.982120885050733766413182563088
-0.982417370577427157518024633443
0.982417370577427157518024633443
-0.98271139902835237564596079262
0.98271139902835237564596079262
-0.983002969668129325065565519213
0.983002969668129325065565519213
-0.983292081767525020712567165316
0.983292081767525020712567165316
-0.983578734603455412043034343842
0.983578734603455412043034343842
-0.98386292745898719150803846256
0.98386292745898719150803846256
-0.984144659623339587645288828927
0.984144659623339587645288828927
-0.984423930391886142783276801432
0.984423930391886142783276801432
-0.984700739066156475353505669203
0.984700739066156475353505669203
-0.984975084953838026806423316063
0.984975084953838026806423316063
-0.985246967368777793126715284245
0.985246967368777793126715284245
-0.98551638563098404094365661405
0.98551638563098404094365661405
-0.985783339066628008232261818697
0.985783339066628008232261818697
-0.986047827008045589601013580334
0.986047827008045589601013580334
-0.986309848793739006161992248225
0.986309848793739006161992248225
-0.986569403768378459979270010728
0.986569403768378459979270010728
-0.986826491282803773091475729559
0.986826491282803773091475729559
-0.987081110694026011104478902051
0.987081110694026011104478902051
-0.987333261365229091350184093022
0.987333261365229091350184093022
-0.987582942665771375607470495482
0.987582942665771375607470495482
-0.987830153971187247381355086764
0.987830153971187247381355086764
-0.988074894663188673736502198146
0.988074894663188673736502198146
-0.988317164129666751681247272298
0.988317164129666751681247272298
-0.988556961764693239098348212836
0.988556961764693239098348212836
-0.988794286968522070218724110968
0.988794286968522070218724110968
-0.989029139147590855634488353218
0.989029139147590855634488353218
-0.989261517714522366847631270033
0.989261517714522366847631270033
-0.989491422088126005350756689523
0.989491422088126005350756689523
-0.989718851693399256236327140038
0.989718851693399256236327140038
-0.989943805961529126330924143434
0.989943805961529126330924143434
-0.990166284329893566851083220719
0.990166284329893566851083220719
-0.990386286242062880577318078817
0.990386286242062880577318078817
-0.990603811147801113543005172765
0.990603811147801113543005172765
-0.990818858503067431234858682909
0.990818858503067431234858682909
-0.991031427770017479301787186871
0.991031427770017479301787186871
-0.991241518417004728768987256471
0.991241518417004728768987256471
-0.991449129918581805754196231425
0.991449129918581805754196231425
-0.991654261755501805683096928877
0.991654261755501805683096928877
-0.991856913414719592000941517164
0.991856913414719592000941517164
-0.992057084389393079377540761989
0.992057084389393079377540761989
-0.992254774178884501402848976093
0.992254774178884501402848976093
-0.992449982288761662770465000389
0.992449982288761662770465000389
-0.992642708230799175946466261078
0.992642708230799175946466261078
-0.992832951522979682321097364341
0.992832951522979682321097364341
-0.993020711689495057840947946675
0.993020711689495057840947946675
-0.993205988260747603119377920687
0.993205988260747603119377920687
-0.993388780773351218023083388707
0.993388780773351218023083388707
-0.993569088770132560732845146087
0.993569088770132560732845146087
-0.993746911800132191276665976691
0.993746911800132191276665976691
-0.993922249418605699533685335572
0.993922249418605699533685335572
-0.994095101187024817707463434541
0.994095101187024817707463434541
-0.994265466673078517267454632048
0.994265466673078517267454632048
-0.994433345450674090357746438297
0.994433345450674090357746438297
-0.994598737099938215672430184824
0.994598737099938215672430184824
-0.994761641207218008797298176641
0.994761641207218008797298176641
-0.994922057365082057017936727688
0.994922057365082057017936727688
-0.995079985172321438594712966455
0.995079985172321438594712966455
-0.995235424233950726505645362272
0.995235424233950726505645362272
-0.995388374161208976658715163241
0.995388374161208976658715163241
-0.995538834571560700575832301401
0.995538834571560700575832301401
-0.995686805088696822551431627901
0.995686805088696822551431627901
-0.995832285342535621289563932204
0.995832285342535621289563932204
-0.995975274969223656024385752402
0.995975274969223656024385752402
-0.99611577361113667713017253235
0.99611577361113667713017253235
-0.996253780916880521228417897597
0.996253780916880521228417897597
-0.996389296541291990801282635714
0.996389296541291990801282635714
-0.996522320145439718322675617453
0.996522320145439718322675617453
-0.996652851396625014920653546519
0.996652851396625014920653546519
-0.996780889968382703587701503983
0.996780889968382703587701503983
-0.996906435540481936958906737131
0.996906435540481936958906737131
-0.997029487798926999682195093927
0.997029487798926999682195093927
-0.997150046435958095409827237997
0.997150046435958095409827237997
-0.997268111150052118446457198412
0.997268111150052118446457198412
-0.997383681645923410096500627276
0.997383681645923410096500627276
-0.997496757634524499762676962625
0.997496757634524499762676962625
-0.997607338833046830858803306541
0.997607338833046830858803306541
-0.997715424964921471613773510121
0.997715424964921471613773510121
-0.997821015759819810860857412957
0.997821015759819810860857412957
-0.997924110953654238927915637204
0.997924110953654238927915637204
-0.99802471028857881377103681485
0.99802471028857881377103681485
-0.998122813512989912528032076464
0.998122813512989912528032076464
-0.998218420381526868711235014706
0.998218420381526868711235014706
-0.998311530655072595313906896222
0.998311530655072595313906896222
-0.998402144100754194174924856791
0.998402144100754194174924856791
-0.998490260491943552037313273621
0.998490260491943552037313273621
-0.998575879608257923854336712662
0.998575879608257923854336712662
-0.998659001235560504051592449344
0.998659001235560504051592449344
-0.998739625165960986657665206838
0.998739625165960986657665206838
-0.998817751197816115487363425125
0.998817751197816115487363425125
-0.998893379135730225925608781617
0.998893379135730225925608781617
-0.998966508790555780352666163023
0.998966508790555780352666163023
-0.999037139979393899924342061507
0.999037139979393899924342061507
-0.999105272525594896349400120594
0.999105272525594896349400120594
-0.999170906258758808601795976619
0.999170906258758808601795976619
-0.999234041014735951333237804513
0.999234041014735951333237804513
-0.999294676635627484363119214316
0.999294676635627484363119214316
-0.999352812969786016404006999056
0.999352812969786016404006999056
-0.999408449871816261734563449871
0.999408449871816261734563449871
-0.999461587202575776816627396639
0.999461587202575776816627396639
-0.999512224829175816422218199815
0.999512224829175816422218199815
-0.999560362624982368257877186987
0.999560362624982368257877186987
-0.999606000469617455691923881916
0.999606000469617455691923881916
-0.999649138248960847534199118845
0.999649138248960847534199118845
-0.999689775855152395295559411452
0.999689775855152395295559411452
-0.999727913186595356565608106078
0.999727913186595356565608106078
-0.999763550147961304749937827732
0.999763550147961304749937827732
-0.999796686650197662248935101969
0.999796686650197662248935101969
-0.999827322610539714775884585771
0.999827322610539714775884585771
-0.999855457952530574804756636454
0.999855457952530574804756636454
-0.999881092606055885106512612549
0.999881092606055885106512612549
-0.999904226507407325486052495033
0.999904226507407325486052495033
-0.999924859599406047398096320273
0.999924859599406047398096320273
-0.999942991831660692415546783757
0.999942991831660692415546783757
-0.999958623161157813365911556844
0.999958623161157813365911556844
-0.999971753553779813781265946504
0.999971753553779813781265946504
-0.999982382988869323137920345082
0.999982382988869323137920345082
-0.999990511476404656030130169191
0.999990511476404656030130169191
-0.999996139149162120011654685074
0.999996139149162120011654685074
-0.999999267243025262929242387225
0.999999267243025262929242387225