0
-0.00200676485772361538466761371411
0.00200676485772361538466761371411
-0.00401352163398508809862738456042
0.00401352163398508809862738456042
-0.00602026224735482040542827228574
0.00602026224735482040542827228574
-0.00802697861646830430607082275844
0.00802697861646830430607082275844
-0.0100336626600586660800784410614
0.0100336626600586660800784410614
-0.0120403062969892104333847184643
0.0120403062969892104333847184643
-0.0140469014462859641219779609643
0.0140469014462859641219779609643
-0.0160534400271702189202461782659
0.0160534400271702189202461782659
-0.0180599139590910738029684310361
0.0180599139590910738029684310361
-0.0200663151617579762099016010007
0.0200663151617579762099016010007
-0.0220726355551732622619153429392
0.0220726355551732622619153429392
-0.024078867059664695797632199863
0.024078867059664695797632199863
-0.0260850015959180060995346126207
0.0260850015959180060995346126207
-0.0280910310850094241785058328299
0.0280910310850094241785058328299
-0.0300969474484382174857775533853
0.0300969474484382174857775533853
-0.0321027426081592229212634037922
0.0321027426081592229212634037922
-0.0341084084866153780072643182223
0.0341084084866153780072643182223
-0.0361139370067702500965391724304
0.0361139370067702500965391724304
-0.0381193200921405634837420015038
0.0381193200921405634837420015038
-0.0401245496668287242892355537827
0.0401245496668287242892355537827
-0.0421296176555553429842999071807
0.0421296176555553429842999071807
-0.0441345159836917544267643724894
0.0441345159836917544267643724894
-0.0461392365772925352761009340551
0.0461392365772925352761009340551
-0.0481437713631280186570280314063
0.0481437713631280186570280314063
-0.0501481122687168059406845659652
0.0501481122687168059406845659652
-0.0521522512223582755124456248351
0.0521522512223582755124456248351
-0.0541561801531650883954635487797
0.0541561801531650883954635487797
-0.056159890991095690599030633852
0.056159890991095690599030633852
-0.0581633756669868120608729456278
0.0581633756669868120608729456278
-0.0601666261125859620524984416169
0.0601666261125859620524984416169
-0.0621696342605839209167368410907
0.0621696342605839209167368410907
-0.0641723920446472280066234522306
0.0641723920446472280066234522306
-0.0661748913994506656947944641073
0.0661748913994506656947944641073
-0.0681771242607097393225770354817
0.0681771242607097393225770354817
-0.070179082565213152957973863713
0.070179082565213152957973863713
-0.0721807582508552808317587951001
0.0721807582508552808317587951001
-0.0741821432566686343209174427034
0.0741821432566686343209174427034
-0.0761832295228563243486847090257
0.0761832295228563243486847090257
-0.0781840089908245190704495687957
0.0781840089908245190704495687957
-0.0801844736032148967148164514273
0.0801844736032148967148164514273
-0.0821846153039370934491320734452
0.0821846153039370934491320734452
-0.0841844260382011461388066081896
0.0841844260382011461388066081896
-0.0861838977525499298697786433617
0.0861838977525499298697786433617
-0.0881830223948915901034944663679
0.0881830223948915901034944663679
-0.0901817919145319693337938328742
0.0901817919145319693337938328742
-0.0921801982622070281151165154042
0.0921801982622070281151165154042
-0.0941782333901152603314665961288
0.0941782333901152603314665961288
-0.096175889251950102575594661089
0.096175889251950102575594661089
-0.098173157802932337507881771897
0.098173157802932337507881771897
-0.100170030999842491064433335359
0.100170030999842491064433335359
-0.10216650080105322338391576137
0.10216650080105322338391576137
-0.104162559166561713322694094744
0.104162559166561713322694094744
-0.106158198058022036427854627253
0.106158198058022036427854627253
-0.108153409438777536237722841976
0.108153409438777536237722841976
-0.110148185273893188779513912938
0.110148185273893188779513912938
-0.112142517530187960133780378964
0.112142517530187960133780378964
-0.114136398176267156935349531372
0.114136398176267156935349531372
-0.116129819182554769680471500725
0.116129819182554769680471500725
-0.118122772521325808709927998001
0.118122772521325808709927998001
-0.12011525016673863273788116026
0.12011525016673863273788116026
-0.122107244094867269796271970008
0.122107244094867269796271970008
-0.124098746283733730464608260887
0.124098746283733730464608260887
-0.126089748713340313255013389864
0.126089748713340313255013389864
-0.128080243365701902022438247767
0.128080243365701902022438247767
-0.130070222224878255269971395517
0.130070222224878255269971395517
-0.132059677277006287219214752756
0.132059677277006287219214752756
-0.134048600510332340515725428543
0.134048600510332340515725428543
-0.136036983915244450439557970311
0.136036983915244450439557970311
-0.13802481948430460049097551715
0.13802481948430460049097551715
-0.14001209921228096922143307664
0.14001209921228096922143307664
-0.141998815096180168179971400693
0.141998815096180168179971400693
-0.143984959135279470845195715096
0.143984959135279470845195715096
-0.14597052333115903241304985946
0.14597052333115903241304985946
-0.147955499687734100310633219019
0.147955499687734100310633219019
-0.149939880211287215306345176959
0.149939880211287215306345176959
-0.151923656910500403086679685564
0.151923656910500403086679685564
-0.153906821796487356170030946325
0.153906821796487356170030946325
-0.155889366882825606027910103086
0.155889366882825606027910103086
-0.15787128418558868528401228808
0.15787128418558868528401228808
-0.159852565723378279861613318375
0.159852565723378279861613318375
-0.161833203517356370949815819336
0.161833203517356370949815819336
-0.163813189591277366659205552402
0.163813189591277366659205552402
-0.165792515971520223237520246288
0.165792515971520223237520246288
-0.167771174687120555715975273744
0.167771174687120555715975273744
-0.169749157769802737856933079872
0.169749157769802737856933079872
-0.171726457254011991273646352692
0.171726457254011991273646352692
-0.173703065176946463592848531869
0.173703065176946463592848531869
-0.175678973578589295531009377191
0.175678973578589295531009377191
-0.17765417450174067675511796426
0.17765417450174067675511796426
-0.179628659992049890398900640797
0.179628659992049890398900640797
-0.181602422098047346105427162781
0.181602422098047346105427162781
-0.18357545287117660146710443512
0.18357545287117660146710443512
-0.185547744365826371734104006553
0.185547744365826371734104006553
-0.187519288639362527662316712787
0.187519288639362527662316712787
-0.189490077752160081371975625288
0.189490077752160081371975625288
-0.191460103767635160088136745519
0.191460103767635160088136745519
-0.19342935875227696763425568547
0.19342935875227696763425568547
-0.195397834775679733550147895
0.195397834775679733550147895
-0.197365523910574649705669834428
0.197365523910574649705669834428
-0.199332418232861794281508846934
0.199332418232861794281508846934
-0.20129850982164204298852035939
0.20129850982164204298852035939
-0.203263790759248967397102431954
0.203263790759248967397102431954
-0.205228253131280720248149586131
0.205228253131280720248149586131
-0.207191889026631907617180267528
0.207191889026631907617180267528
-0.209154690537525447803285243315
0.209154690537525447803285243315
-0.21111664975954441681459769496
0.21111664975954441681459769496
-0.213077758791663880322039744106
0.213077758791663880322039744106
-0.215038009736282711953154643171
0.215038009736282711953154643171
-0.216997394699255397797888872254
0.216997394699255397797888872254
-0.218955905789923826998243909896
0.218955905789923826998243909896
-0.220913535121149068293773487039
0.220913535121149068293773487039
-0.22287027480934313239495869087
0.22287027480934313239495869087
-0.224826116974500720056550357934
0.224826116974500720056550357934
-0.226781053740230955723025783694
0.226781053740230955723025783694
-0.228735077233789106618364878404
0.228735077233789106618364878404
-0.230688179586108287152409516459
0.230688179586108287152409516459
-0.232640352931831148516128958151
0.232640352931831148516128958151
-0.234591589409341553338173868628
0.234591589409341553338173868628
-0.236541881160796235275161618695
0.236541881160796235275161618695
-0.23849122033215644340819622562
0.23849122033215644340819622562
-0.240439599073219571318187479051
0.240439599073219571318187479051
-0.242387009537650770712595497315
0.242387009537650770712595497315
-0.244333443883014549476289172478
0.244333443883014549476289172478
-0.246278894270806354019269688334
0.246278894270806354019269688334
-0.248223352866484135794073533755
0.248223352866484135794073533755
-0.250166811839499901855733184247
0.250166811839499901855733184247
-0.252109263363331249337237886952
0.252109263363331249337237886952
-0.254050699615512883713501758363
0.254050699615512883713501758363
-0.255991112777668120726911689492
0.255991112777668120726911689492
-0.257930495035540371847593349824
0.257930495035540371847593349824
-0.259868838579024613141599888898
0.259868838579024613141599888898
-0.261806135602198837420294752477
0.261806135602198837420294752477
-0.263742378303355489544267358709
0.263742378303355489544267358709
-0.265677558885032884755188218255
0.265677558885032884755188218255
-0.26761166955404660990907843069
0.26761166955404660990907843069
-0.269544702521520907484537347352
0.269544702521520907484537347352
-0.271476650002920042239541557997
0.271476650002920042239541557997
-0.273407504218079650390498234641
0.273407504218079650390498234641
-0.27533725739123807118730625086
0.27533725739123807118730625086
-0.277265901751067660758249387953
0.277265901751067660758249387953
-0.279193429530706088098617340746
0.279193429530706088098617340746
-0.281119832967787613077022144958
0.281119832967787613077022144958
-0.283045104304474346333450064786
0.283045104304474346333450064786
-0.284969235787487490943161903312
0.284969235787487490943161903312
-0.286892219668138565720628129259
0.286892219668138565720628129259
-0.288814048202360610037759151255
0.288814048202360610037759151255
-0.290734713650739370030765514673
0.290734713650739370030765514673
-0.292654208278544466070057746176
0.292654208278544466070057746176
-0.294572524355760541367671026891
0.294572524355760541367671026891
-0.296489654157118391596775836361
0.296489654157118391596775836361
-0.298405589962126075397912175888
0.298405589962126075397912175888
-0.300320324055100005646661951078
0.300320324055100005646661951078
-0.30223384872519602135755156926
0.30223384872519602135755156926
-0.304146156266440440099054787422
0.304146156266440440099054787422
-0.306057238977761090794644330277
0.306057238977761090794644330277
-0.307967089163018326784919785593
0.307967089163018326784919785593
-0.309875699131036019025918774734
0.309875699131036019025918774734
-0.311783061195632529298798390124
0.311783061195632529298798390124
-0.313689167675651663306154387746
0.313689167675651663306154387746
-0.315594010894993603530326621527
0.315594010894993603530326621527
-0.317497583182645821729120707122
0.317497583182645821729120707122
-0.319399876872713970944457905003
0.319399876872713970944457905003
-0.321300884304452756899547716429
0.321300884304452756899547716429
-0.323200597822296788660260690545
0.323200597822296788660260690545
-0.325099009775891408436462446218
0.325099009775891408436462446218
-0.326996112520123500399153917857
0.326996112520123500399153917857
-0.328891898415152278389347340139
0.328891898415152278389347340139
-0.330786359826440052394692491836
0.330786359826440052394692491836
-0.332679489124782973669953223556
0.332679489124782973669953223556
-0.334571278686341758377520297739
0.334571278686341758377520297739
-0.336461720892672389624233071467
0.336461720892672389624233071467
-0.338350808130756797770869553013
0.338350808130756797770869553013
-0.340238532793033518890751861475
0.340238532793033518890751861475
-0.342124887277428331254002114692
0.342124887277428331254002114692
-0.344009863987384869714072263774
0.344009863987384869714072263774
-0.345893455331895217873260382566
0.345893455331895217873260382566
-0.34777565372553047790401540678
0.34777565372553047790401540678
-0.349656451588471317902922300162
0.349656451588471317902922300162
-0.351535841346538496654350103396
0.351535841346538496654350103396
-0.353413815431223365680836295214
0.353413815431223365680836295214
-0.355290366279718348457372364002
0.355290366279718348457372364002
-0.35716548633494739666684745164
0.35716548633494739666684745164
-0.35903916804559642337399938911
0.35903916804559642337399938911
-0.360911403866143712995315395097
0.360911403866143712995315395097
-0.362782186256890307942418154072
0.362782186256890307942418154072
-0.364651507683990371816566928758
0.364651507683990371816566928758
-0.366519360619481529031997793147
0.366519360619481529031997793147
-0.368385737541315180745921995848
0.368385737541315180745921995848
-0.370250630933386796973096879258
0.370250630933386796973096879258
-0.37211403328556618476297968737
0.37211403328556618476297968737
-0.373975937093727732317570993658
0.373975937093727732317570993658
-0.375836334859780628928151369923
0.375836334859780628928151369923
-0.377695219091699060609212296998
0.377695219091699060609212296998
-0.379552582303552381307980188233
0.379552582303552381307980188233
-0.381408417015535259568030756479
0.381408417015535259568030756479
-0.383262715753997800525589804334
0.383262715753997800525589804334
-0.385115471051475643117215855411
0.385115471051475643117215855411
-0.38696667544672003237765987086
0.38696667544672003237765987086
-0.388816321484727866706797609964
0.388816321484727866706797609964
-0.390664401716771719984630995935
0.390664401716771719984630995935
-0.39251090870042983841345613759
0.39251090870042983841345613759
-0.394355834999616111966397434095
0.394355834999616111966397434095
-0.396199173184610020321609452881
0.396199173184610020321609452881
-0.398040915832086553161551019879
0.398040915832086553161551019879
-0.399881055525146104716839195851
0.399881055525146104716839195851
-0.401719584853344342434294532541
0.401719584853344342434294532541
-0.403556496412722049648893207045
0.403556496412722049648893207045
-0.405391782805834942139446321946
0.405391782805834942139446321946
-0.407225436641783458447931831846
0.407225436641783458447931831846
-0.409057450536242523842510213571
0.409057450536242523842510213571
-0.410887817111491287804361137107
0.410887817111491287804361137107
-0.412716528996442834918585016801
0.412716528996442834918585016801
-0.414543578826673869049520427102
0.414543578826673869049520427102
-0.416368959244454370680935953715
0.416368959244454370680935953715
-0.418192662898777227301663119026
0.418192662898777227301663119026
-0.42001468244538783671734556962
0.42001468244538783671734556962
-0.421835010546813683169088743227
0.421835010546813683169088743227
-0.423653639872393886139903742005
0.423653639872393886139903742005
-0.425470563098308721729949128326
0.425470563098308721729949128326
-0.427285772907609116481684827703
0.427285772907609116481684827703
-0.429099261990246113536163270698
0.429099261990246113536163270698
-0.430911023043100311001794331211
0.430911023043100311001794331211
-0.432721048770011272417032521963
0.432721048770011272417032521963
-0.434529331881806909188547288815
0.434529331881806909188547288815
-0.436335865096332834886550103389
0.436335865096332834886550103389
-0.438140641138481691279065387731
0.438140641138481691279065387731
-0.439943652740222445987046115184
0.439943652740222445987046115184
-0.441744892640629661642349217561
0.441744892640629661642349217561
-0.443544353585912736430700689842
0.443544353585912736430700689842
-0.445342028329445115901895519408
0.445342028329445115901895519408
-0.447137909631793475929593276795
0.447137909631793475929593276795
-0.448931990260746876703186388733
0.448931990260746876703186388733
-0.450724262991345887634334771203
0.450724262991345887634334771203
-0.452514720605911683060877630143
0.452514720605911683060877630143
-0.454303355894075108630950839519
0.454303355894075108630950839519
-0.45609016165280571825025638057
0.45609016165280571825025638057
-0.45787513068644078147554887143
0.45787513068644078147554887143
-0.459658255806714261237523232625
0.459658255806714261237523232625
-0.461439529832785761776407020752
0.461439529832785761776407020752
-0.463218945591269446673680919314
0.463218945591269446673680919314
-0.46499649591626292686347130187
0.46499649591626292686347130187
-0.466772173649376118507279677802
0.466772173649376118507279677802
-0.468545971639760070615835194677
0.468545971639760070615835194677
-0.470317882744135762301978202787
0.470317882744135762301978202787
-0.472087899826822869548605186675
0.472087899826822869548605186675
-0.473856015759768501375828134596
0.473856015759768501375828134596
-0.475622223422575905291624649621
0.475622223422575905291624649621
-0.477386515702533141910378804809
0.477386515702533141910378804809
-0.479148885494641728623836909191
0.479148885494641728623836909191
-0.480909325701645252209126980608
0.480909325701645252209126980608
-0.482667829234057950258615815295
0.482667829234057950258615815295
-0.484424389010193261316503102001
0.484424389010193261316503102001
-0.486178997956192343607178049814
0.486178997956192343607178049814
-0.487931649006052562240490483299
0.487931649006052562240490483299
-0.489682335101655944779215305467
0.489682335101655944779215305467
-0.491431049192797605054116638
0.491431049192797605054116638
-0.493177784237214135112145818591
0.493177784237214135112145818591
-0.494922533200611965183435766583
0.494922533200611965183435766583
-0.496665289056695691552883019931
0.496665289056695691552883019931
-0.498406044787196372222237998244
0.498406044787196372222237998244
-0.500144793381899790248753757836
0.500144793381899790248753757836
-0.501881527838674684646573674731
0.501881527838674684646573674731
-0.503616241163500948737169120011
0.503616241163500948737169120011
-0.505348926370497795835269278108
0.505348926370497795835269278108
-0.507079576481951892156856802226
0.507079576481951892156856802226
-0.508808184528345456835935001387
0.508808184528345456835935001387
-0.510534743548384328936904710209
0.510534743548384328936904710209
-0.512259246589026001349521904793
0.512259246589026001349521904793
-0.513981686705507621453540495608
0.513981686705507621453540495608
-0.515702056961373958440278550355
0.515702056961373958440278550355
-0.517420350428505337178480476041
0.517420350428505337178480476041
-0.519136560187145538511982419268
0.519136560187145538511982419268
-0.520850679325929665876823326566
0.520850679325929665876823326566
-0.522562700941911978125579741874
0.522562700941911978125579741874
-0.524272618140593688446838505491
0.524272618140593688446838505491
-0.52598042403595072926785805743
0.52598042403595072926785805743
-0.527686111750461483028606037518
0.527686111750461483028606037518
-0.529389674415134478715498314318
0.529389674415134478715498314318
-0.53109110516953605404330246437
0.53109110516953605404330246437
-0.532790397161817983173807061867
0.532790397161817983173807061867
-0.534487543548745069859996926101
0.534487543548745069859996926101
-0.5361825374957227059046137093
0.5361825374957227059046137093
-0.537875372176824394822120890246
0.537875372176824394822120890246
-0.539566040774819240593232368779
0.539566040774819240593232368779
-0.541254536481199401401304432349
0.541254536481199401401304432349
-0.542940852496207508240031887688
0.542940852496207508240031887688
-0.544624982028864048282030617749
0.544624982028864048282030617749
-0.54630691829699471289803073586
0.54630691829699471289803073586
-0.547986654527257710216546864901
0.547986654527257710216546864901
-0.549664183955171042114034868699
0.549664183955171042114034868699
-0.551339499825139745525687605173
0.551339499825139745525687605173
-0.55301259539048309796716595546
0.55301259539048309796716595546
-0.554683463913461787157705509731
0.554683463913461787157705509731
-0.556352098665305044635183858135
0.556352098665305044635183858135
-0.558018492926237743253878443595
0.558018492926237743253878443595
-0.559682639985507458455790381575
0.559682639985507458455790381575
-0.561344533141411493206555539749
0.561344533141411493206555539749
-0.563004165701323866487110497198
0.563004165701323866487110497198
-0.564661530981722265232427767738
0.564661530981722265232427767738
-0.566316622308214959608781874631
0.566316622308214959608781874631
-0.567969433015567681521155503716
0.567969433015567681521155503716
-0.569619956447730466242543038212
0.569619956447730466242543038212
-0.571268185957864457057057290674
0.571268185957864457057057290674
-0.572914114908368672808894194972
0.572914114908368672808894194972
-0.57455773667090673824935960344
0.57455773667090673824935960344
-0.576199044626433577074312150524
0.576199044626433577074312150524
-0.57783803216522206754452639414
0.57783803216522206754452639414
-0.579474692686889660581631128565
0.579474692686889660581631128565
-0.581109019600424960232428877709
0.581109019600424960232428877709
-0.582741006324214266394554124237
0.582741006324214266394554124237
-0.584370646286068079696579807777
0.584370646286068079696579807777
-0.58599793292324756842583403359
0.58599793292324756842583403359
-0.587622859682490997397341771175
0.587622859682490997397341771175
-0.589245420020040118657459589474
0.589245420020040118657459589474
-0.590865607401666523915925171297
0.590865607401666523915925171297
-0.592483415302697958600197473394
0.592483415302697958600197473394
-0.594098837208044597426117949887
0.594098837208044597426117949887
-0.595711866612225281379078234759
0.595711866612225281379078234759
-0.597322497019393716000035083224
0.597322497019393716000035083224
-0.598930721943364630870869201419
0.598930721943364630870869201419
-0.600536534907639900193740848375
0.600536534907639900193740848375
-0.602139929445434624359251772952
0.602139929445434624359251772952
-0.603740899099703172398380150791
0.603740899099703172398380150791
-0.605339437423165185213312711667
0.605339437423165185213312711667
-0.606935537978331539482456195309
0.606935537978331539482456195309
-0.608529194337530272135068643169
0.608529194337530272135068643169
-0.610120400082932465291109824051
0.610120400082932465291109824051
-0.611709148806578091562069302459
0.611709148806578091562069302459
-0.613295434110401819608690289163
0.613295434110401819608690289163
-0.614879249606258779851667463382
0.614879249606258779851667463382
-0.616460588915950290231557424268
0.616460588915950290231557424268
-0.618039445671249541914301315634
0.618039445671249541914301315634
-0.619615813513927244838920471247
0.619615813513927244838920471247
-0.621189686095777233004107648004
0.621189686095777233004107648004
-0.622761057078642029390598550177
0.622761057078642029390598550177
-0.624329920134438370416370899078
0.624329920134438370416370899078
-0.625896268945182689821881268219
0.625896268945182689821881268219
-0.627460097203016561882713283735
0.627460097203016561882713283735
-0.629021398610232103847174582835
0.629021398610232103847174582835
-0.630580166879297337496544128624
0.630580166879297337496544128624
-0.632136395732881509725836097231
0.632136395732881509725836097231
-0.633690078903880372043111582052
0.633690078903880372043111582052
-0.635241210135441418885534799434
0.635241210135441418885534799434
-0.636789783180989084650536329603
0.636789783180989084650536329603
-0.638335791804249899340612185458
0.638335791804249899340612185458
-0.639879229779277602720454169263
0.639879229779277602720454169263
-0.641420090890478216885274052674
0.641420090890478216885274052674
-0.642958368932635077139351598221
0.642958368932635077139351598221
-0.644494057710933821084004329686
0.644494057710933821084004329686
-0.64602715104098733581434525402
0.64602715104098733581434525402
-0.647557642748860663124363438022
0.647557642748860663124363438022
-0.649085526671095862620031448012
0.649085526671095862620031448012
-0.650610796654736832640313169807
0.650610796654736832640313169807
-0.652133446557354088886115438463
0.652133446557354088886115438463
-0.653653470247069500657397222035
0.653653470247069500657397222035
-0.655170861602580984598820820197
0.655170861602580984598820820197
-0.656685614513187155854500656338
0.656685614513187155854500656338
-0.658197722878811936532576759969
0.658197722878811936532576759969
-0.659707180610029121380511954332
0.659707180610029121380511954332
-0.66121398162808690057218408119
0.66121398162808690057218408119
-0.662718119864932339508017310286
0.662718119864932339508017310286
-0.664219589263235815529569694194
0.664219589263235815529569694194
-0.665718383776415411450167639474
0.665718383776415411450167639474
-0.66721449736866126580335187158
0.66721449736866126580335187158
-0.668707924014959879711073773088
0.668707924014959879711073773088
-0.670198657701118380273755671842
0.670198657701118380273755671842
-0.671686692423788740384503746848
0.671686692423788740384503746848
-0.673172022190491954869937704458
0.673172022190491954869937704458
-0.674654641019642172860277254909
0.674654641019642172860277254909
-0.676134542940570786291501688864
0.676134542940570786291501688864
-0.677611721993550474442575514563
0.677611721993550474442575514563
-0.679086172229819204410910167806
0.679086172229819204410910167806
-0.680557887711604187429409248565
0.680557887711604187429409248565
-0.682026862512145790928622568798
0.682026862512145790928622568798
-0.683493090715721406247712515357
0.683493090715721406247712515357
-0.684956566417669271898114838984
0.684956566417669271898114838984
-0.68641728372441225228395497457
0.68641728372441225228395497457
-0.687875236753481571783460378394
0.687875236753481571783460378394
-0.689330419633540504095789134221
0.689330419633540504095789134221
-0.690782826504408016757875231237
0.690782826504408016757875231237
-0.692232451517082370736071452054
0.692232451517082370736071452054
-0.693679288833764674997551727754
0.693679288833764674997551727754
-0.695123332627882395966616118381
0.695123332627882395966616118381
-0.696564577084112821771223260768
0.696564577084112821771223260768
-0.698003016398406481185257190282
0.698003016398406481185257190282
-0.699438644778010517172217888343
0.699438644778010517172217888343
-0.700871456441492014936207732623
0.700871456441492014936207732623
-0.702301445618761284386269230956
0.702301445618761284386269230956
-0.70372860655109509692031300241
0.70372860655109509692031300241
-0.705152933491159876435058929054
0.705152933491159876435058929054
-0.706574420703034844468597738766
0.706574420703034844468597738766
-0.70799306246223511938236499245
0.70799306246223511938236499245
-0.709408853055734769489504537369
0.709408853055734769489504537369
-0.71082178678198982003678395122
0.71082178678198982003678395122
-0.712231857950961213947410338433
0.712231857950961213947410338433
-0.713639060884137726232281050096
0.713639060884137726232281050096
-0.71504338991455883197739048121
0.71504338991455883197739048121
-0.716444839386837527815301052923
0.716444839386837527815301052923
-0.717843403657183106788773812162
0.717843403657183106788773812162
-0.719239077093423886514841775982
0.719239077093423886514841775982
-0.720631854075029890557797212214
0.720631854075029890557797212214
-0.722021728993135482919752480849
0.722021728993135482919752480849
-0.723408696250561955557622861248
0.723408696250561955557622861248
-0.724792750261840068835568958091
0.724792750261840068835568958091
-0.726173885453232544822125813005
0.726173885453232544822125813005
-0.727552096262756513341435748481
0.727552096262756513341435748481
-0.728927377140205910688192235099
0.728927377140205910688192235099
-0.730299722547173830916092701531
0.730299722547173830916092701531
-0.731669126957074829609789198476
0.731669126957074829609789198476
-0.733035584855167180050517181894
0.733035584855167180050517181894
-0.734399090738575081685774396772
0.734399090738575081685774396772
-0.735759639116310820813613919513
0.735759639116310820813613919513
-0.737117224509296883392307854056
0.737117224509296883392307854056
-0.738471841450388019886330973211
0.738471841450388019886330973211
-0.739823484484393262059806751752
0.739823484484393262059806751752
-0.741172148168097891628751750632
0.741172148168097891628751750632
-0.74251782707028536068364818164
0.74251782707028536068364818164
-0.743860515771759163794068707994
0.743860515771759163794068707994
-0.74520020886536466170727211809
0.74520020886536466170727211809
-0.746536900956010856552883445998
0.746536900956010856552883445998
-0.747870586660692118465967402695
0.747870586660692118465967402695
-0.749201260608509863540999625451
0.749201260608509863540999625451
-0.750528917440694183029436248661
0.750528917440694183029436248661
-0.751853551810625423693778646808
0.751853551810625423693778646808
-0.753175158383855719231226898422
0.753175158383855719231226898422
-0.754493731838130472680212568047
0.754493731838130472680212568047
-0.755809266863409789723298800613
0.755809266863409789723298800613
-0.75712175816188986280013346832
0.75712175816188986280013346832
-0.758431200448024305944339203493
0.758431200448024305944339203493
-0.759737588448545440258422591031
0.759737588448545440258422591031
-0.761040916902485529940983580182
0.761040916902485529940983580182
-0.762341180561197968780705306749
0.762341180561197968780705306749
-0.763638374188378417031803992557
0.763638374188378417031803992557
-0.764932492560085888585818408363
0.764932492560085888585818408363
-0.76622353046476378835481854851
0.76622353046476378835481854851
-0.767511482703260899781313669736
0.767511482703260899781313669736
-0.768796344088852322390340691868
0.768796344088852322390340691868
-0.770078109447260359299415143738
0.770078109447260359299415143738
-0.77135677361667535460222836294
0.77135677361667535460222836294
-0.772632331447776480542176521954
0.772632331447776480542176521954
-0.773904777803752474392009255099
0.773904777803752474392009255099
-0.775174107560322324956088199776
0.775174107560322324956088199776
-0.776440315605755908611948640795
0.776440315605755908611948640795
-0.777703396840894574808060657379
0.777703396840894574808060657379
-0.778963346179171680934889717926
0.778963346179171680934889717926
-0.780220158546633076486560546928
0.780220158546633076486560546928
-0.781473828881957536430632300805
0.781473828881957536430632300805
-0.78272435213647714370369763398
0.78272435213647714370369763398
-0.783971723274197620750723112447
0.783971723274197620750723112447
-0.785215937271818610026253638604
0.785215937271818610026253638604
-0.786456989118753903375809087332
0.786456989118753903375809087332
-0.787694873817151620216007218464
0.787694873817151620216007218464
-0.788929586381914334432153123965
0.788929586381914334432153123965
-0.790161121840719149912241988615
0.790161121840719149912241988615
-0.791389475234037724636528789851
0.791389475234037724636528789851
-0.792614641615156243242025734855
0.792614641615156243242025734855
-0.793836616050195337981495730181
0.793836616050195337981495730181
-0.795055393618129957996718000299
0.795055393618129957996718000299
-0.796270969410809186826010115603
0.796270969410809186826010115603
-0.797483338532976008066199156852
0.797483338532976008066199156852
-0.798692496102287019109443530801
0.798692496102287019109443530801
-0.799898437249332092875516060124
0.799898437249332092875516060124
-0.801101157117653987460368398824
0.801101157117653987460368398824
-0.802300650863767903622006571243
0.802300650863767903622006571243
-0.803496913657180990024917497746
0.803496913657180990024917497746
-0.804689940680411796164496752299
0.804689940680411796164496752299
-0.805879727129009672893138495634
0.805879727129009672893138495634
-0.807066268211574120469859541636
0.807066268211574120469859541636
-0.808249559149774084055540843184
0.808249559149774084055540843184
-0.809429595178367196576081326049
0.809429595178367196576081326049
-0.810606371545218968875970954751
0.810606371545218968875970954751
-0.811779883511321927085002181639
0.811779883511321927085002181639
-0.812950126350814697121051509091
0.812950126350814697121051509091
-0.814117095351001036252075783657
0.814117095351001036252075783657
-0.815280785812368811640681039475
0.815280785812368811640681039475
-0.816441193048608925794835215399
0.816441193048608925794835215399
-0.817598312386634188848509885187
0.817598312386634188848509885187
-0.818752139166598137596250261975
0.818752139166598137596250261975
-0.819902668741913801205887166132
0.819902668741913801205887166132
-0.821049896479272413533819378748
0.821049896479272413533819378748
-0.822193817758662071967509840449
0.822193817758662071967509840449
-0.823334427973386342720054496163
0.823334427973386342720054496163
-0.824471722530082812501898230009
0.824471722530082812501898230009
-0.825605696848741586494988279758
0.825605696848741586494988279758
-0.826736346362723732554871766458
0.826736346362723732554871766458
-0.82786366651877967156646052097
0.82786366651877967156646052097
-0.828987652777067513879403234436
0.828987652777067513879403234436
-0.830108300611171341749222103211
0.830108300611171341749222103211
-0.831225605508119437710588579732
0.831225605508119437710588579732
-0.832339562968402458809330578183
0.832339562968402458809330578183
-0.833450168505991556619981516855
0.833450168505991556619981516855
-0.834557417648356442975899906912
0.834557417648356442975899906912
-0.835661305936483401339206818917
0.835661305936483401339206818917
-0.836761828924893243738007473122
0.836761828924893243738007473122
-0.837858982181659213198582406308
0.837858982181659213198582406308
-0.83895276128842483160045316593
0.83895276128842483160045316593
-0.840043161840421692882447270657
0.840043161840421692882447270657
-0.841130179446487201528107254212
0.841130179446487201528107254212
-0.842213809729082256259008975737
0.842213809729082256259008975737
-0.843294048324308878864775034012
0.843294048324308878864775034012
-0.844370890881927788098790063656
0.844370890881927788098790063656
-0.84544433306537591856884591823
0.84544433306537591856884591823
-0.84651437055178388455216625691
0.84651437055178388455216625691
-0.847580999031993388664481847324
0.847580999031993388664481847324
-0.848644214210574575313049976254
0.848644214210574575313049976254
-0.849704011805843328863733721401
0.849704011805843328863733721401
-0.850760387549878516452479480304
0.850760387549878516452479480304
-0.851813337188539175371754076003
0.851813337188539175371754076003
-0.852862856481481644962725962125
0.852862856481481644962725962125
-0.853908941202176642944198531946
0.853908941202176642944198531946
-0.854951587137926286109527295738
0.854951587137926286109527295738
-0.855990790089881055322976727334
0.855990790089881055322976727334
-0.857026545873056704747196893633
0.857026545873056704747196893633
-0.858058850316351115233724568591
0.858058850316351115233724568591
-0.859087699262561091808638395413
0.859087699262561091808638395413
-0.860113088568399105185722796092
0.860113088568399105185722796092
-0.861135014104509977239720735358
0.861135014104509977239720735358
-0.862153471755487510372481125523
0.862153471755487510372481125523
-0.863168457419891060705032608752
0.863168457419891060705032608752
-0.864179967010262055028841673041
0.864179967010262055028841673041
-0.865187996453140451449739546761
0.865187996453140451449739546761
-0.866192541689081143658229073047
0.866192541689081143658229073047
-0.867193598672670308760109788753
0.867193598672670308760109788753
-0.868191163372541698601586722179
0.868191163372541698601586722179
-0.869185231771392874523255978408
0.869185231771392874523255978408
-0.870175799866001385477587999976
0.870175799866001385477587999976
-0.871162863667240889444757472771
0.871162863667240889444757472771
-0.872146419200097218081897191669
0.872146419200097218081897191669
-0.873126462503684384541081806477
0.873126462503684384541081806477
-0.874102989631260534391576235403
0.874102989631260534391576235403
-0.875075996650243839582112659535
0.875075996650243839582112659535
-0.876045479642228335379189396853
0.876045479642228335379189396853
-0.87701143470299970021761459706
0.87701143470299970021761459706
-0.877973857942550978399747598242
0.877973857942550978399747598242
-0.87893274548509824558012094196
0.87893274548509824558012094196
-0.879888093469096216972356454091
0.879888093469096216972356454091
-0.880839898047253798215519463449
0.880839898047253798215519463449
-0.881788155386549578837286148201
0.881788155386549578837286148201
-0.88273286166824726825153017025
0.88273286166824726825153017025
-0.883674013087911074228166179294
0.883674013087911074228166179294
-0.88461160585542102377331944014
0.88461160585542102377331944014
-0.885545636194988226358122758219
0.885545636194988226358122758219
-0.886476100345170079434674048144
0.886476100345170079434674048144
-0.887402994558885416177920307605
0.887402994558885416177920307605
-0.888326315103429595392466423055
0.888326315103429595392466423055
-0.889246058260489533523540143503
0.889246058260489533523540143503
-0.890162220326158678711577713396
0.890162220326158678711577713396
-0.891074797610951926830128054079
0.891074797610951926830128054079
-0.891983786439820479447007024786
0.891983786439820479447007024786
-0.892889183152166643648867177509
0.892889183152166643648867177509
-0.8937909841018585736695825446
0.8937909841018585736695825446
-0.894689185657244954263082362504
0.894689185657244954263082362504
-0.895583784201169625761502238792
0.895583784201169625761502238792
-0.896474776130986150759756111636
0.896474776130986150759756111636
-0.897362157858572322367867430111
0.897362157858572322367867430111
-0.898245925810344613972633299336
0.898245925810344613972633299336
-0.899126076427272570450430885465
0.899126076427272570450430885465
-0.900002606164893140773211161009
0.900002606164893140773211161009
-0.900875511493324951949961089957
0.900875511493324951949961089957
-0.901744788897282524246151603721
0.901744788897282524246151603721
-0.902610434876090427623925202103
0.902610434876090427623925202103
-0.903472445943697379346013727375
0.903472445943697379346013727375
-0.904330818628690282686613803118
0.904330818628690282686613803118
-0.905185549474308206692684601914
0.905185549474308206692684601914
-0.906036635038456306939370006155
0.906036635038456306939370006155
-0.906884071893719687223484853409
0.906884071893719687223484853409
-0.907727856627377202139242810829
0.907727856627377202139242810829
-0.908567985841415200480641501162
0.908567985841415200480641501162
-0.909404456152541209415158805051
0.909404456152541209415158805051
-0.910237264192197559373652789518
0.910237264192197559373652789518
-0.91106640660657494960159645992
0.91106640660657494960159645992
-0.911891880056625954317017501206
0.911891880056625954317017501206
-0.912713681218078469420752363159
0.912713681218078469420752363159
-0.913531806781449099704863452408
0.913531806781449099704863452408
-0.914346253452056486505307820497
0.914346253452056486505307820497
-0.915157017950034575745185581148
0.915157017950034575745185581148
-0.915964097010345826315136350216
0.915964097010345826315136350216
-0.916767487382794358737692277635
0.916767487382794358737692277635
-0.917567185832039044062636731061
0.917567185832039044062636731061
-0.918363189137606532940658394892
0.918363189137606532940658394892
-0.919155494093904224822831464963
0.919155494093904224822831464963
-0.919944097510233177233693747601
0.919944097510233177233693747601
-0.920728996210800955065935810745
0.920728996210800955065935810745
-0.921510187034734419844955883809
0.921510187034734419844955883809
-0.922287666836092458911776960656
0.922287666836092458911776960656
-0.923061432483878654473064525758
0.923061432483878654473064525758
-0.923831480862053892467225496239
0.923831480862053892467225496239
-0.924597808869548911195811351115
0.924597808869548911195811351115
-0.92536041342027678966969100283
0.92536041342027678966969100283
-0.926119291443145375619701753968
0.926119291443145375619701753968
-0.92687443988206965312172967314
0.92687443988206965312172967314
-0.927625855695984049786413917265
0.927625855695984049786413917265
-0.928373535858854683463912922138
0.928373535858854683463912922138
-0.9291174773596915484144139781
0.9291174773596915484144139781
-0.929857677202560640895311502074
0.929857677202560640895311502074
-0.930594132406596024116223310137
0.930594132406596024116223310137
-0.931326840006011832513258385296
0.931326840006011832513258385296
-0.932055797050114215294194022291
0.932055797050114215294194022291
-0.932781000603313219206464814088
0.932781000603313219206464814088
-0.933502447745134610480110722407
0.933502447745134610480110722407
-0.934220135570231635898076446174
0.934220135570231635898076446174
-0.934934061188396722946499466283
0.934934061188396722946499466283
-0.935644221724573118997869501641
0.935644221724573118997869501641
-0.93635061431886646948018765915
0.93635061431886646948018765915
-0.937053236126556334985499298277
0.937053236126556334985499298277
-0.937752084318107647271420558147
0.937752084318107647271420558147
-0.938447156079182104109524610865
0.938447156079182104109524610865
-0.939138448610649502934700008122
0.939138448610649502934700008122
-0.93982595912859901324983997818
0.93982595912859901324983997818
-0.940509684864350387740468206168
0.940509684864350387740468206168
-0.941189623064465112054153491471
0.941189623064465112054153491471
-0.941865770990757493199812720892
0.941865770990757493199812720892
-0.942538125920305686522248824475
0.942538125920305686522248824475
-0.943206685145462661207517791461
0.943206685145462661207517791461
-0.943871445973867104274966416071
0.943871445973867104274966416071
-0.944532405728454263012030215781
0.944532405728454263012030215781
-0.945189561747466725808128917742
0.945189561747466725808128917742
-0.945842911384465141344245041135
0.945842911384465141344245041135
-0.946492452008338876095019413865
0.946492452008338876095019413865
-0.947138181003316610100445950223
0.947138181003316610100445950223
-0.947780095768976870964496681332
0.947780095768976870964496681332
-0.948418193720258506038256871568
0.948418193720258506038256871568
-0.94905247228747109274539907103
0.94905247228747109274539907103
-0.949682928916305287008074145836
0.949682928916305287008074145836
-0.950309561067843109731546693913
0.950309561067843109731546693913
-0.950932366218568171306151793362
0.950932366218568171306151793362
-0.951551341860375834085399742856
0.951551341860375834085399742856
-0.952166485500583312799305338265
0.952166485500583312799305338265
-0.952777794661939712862268286305
0.952777794661939712862268286305
-0.953385266882636006535081583909
0.953385266882636006535081583909
-0.953988899716314946900895090857
0.953988899716314946900895090857
-0.954588690732080919615212092455
0.954588690732080919615212092455
-0.955184637514509732390247388457
0.955184637514509732390247388457
-0.95577673766365834217422635354
0.95577673766365834217422635354
-0.956364988795074519986455493367
0.956364988795074519986455493367
-0.956949388539806453369246268214
0.956949388539806453369246268214
-0.957529934544412286418025373343
0.957529934544412286418025373343
-0.958106624470969597351216251574
0.958106624470969597351216251574
-0.958679455997084813581728368948
0.958679455997084813581728368948
-0.959248426815902564252142709005
0.959248426815902564252142709005
-0.959813534636114970195934035324
0.959813534636114970195934035324
-0.960374777181970871287322735763
0.960374777181970871287322735763
-0.960932152193284991142601495815
0.960932152193284991142601495815
-0.961485657425447039136034653125
0.961485657425447039136034653125
-0.962035290649430749693680861195
0.962035290649430749693680861195
-0.962581049651802858828742638443
0.962581049651802858828742638443
-0.963122932234732017882299500081
0.963122932234732017882299500081
-0.963660936215997644433534665837
0.963660936215997644433534665837
-0.964195059428998710343818807784
0.964195059428998710343818807784
-0.96472529972276246689926795101
0.96472529972276246689926795101
-0.96525165496195310701664646729
0.96525165496195310701664646729
-0.965774123026880364477740110515
0.965774123026880364477740110515
-0.96629270181350805015757823456
0.96629270181350805015757823456
-0.966807389233462525212138712402
0.966807389233462525212138712402
-0.967318183214041111191423642402
0.967318183214041111191423642402
-0.967825081698220437044048687378
0.967825081698220437044048687378
-0.968328082644664722979743848018
0.968328082644664722979743848018
-0.968827184027734001156418628744
0.968827184027734001156418628744
-0.969322383837492273158699916068
0.969322383837492273158699916068
-0.969813680079715604235106462124
0.969813680079715604235106462124
-0.970301070775900154261279655512
0.970301070775900154261279655512
-0.970784553963270145396946274391
0.970784553963270145396946274391
-0.971264127694785766404545160584
0.971264127694785766404545160584
-0.971739790039151013597706236435
0.971739790039151013597706236435
-0.972211539080821468388027017749
0.972211539080821468388027017749
-0.97267937292001201139884876663
0.97267937292001201139884876663
-0.973143289672704473114991688921
0.973143289672704473114991688921
-0.973603287470655221037666125254
0.973603287470655221037666125254
-0.974059364461402683314034526537
0.974059364461402683314034526537
-0.974511518808274808811157160277
0.974511518808274808811157160277
-0.97495974869039646360431298107
0.97495974869039646360431298107
-0.975404052302696763849945936826
0.975404052302696763849945936826
-0.975844427855916345013746194037
0.975844427855916345013746194037
-0.976280873576614567424635375212
0.976280873576614567424635375212
-0.976713387707176658125684937322
0.976713387707176658125684937322
-0.977141968505820788993257312305
0.977141968505820788993257312305
-0.977566614246605091095920414058
0.977566614246605091095920414058
-0.977987323219434605264947629333
0.977987323219434605264947629333
-0.978404093730068168848477495698
0.978404093730068168848477495698
-0.978816924100125238621669976669
0.978816924100125238621669976669
-0.979225812667092649825459626297
0.979225812667092649825459626297
-0.979630757784331311306770053857
0.979630757784331311306770053857
-0.980031757821082836733319021973
0.980031757821082836733319021973
-0.980428811162476111856409315347
0.980428811162476111856409315347
-0.980821916209533797795367288519
0.980821916209533797795367288519
-0.981211071379178770317558836991
0.981211071379178770317558836991
-0.981596275104240495088181546202
0.981596275104240495088181546202
-0.981977525833461338864302080882
0.981977525833461338864302080882
-0.982354822031502816607879622993
0.982354822031502816607879622993
-0.982728162178951774492789507779
0.982728162178951774492789507779
-0.983097544772326508781136323282
0.983097544772326508781136323282
-0.983462968324082820544422831976
0.983462968324082820544422831976
-0.983824431362620006205420374096
0.983824431362620006205420374096
-0.984181932432286783876868182478
0.984181932432286783876868182478
-0.984535470093387155473413576234
0.984535470093387155473413576234
-0.984885042922186204573492644501
0.984885042922186204573492644501
-0.9852306495109158300081421694
0.9852306495109158300081421694
-0.985572288467780415154028611526
0.985572288467780415154028611526
-0.985909958416962432908279498471
0.985909958416962432908279498471
-0.986243657998627986323007097468
0.986243657998627986323007097468
-0.986573385868932284877724483672
0.986573385868932284877724483672
-0.986899140700025056368170801958
0.986899140700025056368170801958
-0.987220921180055894390386544808
0.987220921180055894390386544808
-0.987538726013179541399212049433
0.987538726013179541399212049433
-0.98785255391956110732072432969
0.98785255391956110732072432969
-0.988162403635381223698480163614
0.988162403635381223698480163614
-0.988468273912841133353798633615
0.988468273912841133353798633615
-0.988770163520167715540695896846
0.988770163520167715540695896846
-0.98906807124161844657648098157
0.98906807124161844657648098157
-0.98936199587748629592943634951
0.98936199587748629592943634951
-0.989651936244104557745443741249
0.989651936244104557745443741249
-0.989937891173851617795877835216
0.989937891173851617795877835216
-0.990219859515155655829581494005
0.990219859515155655829581494005
-0.990497840132499283312261539752
0.990497840132499283312261539752
-0.990771831906424116537208625908
0.990771831906424116537208625908
-0.991041833733535285091855390478
0.991041833733535285091855390478
-0.991307844526505875665351421495
0.991307844526505875665351421495
-0.991569863214081311183060819338
0.991569863214081311183060819338
-0.991827888741083665254689223275
0.991827888741083665254689223275
-0.99208192006841591192363510667
0.99208192006841591192363510667
-0.992331956173066110706150512189
0.992331956173066110706150512189
-0.992577996048111526910007871236
0.992577996048111526910007871236
-0.992820038702722687223624587267
0.992820038702722687223624587267
-0.993058083162167370568022740216
0.993058083162167370568022740216
-0.993292128467814534205630341261
0.993292128467814534205630341261
-0.993522173677138175101802767991
0.993522173677138175101802767991
-0.99374821786372112653710669828
0.99374821786372112653710669828
-0.993970260117258789970923084
0.993970260117258789970923084
-0.994188299543562802159862806542
0.994188299543562802159862806542
-0.994402335264564637537937579742
0.994402335264564637537937579742
-0.994612366418319145869499165224
0.994612366418319145869499165224
-0.994818392159008025190787980571
0.994818392159008025190787980571
-0.995020411656943230061686743969
0.995020411656943230061686743969
-0.995218424098570315156166941315
0.995218424098570315156166941315
-0.995412428686471714228210196412
0.995412428686471714228210196412
-0.995602424639369954500016219955
0.995602424639369954500016219955
-0.995788411192130806531495310363
0.995788411192130806531495310363
-0.995970387595766369644921930443
0.995970387595766369644921930443
-0.996148353117438092996880657596
0.996148353117438092996880657596
-0.996322307040459732412144795485
0.996322307040459732412144795485
-0.996492248664300243122024223371
0.996492248664300243122024223371
-0.996658177304586608584473085591
0.996658177304586608584473085591
-0.996820092293106605606779054003
0.996820092293106605606779054003
-0.996977992977811506046484758481
0.996977992977811506046484758481
-0.997131878722818715435649952407
0.997131878722818715435649952407
-0.997281748908414348962082432826
0.997281748908414348962082432826
-0.997427602931055745354685327963
0.997427602931055745354685327963
-0.99756944020337391936660366671
0.99756944020337391936660366671
-0.99770726015417595374030699548
0.99770726015417595374030699548
-0.997841062228447331788068660156
0.997841062228447331788068660156
-0.997970845887354212050176647621
0.997970845887354212050176647621
-0.998096610608245646930501017319
0.998096610608245646930501017319
-0.998218355884655747795427756736
0.998218355884655747795427756736
-0.998336081226305799815561791387
0.998336081226305799815561791387
-0.99844978615910633091334871112
0.99844978615910633091334871112
-0.998559470225159140675199194392
0.998559470225159140675199194392
-0.998665132982759297172635535763
0.998665132982759297172635535763
-0.998766774006397112580411123288
0.998766774006397112580411123288
-0.99886439288676011268477025796
0.99886439288676011268477025796
-0.998957989230735021463476978917
0.998957989230735021463476978917
-0.999047562661409790861823323013
0.999047562661409790861823323013
-0.999133112818075719229013390109
0.999133112818075719229013390109
-0.999214639356229722117777562641
0.999214639356229722117777562641
-0.999292141947576850422378585802
0.999292141947576850422378585802
-0.99936562028003320013073783969
0.99936562028003320013073783969
-0.999435074057729437418700298796
0.999435074057729437418700298796
-0.99950050300101529400737814663
0.99950050300101529400737814663
-0.999561906846465610247911559957
0.999561906846465610247911559957
-0.999619285346888892419112647864
0.999619285346888892419112647864
-0.999672638271340054110422748268
0.999672638271340054110422748268
-0.999721965405140332891415162265
0.999721965405140332891415162265
-0.999767266549909966309949863188
0.999767266549909966309949863188
-0.99980854152362456179665340297
0.99980854152362456179665340297
-0.999845790160717804437518541869
0.999845790160717804437518541869
-0.999879012312280618553681255762
0.999879012312280618553681255762
-0.999908207846476991698601075034
0.999908207846476991698601075034
-0.999933376649494982471582349593
0.999933376649494982471582349593
-0.999954518627991147934226401969
0.999954518627991147934226401969
-0.999971633716440202379115894596
0.999971633716440202379115894596
-0.999984721904790591596485631575
0.999984721904790591596485631575
-0.999993783386861401576845168135
0.999993783386861401576845168135
-0.999998820138804396463535192439
0.999998820138804396463535192439