-0.00111840220704346278714207269681
0.00111840220704346278714207269681
-0.0033552010254346417794171457821
0.0033552010254346417794171457821
-0.00559198305676657794009450056926
0.00559198305676657794009450056926
-0.00782873710975976562279717558391
0.00782873710975976562279717558391
-0.010065451993274683052912346506
0.010065451993274683052912346506
-0.0123021165163677848957632262074
0.0123021165163677848957632262074
-0.0145387194883474938442530970473
0.0145387194883474938442530970473
-0.016775249718830190945839066153
0.016775249718830190945839066153
-0.0190116960177962043886994419217
0.0190116960177962043886994419217
-0.0212480471956457964669663390817
0.0212480471956457964669663390817
-0.0234842920632551484449042303316
0.0234842920632551484449042303316
-0.0257204194320323430399256747611
0.0257204194320323430399256747611
-0.0279564181139733442443473669231
0.0279564181139733442443473669231
-0.0301922769217179742058029654873
0.0301922769217179742058029654873
-0.0324279846686058868862438768164
0.0324279846686058868862438768164
-0.0346635301687325382194752864774
0.0346635301687325382194752864774
-0.0368989022370051524871922505595
0.0368989022370051524871922505595
-0.0391340896891986846334995786328
0.0391340896891986846334995786328
-0.0413690813420117782379195611372
0.0413690813420117782379195611372
-0.0436038660131227188669133158627
0.0436038660131227188669133158627
-0.045838432521245382523964650835
0.045838432521245382523964650835
-0.0480727696861851789182998642577
0.0480727696861851789182998642577
-0.0503068663288949892723428260555
0.0503068663288949892723428260555
-0.0525407112715310983880320098752
0.0525407112715310983880320098752
-0.0547742933375091206921548690099
0.0547742933375091206921548690099
-0.0570076013515599199808850744602
0.0570076013515599199808850744602
-0.0592406241397855225837396580913
0.0592406241397855225837396580913
-0.0614733505297150236672060284256
0.0614733505297150236672060284256
-0.0637057693503604863983231508636
0.0637057693503604863983231508636
-0.0659378694322728336885369078784
0.0659378694322728336885369078784
-0.0681696396075977322381867778039
0.0681696396075977322381867778039
-0.0704010687101314686020194930462
0.0704010687101314686020194930462
-0.0726321455753768169961652597017
0.0726321455753768169961652597017
-0.0748628590405988985670534404591
0.0748628590405988985670534404591
-0.0770931979448810318427873210982
0.0770931979448810318427873210982
-0.0793231511291805740875416976499
0.0793231511291805740875416976499
-0.0815527074363847532795925361419
0.0815527074363847532795925361419
-0.0837818557113664904336348695832
0.0837818557113664904336348695832
-0.0860105848010402119880934072143
0.0860105848010402119880934072143
-0.088238883554417651978180038815
0.088238883554417651978180038815
-0.0904667408226636437155035217832
0.0904667408226636437155035217832
-0.0926941454591519006950891405053
0.0926941454591519006950891405053
-0.0949210863195207864507200259842
0.0949210863195207864507200259842
-0.0971475522617290730795671184904
0.0971475522617290730795671184904
-0.0993735321461116881571314468925
0.0993735321461116881571314468925
-0.101599014835435449763580485008
0.101599014835435449763580485008
-0.103823989194954789342619827516
0.103823989194954789342619827516
-0.10604844409246746211410230538
0.10604844409246746211410230538
-0.108272368398370244761638933059
0.108272368398370244761638933059
-0.110495750985714620116539746676
0.110495750985714620116539746676
-0.112718580730262448559477653543
0.112718580730262448559477653543
-0.114940846510541625861334868543
0.114940846510541625861334868543
-0.117162537207901727184759361669
0.117162537207901727184759361669
-0.119383641706569636968027983057
0.119383641706569636968027983057
-0.12160414889370516441288356681
0.12160414889370516441288356681
-0.123824047659456644298085342494
0.123824047659456644298085342494
-0.126043326897016522840485402963
0.126043326897016522840485402963
-0.128261975502676928325518788778
0.128261975502676928325518788778
-0.130479982375885226229070952638
0.130479982375885226229070952638
-0.132697336419299558552763961407
0.132697336419299558552763961407
-0.134914026538844367094781778268
0.134914026538844367094781778268
-0.137130041643765900378435342752
0.137130041643765900378435342752
-0.139345370646687703960749931532
0.139345370646687703960749931532
-0.141560002463666093843440437532
0.141560002463666093843440437532
-0.143773926014245612708724748606
0.143773926014245612708724748606
-0.145987130221514468702511339473
0.145987130221514468702511339473
-0.148199604012159956487584511176
0.148199604012159956487584511176
-0.15041133631652386028949942082
0.15041133631652386028949942082
-0.15262231606865783865798914005
0.15262231606865783865798914005
-0.154832532206378790666777463484
0.154832532206378790666777463484
-0.157041973671324203274784057373
0.157041973671324203274784057373
-0.159250629409007479571802793924
0.159250629409007479571802793924
-0.161458488368873247631829757286
0.161458488368873247631829757286
-0.163665539504352649697314432871
0.163665539504352649697314432871
-0.165871771772918611417706001867
0.165871771772918611417706001867
-0.168077174136141090865766457013
0.168077174136141090865766457013
-0.17028173555974230705522343353
0.17028173555974230705522343353
-0.172485445013651947683438209918
0.172485445013651947683438209918
-0.174688291472062355822868276698
0.174688291472062355822868276698
-0.176890263913483695285209196581
0.176890263913483695285209196581
-0.179091351320799094382207186385
0.179091351320799094382207186385
-0.181291542681319767807241938873
0.181291542681319767807241938873
-0.183490826986840116361888670893
0.183490826986840116361888670893
-0.185689193233692804251779232318
0.185689193233692804251779232318
-0.187886630422803813676194337662
0.187886630422803813676194337662
-0.190083127559747476435932588443
0.190083127559747476435932588443
-0.192278673654801482284116938647
0.192278673654801482284116938647
-0.194473257723001863744715617626
0.194473257723001863744715617626
-0.196666868784197957123672263693
0.196666868784197957123672263693
-0.198859495863107339437659137076
0.198859495863107339437659137076
-0.201051127989370740985587772132
0.201051127989370740985587772132
-0.203241754197606933288133295158
0.203241754197606933288133295158
-0.205431363527467592120651875245
0.205431363527467592120651875245
-0.207619945023692135364995390695
0.207619945023692135364995390695
-0.209807487736162535405853382019
0.209807487736162535405853382019
-0.211993980719958105797379723729
0.211993980719958105797379723729
-0.214179413035410261925990180527
0.214179413035410261925990180527
-0.216363773748157255395347118276
0.216363773748157255395347118276
-0.218547051929198881859679115793
0.218547051929198881859679115793
-0.220729236654951162031716069317
0.220729236654951162031716069317
-0.222910317007300995591654596783
0.222910317007300995591654596783
-0.225090282073660787723704133178
0.225090282073660787723704133178
-0.227269120947023048006901060549
0.227269120947023048006901060549
-0.22944682272601496138701653593
0.22944682272601496138701653593
-0.231623376514952930956523367015
0.231623376514952930956523367015
-0.233798771423897092269728337976
0.233798771423897092269728337976
-0.235972996568705798920318805759
0.235972996568705798920318805759
-0.238146041071090079108716169824
0.238146041071090079108716169824
-0.240317894058668062926773964837
0.240317894058668062926773964837
-0.242488544665019380087504835557
0.242488544665019380087504835557
-0.244657982029739527827668525403
0.244657982029739527827668525403
-0.246826195298494208711202244145
0.246826195298494208711202244145
-0.24899317362307363806162537513
0.24899317362307363806162537513
-0.251158906161446820751702437611
0.251158906161446820751702437611
-0.253323382077815797078801534458
0.253323382077815797078801534458
-0.255486590542669857454540188853
0.255486590542669857454540188853
-0.257648520732839725637466504936
0.257648520732839725637466504936
-0.259809161831551710237680975768
0.259809161831551710237680975768
-0.261968503028481824222463006864
0.261968503028481824222463006864
-0.264126533519809872152126323918
0.264126533519809872152126323918
-0.266283242508273504875488888514
0.266283242508273504875488888514
-0.268438619203222241414505754771
0.268438619203222241414505754771
-0.270592652820671457767777462139
0.270592652820671457767777462139
-0.272745332583356342362812074185
0.272745332583356342362812074185
-0.274896647720785817887085839307
0.274896647720785817887085839307
-0.277046587469296429228115666115
0.277046587469296429228115666115
-0.279195141072106197252926172779
0.279195141072106197252926172779
-0.281342297779368438157464985266
0.281342297779368438157464985266
-0.283488046848225548116692223031
0.283488046848225548116692223031
-0.285632377542862752966243721717
0.285632377542862752966243721717
-0.287775279134561822646742499735
0.287775279134561822646742499735
-0.289916740901754750142009278466
0.289916740901754750142009278466
-0.29205675213007739464260051328
0.29205675213007739464260051328
-0.294195302112423088666281383843
0.294195302112423088666281383843
-0.296332380148996208867221526207
0.296332380148996208867221526207
-0.298467975547365710265882965221
0.298467975547365710265882965221
-0.300602077622518623631752722866
0.300602077622518623631752722866
-0.302734675696913515751256935262
0.302734675696913515751256935262
-0.30486575910053391231337900749
0.30486575910053391231337900749
-0.306995317170941683145691370007
0.306995317170941683145691370007
-0.3091233392533303895336987724
0.3091233392533303895336987724
-0.3112498147005785933565807586
0.3112498147005785933565807586
-0.313374732873303127772612011463
0.313374732873303127772612011463
-0.31549808313991232918773163294
0.31549808313991232918773163294
-0.317619854876659230240926137851
0.317619854876659230240926137851
-0.319740037467694713540285983657
0.319740037467694713540285983657
-0.321858620305120625883791834558
0.321858620305120625883791834558
-0.323975592789042852699084464793
0.323975592789042852699084464793
-0.326090944327624352436671242162
0.326090944327624352436671242162
-0.328204664337138150651222497545
0.328204664337138150651222497545
-0.330316742242020293505812778555
0.330316742242020293505812778555
-0.33242716747492276043416500442
0.33242716747492276043416500442
-0.33453592947676633569615988375
0.33453592947676633569615988375
-0.336643017696793438562078625933
0.336643017696793438562078625933
-0.338748421592620911861253969547
0.338748421592620911861253969547
-0.340852130630292768631012866306
0.340852130630292768631012866306
-0.342954134284332896602003795656
0.342954134284332896602003795656
-0.345054422037797720256212642102
0.345054422037797720256212642102
-0.347152983382328820194183343709
0.347152983382328820194183343709
-0.34924980781820550954817311485
0.34924980781820550954817311485
-0.351344884854397367178186958084
0.351344884854397367178186958084
-0.353438204008616727388052408083
0.353438204008616727388052408083
-0.355529754807371125898912993543
0.355529754807371125898912993543
-0.357619526786015701817737760044
0.357619526786015701817737760044
-0.359707509488805555338664366734
0.359707509488805555338664366734
-0.361793692468948060915214751377
0.361793692468948060915214751377
-0.363878065288655135641645150647
0.363878065288655135641645150647
-0.365960617519195462581916364467
0.365960617519195462581916364467
-0.3680413387409466687849955635
0.3680413387409466687849955635
-0.370120218543447457725427656543
0.370120218543447457725427656543
-0.37219724652544969590834225838
0.37219724652544969590834225838
-0.374272412294970453378291627485
0.374272412294970453378291627485
-0.376345705469343997871545575674
0.376345705469343997871545575674
-0.378417115675273742351701287255
0.378417115675273742351701287255
-0.380486632548884145668699222231
0.380486632548884145668699222231
-0.382554245735772566081570815531
0.382554245735772566081570815531
-0.384619944891061067385479520861
0.384619944891061067385479520861
-0.386683719679448177383853882486
0.386683719679448177383853882486
-0.388745559775260598446649749758
0.388745559775260598446649749758
-0.390805454862504869896018476461
0.390805454862504869896018476461
-0.392863394634918981960898968682
0.392863394634918981960898968682
-0.394919368796023941042293759906
0.394919368796023941042293759906
-0.39697336705917528603123289898
0.39697336705917528603123289898
-0.399025379147614555421674334462
0.399025379147614555421674334462
-0.401075394794520704960835666261
0.401075394794520704960835666261
-0.403123403743061475579699611299
0.403123403743061475579699611299
-0.405169395746444711346684292878
0.405169395746444711346684292878
-0.407213360567969627187719512232
0.407213360567969627187719512232
-0.409255287981078026116221494243
0.409255287981078026116221494243
-0.411295167769405465716711216158
0.411295167769405465716711216158
-0.413332989726832373626075327089
0.413332989726832373626075327089
-0.415368743657535111756723845928
0.415368743657535111756723845928
-0.41740241937603698900615528469
0.41740241937603698900615528469
-0.41943400670725922219769758197
0.41943400670725922219769758197
-0.421463495486571844997452245908
0.421463495486571844997452245908
-0.423490875559844564552729396406
0.423490875559844564552729396406
-0.425516136783497565597522961151
0.425516136783497565597522961151
-0.427539269024552261770838117861
0.427539269024552261770838117861
-0.42956026216068199389394718483
0.42956026216068199389394718483
-0.431579106080262674952915541961
0.431579106080262674952915541961
-0.433595790682423381533005813702
0.433595790682423381533005813702
-0.435610305877096891451836462333
0.435610305877096891451836462333
-0.437622641585070167338440123561
0.437622641585070167338440123561
-0.439632787738034785905637464918
0.439632787738034785905637464918
-0.441640734278637312663414059862
0.441640734278637312663414059862
-0.443646471160529621821260745168
0.443646471160529621821260745168
-0.44564998834841916112771216499
0.44564998834841916112771216499
-0.447651275818119161395593700393
0.447651275818119161395593700393
-0.449650323556598790461763736843
0.449650323556598790461763736843
-0.451647121562033251330416232735
0.451647121562033251330416232735
-0.45364165984385382424928781816
0.45364165984385382424928781816
-0.455633928422797852468394173264
0.455633928422797852468394173264
-0.457623917330958671431202208497
0.457623917330958671431202208497
-0.459611616611835481148427593215
0.459611616611835481148427593215
-0.46159701632038316150493145317
0.46159701632038316150493145317
-0.463580106523062030250475579948
0.463580106523062030250475579948
-0.46556087729788754342538226495
0.46556087729788754342538226495
-0.467539318734479937972432885662
0.467539318734479937972432885662
-0.469515420934113816286628631218
0.469515420934113816286628631218
-0.471489174009767672454727256261
0.471489174009767672454727256261
-0.473460568086173359936761495339
0.473460568086173359936761495339
-0.475429593299865500442037753081
0.475429593299865500442037753081
-0.477396239799230833752407906758
0.477396239799230833752407906758
-0.479360497744557508245902516007
0.479360497744557508245902516007
-0.481322357308084311874110428073
0.481322357308084311874110428073
-0.483281808674049843346987694383
0.483281808674049843346987694383
-0.485238842038741623279077874094
0.485238842038741623279077874094
-0.487193447610545145051426191025
0.487193447610545145051426191025
-0.489145615609992865143771630532
0.489145615609992865143771630532
-0.491095336269813132691903910893
0.491095336269813132691903910893
-0.493042599834979058025376338219
0.493042599834979058025376338219
-0.494987396562757319941070853131
0.494987396562757319941070853131
-0.496929716722756911468418100039
0.496929716722756911468418100039
-0.498869550596977823882383094251
0.498869550596977823882383094251
-0.500806888479859668720636026724
0.500806888479859668720636026724
-0.502741720678330237561637929647
0.502741720678330237561637929647
-0.504674037511853999320682326485
0.504674037511853999320682326485
-0.50660382931248053482124660622
0.50660382931248053482124660622
-0.508531086424892908399320691623
0.508531086424892908399320691623
-0.510455799206455976298695613955
0.510455799206455976298695613955
-0.512377958027264631615510859955
0.512377958027264631615510859955
-0.514297553270191985550676819728
0.514297553270191985550676819728
-0.516214575330937484729107334612
0.516214575330937484729107334612
-0.518129014618074964345017220691
0.518129014618074964345017220691
-0.520040861553100636892860724727
0.520040861553100636892860724727
-0.521950106570481016243809153317
0.521950106570481016243809153317
-0.523856740117700776827989401372
0.523856740117700776827989401372
-0.525760752655310547683029791048
0.525760752655310547683029791048
-0.527662134656974641129785515291
0.527662134656974641129785515291
-0.529560876609518715836443059661
0.529560876609518715836443059661
-0.531456969012977374032531250359
0.531456969012977374032531250359
-0.533350402380641692634696043813
0.533350402380641692634696043813
-0.535241167239106688046426832092
0.535241167239106688046426832092
-0.537129254128318714394253887198
0.537129254128318714394253887198
-0.539014653601622794963269604204
0.539014653601622794963269604204
-0.540897356225809886595160426717
0.540897356225809886595160426717
-0.542777352581164076812271746417
0.542777352581164076812271746417
-0.544654633261509713431564659938
0.544654633261509713431564659938
-0.546529188874258466432661239295
0.546529188874258466432661239295
-0.54840101004045632184451392484
0.54840101004045632184451392484
-0.550270087394830507415574780585
0.550270087394830507415574780585
-0.552136411585836349832681658956
0.552136411585836349832681658956
-0.553999973275704063254220804033
0.553999973275704063254220804033
-0.55586076314048546892346907719
0.55586076314048546892346907719
-0.557718771870100645628363815272
0.557718771870100645628363815272
-0.559573990168384510774294327106
0.559573990168384510774294327106
-0.561426408753133331836856197673
0.561426408753133331836856197673
-0.563276018356151167961857898815
0.563276018356151167961857898815
-0.565122809723296241480218699242
0.565122809723296241480218699242
-0.566966773614527239105747523046
0.566966773614527239105747523046
-0.568807900803949542584144223211
0.568807900803949542584144223211
-0.570646182079861388561917712918
0.570646182079861388561917712918
-0.572481608244799957444269531087
0.572481608244799957444269531087
-0.574314170115587391011346707682
0.574314170115587391011346707682
-0.576143858523376738562624237243
0.576143858523376738562624237243
-0.577970664313697831359535063878
0.577970664313697831359535063878
-0.579794578346503085136824225987
0.579794578346503085136824225987
-0.581615591496213230453463702355
0.581615591496213230453463702355
-0.583433694651762970654325541179
0.583433694651762970654325541179
-0.58524887871664656721417303832
0.58524887871664656721417303832
-0.587061134608963352235893058737
0.587061134608963352235893058737
-0.588870453261463167875257063848
0.588870453261463167875257063848
-0.590676825621591732464864015689
0.590676825621591732464864015689
-0.592480242651535933110285074322
0.592480242651535933110285074322
-0.594280695328269044531797886219
0.594280695328269044531797886219
-0.596078174643595873925467276358
0.596078174643595873925467276358
-0.597872671604197831617699303827
0.597872671604197831617699303827
-0.599664177231677927287766917813
0.599664177231677927287766917813
-0.60145268256260569153317785627
0.60145268256260569153317785627
-0.603238178648562022553128961289
0.603238178648562022553128961289
-0.605020656556183957725665741495
0.605020656556183957725665741495
-0.606800107367209369854541790738
0.606800107367209369854541790738
-0.608576522178521587862149571996
0.608576522178521587862149571996
-0.610349892102193941705272094047
0.610349892102193941705272094047
-0.612120208265534231290784143959
0.612120208265534231290784143959
-0.613887461811129119168811989166
0.613887461811129119168811989166
-0.615651643896888446781241826683
0.615651643896888446781241826683
-0.617412745696089474043849732188
0.617412745696089474043849732188
-0.61917075839742104204070944614
0.61917075839742104204070944614
-0.620925673205027658609919026086
0.620925673205027658609919026086
-0.622677481338553506600073191726
0.622677481338553506600073191726
-0.624426174033186374577295090403
0.624426174033186374577295090403
-0.626171742539701509763029213358
0.626171742539701509763029213358
-0.627914178124505392983186295537
0.627914178124505392983186295537
-0.629653472069679435409621231939
0.629653472069679435409621231939
-0.631389615673023596875316339477
0.631389615673023596875316339477
-0.633122600248099925545034683229
0.633122600248099925545034683229
-0.634852417124276018723601667704
0.634852417124276018723601667704
-0.636579057646768404584367665443
0.636579057646768404584367665443
-0.638302513176685844600800114931
0.638302513176685844600800114931
-0.640022775091072556464550265406
0.640022775091072556464550265406
-0.641739834782951357273737575774
0.641739834782951357273737575774
-0.643453683661366726775593686416
0.643453683661366726775593686416
-0.645164313151427790448007874327
0.645164313151427790448007874327
-0.646871714694351222204916971596
0.646871714694351222204916971596
-0.648575879747504066510884872847
0.648575879747504066510884872847
-0.650276799784446479690619976874
0.650276799784446479690619976874
-0.651974466294974390219583199213
0.651974466294974390219583199213
-0.653668870785162077782244553913
0.653668870785162077782244553913
-0.655360004777404670884952732167
0.655360004777404670884952732167
-0.657047859810460562810789600736
0.657047859810460562810789600736
-0.658732427439493745704190102252
0.658732427439493745704190102252
-0.660413699236116062573517660388
0.660413699236116062573517660388
-0.662091666788429377000195873557
0.662091666788429377000195873557
-0.663766321701067660343409019182
0.663766321701067660343409019182
-0.665437655595238996229796684571
0.665437655595238996229796684571
-0.667105660108767502117981687974
0.667105660108767502117981687974
-0.668770326896135167728185352508
0.668770326896135167728185352508
-0.670431647628523610127600144074
0.670431647628523610127600144074
-0.672089613993855745262606680244
0.672089613993855745262606680244
-0.67374421769683737572934015817
0.67374421769683737572934015817
-0.675395450458998694574530333791
0.675395450458998694574530333791
-0.677043304018735704918959309945
0.677043304018735704918959309945
-0.678687770131351555196302555249
0.678687770131351555196302555249
-0.680328840569097789800540776726
0.680328840569097789800540776726
-0.681966507121215514935553505065
0.681966507121215514935553505065
-0.683600761593976479460929519849
0.683600761593976479460929519849
-0.685231595810724070528454541123
0.685231595810724070528454541123
-0.686859001611914223804162941038
0.686859001611914223804162941038
-0.68848297085515624807126758292
0.68848297085515624807126758292
-0.690103495415253564009710272849
0.690103495415253564009710272849
-0.691720567184244356948504708503
0.691720567184244356948504708503
-0.693334178071442143387474229548
0.693334178071442143387474229548
-0.694944320003476251085418110971
0.694944320003476251085418110971
-0.696550984924332212512172593455
0.696550984924332212512172593455
-0.698154164795392071462466310859
0.698154164795392071462466310859
-0.699753851595474602629904252059
0.699753851595474602629904252059
-0.701350037320875443939849880521
0.701350037320875443939849880521
-0.702942713985407141440411528021
0.702942713985407141440411528021
-0.704531873620439106551176676463
0.704531873620439106551176676463
-0.706117508274937485469776241838
0.706117508274937485469776241838
-0.707699610015504940536800474671
0.707699610015504940536800474671
-0.709278170926420343360028589619
0.709278170926420343360028589619
-0.710853183109678379499375731122
0.710853183109678379499375731122
-0.712424638685029064514403369802
0.712424638685029064514403369802
-0.713992529790017171176682703612
0.713992529790017171176682703612
-0.715556848580021567649745106136
0.715556848580021567649745106136
-0.717117587228294466439799119958
0.717117587228294466439799119958
-0.718674737926000583920839933157
0.718674737926000583920839933157
-0.720228292882256210238224699719
0.720228292882256210238224699719
-0.72177824432416818939523546768
0.72177824432416818939523546768
-0.723324584496872809327600859794
0.723324584496872809327600859794
-0.724867305663574601771398008389
0.724867305663574601771398008389
-0.726406400105585051730207576404
0.726406400105585051730207576404
-0.727941860122361216347846998243
0.727941860122361216347846998243
-0.729473678031544252993460344731
0.729473678031544252993460344731
-0.731001846168997856366197453848
0.731001846168997856366197453848
-0.732526356888846604427170170779
0.732526356888846604427170170779
-0.734047202563514212966829704906
0.734047202563514212966829704906
-0.735564375583761698616366235321
0.735564375583761698616366235321
-0.737077868358725450112189978052
0.737077868358725450112189978052
-0.738587673315955207623011965159
0.738587673315955207623011965159
-0.740093782901451949949502775793
0.740093782901451949949502775793
-0.741596189579705689406968400073
0.741596189579705689406968400073
-0.743094885833733174201944305753
0.743094885833733174201944305753
-0.74458986416511549811407161294
0.74458986416511549811407161294
-0.746081117094035617295083061185
0.746081117094035617295083061185
-0.747568637159315773997191173827
0.747568637159315773997191173827
-0.749052416918454827043636684207
0.749052416918454827043636684207
-0.750532448947665488854621884879
0.750532448947665488854621884879
-0.752008725841911468842321092024
0.752008725841911468842321092024
-0.75348124021494452298912888045
0.75348124021494452298912888045
-0.754949984699341409423776137569
0.754949984699341409423776137569
-0.756414951946540749810414305233
0.756414951946540749810414305233
-0.75787613462687979636623942388
0.75787613462687979636623942388
-0.759333525429631104323699761785
0.759333525429631104323699761785
-0.760787117063039109653803900939
0.760787117063039109653803900939
-0.762236902254356611867520157828
0.762236902254356611867520157828
-0.763682873749881161712733139809
0.763682873749881161712733139809
-0.765125024314991353584699073425
0.765125024314991353584699073425
-0.766563346734183022468418287619
0.766563346734183022468418287619
-0.767997833811105345231820889867
0.767997833811105345231820889867
-0.769428478368596846089140234476
0.769428478368596846089140234476
-0.77085527324872130605432824722
0.77085527324872130605432824722
-0.772278211312803576204847036763
0.772278211312803576204847036763
-0.773697285441465294576652488493
0.773697285441465294576652488493
-0.775112488534660506511667698113
0.775112488534660506511667698113
-0.77652381351171118827952715814
0.77652381351171118827952715814
-0.777931253311342673795856557955
0.777931253311342673795856557955
-0.77933480089171898425983789484
0.77933480089171898425983789484
-0.780734449230478060534295317015
0.780734449230478060534295317015
-0.782130191324766898092023727732
0.782130191324766898092023727732
-0.78352202019127658435256966948
0.78352202019127658435256966948
-0.784909928866277238234162376867
0.784909928866277238234162376867
-0.786293910405652851745982133416
0.786293910405652851745982133416
-0.787673957884936033446443188759
0.787673957884936033446443188759
-0.789050064399342653593659486203
0.789050064399342653593659486203
-0.790422223063806390814753313849
0.790422223063806390814753313849
-0.79179042701301318012115972295
0.79179042701301318012115972295
-0.793154669401435562097573152489
0.793154669401435562097573152489
-0.794514943403366933092677156612
0.794514943403366933092677156612
-0.795871242212955696240293449082
0.795871242212955696240293449082
-0.797223559044239313140082653821
0.797223559044239313140082653821
-0.798571887131178256027426180448
0.798571887131178256027426180448
-0.799916219727689860262616525962
0.799916219727689860262616525962
-0.801256550107682076969982035906
0.801256550107682076969982035906
-0.802592871565087125658071737979
0.802592871565087125658071737979
-0.80392517741389504665252628561
0.80392517741389504665252628561
-0.805253460988187153173762316027
0.805253460988187153173762316027
-0.806577715642169382892099634272
0.806577715642169382892099634272
-0.807897934750205548793463578956
0.807897934750205548793463578956
-0.809214111706850489189298704813
0.809214111706850489189298704813
-0.810526239926883116704834528718
0.810526239926883116704834528718
-0.811834312845339366080349527333
0.811834312845339366080349527333
-0.813138323917545040620585843371
0.813138323917545040620585843371
-0.814438266619148557127974251051
0.814438266619148557127974251051
-0.815734134446153589155836847215
0.815734134446153589155836847215
-0.817025920914951608418243670161
0.817025920914951608418243670161
-0.818313619562354324193709000999
0.818313619562354324193709000999
-0.819597223945626020560423469762
0.819597223945626020560423469762
-0.820876727642515791301229267916
0.820876727642515791301229267916
-0.82215212425128967231705775796
0.82215212425128967231705775796
-0.823423407390762671388061566682
0.823423407390762671388061566682
-0.824690570700330695122186849007
0.824690570700330695122186849007
-0.825953607840002372931445811509
0.825953607840002372931445811509
-0.827212512490430777876664786046
0.827212512490430777876664786046
-0.828467278352945044221999142078
0.828467278352945044221999142078
-0.829717899149581881541023118349
0.829717899149581881541023118349
-0.830964368623116985216720238337
0.830964368623116985216720238337
-0.832206680537096343178218346409
0.832206680537096343178218346409
-0.833444828675867438717632460581
0.833444828675867438717632460581
-0.834678806844610349230898580396
0.834678806844610349230898580396
-0.835908608869368740727002312223
0.835908608869368740727002312223
-0.83713422859708075795052767658
0.83713422859708075795052767658
-0.838355659895609809962973740299
0.838355659895609809962973740299
-0.839572896653775251028809767872
0.839572896653775251028809767872
-0.840785932781382956652763408543
0.840785932781382956652763408543
-0.841994762209255794615361025989
0.841994762209255794615361025989
-0.843199378889263990854264633183
0.843199378889263990854264633183
-0.844399776794355390039476013558
0.844399776794355390039476013558
-0.845595949918585610691005488382
0.845595949918585610691005488382
-0.846787892277148094688130426525
0.846787892277148094688130426525
-0.847975597906404051019896984049
0.847975597906404051019896984049
-0.849159060863912293627047704532
0.849159060863912293627047704532
-0.850338275228458973186087504187
0.850338275228458973186087504187
-0.851513235100087202686731205957
0.851513235100087202686731205957
-0.852683934600126576654507171203
0.852683934600126576654507171203
-0.85385036787122258387082370374
0.85385036787122258387082370374
-0.855012529077365913443337766101
0.855012529077365913443337766101
-0.856170412403921654079999149419
0.856170412403921654079999149419
-0.857324012057658386420677573464
0.857324012057658386420677573464
-0.858473322266777168280815259597
0.858473322266777168280815259597
-0.859618337280940412662083313913
0.859618337280940412662083313913
-0.860759051371300658385556778026
0.860759051371300658385556778026
-0.86189545883052923320346044817
0.86189545883052923320346044817
-0.863027553972844809246075526722
0.863027553972844809246075526722
-0.864155331134041850660935851358
0.864155331134041850660935851358
-0.865278784671518953301981843068
0.865278784671518953301981843068
-0.866397908964307076326880422461
0.866397908964307076326880422461
-0.867512698413097665561259961588
0.867512698413097665561259961588
-0.868623147440270668489150863055
0.868623147440270668489150863055
-0.869729250489922440729464586944
0.869729250489922440729464586944
-0.870831002027893543858886876154
0.870831002027893543858886876154
-0.871928396541796434442104559626
0.871928396541796434442104559626
-0.873021428541043044130829637709
0.873021428541043044130829637709
-0.87411009255687225069362937203
0.87411009255687225069362937203
-0.875194383142377239839116810876
0.875194383142377239839116810876
-0.87627429487253275769560257754
0.87627429487253275769560257754
-0.877349822344222253810855830709
0.877349822344222253810855830709
-0.878420960176264914536170069848
0.878420960176264914536170069848
-0.879487703009442586659477902202
0.879487703009442586659477902202
-0.880550045506526591152808008454
0.880550045506526591152808008454
-0.881607982352304426899927338793
0.881607982352304426899927338793
-0.882661508253606364270562037214
0.882661508253606364270562037214
-0.883710617939331928408141726609
0.883710617939331928408141726609
-0.884755306160476272098563587971
0.884755306160476272098563587971
-0.885795567690156438088025130853
0.885795567690156438088025130853
-0.886831397323637510718527676587
0.886831397323637510718527676587
-0.887862789878358656750206357753
0.887862789878358656750206357753
-0.888889740193959055240196874282
0.888889740193959055240196874282
-0.889912243132303716348304335702
0.889912243132303716348304335702
-0.89093029357750918894029525745
0.89093029357750918894029525745
-0.891943886435969156860190164329
0.891943886435969156860190164329
-0.892953016636379923743491283141
0.892953016636379923743491283141
-0.89395767912976578624383747658
0.89395767912976578624383747658
-0.894957868889504295546136878894
0.894957868889504295546136878894
-0.895953580911351407039786637741
0.895953580911351407039786637741
-0.896944810213466518026148743381
0.896944810213466518026148743381
-0.897931551836437393335011133076
0.897931551836437393335011133076
-0.898913800843304978725324092492
0.898913800843304978725324092492
-0.89989155231958810194606343424
0.89989155231958810194606343424
-0.90086480137330806133363401375
0.90086480137330806133363401375
-0.901833543135013101822789841526
0.901833543135013101822789841526
-0.902797772757802778248610365813
0.902797772757802778248610365813
-0.903757485417352205817636427947
0.903757485417352205817636427947
-0.904712676311936197626833931469
0.904712676311936197626833931469
-0.905663340662453289109618412503
0.905663340662453289109618412503
-0.90660947371244964928873945038
0.90660947371244964928873945038
-0.90755107072814287871639021096
0.90755107072814287871639021096
-0.908488126998445693982474368054
0.908488126998445693982474368054
-0.909420637834989498672530197748
0.909420637834989498672530197748
-0.910348598572147840657379783631
0.910348598572147840657379783631
-0.911272004567059755597140005111
0.911272004567059755597140005111
-0.912190851199652996542801303312
0.912190851199652996542801303312
-0.913105133872667149519150126791
0.913105133872667149519150126791
-0.914014848011676634973381449614
0.914014848011676634973381449614
-0.914919989065113594974318824446
0.914919989065113594974318824446
-0.915820552504290666047731080428
0.915820552504290666047731080428
-0.916716533823423637533806997017
0.916716533823423637533806997017
-0.917607928539653995353422077683
0.917607928539653995353422077683
-0.918494732193071351070404908919
0.918494732193071351070404908919
-0.919376940346735756137584517253
0.919376940346735756137584517253
-0.920254548586699901214974627498
0.920254548586699901214974627498
-0.921127552522031200449025776163
0.921127552522031200449025776163
-0.921995947784833760602451842344
0.921995947784833760602451842344
-0.92285973003027023492471372152
0.92285973003027023492471372152
-0.923718894936583561653819582849
0.923718894936583561653819582849
-0.924573438205118587040678415038
0.924573438205118587040678415038
-0.92542335556034357278782137681
0.92542335556034357278782137681
-0.926268642749871587794883822828
0.926268642749871587794883822828
-0.927109295544481784103819771745
0.927109295544481784103819771745
-0.927945309738140556937400017282
0.927945309738140556937400017282
-0.928776681148022588725125053005
0.928776681148022588725125053005
-0.929603405614531777011264484281
0.929603405614531777011264484281
-0.930425479001322046140315633791
0.930425479001322046140315633791
-0.931242897195318042615755607567
0.931242897195318042615755607567
-0.932055656106735714028543173888
0.932055656106735714028543173888
-0.932863751669102771452409415024
0.932863751669102771452409415024
-0.933667179839279035203559239089
0.933667179839279035203559239089
-0.93446593659747666386298948345
0.93446593659747666386298948345
-0.935260017947280266460213499812
0.935260017947280266460213499812
-0.936049419915666897717766781498
0.936049419915666897717766781498
-0.936834138553025936256453373179
0.936834138553025936256453373179
-0.937614169933178845661878489752
0.937614169933178845661878489752
-0.938389510153398818313398961736
0.938389510153398818313398961736
-0.939160155334430301877209817074
0.939160155334430301877209817074
-0.939926101620508408365872501022
0.939926101620508408365872501022
-0.940687345179378205667177924598
0.940687345179378205667177924598
-0.941443882202313891445825715453
0.941443882202313891445825715453
-0.942195708904137849321989720682
0.942195708904137849321989720682
-0.942942821523239587231428976791
0.942942821523239587231428976791
-0.943685216321594557872393015565
0.943685216321594557872393015565
-0.944422889584782861145160513701
0.944422889584782861145160513701
-0.945155837622007828490640916864
0.945155837622007828490640916864
-0.945884056766114489035059773046
0.945884056766114489035059773046
-0.946607543373607917448340093994
0.946607543373607917448340093994
-0.947326293824671463424384125058
0.947326293824671463424384125058
-0.948040304523184862692052441306
0.948040304523184862692052441306
-0.948749571896742229466230299542
0.948749571896742229466230299542
-0.949454092396669930248964660272
0.949454092396669930248964660272
-0.950153862498044338891249249339
0.950153862498044338891249249339
-0.950848878699709472826629454403
0.950848878699709472826629454403
-0.951539137524294510388393745654
0.951539137524294510388393745654
-0.952224635518231189122713671893
0.952224635518231189122713671893
-0.952905369251771085010690311654
0.952905369251771085010690311654
-0.953581335319002772512861353575
0.953581335319002772512861353575
-0.954252530337868865350319740288
0.954252530337868865350319740288
-0.954918950950182937937192035443
0.954918950950182937937192035443
-0.955580593821646327379822363992
0.955580593821646327379822363992
-0.956237455641864815958605931839
0.956237455641864815958605931839
-0.956889533124365194009014752858
0.956889533124365194009014752858
-0.957536823006611703118957299987
0.957536823006611703118957299987
-0.958179322050022359560213353789
0.958179322050022359560213353789
-0.958817027039985157872285348094
0.958817027039985157872285348094
-0.959449934785874154517608010141
0.959449934785874154517608010141
-0.96007804212106543152765906447
0.96007804212106543152765906447
-0.960701345902952940060115218764
0.960701345902952940060115218764
-0.961319843012964223787799579318
0.961319843012964223787799579318
-0.961933530356576022040769058291
0.961933530356576022040769058291
-0.962542404863329752623493239045
0.962542404863329752623493239045
-0.963146463486846874229679565637
0.963146463486846874229679565637
-0.963745703204844128377903624311
0.963745703204844128377903624311
-0.964340121019148660791807696314
0.964340121019148660791807696314
-0.964929713955713022149235691064
0.964929713955713022149235691064
-0.96551447906463004812527802649
0.96551447906463004812527802649
-0.966094413420147618654806020332
0.966094413420147618654806020332
-0.966669514120683296340681904969
0.966669514120683296340681904969
-0.967239778288838843934437693122
0.967239778288838843934437693122
-0.967805203071414620816823818696
0.967805203071414620816823818696
-0.96836578563942385840623677406
0.96836578563942385840623677406
-0.968921523188106814423643882784
0.968921523188106814423643882784
-0.969472412936944805943232907933
0.969472412936944805943232907933
-0.97001845212967412115862442649
0.97001845212967412115862442649
-0.970559638034299809795095829099
0.970559638034299809795095829099
-0.971095967943109352098877463767
0.971095967943109352098877463767
-0.971627439172686206335193868897
0.971627439172686206335193868897
-0.97215404906392323472733627619
0.97215404906392323472733627619
-0.972675794982036007769666653651
0.972675794982036007769666653651
-0.973192674316575986848068554998
0.973192674316575986848068554998
-0.973704684481443585101976002595
0.973704684481443585101976002595
-0.974211822914901106462728622029
0.974211822914901106462728622029
-0.974714087079585562803619341529
0.974714087079585562803619341529
-0.975211474462521369137620251576
0.975211474462521369137620251576
-0.975703982575132916799392782822
0.975703982575132916799392782822
-0.976191608953257024548810309376
0.976191608953257024548810309376
-0.976674351157155267533844738593
0.976674351157155267533844738593
-0.977152206771526184051293742083
0.977152206771526184051293742083
-0.977625173405517360044452167681
0.977625173405517360044452167681
-0.978093248692737391277460020361
0.978093248692737391277460020361
-0.978556430291267723126690406047
0.978556430291267723126690406047
-0.979014715883674367930174216593
0.979014715883674367930174216593
-0.979468103177019499836694347024
0.979468103177019499836694347024
-0.979916589902872927096821161797
0.979916589902872927096821161797
-0.980360173817323441738803088676
0.980360173817323441738803088676
-0.980798852700990046572871985138
0.980798852700990046572871985138
-0.981232624359033059468172712714
0.981232624359033059468172712714
-0.981661486621165094847180648995
0.981661486621165094847180648995
-0.98208543734166192234313021299
0.98208543734166192234313021299
-0.982504474399373202566642504837
0.982504474399373202566642504837
-0.982918595697733099928411584866
0.982918595697733099928411584866
-0.983327799164770772465487565898
0.983327799164770772465487565898
-0.983732082753120738619381516522
0.983732082753120738619381516522
-0.984131444440033120914913266252
0.984131444440033120914913266252
-0.984525882227383766489429828568
0.984525882227383766489429828568
-0.984915394141684244422740773991
0.984915394141684244422740773991
-0.985299978234091719818849181675
0.985299978234091719818849181675
-0.985679632580418704591304733442
0.985679632580418704591304733442
-0.986054355281142684904771364594
0.986054355281142684904771364594
-0.986424144461415625226188300194
0.986424144461415625226188300194
-0.986788998271073348939713373191
0.986788998271073348939713373191
-0.98714891488464479548047485169
0.98714891488464479548047485169
-0.987503892501361153943026823557
0.987503892501361153943026823557
-0.987853929345164873121308456908
0.987853929345164873121308456908
-0.988199023664718547937855006309
0.988199023664718547937855006309
-0.988539173733413682221005138833
0.988539173733413682221005138833
-0.988874377849379327789903128218
0.988874377849379327789903128218
-0.989204634335490599808215318559
0.989204634335490599808215318559
-0.989529941539377068368679394767
0.989529941539377068368679394767
-0.989850297833431026271895981889
0.989850297833431026271895981889
-0.990165701614815632964171110063
0.990165701614815632964171110063
-0.990476151305472934600744475785
0.990476151305472934600744475785
-0.990781645352131760202415404926
0.990781645352131760202415404926
-0.991082182226315493875433876552
0.991082182226315493875433876552
-0.991377760424349723066591541443
0.991377760424349723066591541443
-0.991668378467369762827768054698
0.991668378467369762827768054698
-0.991954034901328056066810602589
0.991954034901328056066810602589
-0.99223472829700144976460931869
0.99223472829700144976460931869
-0.992510457249998347141651712128
0.992510457249998347141651712128
-0.992781220380765735761285149362
0.992781220380765735761285149362
-0.993047016334596091561498343649
0.993047016334596091561498343649
-0.993307843781634158812387069247
0.993307843781634158812387069247
-0.993563701416883606002764820871
0.993563701416883606002764820871
-0.993814587960213557666825887265
0.993814587960213557666825887265
-0.994060502156365002170628484922
0.994060502156365002170628484922
-0.99430144277495707548876790892
0.99430144277495707548876790892
-0.994537408610493221014368005259
0.994537408610493221014368005259
-0.99476839848236722546095720207
0.99476839848236722546095720207
-0.99499441123486913093357822492
0.99499441123486913093357822492
-0.995215445737191023269458227915
0.995215445737191023269458227915
-0.99543150088343269677682921808
0.99543150088343269677682921808
-0.995642575592607195535445078456
0.995642575592607195535445078456
-0.995848668808646231465818083249
0.995848668808646231465818083249
-0.99604977950040547942857917164
0.99604977950040547942857917164
-0.996245906661669749683784040722
0.996245906661669749683784040722
-0.996437049311158038126580245827
0.996437049311158038126580245827
-0.996623206492528454825925750293
0.996623206492528454825925750293
-0.996804377274383031534384956048
0.996804377274383031534384956048
-0.996980560750272409019382739985
0.996980560750272409019382739985
-0.997151756038700405303216144213
0.997151756038700405303216144213
-0.99731796228312846620918285627
0.99731796228312846620918285627
-0.997479178651980000020078897013
0.997479178651980000020078897013
-0.997635404338644598598907524956
0.997635404338644598598907524956
-0.997786638561482148050466759455
0.997786638561482148050466759455
-0.997932880563826832988495963601
0.997932880563826832988495963601
-0.998074129613991039819811776118
0.998074129613991039819811776118
-0.998210385005269166315095697495
0.998210385005269166315095697495
-0.998341646055941347327868234105
0.998341646055941347327868234105
-0.998467912109277110180413229729
0.998467912109277110180413229729
-0.998589182533538978460291049768
0.998589182533538978460291049768
-0.998705456721986050535704251869
0.998705456721986050535704251869
-0.998816734092877590208573749321
0.998816734092877590208573749321
-0.998923014089476683498376816202
0.998923014089476683498376816202
-0.999024296180054040694429148482
0.999024296180054040694429148482
-0.999120579857892061667417444978
0.999120579857892061667417444978
-0.999211864641289343682486086586
0.999211864641289343682486086586
-0.999298150073565909668286186077
0.999298150073565909668286186077
-0.999379435723069597891242608736
0.999379435723069597891242608736
-0.999455721183184330473296416094
0.999455721183184330473296416094
-0.999527006072341461512898851076
0.999527006072341461512898851076
-0.999593290034036279459774432955
0.999593290034036279459774432955
-0.999654572736853380017827496281
0.999654572736853380017827496281
-0.99971085387450784720549964963
0.99971085387450784720549964963
-0.999762133165915827727413899831
0.999762133165915827727413899831
-0.999808410355322631591498950526
0.999808410355322631591498950526
-0.999849685212550623187342917448
0.999849685212550623187342917448
-0.999885957533516250423159972829
0.999885957533516250423159972829
-0.999917227141411944025440121144
0.999917227141411944025440121144
-0.999943493889743402510455639606
0.999943493889743402510455639606
-0.999964757671461109735508562764
0.999964757671461109735508562764
-0.999981018453319949090060536565
0.999981018453319949090060536565
-0.999992276460248230850722393152
0.999992276460248230850722393152
-0.999998534136434586851484499775
0.999998534136434586851484499775