0
-0.008548439408703193
0.008548439408703193
-0.01709625412064919
0.01709625412064919
-0.02564281948473194
0.02564281948473194
-0.03418751094114433
0.03418751094114433
-0.04272970406701936
0.04272970406701936
-0.05126877462206123
0.05126877462206123
-0.05980409859416315
0.05980409859416315
-0.06833505224500844
0.06833505224500844
-0.07686101215565165
0.07686101215565165
-0.08538135527207629
0.08538135527207629
-0.09389545895072598
0.09389545895072598
-0.1024027010040055
0.1024027010040055
-0.1109024597457487
0.1109024597457487
-0.1193941140366492
0.1193941140366492
-0.1278770433296524
0.1278770433296524
-0.1363506277153025
0.1363506277153025
-0.1448142479670443
0.1448142479670443
-0.1532672855864744
0.1532672855864744
-0.1617091228485395
0.1617091228485395
-0.1701391428466781
0.1701391428466781
-0.1785567295379023
0.1785567295379023
-0.1869612677878162
0.1869612677878162
-0.1953521434155691
0.1953521434155691
-0.2037287432387372
0.2037287432387372
-0.2120904551181341
0.2120904551181341
-0.2204366680025437
0.2204366680025437
-0.2287667719733745
0.2287667719733745
-0.2370801582892308
0.2370801582892308
-0.2453762194303975
0.2453762194303975
-0.2536543491432365
0.2536543491432365
-0.2619139424844898
0.2619139424844898
-0.2701543958654869
0.2701543958654869
-0.278375107096254
0.278375107096254
-0.2865754754295199
0.2865754754295199
-0.2947549016046171
0.2947549016046171
-0.3029127878912744
0.3029127878912744
-0.3110485381332969
0.3110485381332969
-0.3191615577921321
0.3191615577921321
-0.3272512539903166
0.3272512539903166
-0.3353170355548023
0.3353170355548023
-0.3433583130601577
0.3433583130601577
-0.3513744988716415
0.3513744988716415
-0.3593650071881451
0.3593650071881451
-0.3673292540850016
0.3673292540850016
-0.3752666575566577
0.3752666575566577
-0.3831766375592044
0.3831766375592044
-0.3910586160527656
0.3910586160527656
-0.3989120170437395
0.3989120170437395
-0.4067362666268906
0.4067362666268906
-0.4145307930272892
0.4145307930272892
-0.4222950266420951
0.4222950266420951
-0.4300284000821828
0.4300284000821828
-0.4377303482136045
0.4377303482136045
-0.4454003081988889
0.4454003081988889
-0.4530377195381713
0.4530377195381713
-0.460642024110154
0.460642024110154
-0.468212666212892
0.468212666212892
-0.4757490926044021
0.4757490926044021
-0.4832507525430925
0.4832507525430925
-0.4907170978280095
0.4907170978280095
-0.4981475828388984
0.4981475828388984
-0.5055416645760759
0.5055416645760759
-0.5128988027001115
0.5128988027001115
-0.5202184595713135
0.5202184595713135
-0.5275001002890185
0.5275001002890185
-0.5347431927306803
0.5347431927306803
-0.5419472075907565
0.5419472075907565
-0.5491116184193878
0.5491116184193878
-0.5562359016608706
0.5562359016608706
-0.5633195366919162
0.5633195366919162
-0.5703620058596967
0.5703620058596967
-0.5773627945196742
0.5773627945196742
-0.5843213910732089
0.5843213910732089
-0.5912372870049457
0.5912372870049457
-0.5981099769199752
0.5981099769199752
-0.6049389585807665
0.6049389585807665
-0.611723732943869
0.611723732943869
-0.6184638041963819
0.6184638041963819
-0.6251586797921861
0.6251586797921861
-0.6318078704879388
0.6318078704879388
-0.6384108903788254
0.6384108903788254
-0.6449672569340686
0.6449672569340686
-0.6514764910321903
0.6514764910321903
-0.6579381169960246
0.6579381169960246
-0.6643516626274785
0.6643516626274785
-0.6707166592420397
0.6707166592420397
-0.6770326417030261
0.6770326417030261
-0.6832991484555769
0.6832991484555769
-0.6895157215603819
0.6895157215603819
-0.6956819067271466
0.6956819067271466
-0.70179725334779
0.70179725334779
-0.7078613145293742
0.7078613145293742
-0.7138736471267622
0.7138736471267622
-0.7198338117750014
0.7198338117750014
-0.7257413729214314
0.7257413729214314
-0.7315958988575132
0.7315958988575132
-0.7373969617503768
0.7373969617503768
-0.7431441376740866
0.7431441376740866
-0.7488370066406203
0.7488370066406203
-0.7544751526305609
0.7544751526305609
-0.7600581636234978
0.7600581636234978
-0.7655856316281367
0.7655856316281367
-0.771057152712114
0.771057152712114
-0.7764723270315153
0.7764723270315153
-0.781830758860095
0.781830758860095
-0.7871320566181946
0.7871320566181946
-0.7923758329013588
0.7923758329013588
-0.7975617045086452
0.7975617045086452
-0.8026892924706285
0.8026892924706285
-0.8077582220770937
0.8077582220770937
-0.8127681229044195
0.8127681229044195
-0.8177186288426477
0.8177186288426477
-0.8226093781222373
0.8226093781222373
-0.827440013340502
0.827440013340502
-0.832210181487728
0.832210181487728
-0.8369195339729709
0.8369195339729709
-0.84156772664953
0.84156772664953
-0.8461544198400978
0.8461544198400978
-0.850679278361582
0.850679278361582
-0.8551419715496006
0.8551419715496006
-0.8595421732826454
0.8595421732826454
-0.8638795620059142
0.8638795620059142
-0.8681538207548095
0.8681538207548095
-0.8723646371781008
0.8723646371781008
-0.876511703560751
0.876511703560751
-0.8805947168464031
0.8805947168464031
-0.8846133786595268
0.8846133786595268
-0.8885673953272228
0.8885673953272228
-0.8924564779006842
0.8924564779006842
-0.8962803421763113
0.8962803421763113
-0.9000387087164812
0.9000387087164812
-0.903731302869968
0.903731302869968
-0.9073578547920136
0.9073578547920136
-0.9109180994640473
0.9109180994640473
-0.9144117767130529
0.9144117767130529
-0.9178386312305811
0.9178386312305811
-0.9211984125914071
0.9211984125914071
-0.9244908752718308
0.9244908752718308
-0.9277157786676194
0.9277157786676194
-0.93087288711159
0.93087288711159
-0.9339619698908318
0.9339619698908318
-0.9369828012635655
0.9369828012635655
-0.939935160475641
0.939935160475641
-0.9428188317766689
0.9428188317766689
-0.9456336044357874
0.9456336044357874
-0.9483792727570623
0.9483792727570623
-0.9510556360945188
0.9510556360945188
-0.9536624988668044
0.9536624988668044
-0.9561996705714824
0.9561996705714824
-0.958666965798953
0.958666965798953
-0.9610642042460037
0.9610642042460037
-0.9633912107289859
0.9633912107289859
-0.9656478151966178
0.9656478151966178
-0.9678338527424122
0.9678338527424122
-0.9699491636167289
0.9699491636167289
-0.9719935932384505
0.9719935932384505
-0.9739669922062811
0.9739669922062811
-0.9758692163096666
0.9758692163096666
-0.9777001265393369
0.9777001265393369
-0.9794595890974693
0.9794595890974693
-0.9811474754074716
0.9811474754074716
-0.9827636621233868
0.9827636621233868
-0.9843080311389174
0.9843080311389174
-0.9857804695960713
0.9857804695960713
-0.98718086989343
0.98718086989343
-0.98850912969404
0.98850912969404
-0.9897651519329331
0.9897651519329331
-0.9909488448242794
0.9909488448242794
-0.9920601218681838
0.9920601218681838
-0.9930989018571439
0.9930989018571439
-0.9940651088821972
0.9940651088821972
-0.9949586723388131
0.9949586723388131
-0.9957795269326301
0.9957795269326301
-0.9965276126852359
0.9965276126852359
-0.9972028749404017
0.9972028749404017
-0.9978052643716789
0.9978052643716789
-0.9983347369935402
0.9983347369935402
-0.998791254181844
0.998791254181844
-0.9991747827210112
0.9991747827210112
-0.9994852949398263
0.9994852949398263
-0.9997227692153306
0.9997227692153306
-0.9998871926673562
0.9998871926673562
-0.9999785898032931
0.9999785898032931