0.00233142295904776138795625224462
0.00233141662278652734822351974974
0.00233141662278652734822351974974
0.00233139761403726617528970721205
0.00233139761403726617528970721205
0.00233136593290330052074312804729
0.00233136593290330052074312804729
0.00233132157955683417988251742238
0.00233132157955683417988251742238
0.00233126455423895115569791291313
0.00233126455423895115569791291313
0.00233119485725961434845101029852
0.00233119485725961434845101029852
0.00233111248899766387086211731849
0.00233111248899766387086211731849
0.00233101744990081498891286324941
0.00233101744990081498891286324941
0.0023309097404856556882758571284
0.0023309097404856556882758571284
0.00233078936133764386638452237444
0.00233078936133764386638452237444
0.00233065631311110415015837039851
0.00233065631311110415015837039851
0.00233051059652922433940101055668
0.00233051059652922433940101055668
0.00233035221238405147589022846758
0.00233035221238405147589022846758
0.00233018116153648753818149927829
0.00233018116153648753818149927829
0.00232999744491628476214833690876
0.00232999744491628476214833690876
0.0023298010635220405872849146244
0.0023298010635220405872849146244
0.002329592018421192228798426467
0.002329592018421192228798426467
0.00232937031075001087552069310593
0.00232937031075001087552069310593
0.00232913594171359551367054954275
0.00232913594171359551367054954275
0.00232888891258586637650058580214
0.00232888891258586637650058580214
0.00232862922470955801986384525924
0.00232862922470955801986384525924
0.00232835687949621202373811857762
0.00232835687949621202373811857762
0.00232807187842616931974750435078
0.00232807187842616931974750435078
0.00232777422304856214472294044426
0.00232777422304856214472294044426
0.00232746391498130562034544271168
0.00232746391498130562034544271168
0.00232714095591108895891782019771
0.00232714095591108895891782019771
0.00232680534759336629531266813113
0.00232680534759336629531266813113
0.00232645709185234714514647194153
0.00232645709185234714514647194153
0.00232609619058098648923168719318
0.00232609619058098648923168719318
0.00232572264574097448436069170711
0.00232572264574097448436069170711
0.00232533645936272580047753722752
0.00232533645936272580047753722752
0.00232493763354536858429545876898
0.00232493763354536858429545876898
0.00232452617045673304942013024733
0.00232452617045673304942013024733
0.00232410207233333969304068513619
0.00232410207233333969304068513619
0.00232366534148038713925255069419
0.00232366534148038713925255069419
0.00232321598027173960907817376212
0.00232321598027173960907817376212
0.00232275399114991401725374522461
0.00232275399114991401725374522461
0.0023222793766260666958520589561
0.0023222793766260666958520589561
0.00232179213927997974481366941473
0.00232179213927997974481366941473
0.00232129228176004700946053999924
0.00232129228176004700946053999924
0.00232077980678325968506840183257
0.00232077980678325968506840183257
0.00232025471713519154857606976977
0.00232025471713519154857606976977
0.00231971701566998381751198913646
0.00231971701566998381751198913646
0.00231916670531032963622031297676
0.00231916670531032963622031297676
0.00231860378904745818947083541449
0.00231860378904745818947083541449
0.0023180282699411184435391320982
0.0023180282699411184435391320982
0.00231744015111956251484528359789
0.00231744015111956251484528359789
0.00231683943577952866624158203843
0.00231683943577952866624158203843
0.00231622612718622393104164518013
0.00231622612718622393104164518013
0.00231560022867330636488538558018
0.00231560022867330636488538558018
0.00231496174364286692553630537857
0.00231496174364286692553630537857
0.0023143106755654109807096096377
0.0023143106755654109807096096377
0.00231364702797983944403165301472
0.00231364702797983944403165301472
0.00231297080449342953923325584975
0.00231297080449342953923325584975
0.00231228200878181519268144649939
0.00231228200878181519268144649939
0.00231158064458896705435620692314
0.00231158064458896705435620692314
0.00231086671572717214738081812896
0.00231086671572717214738081812896
0.00231014022607701314621642109317
0.00231014022607701314621642109317
0.00230940117958734728363342717661
0.00230940117958734728363342717661
0.00230864958027528488657442985457
0.00230864958027528488657442985457
0.00230788543222616754102528674946
0.00230788543222616754102528674946
0.00230710873959354588601305749314
0.00230710873959354588601305749314
0.00230631950659915703685149883836
0.00230631950659915703685149883836
0.00230551773753290163775683367513
0.00230551773753290163775683367513
0.00230470343675282054395852517761
0.00230470343675282054395852517761
0.00230387660868507113343180119822
0.00230387660868507113343180119822
0.00230303725782390324838068722875
0.00230303725782390324838068722875
0.00230218538873163476660231875035
0.00230218538873163476660231875035
0.00230132100603862680286531558675
0.00230132100603862680286531558675
0.00230044411444325854043701194479
0.00230044411444325854043701194479
0.00229955471871190169289634616407
0.00229955471871190169289634616407
0.00229865282367889459637122379122
0.00229865282367889459637122379122
0.00229773843424651593234117643385
0.00229773843424651593234117643385
0.00229681155538495808114814692291
0.00229681155538495808114814692291
0.00229587219213230010636023860984
0.00229587219213230010636023860984
0.00229492034959448037013527313531
0.00229492034959448037013527313531
0.00229395603294526877973300671809
0.00229395603294526877973300671809
0.002292979247426238665326859916
0.002292979247426238665326859916
0.0022919899983467382892680198936
0.0022919899983467382892680198936
0.00229098829108386198695677748374
0.00229098829108386198695677748374
0.00228997413108242093947796374019
0.00228997413108242093947796374019
0.00228894752385491357815935223667
0.00228894752385491357815935223667
0.00228790847498149562121389406157
0.00228790847498149562121389406157
0.00228685699010994974262865227763
0.00228685699010994974262865227763
0.00228579307495565487346530155044
0.00228579307495565487346530155044
0.00228471673530155513573905668799
0.00228471673530155513573905668799
0.00228362797699812840904489096509
0.00228362797699812840904489096509
0.00228252680596335453010190131985
0.00228252680596335453010190131985
0.0022814132281826831253886727946
0.0022814132281826831253886727946
0.00228028724970900107704448893885
0.00228028724970900107704448893885
0.0022791488766625996222132282868
0.0022791488766625996222132282868
0.00227799811523114108600877945577
0.00227799811523114108600877945577
0.0022768349716696252482827988737
0.0022768349716696252482827988737
0.0022756594523003553443776256225
0.0022756594523003553443776256225
0.00227447156351290370004915736931
0.00227447156351290370004915736931
0.00227327131176407700074647983843
0.00227327131176407700074647983843
0.0022720587035778811954370297417
0.0022720587035778811954370297417
0.00227083374554548603516805752475
0.00227083374554548603516805752475
0.00226959644432518924655714168841
0.00226959644432518924655714168841
0.00226834680664238034040649079941
0.00226834680664238034040649079941
0.00226708483928950405563775260039
0.00226708483928950405563775260039
0.00226581054912602343874603185629
0.00226581054912602343874603185629
0.00226452394307838255897379972065
0.00226452394307838255897379972065
0.00226322502813996885940735746149
0.00226322502813996885940735746149
0.0022619138113710751442004963408
0.0022619138113710751442004963408
0.00226059029989886120213197328351
0.00226059029989886120213197328351
0.00225925450091731506670539869104
0.00225925450091731506670539869104
0.00225790642168721391300210833933
0.00225790642168721391300210833933
0.00225654606953608459149956574188
0.00225654606953608459149956574188
0.00225517345185816379906981464383
0.00225517345185816379906981464383
0.00225378857611435788737447343177
0.00225378857611435788737447343177
0.00225239144983220230887473418701
0.00225239144983220230887473418701
0.00225098208060582070067679886449
0.00225098208060582070067679886449
0.00224956047609588360643515363692
0.00224956047609588360643515363692
0.00224812664402956683653804979101
0.00224812664402956683653804979101
0.00224668059220050946680152569176
0.00224668059220050946680152569176
0.00224522232846877147590026922833
0.00224522232846877147590026922833
0.00224375186076079102176558381265
0.00224375186076079102176558381265
0.0022422691970693413571826834073
0.0022422691970693413571826834073
0.00224077434545348738482150320263
0.00224077434545348738482150320263
0.00223926731403854185193717243355
0.00223926731403854185193717243355
0.00223774811101602118497825441316
0.00223774811101602118497825441316
0.00223621674464360096434281615308
0.00223621674464360096434281615308
0.0022346732232450710395243459281
0.0022346732232450710395243459281
0.00223311755521029028489149181491
0.00223311755521029028489149181491
0.00223154974899514099634754758089
0.00223154974899514099634754758089
0.00222996981312148292911756430835
0.00222996981312148292911756430835
0.00222837775617710697691291680154
0.00222837775617710697691291680154
0.00222677358681568849272510312785
0.00222677358681568849272510312785
0.00222515731375674025150250358035
0.00222515731375674025150250358035
0.00222352894578556505496577190478
0.00222352894578556505496577190478
0.00222188849175320797881947680139
0.00222188849175320797881947680139
0.00222023596057640826261955547773
0.00222023596057640826261955547773
0.00221857136123755084255808338461
0.00221857136123755084255808338461
0.00221689470278461752742880520129
0.00221689470278461752742880520129
0.00221520599433113781803881163796
0.00221520599433113781803881163796
0.00221350524505613937033368468373
0.00221350524505613937033368468373
0.0022117924642040981025053705343
0.0022117924642040981025053705343
0.00221006766108488794635397457708
0.00221006766108488794635397457708
0.00220833084507373024317660648022
0.00220833084507373024317660648022
0.00220658202561114278445833561625
0.00220658202561114278445833561625
0.00220482121220288849764224774076
0.00220482121220288849764224774076
0.00220304841441992377725752302956
0.00220304841441992377725752302956
0.00220126364189834646168638324595
0.00220126364189834646168638324595
0.00219946690433934345585268195046
0.00219946690433934345585268195046
0.00219765821150913800011683626939
0.00219765821150913800011683626939
0.0021958375732389365856637217952
0.0021958375732389365856637217952
0.00219400499942487551667207369023
0.00219400499942487551667207369023
0.00219216050002796711955585699545
0.00219216050002796711955585699545
0.00219030408507404559956998749739
0.00219030408507404559956998749739
0.00218843576465371254507470126842
0.00218843576465371254507470126842
0.00218655554892228207975478615806
0.00218655554892228207975478615806
0.00218466344809972566309180206544
0.00218466344809972566309180206544
0.00218275947247061653938932875487
0.00218275947247061653938932875487
0.00218084363238407383565319027742
0.00218084363238407383565319027742
0.00217891593825370630863051372156
0.00217891593825370630863051372156
0.00217697640055755574131338702352
0.00217697640055755574131338702352
0.00217502502983803998921478591472
0.00217502502983803998921478591472
0.00217306183670189567672634375712
0.00217306183670189567672634375712
0.00217108683182012054386944000845
0.00217108683182012054386944000845
0.00216910002592791544375298335767
0.00216910002592791544375298335767
0.00216710142982462599105316416525
0.00216710142982462599105316416525
0.0021650910543736838618323477244
0.0021650910543736838618323477244
0.00216306891050254774501617501591
0.00216306891050254774501617501591
0.00216103500920264394584983105253
0.00216103500920264394584983105253
0.00215898936152930664165633258641
0.00215898936152930664165633258641
0.00215693197860171779022157687695
0.00215693197860171779022157687695
0.00215486287160284669113278137409
0.00215486287160284669113278137409
0.00215278205177938920039883055512
0.00215278205177938920039883055512
0.00215068953044170659868293074996
0.00215068953044170659868293074996
0.00214858531896376411347985659117
0.00214858531896376411347985659117
0.00214646942878306909557195371986
0.00214646942878306909557195371986
0.0021443418714006088500999415575
0.0021443418714006088500999415575
0.00214220265838078812258643730543
0.00214220265838078812258643730543
0.00214005180135136624025199784965
0.00214005180135136624025199784965
0.00213788931200339390896534991622
0.00213788931200339390896534991622
0.0021357152020911496661713506344
0.0021357152020911496661713506344
0.00213352948343207599014209060795
0.00213352948343207599014209060795
0.00213133216790671506589841966171
0.00213133216790671506589841966171
0.00212912326745864420815104160923
0.00212912326745864420815104160923
0.00212690279409441094161218866794
0.00212690279409441094161218866794
0.00212467075988346773903074852148
0.00212467075988346773903074852148
0.00212242717695810641730557748379
0.00212242717695810641730557748379
0.00212017205751339219203359174606
0.00212017205751339219203359174606
0.00211790541380709739085108527648
0.00211790541380709739085108527648
0.00211562725815963482592857758249
0.00211562725815963482592857758249
0.00211333760295399082598134722723
0.00211333760295399082598134722723
0.00211103646063565792815965770493
0.00211103646063565792815965770493
0.00210872384371256723018453101465
0.00210872384371256723018453101465
0.00210639976475502040309677101767
0.00210639976475502040309677101767
0.00210406423639562136498878341136
0.00210406423639562136498878341136
0.00210171727132920761609058189085
0.00210171727132920761609058189085
0.00209935888231278123558321078993
0.00209935888231278123558321078993
0.00209698908216543954051465318369
0.00209698908216543954051465318369
0.00209460788376830540719513008822
0.00209460788376830540719513008822
0.00209221530006445725545053099627
0.00209221530006445725545053099627
0.00208981134405885869611454853331
0.00208981134405885869611454853331
0.00208739602881828784214192049473
0.00208739602881828784214192049473
0.00208496936747126628372701092333
0.00208496936747126628372701092333
0.00208253137320798772781378819536
0.00208253137320798772781378819536
0.0020800820592802463023850822949
0.0020800820592802463023850822949
0.00207762143900136452592082555891
0.00207762143900136452592082555891
0.00207514952574612094241680115986
0.00207514952574612094241680115986
0.0020726663329506774223572414492
0.0020726663329506774223572414492
0.00207017187411250613003643400336
0.00207017187411250613003643400336
0.00206766616279031615762630678449
0.00206766616279031615762630678449
0.0020651492126039798263887752406
0.0020651492126039798263887752406
0.00206262103723445865543344341522
0.00206262103723445865543344341522
0.00206008165042372899842305820425
0.00206008165042372899842305820425
0.002057531065974707348630920778
0.002057531065974707348630920778
0.00205496929775117531275626187005
0.00205496929775117531275626187005
0.00205239635967770425390538811088
0.00205239635967770425390538811088
0.00204981226573957960414820484415
0.00204981226573957960414820484415
0.00204721702998272484706151689709
0.00204721702998272484706151689709
0.00204461066651362517067230257341
0.00204461066651362517067230257341
0.00204199318949925079121594768894
0.00204199318949925079121594768894
0.00203936461316697994812621576544
0.00203936461316697994812621576544
0.00203672495180452157067551752847
0.00203672495180452157067551752847
0.00203407421975983761668582761052
0.00203407421975983761668582761052
0.00203141243144106508373237883054
0.00203141243144106508373237883054
0.00202873960131643769326404459731
0.00202873960131643769326404459731
0.00202605574391420724806609785541
0.00202605574391420724806609785541
0.00202336087382256466349281055053
0.00202336087382256466349281055053
0.00202065500568956067289913082521
0.00202065500568956067289913082521
0.0020179381542230262077024460572
0.0020179381542230262077024460572
0.00201521033419049245250720841109
0.00201521033419049245250720841109
0.00201247156041911057572696578012
0.00201247156041911057572696578012
0.00200972184779557113614010483894
0.00200972184779557113614010483894
0.00200696121126602316581737440074
0.00200696121126602316581737440074
0.00200418966583599292986101636362
0.00200418966583599292986101636362
0.00200140722657030236339708823186
0.00200140722657030236339708823186
0.00199861390859298718626431549805
0.00199861390859298718626431549805
0.00199580972708721469584456406281
0.00199580972708721469584456406281
0.00199299469729520123848177234051
0.00199299469729520123848177234051
0.00199016883451812935993792974153
0.00199016883451812935993792974153
0.00198733215411606463533643282633
0.00198733215411606463533643282633
0.00198448467150787217904489258281
0.00198448467150787217904489258281
0.00198162640217113283495120597798
0.00198162640217113283495120597798
0.00197875736164205904758844216715
0.00197875736164205904758844216715
0.00197587756551541041456582850063
0.00197587756551541041456582850063
0.00197298702944440892076485373839
0.00197298702944440892076485373839
0.00197008576914065385476123565919
0.00197008576914065385476123565919
0.00196717380037403640793522752197
0.00196717380037403640793522752197
0.00196425113897265395673446259487
0.00196425113897265395673446259487
0.00196131780082272402855525820179
0.00196131780082272402855525820179
0.00195837380186849795171002043837
0.00195837380186849795171002043837
0.00195541915811217418995010786899
0.00195541915811217418995010786899
0.00195245388561381136201522712573
0.00195245388561381136201522712573
0.00194947800049124094668214537811
0.00194947800049124094668214537811
0.0019464915189199796737872141211
0.0019464915189199796737872141211
0.0019434944571331416016989056283
0.0019434944571331416016989056283
0.00194048683142134988171826772786
0.00194048683142134988171826772786
0.00193746865813264820988690427243
0.00193746865813264820988690427243
0.00193443995367241196668378778042
0.00193443995367241196668378778042
0.00193140073450325904509390721611
0.00193140073450325904509390721611
0.00192835101714496036753344774135
0.00192835101714496036753344774135
0.00192529081817435009211789050126
0.00192529081817435009211789050126
0.00192222015422523550876110909344
0.00192222015422523550876110909344
0.00191913904198830662559522530332
0.00191913904198830662559522530332
0.00191604749821104544620266995977
0.00191604749821104544620266995977
0.00191294553969763493815357536554
0.00191294553969763493815357536554
0.0019098331833088676933433036765
0.0019098331833088676933433036765
0.00190671044596205428062659083403
0.00190671044596205428062659083403
0.00190357734463093129124645818665
0.00190357734463093129124645818665
0.00190043389634556907755771376081
0.00190043389634556907755771376081
0.00189728011819227918554653224765
0.00189728011819227918554653224765
0.0018941160273135214816492671543
0.0018941160273135214816492671543
0.00189094164090781097437531021414
0.00189094164090781097437531021414
0.0018877569762296243312404720532
0.0018877569762296243312404720532
0.00188456205058930609151901425927
0.00188456205058930609151901425927
0.00188135688135297457532411638778
0.00188135688135297457532411638778
0.00187814148594242748952821205521
0.00187814148594242748952821205521
0.00187491588183504723103627610735
0.00187491588183504723103627610735
0.00187168008656370588792678989774
0.00187168008656370588792678989774
0.00186843411771666993897675396142
0.00186843411771666993897675396142
0.00186517799293750465208875681267
0.00186517799293750465208875681267
0.00186191172992497818213974522277
0.00186191172992497818213974522277
0.00185863534643296536877277513717
0.00185863534643296536877277513717
0.00185534886027035123465465336107
0.00185534886027035123465465336107
0.0018520522893009341847240082697
0.0018520522893009341847240082697
0.00184874565144332890695595307605
0.00184874565144332890695595307605
0.00184542896467086897517112760494
0.00184542896467086897517112760494
0.00184210224701150915441852406998
0.00184210224701150915441852406998
0.00183876551654772740946311901975
0.00183876551654772740946311901975
0.00183541879141642661691094740326
0.00183541879141642661691094740326
0.00183206208980883598150586559288
0.00183206208980883598150586559288
0.00182869542997041215713385818788
0.00182869542997041215713385818788
0.00182531883020074007307234849302
0.00182531883020074007307234849302
0.00182193230885343346602357471768
0.00182193230885343346602357471768
0.00181853588433603511847269316095
0.00181853588433603511847269316095
0.00181512957510991680391286593015
0.00181512957510991680391286593015
0.00181171339969017893948118407422
0.00181171339969017893948118407422
0.0018082873766455499465508673916
0.0018082873766455499465508673916
0.00180485152459828531982676958557
0.00180485152459828531982676958557
0.00180140586222406640549280188004
0.00180140586222406640549280188004
0.00179795040825189888896146966672
0.00179795040825189888896146966672
0.00179448518146401099277729522213
0.00179448518146401099277729522213
0.00179101020069575138522747500089
0.00179101020069575138522747500089
0.00178752548483548680021469247266
0.00178752548483548680021469247266
0.00178403105282449936894857691407
0.00178403105282449936894857691407
0.00178052692365688366401386498639
0.00178052692365688366401386498639
0.00177701311637944345637488531618
0.00177701311637944345637488531618
0.00177348965009158818587754664005
0.00177348965009158818587754664005
0.00176995654394522914581156736908
0.00176995654394522914581156736908
0.00176641381714467538209723866337
0.00176641381714467538209723866337
0.0017628614889465293076625642757
0.0017628614889465293076625642757
0.00175929957865958203257816851522
0.00175929957865958203257816851522
0.00175572810564470841051890869089
0.00175572810564470841051890869089
0.00175214708931476180212267031013
0.00175214708931476180212267031013
0.00174855654913446855581836212335
0.00174855654913446855581836212335
0.00174495650462032220669666381085
0.00174495650462032220669666381085
0.00174134697534047739399861169709
0.00174134697534047739399861169709
0.0017377279809146434977986373398
0.0017377279809146434977986373398
0.00173409954101397799546020016976
0.00173409954101397799546020016976
0.00173046167536097953844367854299
0.00173046167536097953844367854299
0.00172681440372938075004770360207
0.00172681440372938075004770360207
0.00172315774594404074466663721974
0.00172315774594404074466663721974
0.00171949172188083736914840900631
0.00171949172188083736914840900631
0.00171581635146655916683843789629
0.00171581635146655916683843789629
0.00171213165467879706489687117896
0.00171213165467879706489687117896
0.00170843765154583578547787799556
0.00170843765154583578547787799556
0.00170473436214654498136123528344
0.00170473436214654498136123528344
0.00170102180661027009662794189716
0.00170102180661027009662794189716
0.00169730000511672295297309116949
0.00169730000511672295297309116949
0.00169356897789587206225072348409
0.00169356897789587206225072348409
0.00168982874522783266584686850772
0.00168982874522783266584686850772
0.00168607932744275650147847156531
0.00168607932744275650147847156531
0.00168232074492072129801738022769
0.00168232074492072129801738022769
0.00167855301809161999894004551203
0.00167855301809161999894004551203
0.00167477616743504971500506715982
0.00167477616743504971500506715982
0.00167099021348020040676218424958
0.00167099021348020040676218424958
0.00166719517680574329749778091293
0.00166719517680574329749778091293
0.00166339107803971901722344214507
0.00166339107803971901722344214507
0.00165957793785942547831555662681
0.00165957793785942547831555662681
0.00165575577699130548341542209588
0.00165575577699130548341542209588
0.0016519246162108340662007641143
0.0016519246162108340662007641143
0.00164808447634240556564103106585
0.00164808447634240556564103106585
0.00164423537825922043435027687753
0.00164423537825922043435027687753
0.00164037734288317178165288828172
0.00164037734288317178165288828172
0.00163651039118473165197885541484
0.00163651039118473165197885541484
0.00163263454418283703920672317508
0.00163263454418283703920672317508
0.00162874982294477563757379602899
0.00162874982294477563757379602899
0.001624856248586071329774600856
0.001624856248586071329774600856
0.00162095384227036941287004094419
0.00162095384227036941287004094419
0.00161704262520932156263109939134
0.00161704262520932156263109939134
0.00161312261866247053694237191533
0.00161312261866247053694237191533
0.00160919384393713461889212742928
0.00160919384393713461889212742928
0.00160525632238829180017700968188
0.00160525632238829180017700968188
0.00160131007541846370545090479421
0.00160131007541846370545090479421
0.00159735512447759925824890763364
0.00159735512447759925824890763364
0.00159339149106295808911872464546
0.00159339149106295808911872464546
0.00158941919671899368659325200557
0.00158941919671899368659325200557
0.00158543826303723629163946575622
0.00158543826303723629163946575622
0.00158144871165617553622015493264
0.00158144871165617553622015493264
0.00157745056426114282660641957504
0.00157745056426114282660641957504
0.00157344384258419347208024293949
0.00157344384258419347208024293949
0.00156942856840398855966783116536
0.00156942856840398855966783116536
0.0015654047635456765755457941189
0.0015654047635456765755457941189
0.00156137244988077477376361810468
0.00156137244988077477376361810468
0.00155733164932705029292725461107
0.00155733164932705029292725461107
0.00155328238384840102149001922591
0.00155328238384840102149001922591
0.0015492246754547362122983613161
0.0015492246754547362122983613161
0.00154515854620185684704142800289
0.00154515854620185684704142800289
0.00154108401819133575125470537531
0.00154108401819133575125470537531
0.00153700111357039746052937576081
0.00153700111357039746052937576081
0.00153290985453179783858038220667
0.00153290985453179783858038220667
0.00152881026331370344782754011132
0.00152881026331370344782754011132
0.00152470236219957067314538117352
0.00152470236219957067314538117352
0.00152058617351802459943875649272
0.00152058617351802459943875649272
0.00151646171964273764370256374788
0.00151646171964273764370256374788
0.00151232902299230794222529789799
0.00151232902299230794222529789799
0.00150818810603013749359745577759
0.00150818810603013749359745577759
0.00150403899126431005818715229814
0.00150403899126431005818715229814
0.00149988170124746881474662970333
0.00149988170124746881474662970333
0.00149571625857669377481466145691
0.00149571625857669377481466145691
0.00149154268589337895558116885714
0.00149154268589337895558116885714
0.00148736100588310931188168136656
0.00148736100588310931188168136656
0.00148317124127553742799058091147
0.00148317124127553742799058091147
0.00147897341484425996988337603548
0.00147897341484425996988337603548
0.00147476754940669389863955377862
0.00147476754940669389863955377862
0.001470553667823952445658855491
0.001470553667823952445658855491
0.00146633179300072085036511747018
0.00146633179300072085036511747018
0.00146210194788513186107310832812
0.00146210194788513186107310832812
0.00145786415546864099969508233877
0.00145786415546864099969508233877
0.00145361843878590159096505168531
0.00145361843878590159096505168531
0.00144936482091463955686006050839
0.00144936482091463955686006050839
0.00144510332497552797689901994795
0.00144510332497552797689901994795
0.00144083397413206141500093596296
0.00144083397413206141500093596296
0.00143655679159043001358563060023
0.00143655679159043001358563060023
0.00143227180059939335560132255726
0.00143227180059939335560132255726
0.00142797902445015409516469433865
0.00142797902445015409516469433865
0.00142367848647623135750033103405
0.00142367848647623135750033103405
0.00141937021005333390886766974101
0.00141937021005333390886766974101
0.00141505421859923309716484891161
0.00141505421859923309716484891161
0.0014107305355736355639000934106
0.0014107305355736355639000934106
0.00140639918447805572822251382861
0.00140639918447805572822251382861
0.00140206018885568804370543758949
0.00140206018885568804370543758949
0.00139771357229127902857662461939
0.00139771357229127902857662461939
0.00139335935841099907009095180107
0.00139335935841099907009095180107
0.00138899757088231400374237811152
0.00138899757088231400374237811152
0.00138462823341385646801322623004
0.00138462823341385646801322623004
0.00138025136975529703536003649861
0.00138025136975529703536003649861
0.00137586700369721512013646541185
0.00137586700369721512013646541185
0.00137147515907096966415491330214
0.00137147515907096966415491330214
0.00136707585974856960058977456146
0.00136707585974856960058977456146
0.00136266912964254409692640859683
0.00136266912964254409692640859683
0.00135825499270581257766113074664
0.00135825499270581257766113074664
0.00135383347293155452745871958188
0.00135383347293155452745871958188
0.00134940459435307907547513037455
0.00134940459435307907547513037455
0.00134496838104369436155429402833
0.00134496838104369436155429402833
0.00134052485711657668500906642705
0.00134052485711657668500906642705
0.00133607404672463943669757495916
0.00133607404672463943669757495916
0.00133161597406040181510738691398
0.00133161597406040181510738691398
0.00132715066335585732716109851238
0.00132715066335585732716109851238
0.00132267813888234207445811352413
0.00132267813888234207445811352413
0.00131819842495040282566854672967
0.00131819842495040282566854672967
0.00131371154590966487579634990034
0.00131371154590966487579634990034
0.00130921752614869969302991649083
0.00130921752614869969302991649083
0.00130471639009489235389957585513
0.00130471639009489235389957585513
0.00130020816221430876746253850631
0.00130020816221430876746253850631
0.00129569286701156268923700073461
0.00129569286701156268923700073461
0.00129117052902968252560825977211
0.00129117052902968252560825977211
0.00128664117284997792943082963831
0.00128664117284997792943082963831
0.00128210482309190618755168281486
0.00128210482309190618755168281486
0.00127756150441293840098087397181
0.00127756150441293840098087397181
0.00127301124150842545843692909709
0.00127301124150842545843692909709
0.00126845405911146380399550655903
0.00126845405911146380399550655903
0.00126388998199276099957095585271
0.00126388998199276099957095585271
0.00125931903496050108296151503889
0.00125931903496050108296151503889
0.00125474124286020972218999917324
0.00125474124286020972218999917324
0.00125015663057461916687293933748
0.00125015663057461916687293933748
0.00124556522302353299735223521768
0.00124556522302353299735223521768
0.0012409670451636906723244835212
0.0012409670451636906723244835212
0.0012363621219886318757042398788
0.0012363621219886318757042398788
0.0012317504785285606634585632337
0.0012317504785285606634585632337
0.0012271321398502094111512790728
0.0012271321398502094111512790728
0.0012225071310567025629364811973
0.0012225071310567025629364811973
0.0012178754772874201827418710567
0.0012178754772874201827418710567
0.0012132372037178613083836089787
0.0012132372037178613083836089787
0.0012085923355595071093554229053
0.0012085923355595071093554229053
0.0012039408980596838490357874951
0.0012039408980596838490357874951
0.0011992829165014256520580496603
0.0011992829165014256520580496603
0.0011946184162033370775894357758
0.0011946184162033370775894357758
0.0011899474225194554992659309157
0.0011899474225194554992659309157
0.0011852699608391132925310715357
0.0011852699608391132925310715357
0.0011805860565867998301277400284
0.0011805860565867998301277400284
0.0011758957352220232864930925147
0.0011758957352220232864930925147
0.001171199022239172251807790109
0.001171199022239172251807790109
0.0011664959431673771564517386877
0.0011664959431673771564517386877
0.0011617865235703715066195729084
0.0011617865235703715066195729084
0.0011570707890463529318501468522
0.0011570707890463529318501468522
0.0011523487652278440452253162044
0.0011523487652278440452253162044
0.0011476204777815531169943153276
0.0011476204777815531169943153276
0.0011428859524082345623810469252
0.0011428859524082345623810469252
0.0011381452148425492443326122268
0.0011381452148425492443326122268
0.0011333982908529245919684157557
0.0011333982908529245919684157557
0.0011286452062414145354901807443
0.0011286452062414145354901807443
0.0011238859868435592583142091548
0.0011238859868435592583142091548
0.0011191206585282447671882140267
0.0011191206585282447671882140267
0.0011143492471975622810560415073
0.0011143492471975622810560415073
0.0011095717787866674394345854191
0.0011095717787866674394345854191
0.0011047882792636393310681785836
0.0011047882792636393310681785836
0.0010999987746293393436267223361
0.0010999987746293393436267223361
0.0010952032909172698352147887372
0.0010952032909172698352147887372
0.0010904018541934326284598989062
0.0010904018541934326284598989062
0.0010855944905561873279491456636
0.0010855944905561873279491456636
0.0010807812261361094617842892718
0.0010807812261361094617842892718
0.0010759620870958484480264115024
0.0010759620870958484480264115024
0.0010711370996299853868021655276
0.0010711370996299853868021655276
0.0010663062899648906788446072301
0.0010663062899648906788446072301
0.0010614696843585814712425374524
0.0010614696843585814712425374524
0.0010566273091005789311732244438
0.0010566273091005789311732244438
0.0010517791905117653483943113291
0.0010517791905117653483943113291
0.001046925354944241067271644794
0.001046925354944241067271644794
0.0010420658287811812491206883699
0.0010420658287811812491206883699
0.0010372006384366924656401066919
0.0010372006384366924656401066919
0.0010323298103556691242170259032
0.0010323298103556691242170259032
0.001027453371013649725884389979
0.001027453371013649725884389979
0.0010225713469166729567117431416
0.0010225713469166729567117431416
0.0010176837646011336134116747377
0.0010176837646011336134116747377
0.001012790650633638363945064938
0.001012790650633638363945064938
0.0010078920316108613439091674078
0.0010078920316108613439091674078
0.0010029879341593995894934586707
0.0010029879341593995894934586707
0.0009980783849356283077890732567
0.0009980783849356283077890732567
0.0009931634106255559852385288806
0.0009931634106255559852385288806
0.0009882430379446793350133268381
0.0009882430379446793350133268381
0.00098331729363783808410788954
0.00098331729363783808410788954
0.00097838620447906960093916962
0.00097838620447906960093916962
0.0009734497972714633642421333552
0.0009734497972714633642421333552
0.0009685080988470152740521852303
0.0009685080988470152740521852303
0.000963561136066481805566460354
0.000963561136066481805566460354
0.0009586089358192340066767671052
0.0009586089358192340066767671052
0.000953651525023111339967813842
0.000953651525023111339967813842
0.0009486889306242753699752007606
0.0009486889306242753699752007606
0.0009437211795970632964985010341
0.0009437211795970632964985010341
0.0009387482989438413347655942076
0.0009387482989438413347655942076
0.0009337703156948579432452494715
0.0009337703156948579432452494715
0.0009287872569080968999057868871
0.0009287872569080968999057868871
0.0009237991496691302277184709032
0.0009237991496691302277184709032
0.0009188060210909709702051125849
0.0009188060210909709702051125849
0.0009138078983139258178301748785
0.0009138078983139258178301748785
0.0009088048085054475860384889757
0.0009088048085054475860384889757
0.0009037967788599875457404994142
0.0009037967788599875457404994142
0.0008987838365988476070477609794
0.0008987838365988476070477609794
0.0008937660089700323570622117545
0.0008937660089700323570622117545
0.0008887433232481009525235438229
0.0008887433232481009525235438229
0.00088371580673401886811978617
0.00088371580673401886811978617
0.0008786834867550095012670032652
0.0008786834867550095012670032652
0.0008736463906644056341647976631
0.0008736463906644056341647976631
0.0008686045458415007539350857435
0.0008686045458415007539350857435
0.0008635579796914002316523924515
0.0008635579796914002316523924515
0.0008585067196448723610746836
0.0008585067196448723610746836
0.0008534507931581992578845230085
0.0008534507931581992578845230085
0.0008483902277130276202511064702
0.0008483902277130276202511064702
0.0008433250508162193515244853194
0.0008433250508162193515244853194
0.0008382552899997020458740492178
0.0008382552899997020458740492178
0.0008331809728203193376840907518
0.0008331809728203193376840907518
0.000828102126859681115520023545
0.000828102126859681115520023545
0.0008230187797240136014795708979
0.0008230187797240136014795708979
0.0008179309590440092967439835104
0.0008179309590440092967439835104
0.000812838692474676794145082662
0.000812838692474676794145082662
0.0008077420076951904585646593887
0.0008077420076951904585646593887
0.0008026409324087399759834907427
0.0008026409324087399759834907427
0.0007975354943423797719979612318
0.0007975354943423797719979612318
0.0007924257212468783006230010657
0.0007924257212468783006230010657
0.0007873116408965672042007729723
0.0007873116408965672042007729723
0.0007821932810891903452352561578
0.0007821932810891903452352561578
0.0007770706696457527109735895788
0.0007770706696457527109735895788
0.0007719438344103691915557471511
0.0007719438344103691915557471511
0.0007668128032501132325548249636
0.0007668128032501132325548249636
0.0007616776040548653627309251045
0.0007616776040548653627309251045
0.0007565382647371615978223224748
0.0007565382647371615978223224748
0.0007513948132320417211983001057
0.0007513948132320417211983001057
0.0007462472774968974421987351595
0.0007462472774968974421987351595
0.0007410956855113204329862121613
0.0007410956855113204329862121613
0.0007359400652769502447371322549
0.0007359400652769502447371322549
0.0007307804448173221039989776196
0.0007307804448173221039989776196
0.0007256168521777145900415788451
0.0007256168521777145900415788451
0.000720449315424997194030920283
0.000720449315424997194030920283
0.0007152778626474777608547044643
0.0007152778626474777608547044643
0.000710102521954749814429581875
0.000710102521954749814429581875
0.0007049233214775397673206370602
0.0007049233214775397673206370602
0.0006997402893675540155044065418
0.0006997402893675540155044065418
0.0006945534537973259191073887853
0.0006945534537973259191073887853
0.0006893628429600626699526918829
0.0006893628429600626699526918829
0.0006841684850694920467481512218
0.0006841684850694920467481512218
0.0006789704083597090587499377143
0.0006789704083597090587499377143
0.0006737686410850224787363677834
0.0006737686410850224787363677834
0.0006685632115198012661273198722
0.0006685632115198012661273198722
0.0006633541479583208810853595205
0.0006633541479583208810853595205
0.0006581414787146094904353768199
0.0006581414787146094904353768199
0.0006529252321222940662402472291
0.0006529252321222940662402472291
0.0006477054365344463778707402837
0.0006477054365344463778707402837
0.0006424821203234288784086217789
0.0006424821203234288784086217789
0.0006372553118807404862226247597
0.0006372553118807404862226247597
0.0006320250396168622625577044782
0.0006320250396168622625577044782
0.0006267913319611029859787438906
0.0006267913319611029859787438906
0.0006215542173614446245106409464
0.0006215542173614446245106409464
0.0006163137242843877063174887454
0.0006163137242843877063174887454
0.0006110698812147965897643567083
0.0006110698812147965897643567083
0.000605822716655744633705997545
0.000605822716655744633705997545
0.0006005722591283592688476436436
0.0006005722591283592688476436436
0.000595318537171666971023920444
0.000595318537171666971023920444
0.0005900615793424381372427966979
0.0005900615793424381372427966979
0.0005848014142150318653424158923
0.0005848014142150318653424158923
0.000579538070381240638109613669
0.000579538070381240638109613669
0.0005742715764501349127099274007
0.0005742715764501349127099274007
0.0005690019610479076162799513989
0.0005690019610479076162799513989
0.0005637292528177185485339903623
0.0005637292528177185485339903623
0.0005584534804195386922381212146
0.0005584534804195386922381212146
0.0005531746725299944324059968513
0.0005531746725299944324059968513
0.0005478928578422116850720229014
0.0005478928578422116850720229014
0.0005426080650656599364989198829
0.0005426080650656599364989198829
0.0005373203229259961936781588174
0.0005373203229259961936781588174
0.0005320296601649088469833406182
0.0005320296601649088469833406182
0.0005267361055399614458382921501
0.0005267361055399614458382921501
0.0005214396878244363882634904453
0.0005214396878244363882634904453
0.0005161404358071785251664189283
0.0005161404358071785251664189283
0.0005108383782924386802436259333
0.0005108383782924386802436259333
0.0005055335440997170863646193888
0.0005055335440997170863646193888
0.0005002259620636067393103186754
0.0005002259620636067393103186754
0.0004949156610336366697416254909
0.0004949156610336366697416254909
0.0004896026698741151342768046036
0.0004896026698741151342768046036
0.0004842870174639727265598222126
0.0004842870174639727265598222126
0.0004789687326966054092056197114
0.0004789687326966054092056197114
0.0004736478444797174675125561966
0.0004736478444797174675125561966
0.0004683243817351643858369942532
0.0004683243817351643858369942532
0.000462998373398795647530299755
0.000462998373398795647530299755
0.0004576698484202974593444577995
0.0004576698484202974593444577995
0.0004523388357630354012191661858
0.0004523388357630354012191661858
0.000447005364403897002370762508
0.000447005364403897002370762508
0.0004416694633331342446117957602
0.0004416694633331342446117957602
0.000436331161554205993839613405
0.000436331161554205993839613405
0.0004309904880836203606431692015
0.0004309904880836203606431692015
0.0004256474719507769909895629821
0.0004256474719507769909895629821
0.0004203021421978092879658317037
0.0004203021421978092879658317037
0.0004149545278794265655674917016
0.0004149545278794265655674917016
0.0004096046580627561355436023648
0.0004096046580627561355436023648
0.0004042525618271853283290545128
0.0004042525618271853283290545128
0.000398898268264203449118822292
0.000398898268264203449118822292
0.0003935418064772436701665747618
0.0003935418064772436701665747618
0.0003881832055815248604219371797
0.0003881832055815248604219371797
0.0003828224947038933536575514903
0.0003828224947038933536575514903
0.0003774597029826646562797776126
0.0003774597029826646562797776126
0.0003720948595674650960664349716
0.0003720948595674650960664349716
0.0003667279936190734131326415444
0.0003667279936190734131326415444
0.00036135913430926229449304355
0.00036135913430926229449304355
0.0003559883108206398536673173411
0.0003559883108206398536673173411
0.0003506155523464910568679021877
0.0003506155523464910568679021877
0.000345240888090619097417066709
0.000345240888090619097417066709
0.000339864347267186720167743286
0.000339864347267186720167743286
0.0003344859591005574978528715466
0.0003344859591005574978528715466
0.0003291057528251370614658849558
0.0003291057528251370614658849558
0.0003237237576852142869860839243
0.0003237237576852142869860839243
0.0003183400029348024410138610301
0.0003183400029348024410138610301
0.000312954517837480288180553374
0.000312954517837480288180553374
0.0003075673316662331635565421029
0.0003075673316662331635565421029
0.0003021784737032940137120261059
0.0003021784737032940137120261059
0.0002967879732399844106037148335
0.0002967879732399844106037148335
0.0002913958595765555430875134325
0.0002913958595765555430875134325
0.0002860021620220291916171288098
0.0002860021620220291916171288098
0.0002806069098940386926128244315
0.0002806069098940386926128244315
0.0002752101325186699001129092573
0.0002752101325186699001129092573
0.0002698118592303021537031255637
0.0002698118592303021537031255637
0.0002644121193714492634197015206
0.0002644121193714492634197015206
0.0002590109422926005244219708847
0.0002590109422926005244219708847
0.000253608357352061776834772537
0.000253608357352061776834772537
0.0002482043939157965294043118132
0.0002482043939157965294043118132
0.0002427990813572671696688179034
0.0002427990813572671696688179034
0.000237392449057276288445317222
0.000237392449057276288445317222
0.0002319845264038081528752161456
0.0002319845264038081528752161456
0.0002265753427918703704484146436
0.0002265753427918703704484146436
0.0002211649276233357968612931192
0.0002211649276233357968612931192
0.0002157533103067847539561163927
0.0002157533103067847539561163927
0.0002103405202573476412759793711
0.0002103405202573476412759793711
0.0002049265868965480472191072259
0.0002049265868965480472191072259
0.000199511539652146495118021335
0.000199511539652146495118021335
0.0001940954079579849981767307447
0.0001940954079579849981767307447
0.0001886782212538326483584485365
0.0001886782212538326483584485365
0.0001832600089852325326134404481
0.0001832600089852325326134404481
0.0001778408006033503617293449828
0.0001778408006033503617293449828
0.0001724206255648253217534382832
0.0001724206255648253217534382832
0.000166999513331623828553126008
0.000166999513331623828553126008
0.0001615774933708971017574525151
0.0001615774933708971017574525151
0.0001561545951548438030846144729
0.0001561545951548438030846144729
0.0001507308481605794474951376958
0.0001507308481605794474951376958
0.0001453062818700149562016440224
0.0001453062818700149562016440224
0.0001398809257697476734536654306
0.0001398809257697476734536654306
0.0001344548093509695611350030458
0.0001344548093509695611350030458
0.0001290279621093993469709386093
0.0001290279621093993469709386093
0.0001236004135452485007995715175
0.0001236004135452485007995715175
0.0001181721931632356446828715152
0.0001181721931632356446828715152
0.000112743330472671351603501233
0.000112743330472671351603501233
0.000107313854987646916426364918
0.000107313854987646916426364918
0.000101883796227379460509623025
0.000101883796227379460509623025
0.000096453183716796730995755799
0.000096453183716796730995755799
0.000091022046987497391571088861
0.000091022046987497391571088861
0.000085590415579313707918602727
0.000085590415579313707918602727
0.00008015831904286661006519057
0.00008015831904286661006519057
0.000074725786943804884833306151
0.000074725786943804884833306151
0.000069292848869999914569674929
0.000069292848869999914569674929
0.000063859534444128942434974129
0.000063859534444128942434974129
0.000058425873346522730005619244
0.000058425873346522730005619244
0.000052991895358586012369367432
0.000052991895358586012369367432
0.000047557630449994656504085713
0.000047557630449994656504085713
0.000042123108965947640650561223
0.000042123108965947640650561223
0.00003668836206389533745817957
0.00003668836206389533745817957
0.000031253422843618152023732572
0.000031253422843618152023732572
0.000025818329693055015480811497
0.000025818329693055015480811497
0.000020383138175875405119244936
0.000020383138175875405119244936
0.000014947975985288755809359564
0.000014947975985288755809359564
9.5134304662817562891585e-6
9.5134304662817562891585e-6
4.08686853847161924437404e-6
4.08686853847161924437404e-6