0.004259785669956568
0.004259747021443316
0.004259747021443316
0.004259631076604868
0.004259631076604868
0.004259437837545129
0.004259437837545129
0.004259167307770569
0.004259167307770569
0.004258819492190154
0.004258819492190154
0.004258394397115261
0.004258394397115261
0.004257892030259561
0.004257892030259561
0.004257312400738879
0.004257312400738879
0.004256655519071031
0.004256655519071031
0.00425592139717563
0.00425592139717563
0.004255110048373872
0.004255110048373872
0.004254221487388295
0.004254221487388295
0.004253255730342507
0.004253255730342507
0.004252212794760899
0.004252212794760899
0.004251092699568325
0.004251092699568325
0.004249895465089757
0.004249895465089757
0.004248621113049919
0.004248621113049919
0.00424726966657289
0.00424726966657289
0.004245841150181688
0.004245841150181688
0.004244335589797819
0.004244335589797819
0.004242753012740814
0.004242753012740814
0.004241093447727729
0.004241093447727729
0.004239356924872622
0.004239356924872622
0.004237543475686013
0.004237543475686013
0.004235653133074305
0.004235653133074305
0.004233685931339192
0.004233685931339192
0.004231641906177035
0.004231641906177035
0.004229521094678212
0.004229521094678212
0.004227323535326451
0.004227323535326451
0.004225049267998123
0.004225049267998123
0.004222698333961526
0.004222698333961526
0.004220270775876133
0.004220270775876133
0.004217766637791819
0.004217766637791819
0.004215185965148058
0.004215185965148058
0.004212528804773103
0.004212528804773103
0.004209795204883137
0.004209795204883137
0.004206985215081391
0.004206985215081391
0.004204098886357253
0.004204098886357253
0.004201136271085336
0.004201136271085336
0.004198097423024529
0.004198097423024529
0.004194982397317026
0.004194982397317026
0.004191791250487318
0.004191791250487318
0.004188524040441175
0.004188524040441175
0.004185180826464588
0.004185180826464588
0.004181761669222699
0.004181761669222699
0.004178266630758696
0.004178266630758696
0.004174695774492692
0.004174695774492692
0.004171049165220569
0.004171049165220569
0.004167326869112804
0.004167326869112804
0.00416352895371327
0.00416352895371327
0.004159655487938009
0.004159655487938009
0.004155706542073981
0.004155706542073981
0.004151682187777791
0.004151682187777791
0.004147582498074383
0.004147582498074383
0.004143407547355724
0.004143407547355724
0.004139157411379444
0.004139157411379444
0.00413483216726747
0.00413483216726747
0.004130431893504621
0.004130431893504621
0.004125956669937186
0.004125956669937186
0.004121406577771475
0.004121406577771475
0.004116781699572344
0.004116781699572344
0.0041120821192617
0.0041120821192617
0.004107307922116975
0.004107307922116975
0.00410245919476958
0.00410245919476958
0.004097536025203333
0.004097536025203333
0.004092538502752862
0.004092538502752862
0.004087466718101984
0.004087466718101984
0.00408232076328206
0.00408232076328206
0.004077100731670325
0.004077100731670325
0.004071806717988192
0.004071806717988192
0.004066438818299537
0.004066438818299537
0.004060997130008951
0.004060997130008951
0.004055481751859975
0.004055481751859975
0.00404989278393331
0.00404989278393331
0.004044230327644998
0.004044230327644998
0.004038494485744582
0.004038494485744582
0.004032685362313243
0.004032685362313243
0.004026803062761911
0.004026803062761911
0.004020847693829351
0.004020847693829351
0.004014819363580229
0.004014819363580229
0.004008718181403147
0.004008718181403147
0.004002544258008662
0.004002544258008662
0.003996297705427273
0.003996297705427273
0.003989978637007392
0.003989978637007392
0.003983587167413287
0.003983587167413287
0.003977123412622997
0.003977123412622997
0.003970587489926232
0.003970587489926232
0.003963979517922244
0.003963979517922244
0.003957299616517672
0.003957299616517672
0.00395054790692437
0.00395054790692437
0.003943724511657204
0.003943724511657204
0.003936829554531834
0.003936829554531834
0.00392986316066246
0.00392986316066246
0.003922825456459557
0.003922825456459557
0.003915716569627582
0.003915716569627582
0.003908536629162651
0.003908536629162651
0.003901285765350205
0.003901285765350205
0.00389396410976264
0.00389396410976264
0.003886571795256925
0.003886571795256925
0.003879108955972185
0.003879108955972185
0.003871575727327273
0.003871575727327273
0.00386397224601831
0.00386397224601831
0.003856298650016202
0.003856298650016202
0.003848555078564143
0.003848555078564143
0.003840741672175081
0.003840741672175081
0.003832858572629173
0.003832858572629173
0.003824905922971212
0.003824905922971212
0.003816883867508028
0.003816883867508028
0.003808792551805873
0.003808792551805873
0.003800632122687778
0.003800632122687778
0.003792402728230891
0.003792402728230891
0.003784104517763784
0.003784104517763784
0.003775737641863751
0.003775737641863751
0.003767302252354071
0.003767302252354071
0.003758798502301255
0.003758798502301255
0.003750226546012265
0.003750226546012265
0.00374158653903172
0.00374158653903172
0.003732878638139067
0.003732878638139067
0.003724103001345743
0.003724103001345743
0.003715259787892301
0.003715259787892301
0.003706349158245524
0.003706349158245524
0.003697371274095513
0.003697371274095513
0.003688326298352754
0.003688326298352754
0.003679214395145159
0.003679214395145159
0.00367003572981509
0.00367003572981509
0.003660790468916358
0.003660790468916358
0.0036514787802112
0.0036514787802112
0.003642100832667238
0.003642100832667238
0.003632656796454408
0.003632656796454408
0.003623146842941876
0.003623146842941876
0.003613571144694928
0.003613571144694928
0.003603929875471836
0.003603929875471836
0.003594223210220709
0.003594223210220709
0.003584451325076314
0.003584451325076314
0.003574614397356884
0.003574614397356884
0.003564712605560898
0.003564712605560898
0.003554746129363842
0.003554746129363842
0.00354471514961495
0.00354471514961495
0.003534619848333921
0.003534619848333921
0.003524460408707619
0.003524460408707619
0.003514237015086743
0.003514237015086743
0.003503949852982488
0.003503949852982488
0.003493599109063177
0.003493599109063177
0.00348318497115087
0.00348318497115087
0.003472707628217961
0.003472707628217961
0.003462167270383747
0.003462167270383747
0.003451564088910978
0.003451564088910978
0.003440898276202384
0.003440898276202384
0.003430170025797188
0.003430170025797188
0.003419379532367593
0.003419379532367593
0.003408526991715247
0.003408526991715247
0.003397612600767692
0.003397612600767692
0.003386636557574791
0.003386636557574791
0.003375599061305133
0.003375599061305133
0.003364500312242419
0.003364500312242419
0.003353340511781829
0.003353340511781829
0.003342119862426367
0.003342119862426367
0.003330838567783185
0.003330838567783185
0.003319496832559889
0.003319496832559889
0.003308094862560829
0.003308094862560829
0.003296632864683354
0.003296632864683354
0.00328511104691407
0.00328511104691407
0.003273529618325057
0.003273529618325057
0.003261888789070079
0.003261888789070079
0.003250188770380771
0.003250188770380771
0.003238429774562802
0.003238429774562802
0.003226612014992029
0.003226612014992029
0.003214735706110619
0.003214735706110619
0.003202801063423163
0.003202801063423163
0.003190808303492761
0.003190808303492761
0.003178757643937094
0.003178757643937094
0.003166649303424476
0.003166649303424476
0.003154483501669888
0.003154483501669888
0.003142260459430984
0.003142260459430984
0.003129980398504092
0.003129980398504092
0.003117643541720189
0.003117643541720189
0.003105250112940852
0.003105250112940852
0.003092800337054203
0.003092800337054203
0.003080294439970823
0.003080294439970823
0.003067732648619654
0.003067732648619654
0.003055115190943882
0.003055115190943882
0.003042442295896803
0.003042442295896803
0.003029714193437662
0.003029714193437662
0.003016931114527487
0.003016931114527487
0.003004093291124894
0.003004093291124894
0.002991200956181879
0.002991200956181879
0.002978254343639592
0.002978254343639592
0.00296525368842409
0.00296525368842409
0.002952199226442075
0.002952199226442075
0.002939091194576616
0.002939091194576616
0.002925929830682844
0.002925929830682844
0.002912715373583642
0.002912715373583642
0.00289944806306531
0.00289944806306531
0.002886128139873212
0.002886128139873212
0.002872755845707409
0.002872755845707409
0.002859331423218272
0.002859331423218272
0.002845855116002082
0.002845855116002082
0.002832327168596605
0.002832327168596605
0.002818747826476659
0.002818747826476659
0.002805117336049657
0.002805117336049657
0.002791435944651137
0.002791435944651137
0.002777703900540274
0.002777703900540274
0.002763921452895373
0.002763921452895373
0.002750088851809351
0.002750088851809351
0.002736206348285197
0.002736206348285197
0.002722274194231417
0.002722274194231417
0.002708292642457461
0.002708292642457461
0.002694261946669142
0.002694261946669142
0.002680182361464026
0.002680182361464026
0.002666054142326814
0.002666054142326814
0.002651877545624708
0.002651877545624708
0.002637652828602757
0.002637652828602757
0.002623380249379187
0.002623380249379187
0.002609060066940724
0.002609060066940724
0.002594692541137886
0.002594692541137886
0.002580277932680277
0.002580277932680277
0.002565816503131846
0.002565816503131846
0.00255130851490615
0.00255130851490615
0.002536754231261586
0.002536754231261586
0.002522153916296618
0.002522153916296618
0.002507507834944982
0.002507507834944982
0.00249281625297088
0.00249281625297088
0.002478079436964157
0.002478079436964157
0.002463297654335464
0.002463297654335464
0.002448471173311405
0.002448471173311405
0.002433600262929671
0.002433600262929671
0.002418685193034154
0.002418685193034154
0.002403726234270059
0.002403726234270059
0.002388723658078984
0.002388723658078984
0.002373677736693998
0.002373677736693998
0.002358588743134703
0.002358588743134703
0.002343456951202277
0.002343456951202277
0.002328282635474507
0.002328282635474507
0.002313066071300808
0.002313066071300808
0.002297807534797222
0.002297807534797222
0.002282507302841413
0.002282507302841413
0.002267165653067639
0.002267165653067639
0.002251782863861716
0.002251782863861716
0.002236359214355967
0.002236359214355967
0.002220894984424155
0.002220894984424155
0.002205390454676406
0.002205390454676406
0.002189845906454115
0.002189845906454115
0.002174261621824845
0.002174261621824845
0.002158637883577205
0.002158637883577205
0.002142974975215719
0.002142974975215719
0.002127273180955683
0.002127273180955683
0.002111532785718007
0.002111532785718007
0.002095754075124045
0.002095754075124045
0.002079937335490412
0.002079937335490412
0.002064082853823788
0.002064082853823788
0.002048190917815711
0.002048190917815711
0.002032261815837357
0.002032261815837357
0.002016295836934307
0.002016295836934307
0.0020002932708213
0.0020002932708213
0.001984254407876978
0.001984254407876978
0.001968179539138618
0.001968179539138618
0.001952068956296848
0.001952068956296848
0.001935922951690355
0.001935922951690355
0.001919741818300581
0.001919741818300581
0.001903525849746408
0.001903525849746408
0.001887275340278827
0.001887275340278827
0.001870990584775599
0.001870990584775599
0.001854671878735907
0.001854671878735907
0.001838319518274992
0.001838319518274992
0.001821933800118778
0.001821933800118778
0.001805515021598493
0.001805515021598493
0.001789063480645267
0.001789063480645267
0.00177257947578473
0.00177257947578473
0.001756063306131597
0.001756063306131597
0.001739515271384233
0.001739515271384233
0.001722935671819223
0.001722935671819223
0.001706324808285917
0.001706324808285917
0.001689682982200976
0.001689682982200976
0.001673010495542898
0.001673010495542898
0.00165630765084654
0.00165630765084654
0.001639574751197631
0.001639574751197631
0.001622812100227268
0.001622812100227268
0.001606020002106408
0.001606020002106408
0.001589198761540351
0.001589198761540351
0.001572348683763207
0.001572348683763207
0.001555470074532361
0.001555470074532361
0.001538563240122921
0.001538563240122921
0.001521628487322163
0.001521628487322163
0.001504666123423964
0.001504666123423964
0.001487676456223226
0.001487676456223226
0.001470659794010289
0.001470659794010289
0.001453616445565339
0.001453616445565339
0.001436546720152805
0.001436546720152805
0.001419450927515744
0.001419450927515744
0.001402329377870226
0.001402329377870226
0.001385182381899699
0.001385182381899699
0.001368010250749356
0.001368010250749356
0.001350813296020486
0.001350813296020486
0.001333591829764824
0.001333591829764824
0.001316346164478882
0.001316346164478882
0.001299076613098286
0.001299076613098286
0.001281783488992091
0.001281783488992091
0.001264467105957101
0.001264467105957101
0.001247127778212168
0.001247127778212168
0.001229765820392498
0.001229765820392498
0.001212381547543935
0.001212381547543935
0.001194975275117249
0.001194975275117249
0.00117754731896241
0.00117754731896241
0.001160097995322858
0.001160097995322858
0.001142627620829763
0.001142627620829763
0.001125136512496281
0.001125136512496281
0.001107624987711802
0.001107624987711802
0.001090093364236189
0.001090093364236189
0.001072541960194016
0.001072541960194016
0.001054971094068791
0.001054971094068791
0.001037381084697183
0.001037381084697183
0.00101977225126323
0.00101977225126323
0.001002144913292554
0.001002144913292554
0.0009844993906465601
0.0009844993906465601
0.0009668360035166342
0.0009668360035166342
0.0009491550724183333
0.0009491550724183333
0.0009314569181855704
0.0009314569181855704
0.0009137418619647939
0.0009137418619647939
0.0008960102252091616
0.0008960102252091616
0.0008782623296727088
0.0008782623296727088
0.0008604984974045117
0.0008604984974045117
0.0008427190507428456
0.0008427190507428456
0.000824924312309338
0.000824924312309338
0.0008071146050031174
0.0008071146050031174
0.0007892902519949571
0.0007892902519949571
0.0007714515767214151
0.0007714515767214151
0.0007535989028789696
0.0007535989028789696
0.0007357325544181512
0.0007357325544181512
0.0007178528555376713
0.0007178528555376713
0.0006999601306785472
0.0006999601306785472
0.0006820547045182251
0.0006820547045182251
0.000664136901964701
0.000664136901964701
0.0006462070481506397
0.0006462070481506397
0.000628265468427494
0.000628265468427494
0.0006103124883596239
0.0006103124883596239
0.000592348433718418
0.000592348433718418
0.0005743736304764187
0.0005743736304764187
0.0005563884048014534
0.0005563884048014534
0.0005383930830507754
0.0005383930830507754
0.0005203879917652177
0.0005203879917652177
0.0005023734576633666
0.0005023734576633666
0.0004843498076357627
0.0004843498076357627
0.0004663173687391408
0.0004663173687391408
0.0004482764681907228
0.0004482764681907228
0.0004302274333625901
0.0004302274333625901
0.0004121705917761639
0.0004121705917761639
0.0003941062710968458
0.0003941062710968458
0.0003760347991288913
0.0003760347991288913
0.0003579565038106263
0.0003579565038106263
0.0003398717132101854
0.0003398717132101854
0.0003217807555220462
0.0003217807555220462
0.0003036839590648163
0.0003036839590648163
0.0002855816522810291
0.0002855816522810291
0.0002674741637402502
0.0002674741637402502
0.0002493618221478047
0.0002493618221478047
0.0002312449563633696
0.0002312449563633696
0.0002131238954375531
0.0002131238954375531
0.0001949989686827389
0.0001949989686827389
0.0001768705058126089
0.0001768705058126089
0.000158738837227807
0.000158738837227807
0.000140604294635621
0.000140604294635621
0.0001224672125025069
0.0001224672125025069
0.0001043279318212673
0.0001043279318212673
0.00008618681127520957
0.00008618681127520957
0.0000680442669177512
0.0000680442669177512
0.000049900955622794
0.000049900955622794
0.0000317590687694148
0.0000317590687694148
0.0000136434304331544
0.0000136434304331544