0
-0.003949194050134979
0.003949194050134979
-0.007898326507847276
0.007898326507847276
-0.01184733578167481
0.01184733578167481
-0.01579616028207672
0.01579616028207672
-0.01974473842239389
0.01974473842239389
-0.02369300861980948
0.02369300861980948
-0.02764090929630941
0.02764090929630941
-0.03158837887964271
0.03158837887964271
-0.03553535580428182
0.03553535580428182
-0.03948177851238281
0.03948177851238281
-0.04342758545474538
0.04342758545474538
-0.04737271509177288
0.04737271509177288
-0.05131710589443202
0.05131710589443202
-0.05526069634521253
0.05526069634521253
-0.05920342493908658
0.05920342493908658
-0.06314523018446805
0.06314523018446805
-0.06708605060417154
0.06708605060417154
-0.07102582473637118
0.07102582473637118
-0.07496449113555923
0.07496449113555923
-0.07890198837350434
0.07890198837350434
-0.08283825504020968
0.08283825504020968
-0.08677322974487062
0.08677322974487062
-0.09070685111683224
0.09070685111683224
-0.09463905780654648
0.09463905780654648
-0.09856978848652894
0.09856978848652894
-0.1024989818523154
0.1024989818523154
-0.1064265766234177
0.1064265766234177
-0.1103525115442801
0.1103525115442801
-0.1142767253852337
0.1142767253852337
-0.1181991569434524
0.1181991569434524
-0.1221197450439066
0.1221197450439066
-0.1260384285403177
0.1260384285403177
-0.1299551463161118
0.1299551463161118
-0.1338698372853728
0.1338698372853728
-0.1377824403937948
0.1377824403937948
-0.1416928946196349
0.1416928946196349
-0.1456011389746644
0.1456011389746644
-0.1495071125051204
0.1495071125051204
-0.1534107542926561
0.1534107542926561
-0.1573120034552909
0.1573120034552909
-0.1612107991483603
0.1612107991483603
-0.1651070805654646
0.1651070805654646
-0.169000786939417
0.169000786939417
-0.1728918575431918
0.1728918575431918
-0.1767802316908713
0.1767802316908713
-0.1806658487385921
0.1806658487385921
-0.1845486480854913
0.1845486480854913
-0.1884285691746513
0.1884285691746513
-0.1923055514940444
0.1923055514940444
-0.1961795345774766
0.1961795345774766
-0.2000504580055306
0.2000504580055306
-0.2039182614065078
0.2039182614065078
-0.2077828844573707
0.2077828844573707
-0.2116442668846827
0.2116442668846827
-0.2155023484655488
0.2155023484655488
-0.2193570690285548
0.2193570690285548
-0.2232083684547054
0.2232083684547054
-0.2270561866783621
0.2270561866783621
-0.2309004636881799
0.2309004636881799
-0.2347411395280435
0.2347411395280435
-0.2385781542980018
0.2385781542980018
-0.2424114481552028
0.2424114481552028
-0.2462409613148264
0.2462409613148264
-0.2500666340510172
0.2500666340510172
-0.2538884066978155
0.2538884066978155
-0.2577062196500887
0.2577062196500887
-0.2615200133644598
0.2615200133644598
-0.265329728360237
0.265329728360237
-0.269135305220341
0.269135305220341
-0.2729366845922316
0.2729366845922316
-0.2767338071888334
0.2767338071888334
-0.2805266137894608
0.2805266137894608
-0.2843150452407409
0.2843150452407409
-0.288099042457537
0.288099042457537
-0.2918785464238693
0.2918785464238693
-0.2956534981938356
0.2956534981938356
-0.2994238388925309
0.2994238388925309
-0.3031895097169652
0.3031895097169652
-0.3069504519369809
0.3069504519369809
-0.3107066068961686
0.3107066068961686
-0.314457916012782
0.314457916012782
-0.3182043207806516
0.3182043207806516
-0.321945762770097
0.321945762770097
-0.3256821836288383
0.3256821836288383
-0.3294135250829063
0.3294135250829063
-0.333139728937551
0.333139728937551
-0.3368607370781496
0.3368607370781496
-0.3405764914711126
0.3405764914711126
-0.3442869341647891
0.3442869341647891
-0.3479920072903705
0.3479920072903705
-0.3516916530627929
0.3516916530627929
-0.3553858137816387
0.3553858137816387
-0.3590744318320362
0.3590744318320362
-0.3627574496855583
0.3627574496855583
-0.3664348099011197
0.3664348099011197
-0.3701064551258728
0.3701064551258728
-0.3737723280961019
0.3737723280961019
-0.3774323716381168
0.3774323716381168
-0.3810865286691441
0.3810865286691441
-0.3847347421982178
0.3847347421982178
-0.3883769553270677
0.3883769553270677
-0.3920131112510072
0.3920131112510072
-0.395643153259819
0.395643153259819
-0.3992670247386397
0.3992670247386397
-0.4028846691688427
0.4028846691688427
-0.4064960301289197
0.4064960301289197
-0.4101010512953606
0.4101010512953606
-0.4136996764435322
0.4136996764435322
-0.4172918494485546
0.4172918494485546
-0.4208775142861771
0.4208775142861771
-0.4244566150336514
0.4244566150336514
-0.4280290958706043
0.4280290958706043
-0.431594901079908
0.431594901079908
-0.435153975048549
0.435153975048549
-0.4387062622684958
0.4387062622684958
-0.4422517073375641
0.4422517073375641
-0.4457902549602814
0.4457902549602814
-0.4493218499487492
0.4493218499487492
-0.4528464372235034
0.4528464372235034
-0.4563639618143738
0.4563639618143738
-0.4598743688613412
0.4598743688613412
-0.4633776036153931
0.4633776036153931
-0.4668736114393775
0.4668736114393775
-0.4703623378088549
0.4703623378088549
-0.473843728312949
0.473843728312949
-0.4773177286551951
0.4773177286551951
-0.4807842846543869
0.4807842846543869
-0.4842433422454216
0.4842433422454216
-0.487694847480143
0.487694847480143
-0.4911387465281831
0.4911387465281831
-0.4945749856778013
0.4945749856778013
-0.4980035113367227
0.4980035113367227
-0.5014242700329731
0.5014242700329731
-0.5048372084157137
0.5048372084157137
-0.5082422732560727
0.5082422732560727
-0.5116394114479759
0.5116394114479759
-0.5150285700089744
0.5150285700089744
-0.5184096960810713
0.5184096960810713
-0.5217827369315463
0.5217827369315463
-0.5251476399537774
0.5251476399537774
-0.528504352668062
0.528504352668062
-0.5318528227224354
0.5318528227224354
-0.5351929978934867
0.5351929978934867
-0.5385248260871738
0.5385248260871738
-0.5418482553396359
0.5418482553396359
-0.5451632338180036
0.5451632338180036
-0.5484697098212074
0.5484697098212074
-0.5517676317807844
0.5517676317807844
-0.555056948261682
0.555056948261682
-0.5583376079630605
0.5583376079630605
-0.5616095597190929
0.5616095597190929
-0.5648727524997634
0.5648727524997634
-0.5681271354116627
0.5681271354116627
-0.571372657698782
0.571372657698782
-0.5746092687433045
0.5746092687433045
-0.5778369180663951
0.5778369180663951
-0.5810555553289875
0.5810555553289875
-0.5842651303325692
0.5842651303325692
-0.5874655930199646
0.5874655930199646
-0.5906568934761154
0.5906568934761154
-0.5938389819288596
0.5938389819288596
-0.5970118087497072
0.5970118087497072
-0.6001753244546147
0.6001753244546147
-0.6033294797047564
0.6033294797047564
-0.6064742253072943
0.6064742253072943
-0.6096095122161451
0.6096095122161451
-0.6127352915327452
0.6127352915327452
-0.6158515145068132
0.6158515145068132
-0.6189581325371105
0.6189581325371105
-0.6220550971721991
0.6220550971721991
-0.6251423601111971
0.6251423601111971
-0.6282198732045325
0.6282198732045325
-0.6312875884546936
0.6312875884546936
-0.6343454580169779
0.6343454580169779
-0.6373934342002384
0.6373934342002384
-0.6404314694676269
0.6404314694676269
-0.6434595164373359
0.6434595164373359
-0.6464775278833375
0.6464775278833375
-0.6494854567361197
0.6494854567361197
-0.6524832560834206
0.6524832560834206
-0.6554708791709601
0.6554708791709601
-0.6584482794031694
0.6584482794031694
-0.6614154103439169
0.6614154103439169
-0.6643722257172334
0.6643722257172334
-0.667318679408033
0.667318679408033
-0.6702547254628329
0.6702547254628329
-0.6731803180904698
0.6731803180904698
-0.6760954116628142
0.6760954116628142
-0.6789999607154818
0.6789999607154818
-0.681893919948543
0.681893919948543
-0.684777244227229
0.684777244227229
-0.6876498885826358
0.6876498885826358
-0.6905118082124259
0.6905118082124259
-0.6933629584815264
0.6933629584815264
-0.6962032949228259
0.6962032949228259
-0.6990327732378674
0.6990327732378674
-0.7018513492975394
0.7018513492975394
-0.7046589791427643
0.7046589791427643
-0.7074556189851836
0.7074556189851836
-0.7102412252078415
0.7102412252078415
-0.7130157543658643
0.7130157543658643
-0.7157791631871388
0.7157791631871388
-0.7185314085729866
0.7185314085729866
-0.7212724475988364
0.7212724475988364
-0.7240022375148938
0.7240022375148938
-0.7267207357468076
0.7267207357468076
-0.7294278998963339
0.7294278998963339
-0.7321236877419976
0.7321236877419976
-0.7348080572397506
0.7348080572397506
-0.7374809665236277
0.7374809665236277
-0.7401423739063995
0.7401423739063995
-0.7427922378802226
0.7427922378802226
-0.7454305171172867
0.7454305171172867
-0.7480571704704596
0.7480571704704596
-0.7506721569739287
0.7506721569739287
-0.7532754358438398
0.7532754358438398
-0.7558669664789335
0.7558669664789335
-0.758446708461178
0.758446708461178
-0.7610146215563998
0.7610146215563998
-0.7635706657149112
0.7635706657149112
-0.7661148010721347
0.7661148010721347
-0.7686469879492248
0.7686469879492248
-0.771167186853687
0.771167186853687
-0.7736753584799936
0.7736753584799936
-0.7761714637101967
0.7761714637101967
-0.7786554636145384
0.7786554636145384
-0.7811273194520579
0.7811273194520579
-0.7835869926711956
0.7835869926711956
-0.7860344449103946
0.7860344449103946
-0.7884696379986987
0.7884696379986987
-0.7908925339563479
0.7908925339563479
-0.793303094995371
0.793303094995371
-0.7957012835201742
0.7957012835201742
-0.7980870621281282
0.7980870621281282
-0.8004603936101513
0.8004603936101513
-0.8028212409512895
0.8028212409512895
-0.8051695673312941
0.8051695673312941
-0.8075053361251957
0.8075053361251957
-0.8098285109038757
0.8098285109038757
-0.812139055434634
0.812139055434634
-0.8144369336817548
0.8144369336817548
-0.8167221098070678
0.8167221098070678
-0.8189945481705077
0.8189945481705077
-0.82125421333067
0.82125421333067
-0.8235010700453635
0.8235010700453635
-0.8257350832721601
0.8257350832721601
-0.8279562181689413
0.8279562181689413
-0.8301644400944417
0.8301644400944417
-0.8323597146087892
0.8323597146087892
-0.834542007474042
0.834542007474042
-0.8367112846547228
0.8367112846547228
-0.8388675123183494
0.8388675123183494
-0.8410106568359628
0.8410106568359628
-0.843140684782651
0.843140684782651
-0.8452575629380708
0.8452575629380708
-0.8473612582869659
0.8473612582869659
-0.8494517380196815
0.8494517380196815
-0.8515289695326765
0.8515289695326765
-0.8535929204290313
0.8535929204290313
-0.8556435585189538
0.8556435585189538
-0.8576808518202808
0.8576808518202808
-0.8597047685589775
0.8597047685589775
-0.8617152771696322
0.8617152771696322
-0.8637123462959493
0.8637123462959493
-0.8656959447912382
0.8656959447912382
-0.8676660417188987
0.8676660417188987
-0.869622606352904
0.869622606352904
-0.8715656081782795
0.8715656081782795
-0.8734950168915789
0.8734950168915789
-0.8754108024013568
0.8754108024013568
-0.8773129348286382
0.8773129348286382
-0.8792013845073841
0.8792013845073841
-0.8810761219849545
0.8810761219849545
-0.8829371180225675
0.8829371180225675
-0.8847843435957557
0.8847843435957557
-0.8866177698948183
0.8866177698948183
-0.8884373683252712
0.8884373683252712
-0.890243110508292
0.890243110508292
-0.8920349682811634
0.8920349682811634
-0.8938129136977123
0.8938129136977123
-0.8955769190287451
0.8955769190287451
-0.8973269567624809
0.8973269567624809
-0.89906299960498
0.89906299960498
-0.9007850204805701
0.9007850204805701
-0.9024929925322681
0.9024929925322681
-0.9041868891221993
0.9041868891221993
-0.9058666838320126
0.9058666838320126
-0.9075323504632928
0.9075323504632928
-0.9091838630379689
0.9091838630379689
-0.9108211957987195
0.9108211957987195
-0.9124443232093745
0.9124443232093745
-0.9140532199553131
0.9140532199553131
-0.9156478609438589
0.9156478609438589
-0.9172282213046712
0.9172282213046712
-0.9187942763901328
0.9187942763901328
-0.9203460017757343
0.9203460017757343
-0.9218833732604555
0.9218833732604555
-0.9234063668671421
0.9234063668671421
-0.9249149588428806
0.9249149588428806
-0.9264091256593676
0.9264091256593676
-0.927888844013278
0.927888844013278
-0.9293540908266273
0.9293540908266273
-0.9308048432471324
0.9308048432471324
-0.9322410786485675
0.9322410786485675
-0.9336627746311172
0.9336627746311172
-0.9350699090217258
0.9350699090217258
-0.936462459874443
0.936462459874443
-0.9378404054707665
0.9378404054707665
-0.9392037243199803
0.9392037243199803
-0.9405523951594902
0.9405523951594902
-0.9418863969551553
0.9418863969551553
-0.9432057089016159
0.9432057089016159
-0.9445103104226185
0.9445103104226185
-0.9458001811713359
0.9458001811713359
-0.9470753010306853
0.9470753010306853
-0.9483356501136416
0.9483356501136416
-0.9495812087635478
0.9495812087635478
-0.9508119575544213
0.9508119575544213
-0.9520278772912571
0.9520278772912571
-0.9532289490103273
0.9532289490103273
-0.9544151539794764
0.9544151539794764
-0.9555864736984138
0.9555864736984138
-0.9567428898990024
0.9567428898990024
-0.9578843845455432
0.9578843845455432
-0.9590109398350568
0.9590109398350568
-0.960122538197561
0.960122538197561
-0.9612191622963449
0.9612191622963449
-0.9623007950282393
0.9623007950282393
-0.9633674195238831
0.9633674195238831
-0.964419019147987
0.964419019147987
-0.9654555774995925
0.9654555774995925
-0.9664770784123277
0.9664770784123277
-0.9674835059546598
0.9674835059546598
-0.968474844430143
0.968474844430143
-0.9694510783776639
0.9694510783776639
-0.9704121925716823
0.9704121925716823
-0.9713581720224687
0.9713581720224687
-0.9722890019763381
0.9722890019763381
-0.9732046679158802
0.9732046679158802
-0.9741051555601857
0.9741051555601857
-0.9749904508650691
0.9749904508650691
-0.9758605400232875
0.9758605400232875
-0.9767154094647566
0.9767154094647566
-0.9775550458567614
0.9775550458567614
-0.978379436104165
0.978379436104165
-0.9791885673496123
0.9791885673496123
-0.9799824269737309
0.9799824269737309
-0.9807610025953275
0.9807610025953275
-0.9815242820715816
0.9815242820715816
-0.9822722534982341
0.9822722534982341
-0.9830049052097737
0.9830049052097737
-0.9837222257796187
0.9837222257796187
-0.9844242040202947
0.9844242040202947
-0.9851108289836098
0.9851108289836098
-0.985782089960825
0.985782089960825
-0.9864379764828212
0.9864379764828212
-0.9870784783202628
0.9870784783202628
-0.987703585483757
0.987703585483757
-0.9883132882240097
0.9883132882240097
-0.9889075770319776
0.9889075770319776
-0.9894864426390168
0.9894864426390168
-0.990049876017027
0.990049876017027
-0.9905978683785927
0.9905978683785927
-0.9911304111771203
0.9911304111771203
-0.9916474961069714
0.9916474961069714
-0.9921491151035926
0.9921491151035926
-0.9926352603436415
0.9926352603436415
-0.9931059242451087
0.9931059242451087
-0.9935610994674369
0.9935610994674369
-0.994000778911635
0.994000778911635
-0.9944249557203899
0.9944249557203899
-0.9948336232781736
0.9948336232781736
-0.9952267752113475
0.9952267752113475
-0.9956044053882626
0.9956044053882626
-0.9959665079193565
0.9959665079193565
-0.9963130771572469
0.9963130771572469
-0.996644107696822
0.996644107696822
-0.9969595943753282
0.9969595943753282
-0.9972595322724546
0.9972595322724546
-0.9975439167104163
0.9975439167104163
-0.997812743254036
0.997812743254036
-0.9980660077108257
0.9980660077108257
-0.9983037061310715
0.9983037061310715
-0.998525834807924
0.998525834807924
-0.998732390277502
0.998732390277502
-0.9989233693190193
0.9989233693190193
-0.9990987689549589
0.9990987689549589
-0.9992585864513343
0.9992585864513343
-0.9994028193181271
0.9994028193181271
-0.9995314653100947
0.9995314653100947
-0.9996445224284134
0.9996445224284134
-0.9997419889243907
0.9997419889243907
-0.9998238633089577
0.9998238633089577
-0.9998901443811549
0.9998901443811549
-0.9999408313352561
0.9999408313352561
-0.9999759243354954
0.9999759243354954
-0.999995430629158
0.999995430629158