-0.03694894316535178
0.03694894316535178
-0.1106450272085199
0.1106450272085199
-0.1837368065648546
0.1837368065648546
-0.2558250793428791
0.2558250793428791
-0.3265161244654115
0.3265161244654115
-0.3954238520429751
0.3954238520429751
-0.4621719120704219
0.4621719120704219
-0.5263957499311923
0.5263957499311923
-0.5877445974851093
0.5877445974851093
-0.6458833888692478
0.6458833888692478
-0.7004945905561712
0.7004945905561712
-0.7512799356894805
0.7512799356894805
-0.7979620532554874
0.7979620532554874
-0.8402859832618169
0.8402859832618169
-0.8780205698121727
0.8780205698121727
-0.9109597249041275
0.9109597249041275
-0.9389235573549882
0.9389235573549882
-0.9617593653382045
0.9617593653382045
-0.9793425080637482
0.9793425080637482
-0.9915772883408609
0.9915772883408609
-0.9983996189900624
0.9983996189900624