0.00242126583454895313490226809611
0.0024212587371816988810632328162
0.0024212587371816988810632328162
0.00242123744512154462136619390102
0.00242123744512154462136619390102
0.00242120195849331561734041807171
0.00242120195849331561734041807171
0.00242115227750505315843299974034
0.00242115227750505315843299974034
0.00242108840244801334236134099694
0.00242108840244801334236134099694
0.002421010333696665367616633905
0.002421010333696665367616633905
0.00242091807170868933812835534851
0.00242091807170868933812835534851
0.00242081161702497358010264464268
0.00242081161702497358010264464268
0.00242069097026961147105029401373
0.00242069097026961147105029401373
0.00242055613214989778102294185437
0.00242055613214989778102294185437
0.00242040710345632452607891835398
0.00242040710345632452607891835398
0.00242024388506257633400305266872
0.00242024388506257633400305266872
0.00242006647792552532230761022096
0.00242006647792552532230761022096
0.00241987488308522548854438798194
0.00241987488308522548854438798194
0.0024196691016649066129608546804
0.0024196691016649066129608546804
0.00241944913487096767353608177547
0.00241944913487096767353608177547
0.00241921498399296977343506971884
0.00241921498399296977343506971884
0.0024189666504036285809229324906
0.0024189666504036285809229324906
0.00241870413555880628178326161058
0.00241870413555880628178326161058
0.00241842744099750304428784878378
0.00241842744099750304428784878378
0.00241813656834184799676780401886
0.00241813656834184799676780401886
0.00241783151929708971783896344611
0.00241783151929708971783896344611
0.00241751229565158623933733813788
0.00241751229565158623933733813788
0.00241717889927679456202321198519
0.00241717889927679456202321198519
0.00241683133212725968411535309026
0.00241683133212725968411535309026
0.00241646959624060314271965918131
0.00241646959624060314271965918131
0.00241609369373751106821941322512
0.00241609369373751106821941322512
0.00241570362682172175169718068798
0.00241570362682172175169718068798
0.00241529939778001272546123476075
0.00241529939778001272546123476075
0.00241488100898218735675225030093
0.00241488100898218735675225030093
0.00241444846288106095470886123836
0.00241444846288106095470886123836
0.00241400176201244639067352972364
0.00241400176201244639067352972364
0.00241354090899513923192302835379
0.00241354090899513923192302835379
0.00241306590653090238891068937043
0.00241306590653090238891068937043
0.00241257675740445027611042677594
0.00241257675740445027611042677594
0.00241207346448343248655538883541
0.00241207346448343248655538883541
0.00241155603071841698016694941018
0.00241155603071841698016694941018
0.00241102445914287278597259698557
0.00241102445914287278597259698557
0.00241047875287315221831413009482
0.00241047875287315221831413009482
0.00240991891510847260715041708537
0.00240991891510847260715041708537
0.00240934494913089754256182680748
0.00240934494913089754256182680748
0.00240875685830531763356628481025
0.00240875685830531763356628481025
0.00240815464607943078135975699124
0.00240815464607943078135975699124
0.0024075383159837219670968093452
0.0024075383159837219670968093452
0.00240690787163144255432973847916
0.00240690787163144255432973847916
0.00240626331671858910622761288797
0.00240626331671858910622761288797
0.00240560465502388171769940959966
0.00240560465502388171769940959966
0.00240493189040874186254827468791
0.00240493189040874186254827468791
0.00240424502681726975578677929121
0.00240424502681726975578677929121
0.0024035440682762212312458851601
0.0024035440682762212312458851601
0.00240282901889498413461317535692
0.00240282901889498413461317535692
0.00240209988286555423203874654133
0.00240209988286555423203874654133
0.0024013566644625106344499992722
0.0024013566644625106344499992722
0.00240059936804299073771940192553
0.00240059936804299073771940192553
0.00239982799804666467883214215304
0.00239982799804666467883214215304
0.00239904255899570930820341726918
0.00239904255899570930820341726918
0.00239824305549478167829795153995
0.00239824305549478167829795153995
0.00239742949223099204870716403756
0.00239742949223099204870716403756
0.00239660187397387640784224550506
0.00239660187397387640784224550506
0.0023957602055753685114042365266
0.0023957602055753685114042365266
0.00239490449196977143779503220682
0.00239490449196977143779503220682
0.00239403473817372866063607050909
0.00239403473817372866063607050909
0.00239315094928619463856429237152
0.00239315094928619463856429237152
0.002392253130488404922477791694
0.002392253130488404922477791694
0.00239134128704384578040640225367
0.00239134128704384578040640225367
0.00239041542429822334018529654258
0.00239041542429822334018529654258
0.00238947554767943225011249841368
0.00238947554767943225011249841368
0.00238852166269752385777403725357
0.00238852166269752385777403725357
0.00238755377494467390722329615493
0.00238755377494467390722329615493
0.00238657189009514975470393022299
0.00238657189009514975470393022299
0.00238557601390527710310855370128
0.00238557601390527710310855370128
0.00238456615221340625536821602602
0.00238456615221340625536821602602
0.00238354231093987788697050719959
0.00238354231093987788697050719959
0.00238250449608698833780695199435
0.00238250449608698833780695199435
0.00238145271373895442355317044278
0.00238145271373895442355317044278
0.00238038697006187776678809882197
0.00238038697006187776678809882197
0.00237930727130370864806138088231
0.00237930727130370864806138088231
0.00237821362379420937712085338734
0.00237821362379420937712085338734
0.00237710603394491718451486310519
0.00237710603394491718451486310519
0.0023759845082491066337869642076
0.0023759845082491066337869642076
0.00237484905328175155448335557201
0.00237484905328175155448335557201
0.00237369967569948649619622673033
0.00237369967569948649619622673033
0.00237253638224056770386898914727
0.00237253638224056770386898914727
0.00237135917972483361459217612628
0.00237135917972483361459217612628
0.00237016807505366487612159991428
0.00237016807505366487612159991428
0.00236896307520994388735315849242
0.00236896307520994388735315849242
0.00236774418725801386099148708177
0.00236774418725801386099148708177
0.00236651141834363740865245054396
0.00236651141834363740865245054396
0.00236526477569395464864227260088
0.00236526477569395464864227260088
0.00236400426661744083665889611844
0.00236400426661744083665889611844
0.00236272989850386351966396558022
0.00236272989850386351966396558022
0.00236144167882423921317661830168
0.00236144167882423921317661830168
0.00236013961513078960224306488763
0.00236013961513078960224306488763
0.00235882371505689726633873189913
0.00235882371505689726633873189913
0.00235749398631706092846253065351
0.00235749398631706092846253065351
0.00235615043670685022868560551752
0.00235615043670685022868560551752
0.00235479307410286002241970295197
0.00235479307410286002241970295197
0.00235342190646266420367308890932
0.00235342190646266420367308890932
0.00235203694182476905356472695939
0.00235203694182476905356472695939
0.00235063818830856611437021270364
0.00235063818830856611437021270364
0.00234922565411428458937574162148
0.00234922565411428458937574162148
0.00234779934752294326881916745461
0.00234779934752294326881916745461
0.00234635927689630198219998656253
0.00234635927689630198219998656253
0.00234490545067681257724286035676
0.00234490545067681257724286035676
0.00234343787738756942580206292747
0.00234343787738756942580206292747
0.00234195656563225945699701429759
0.00234195656563225945699701429759
0.00234046152409511171787183135941
0.00234046152409511171787183135941
0.00233895276154084646187459845172
0.00233895276154084646187459845172
0.00233743028681462376545482770487
0.00233743028681462376545482770487
0.00233589410884199167308034570041
0.00233589410884199167308034570041
0.0023343442366288338709776076458
0.0023343442366288338709776076458
0.00233278067926131688990220313566
0.00233278067926131688990220313566
0.00233120344590583683724907864417
0.00233120344590583683724907864417
0.00232961254580896565881476115128
0.00232961254580896565881476115128
0.00232800798829739693052662473311
0.00232800798829739693052662473311
0.00232638978277789118045699752726
0.00232638978277789118045699752726
0.00232475793873722074144266020153
0.00232475793873722074144266020153
0.00232311246574211413463303889231
0.00232311246574211413463303889231
0.00232145337343919998429314552226
0.00232145337343919998429314552226
0.002319780671554950464190066438
0.002319780671554950464190066438
0.00231809436989562427589454641221
0.00231809436989562427589454641221
0.00231639447834720915933195921481
0.00231639447834720915933195921481
0.00231468100687536393591969815811
0.00231468100687536393591969815811
0.00231295396552536008463076024503
0.00231295396552536008463076024503
0.00231121336442202285132603578221
0.00231121336442202285132603578221
0.00230945921376967189170055154417
0.00230945921376967189170055154417
0.00230769152385206144819164977514
0.00230769152385206144819164977514
0.00230591030503232006119981747573
0.00230591030503232006119981747573
0.00230411556775288981497561052561
0.00230411556775288981497561052561
0.00230230732253546511852884522613
0.00230230732253546511852884522613
0.00230048557998093102191895579042
0.00230048557998093102191895579042
0.00229865035076930106828814014911
0.00229865035076930106828814014911
0.00229680164565965468200163815971
0.00229680164565965468200163815971
0.00229493947549007409326220589173
0.00229493947549007409326220589173
0.00229306385117758079956856709215
0.00229306385117758079956856709215
0.00229117478371807156439033819986
0.00229117478371807156439033819986
0.0022892722841862539534346363585
0.0022892722841862539534346363585
0.00228735636373558140888229075804
0.00228735636373558140888229075804
0.00228542703359818786197428630065
0.00228542703359818786197428630065
0.00228348430508482188433177502053
0.00228348430508482188433177502053
0.00228152818958478037839569487376
0.00228152818958478037839569487376
0.00227955869856584180737473743775
0.00227955869856584180737473743775
0.00227757584357419896509310570431
0.00227757584357419896509310570431
0.00227557963623439128613220049996
0.00227557963623439128613220049996
0.00227357008824923669666306910584
0.00227357008824923669666306910584
0.00227154721139976300636914236238
0.00227154721139976300636914236238
0.00226951101754513884186147691396
0.00226951101754513884186147691396
0.00226746151862260412199140726096
0.00226746151862260412199140726096
0.0022653987266474000754681979254
0.0022653987266474000754681979254
0.00226332265371269880119196928504
0.00226332265371269880119196928504
0.00226123331198953237171485147458
0.00226123331198953237171485147458
0.00225913071372672148024599917575
0.00225913071372672148024599917575
0.00225701487125080363161877610369
0.00225701487125080363161877610369
0.00225488579696596087764109153114
0.00225488579696596087764109153114
0.00225274350335394709725254225765
0.00225274350335394709725254225765
0.00225058800297401482191468201315
0.00225058800297401482191468201315
0.00224841930846284160666340636778
0.00224841930846284160666340636778
0.00224623743253445594725510478797
0.00224623743253445594725510478797
0.00224404238798016274384089251585
0.00224404238798016274384089251585
0.00224183418766846831160589344013
0.00224183418766846831160589344013
0.00223961284454500493881320105598
0.00223961284454500493881320105598
0.00223737837163245499269479796337
0.00223737837163245499269479796337
0.00223513078203047457363436511252
0.00223513078203047457363436511252
0.00223287008891561671808956015572
0.00223287008891561671808956015572
0.00223059630554125415070398979162
0.00223059630554125415070398979162
0.00222830944523750158606174387533
0.00222830944523750158606174387533
0.00222600952141113758053999929991
0.00222600952141113758053999929991
0.00222369654754552593471783921715
0.00222369654754552593471783921715
0.00222137053720053664680206804095
0.00222137053720053664680206804095
0.00221903150401246641753343485192
0.00221903150401246641753343485192
0.00221667946169395870703930727936
0.00221667946169395870703930727936
0.0022143144240339233441014646626
0.0022143144240339233441014646626
0.00221193640489745568831030327204
0.00221193640489745568831030327204
0.00220954541822575534557936758507
0.00220954541822575534557936758507
0.00220714147803604443749674004936
0.00220714147803604443749674004936
0.00220472459842148542499243740872
0.00220472459842148542499243740872
0.00220229479355109848680357450129
0.00220229479355109848680357450129
0.00219985207766967845322166644949
0.00219985207766967845322166644949
0.0021973964650977112956090473312
0.0021973964650977112956090473312
0.00219492797023129017217398773737
0.00219492797023129017217398773737
0.00219244660754203103049669506575
0.00219244660754203103049669506575
0.00218995239157698776730097896058
0.00218995239157698776730097896058
0.00218744533695856694596895996684
0.00218744533695856694596895996684
0.00218492545838444207229879221065
0.00218492545838444207229879221065
0.00218239277062746742900796072969
0.00218239277062746742900796072969
0.00217984728853559146948730094289
0.00217984728853559146948730094289
0.00217728902703176977131347165329
0.00217728902703176977131347165329
0.00217471800111387755003019390524
0.00217471800111387755003019390524
0.00217213422585462173371114595352
0.00217213422585462173371114595352
0.00216953771640145259881997953081
0.00216953771640145259881997953081
0.00216692848797647496788549450725
0.00216692848797647496788549450725
0.00216430655587635896951257790608
0.00216430655587635896951257790608
0.00216167193547225036125207905751
0.00216167193547225036125207905751
0.00215902464220968041585535542388
0.00215902464220968041585535542388
0.00215636469160847537144178329831
0.00215636469160847537144178329831
0.00215369209926266544611008415061
0.00215369209926266544611008415061
0.00215100688084039341752687085399
0.00215100688084039341752687085399
0.00214830905208382276802836835868
0.00214830905208382276802836835868
0.00214559862880904539577381056896
0.00214559862880904539577381056896
0.00214287562690598889249155921386
0.00214287562690598889249155921386
0.00214014006233832338836153136312
0.00214014006233832338836153136312
0.00213739195114336796458005991527
0.00213739195114336796458005991527
0.00213463130943199663415584585739
0.00213463130943199663415584585739
0.00213185815338854389148819235324
0.00213185815338854389148819235324
0.00212907249927070983128123874146
0.00212907249927070983128123874146
0.0021262743634094648373504373047
0.0021262743634094648373504373047
0.00212346376220895384188003718884
0.00212346376220895384188003718884
0.00212064071214640015569285809357
0.00212064071214640015569285809357
0.00211780522977200887009615130768
0.00211780522977200887009615130768
0.00211495733170886983086985730878
0.00211495733170886983086985730878
0.00211209703465286018496607747383
0.00211209703465286018496607747383
0.00210922435537254650049108243872
0.00210922435537254650049108243872
0.00210633931070908646054368128753
0.00210633931070908646054368128753
0.00210344191757613013148627403054
0.00210344191757613013148627403054
0.00210053219295972080622740472996
0.00210053219295972080622740472996
0.0020976101539181954230971241382
0.0020976101539181954230971241382
0.00209467581758208456089895881272
0.00209467581758208456089895881272
0.00209172920115401201072476834662
0.00209172920115401201072476834662
0.00208877032190859392512125359363
0.00208877032190859392512125359363
0.00208579919719233754519935655289
0.00208579919719233754519935655289
0.00208281584442353950628026690019
0.00208281584442353950628026690019
0.00207982028109218372267422099278
0.00207982028109218372267422099278
0.00207681252475983885219074651975
0.00207681252475983885219074651975
0.00207379259305955534098146980598
0.00207379259305955534098146980598
0.002070760503695762049319063089
0.002070760503695762049319063089
0.00206771627444416245891836586119
0.00206771627444416245891836586119
0.00206465992315163046240816758993
0.00206465992315163046240816758993
0.0020615914677361057355645887813
0.0020615914677361057355645887813
0.00205851092618648869291944342413
0.00205851092618648869291944342413
0.00205541831656253502735940832653
0.00205541831656253502735940832653
0.00205231365699474983433426372211
0.00205231365699474983433426372211
0.00204919696568428132129490476344
0.00204919696568428132129490476344
0.00204606826090281410298425512209
0.00204606826090281410298425512209
0.00204292756099246208320664186271
0.00204292756099246208320664186271
0.0020397748843656609237036150401
0.0020397748843656609237036150401
0.00203661024950506010076661606753
0.00203661024950506010076661606753
0.00203343367496341455021931580841
0.00203343367496341455021931580841
0.00203024517936347590140485653734
0.00203024517936347590140485653734
0.00202704478139788330081564138632
0.00202704478139788330081564138632
0.00202383249982905382600572062355
0.00202383249982905382600572062355
0.00202060835348907249042822609152
0.00202060835348907249042822609152
0.00201737236127958183984270334404
0.00201737236127958183984270334404
0.00201412454217167114093958545436
0.00201412454217167114093958545436
0.00201086491520576516283144310449
0.00201086491520576516283144310449
0.00200759349949151255206303239546
0.00200759349949151255206303239546
0.00200431031420767380179454482513
0.00200431031420767380179454482513
0.002001015378602008815814843051
0.002001015378602008815814843051
0.00199770871199116406804384137528
0.00199770871199116406804384137528
0.00199439033376055935818556134573
0.00199439033376055935818556134573
0.00199106026336427416419576044313
0.00199106026336427416419576044313
0.00198771852032493359223039551183
0.00198771852032493359223039551183
0.00198436512423359392474354236943
0.00198436512423359392474354236943
0.00198100009474962776740574889136
0.00198100009474962776740574889136
0.00197762345160060879551615079221
0.00197762345160060879551615079221
0.00197423521458219610058402730442
0.00197423521458219610058402730442
0.00197083540355801813775781797261
0.00197083540355801813775781797261
0.00196742403845955627478196182439
0.00196742403845955627478196182439
0.0019640011392860279431642562325
0.0019640011392860279431642562325
0.00196056672610426939223876483503
0.00196056672610426939223876483503
0.00195712081904861804681163191603
0.00195712081904861804681163191603
0.00195366343832079446907948465497
0.00195366343832079446907948465497
0.00195019460418978392551242461641
0.00195019460418978392551242461641
0.00194671433699171755939592575715
0.00194671433699171755939592575715
0.00194322265712975316972826806369
0.00194322265712975316972826806369
0.00193971958507395559717244368431
0.00193971958507395559717244368431
0.00193620514136117671776377607424
0.00193620514136117671776377607424
0.00193267934659493504507679221531
0.00193267934659493504507679221531
0.00192914222144529494155718338988
0.00192914222144529494155718338988
0.00192559378664874543972698126956
0.00192559378664874543972698126956
0.00192203406300807867397336320822
0.00192203406300807867397336320822
0.00191846307139226792363378359323
0.00191846307139226792363378359323
0.00191488083273634526809240689492
0.00191488083273634526809240689492
0.00191128736804127885460509264896
0.00191128736804127885460509264896
0.00190768269837384977957245299598
0.00190768269837384977957245299598
0.00190406684486652858398276957438
0.00190406684486652858398276957438
0.00190043982871735136374881850241
0.00190043982871735136374881850241
0.00189680167118979549566490988059
0.00189680167118979549566490988059
0.00189315239361265497971270168342
0.00189315239361265497971270168342
0.00188949201737991539844659707514
0.00188949201737991539844659707514
0.00188582056395062849419177906624
0.00188582056395062849419177906624
0.00188213805484878636479017701169
0.00188213805484878636479017701169
0.00187844451166319527863189572566
0.00187844451166319527863189572566
0.00187473995604734910971186993716
0.00187473995604734910971186993716
0.00187102440971930239345373442411
0.00187102440971930239345373442411
0.00186729789446154300404512342674
0.00186729789446154300404512342674
0.00186356043212086445403083184083
0.00186356043212086445403083184083
0.0018598120446082378169124852162
0.0018598120446082378169124852162
0.00185605275389868327350557572059
0.00185605275389868327350557572059
0.00185228258203114128280692696281
0.00185228258203114128280692696281
0.0018485015511083433781278518875
0.0018485015511083433781278518875
0.00184470968329668258925046484475
0.00184470968329668258925046484475
0.00184090700082608349136680138806
0.00184090700082608349136680138806
0.00183709352598987188156258735093
0.00183709352598987188156258735093
0.00183326928114464408360968228308
0.00183326928114464408360968228308
0.00182943428871013588183340137835
0.00182943428871013588183340137835
0.00182558857116909108482309458653
0.00182558857116909108482309458653
0.00182173215106712971975653165571
0.00182173215106712971975653165571
0.00181786505101261585811080739013
0.00181786505101261585811080739013
0.00181398729367652507353464241555
0.00181398729367652507353464241555
0.00181009890179231153265911120958
0.00181009890179231153265911120958
0.00180619989815577471962598106396
0.00180619989815577471962598106396
0.00180229030562492579511499298754
0.00180229030562492579511499298754
0.00179837014711985359065355831974
0.00179837014711985359065355831974
0.00179443944562259023899448299292
0.00179443944562259023899448299292
0.0017904982241769764413494649439
0.0017904982241769764413494649439
0.00178654650588852637226823911994
0.00178654650588852637226823911994
0.00178258431392429222295536883792
0.00178258431392429222295536883792
0.00177861167151272838381880192618
0.00177861167151272838381880192618
0.00177462860194355526704642509415
0.00177462860194355526704642509415
0.0017706351285676227700089603217
0.0017706351285676227700089603217
0.00176663127479677338028965272793
0.00176663127479677338028965272793
0.00176261706410370492314330035317
0.00176261706410370492314330035317
0.00175859252002183295218927255797
0.00175859252002183295218927255797
0.00175455766614515278414525529521
0.00175455766614515278414525529521
0.00175051252612810117841054833448
0.00175051252612810117841054833448
0.00174645712368541766230982159941
0.00174645712368541766230982159941
0.00174239148259200550281031510578
0.00174239148259200550281031510578
0.00173831562668279232552753955017
0.00173831562668279232552753955017
0.00173422957985259038183660238152
0.00173422957985259038183660238152
0.00173013336605595646490834718154
0.00173013336605595646490834718154
0.00172602700930705147549155236978
0.00172602700930705147549155236978
0.00172191053367949963826448862567
0.00172191053367949963826448862567
0.00171778396330624736958118296903
0.00171778396330624736958118296903
0.00171364732237942179743978115175
0.00171364732237942179743978115175
0.00170950063515018893450243887368
0.00170950063515018893450243887368
0.00170534392592861150499820633392
0.00170534392592861150499820633392
0.00170117721908350642634239975246
0.00170117721908350642634239975246
0.00169700053904230194630797773426
0.00169700053904230194630797773426
0.00169281391029089443658645968774
0.00169281391029089443658645968774
0.00168861735737350484357793793835
0.00168861735737350484357793793835
0.00168441090489253479725174468608
0.00168441090489253479725174468608
0.00168019457750842237892133952971
0.00168019457750842237892133952971
0.00167596839993949754877898290908
0.00167596839993949754877898290908
0.0016717323969618372340377554891
0.0016717323969618372340377554891
0.00166748659340912007853047321189
0.00166748659340912007853047321189
0.00166323101417248085461703246647
0.00166323101417248085461703246647
0.00165896568420036453825369955614
0.00165896568420036453825369955614
0.00165469062849838004807983337117
0.00165469062849838004807983337117
0.00165040587212915364937949988638
0.00165040587212915364937949988638
0.00164611144021218202377740178868
0.00164611144021218202377740178868
0.00164180735792368500553050618707
0.00164180735792368500553050618707
0.00163749365049645798527870795504
0.00163749365049645798527870795504
0.00163317034321972398211981579182
0.00163317034321972398211981579182
0.00162883746143898538487609255312
0.00162883746143898538487609255312
0.00162449503055587536342152078169
0.00162449503055587536342152078169
0.001620143076028008950940898653
0.001620143076028008950940898653
0.00161578162336883379799380072945
0.00161578162336883379799380072945
0.00161141069814748059925836197661
0.00161141069814748059925836197661
0.00160703032598861319383176242615
0.00160703032598861319383176242615
0.00160264053257227833996620366051
0.00160264053257227833996620366051
0.00159824134363375516512107693368
0.00159824134363375516512107693368
0.00159383278496340429221392621817
0.00159383278496340429221392621817
0.00158941488240651664295470777079
0.00158941488240651664295470777079
0.00158498766186316191914974092673
0.00158498766186316191914974092673
0.00158055114928803676286363275271
0.00158055114928803676286363275271
0.00157610537069031259632934190328
0.00157610537069031259632934190328
0.00157165035213348314249842452033
0.00157165035213348314249842452033
0.00156718611973521162712537728182
0.00156718611973521162712537728182
0.00156271269966717766328185973207
0.00156271269966717766328185973207
0.00155823011815492381919843980084
0.00155823011815492381919843980084
0.00155373840147770187033336293144
0.00155373840147770187033336293144
0.00154923757596831873656969647839
0.00154923757596831873656969647839
0.00154472766801298210544404699122
0.00154472766801298210544404699122
0.00154020870405114574231188866333
0.00154020870405114574231188866333
0.00153568071057535448835637658117
0.00153568071057535448835637658117
0.00153114371413108894734934844976
0.00153114371413108894734934844976
0.00152659774131660986207504318439
0.00152659774131660986207504318439
0.00152204281878280218132888413502
0.00152204281878280218132888413502
0.00151747897323301881840548873811
0.00151747897323301881840548873811
0.00151290623142292410199187506083
0.00151290623142292410199187506083
0.00150832462016033692038363900283
0.00150832462016033692038363900283
0.00150373416630507355994367384198
0.00150373416630507355994367384198
0.00149913489676879023872479634096
0.00149913489676879023872479634096
0.00149452683851482533617943076137
0.00149452683851482533617943076137
0.0014899100185580413198812838509
0.0014899100185580413198812838509
0.00148528446396466637018572016618
0.00148528446396466637018572016618
0.00148065020185213570375731795892
0.00148065020185213570375731795892
0.001476007259388932596894851276
0.001476007259388932596894851276
0.00147135566379442910958570389416
0.00147135566379442910958570389416
0.00146669544233872651122347521749
0.00146669544233872651122347521749
0.00146202662234249540892428729995
0.00146202662234249540892428729995
0.001457349231176815579379045706
0.001457349231176815579379045706
0.00145266329626301550518064497994
0.00145266329626301550518064497994
0.001447968845072511616566842048
0.001447968845072511616566842048
0.0014432659051266472395212479174
0.0014432659051266472395212479174
0.00143855450399653125117660955259
0.00143855450399653125117660955259
0.00143383466930287644346626979129
0.00143383466930287644346626979129
0.00142910642871583759597140360119
0.00142910642871583759597140360119
0.00142436980995484925891333386317
0.00142436980995484925891333386317
0.00141962484078846324724192918734
0.00141962484078846324724192918734
0.00141487154903418584677278001607
0.00141487154903418584677278001607
0.00141010996255831473332753743142
0.00141010996255831473332753743142
0.00140534010927577560583348165554
0.00140534010927577560583348165554
0.00140056201714995853434006419951
0.00140056201714995853434006419951
0.0013957757141925540239118389713
0.0013957757141925540239118389713
0.0013909812284633887953588633855
0.0013909812284633887953588633855
0.00138617858807026128376731061732
0.00138617858807026128376731061732
0.00138136782116877685579468860205
0.00138136782116877685579468860205
0.0013765489559621827466957101875
0.0013765489559621827466957101875
0.00137172202070120271804650199333
0.00137172202070120271804650199333
0.00136688704368387143713647700625
0.00136688704368387143713647700625
0.00136204405325536857899882773587
0.00136204405325536857899882773587
0.00135719307780785265205222286221
0.00135719307780785265205222286221
0.0013523341457802945483279107131
0.0013523341457802945483279107131
0.0013474672856583108192580476096
0.0013474672856583108192580476096
0.0013425925259739966780026780986
0.0013425925259739966780026780986
0.0013377098953057587292943973488
0.0013377098953057587292943973488
0.0013328194222781474277813235039
0.0013328194222781474277813235039
0.0013279211355616892658505995618
0.0013279211355616892658505995618
0.0013230150638727186919162303709
0.0013230150638727186919162303709
0.0013181012359732097601566405872
0.0013181012359732097601566405872
0.001313179680670607512688913925
0.001313179680670607512688913925
0.001308250426817659095168242735
0.001308250426817659095168242735
0.0013033135033122446068026798565
0.0013033135033122446068026798565
0.0012983689390972076857748418053
0.0012983689390972076857748418053
0.0012934167631601858310637636635
0.0012934167631601858310637636635
0.0012884570045334404616616515285
0.0012884570045334404616616515285
0.0012834896922936867141818180381
0.0012834896922936867141818180381
0.0012785148555619229798556203221
0.0012785148555619229798556203221
0.0012735325235032601819177477136
0.0012735325235032601819177477136
0.001268542725326750794380728689
0.001268542725326750794380728689
0.0012635454902852176032010427797
0.0012635454902852176032010427797
0.0012585408476750822108407336053
0.0012585408476750822108407336053
0.0012535288268361932852299237054
0.0012535288268361932852299237054
0.001248509457151654554137130492
0.001248509457151654554137130492
0.0012434827680476525459557753925
0.0012434827680476525459557753925
0.0012384487889932840779167651034
0.0012384487889932840779167651034
0.0012334075495003834927385048092
0.0012334075495003834927385048092
0.0012283590791233496447271782445
0.0012283590791233496447271782445
0.0012233034074589726363415985661
0.0012233034074589726363415985661
0.0012182405641462603062383971633
0.0012182405641462603062383971633
0.0012131705788662644698147747511
0.0012131705788662644698147747511
0.0012080934813419069132674903564
0.0012080934813419069132674903564
0.0012030093013378051421882091168
0.0012030093013378051421882091168
0.001197918068660097885716769155
0.001197918068660097885716769155
0.0011928198131562703572753611627
0.0011928198131562703572753611627
0.0011877145647149792729080417157
0.0011877145647149792729080417157
0.0011826023532658776282514227468
0.0011826023532658776282514227468
0.0011774832087794392351637950078
0.0011774832087794392351637950078
0.0011723571612667830190413527554
0.0011723571612667830190413527554
0.0011672242407794970778515902939
0.0011672242407794970778515902939
0.0011620844774094625039153383815
0.0011620844774094625039153383815
0.0011569379012886769694702998642
0.0011569379012886769694702998642
0.0011517845425890780770503292262
0.0011517845425890780770503292262
0.0011466244315223664757160800306
0.0011466244315223664757160800306
0.001141457598339828744174017471
0.001141457598339828744174017471
0.0011362840733321600418221604486
0.0011362840733321600418221604486
0.0011311038868292865287622787258
0.0011311038868292865287622787258
0.0011259170692001875558196257871
0.0011259170692001875558196257871
0.0011207236508527176256126370425
0.0011207236508527176256126370425
0.0011155236622334281257163659473
0.0011155236622334281257163659473
0.0011103171338273888349647674645
0.0011103171338273888349647674645
0.0011051040961580092039382690673
0.0011051040961580092039382690673
0.001099884579786859410684394161
0.001099884579786859410684394161
0.0010946586153134911927205213884
0.0010946586153134911927205213884
0.0010894262333752584563691757685
0.0010894262333752584563691757685
0.0010841874646471376644775540027
0.0010841874646471376644775540027
0.0010789423398415480035742865531
0.0010789423398415480035742865531
0.0010736908897081713315177332622
0.0010736908897081713315177332622
0.0010684331450337719066913973259
0.0010684331450337719066913973259
0.0010631691366420158998033243592
0.0010631691366420158998033243592
0.0010578988953932906893476290976
0.0010578988953932906893476290976
0.0010526224521845239417875619527
0.0010526224521845239417875619527
0.0010473398379490024775207911947
0.0010473398379490024775207911947
0.0010420510836561909236888339535
0.0010420510836561909236888339535
0.0010367562203115501548938205196
0.0010367562203115501548938205196
0.0010314552789563555228870215851
0.0010314552789563555228870215851
0.0010261482906675148762948070912
0.0010261482906675148762948070912
0.0010208352865573863714489382384
0.0010208352865573863714489382384
0.0010155162977735960753893209786
0.0010155162977735960753893209786
0.0010101913554988553621085699368
0.0010101913554988553621085699368
0.0010048604909507781031089462099
0.0010048604909507781031089462099
0.0009995237353816976533434408642
0.0009995237353816976533434408642
0.0009941811200784836336139782016
0.0009941811200784836336139782016
0.0009888326763623585105009089962
0.0009888326763623585105009089962
0.0009834784355887139748991539185
0.0009834784355887139748991539185
0.0009781184291469271202375412691
0.0009781184291469271202375412691
0.0009727526884601764214590609527
0.0009727526884601764214590609527
0.0009673812449852575158409283301
0.0009673812449852575158409283301
0.0009620041302123987867345172156
0.0009620041302123987867345172156
0.0009566213756650767513063808382
0.0009566213756650767513063808382
0.0009512330128998312533627330735
0.0009512330128998312533627330735
0.0009458390735060804623409096961
0.0009458390735060804623409096961
0.0009404395891059356795524708083
0.0009404395891059356795524708083
0.0009350345913540159527637409875
0.0009350345913540159527637409875
0.0009296241119372625002007130909
0.0009296241119372625002007130909
0.0009242081825747529450663650624
0.0009242081825747529450663650624
0.0009187868350175153616595565493
0.0009187868350175153616595565493
0.0009133601010483421341857836635
0.0009133601010483421341857836635
0.0009079280124816036293511758469
0.0009079280124816036293511758469
0.000902490601163061683832218561
0.000902490601163061683832218561
0.0008970478989696829077147794398
0.0008970478989696829077147794398
0.0008915999378094518049971036677
0.0008915999378094518049971036677
0.0008861467496211837122525267114
0.0008861467496211837122525267114
0.0008806883663743375565487291864
0.0008806883663743375565487291864
0.0008752248200688284337214296358
0.0008752248200688284337214296358
0.0008697561427348400081014763819
0.0008697561427348400081014763819
0.0008642823664326367347953594545
0.0008642823664326367347953594545
0.0008588035232523759056202179575
0.0008588035232523759056202179575
0.0008533196453139195197954671921
0.0008533196453139195197954671921
0.0008478307647666459804942134738
0.0008478307647666459804942134738
0.0008423369137892616183586629699
0.0008423369137892616183586629699
0.0008368381245896120430847641176
0.0008368381245896120430847641176
0.000831334429404493324182351383
0.000831334429404493324182351383
0.0008258258604994630020180813908
0.0008258258604994630020180813908
0.0008203124501686509302494709275
0.0008203124501686509302494709275
0.0008147942307345699507593601289
0.0008147942307345699507593601289
0.0008092712345479264022011334656
0.0008092712345479264022011334656
0.000803743493987430463266036092
0.000803743493987430463266036092
0.000798211041459606331784923924
0.000798211041459606331784923924
0.0007926739093986022407777826415
0.0007926739093986022407777826415
0.0007871321302660003125653439103
0.0007871321302660003125653439103
0.0007815857365506262520581167135
0.0007815857365506262520581167135
0.000776034760768358880339138049
0.000776034760768358880339138049
0.0007704792354619395096577306797
0.0007704792354619395096577306797
0.0007649191932007811609525364334
0.0007649191932007811609525364334
0.0007593546665807776250230721045
0.0007593546665807776250230721045
0.000753785688224112368470031692
0.000753785688224112368470031692
0.0007482122907790672855255339554
0.0007482122907790672855255339554
0.0007426345069198312968954885546
0.0007426345069198312968954885546
0.0007370523693463087967372278906
0.0007370523693463087967372278906
0.0007314659107839279488965257544
0.0007314659107839279488965257544
0.000725875163983448833529098675
0.000725875163983448833529098675
0.0007202801617207714452326621259
0.0007202801617207714452326621259
0.0007146809367967435438165923071
0.0007146809367967435438165923071
0.0007090775220369683588372259217
0.0007090775220369683588372259217
0.0007034699502916121490278161784
0.0007034699502916121490278161784
0.0006978582544352116177531542518
0.0006978582544352116177531542518
0.0006922424673664811856198627915
0.0006922424673664811856198627915
0.0006866226220081201213743731239
0.0006866226220081201213743731239
0.0006809987513066195322216119837
0.0006809987513066195322216119837
0.000675370888232069214698448595
0.000675370888232069214698448595
0.0006697390657779643672369904916
0.0006697390657779643672369904916
0.0006641033169610121655538686594
0.0006641033169610121655538686594
0.0006584636748209382020027216482
0.0006584636748209382020027216482
0.000652820172420292790028176766
0.000652820172420292790028176766
0.0006471728428442571348607371365
0.0006471728428442571348607371365
0.0006415217192004493715931194419
0.0006415217192004493715931194419
0.0006358668346187304717797520945
0.0006358668346187304717797520945
0.0006302082222510100197023413513
0.0006302082222510100197023413513
0.0006245459152710518594456479304
0.0006245459152710518594456479304
0.0006188799468742796139288939996
0.0006188799468742796139288939996
0.00061321035027758207703954557
0.00061321035027758207703954557
0.0006075371587191184800175946592
0.0006075371587191184800175946592
0.0006018604054581236332399061769
0.0006018604054581236332399061769
0.0005961801237747129445557043436
0.0005961801237747129445557043436
0.0005904963469696873153258616176
0.0005904963469696873153258616176
0.000584809108364337915320329799
0.000584809108364337915320329799
0.0005791184413002508376298297573
0.0005791184413002508376298297573
0.0005734243791391116347498062072
0.0005734243791391116347498062072
0.0005677269552625097369966719807
0.0005677269552625097369966719807
0.0005620262030717427544185292052
0.0005620262030717427544185292052
0.0005563221559876206633648818873
0.0005563221559876206633648818873
0.0005506148474502698788823674751
0.0005506148474502698788823674751
0.00054490431091893721410625895
0.00054490431091893721410625895
0.000539190579871793727820452333
0.000539190579871793727820452333
0.0005334736878057384613618896966
0.0005334736878057384613618896966
0.0005277536682362020660489120937
0.0005277536682362020660489120937
0.0005220305546969503223169329259
0.0005220305546969503223169329259
0.0005163043807398875517491191877
0.0005163043807398875517491191877
0.0005105751799348599231945220781
0.0005105751799348599231945220781
0.0005048429858694586541713745679
0.0005048429858694586541713745679
0.0004991078321488231087591464644
0.0004991078321488231087591464644
0.0004933697523954437931895037867
0.0004933697523954437931895037867
0.0004876287802489652503536588648
0.0004876287802489652503536588648
0.0004818849493659888544518364212
0.0004818849493659888544518364212
0.0004761382934198755070198535555
0.0004761382934198755070198535555
0.0004703888461005482355782745186
0.0004703888461005482355782745186
0.0004646366411142946961614367515
0.0004646366411142946961614367515
0.000458881712183569580997065639
0.000458881712183569580997065639
0.0004531240930467969326224506057
0.0004531240930467969326224506057
0.000447363817458172365740536007
0.000447363817458172365740536007
0.0004416009191874651981391288863
0.0004416009191874651981391288863
0.0004358354320198204920191444657
0.0004358354320198204920191444657
0.0004300673897555610071038734637
0.0004300673897555610071038734637
0.0004242968262099890669312231182
0.0004242968262099890669312231182
0.000418523775213188339765419099
0.000418523775213188339765419099
0.0004127482706098255356045447651
0.0004127482706098255356045447651
0.0004069703462589520208064725087
0.0004069703462589520208064725087
0.0004011900360338053519093235407
0.0004011900360338053519093235407
0.000395407373821610730284908601
0.000395407373821610730284908601
0.0003896223935233823793362468672
0.0003896223935233823793362468672
0.0003838351290537248460351477462
0.0003838351290537248460351477462
0.0003780456143406342286952741822
0.0003780456143406342286952741822
0.0003722538833252993329928673915
0.0003722538833252993329928673915
0.0003664599699619027583847672279
0.0003664599699619027583847672279
0.0003606639082174219172355949382
0.0003606639082174219172355949382
0.000354865732071429989157949085
0.000354865732071429989157949085
0.0003490654755158968132972734504
0.0003490654755158968132972734504
0.0003432631725549897215641259105
0.0003432631725549897215641259105
0.0003374588572048743161400497314
0.0003374588572048743161400497314
0.0003316525634935151949703926312
0.0003316525634935151949703926312
0.0003258443254604766294221760777
0.0003258443254604766294221760777
0.0003200341771567231988447974211
0.0003200341771567231988447974211
0.0003142221526444203874475210034
0.0003142221526444203874475210034
0.0003084082859967351497273634276
0.0003084082859967351497273634276
0.0003025926112976364516779873039
0.0003025926112976364516779873039
0.0002967751626416957962273136075
0.0002967751626416957962273136075
0.0002909559741338877428428492891
0.0002909559741338877428428492891
0.0002851350798893904330780158759
0.0002851350798893904330780158759
0.0002793125140333861360979735111
0.0002793125140333861360979735111
0.0002734883107008618310324217075
0.0002734883107008618310324217075
0.000267662504036409846501211942
0.000267662504036409846501211942
0.0002618351281940285820351015934
0.0002618351281940285820351015934
0.0002560062173369233416146864742
0.0002560062173369233416146864742
0.0002501758056373073164980174902
0.0002501758056373073164980174902
0.0002443439272762027633268747189
0.0002443439272762027633268747189
0.0002385106164432424347571575066
0.0002385106164432424347571575066
0.0002326759073364713343031715935
0.0002326759073364713343031715935
0.0002268398341621488857302219209
0.0002268398341621488857302219209
0.0002210024311345516315432479444
0.0002210024311345516315432479444
0.0002151637324757766067659856756
0.0002151637324757766067659856756
0.0002093237724155455758457351455
0.0002093237724155455758457351455
0.0002034825851910103756971102775
0.0002034825851910103756971102775
0.0001976402050465596815604927615
0.0001976402050465596815604927615
0.0001917966662336276114624633036
0.0001917966662336276114624633036
0.0001859520030105047195260717276
0.0001859520030105047195260717276
0.000180106249642152112398705357
0.000180106249642152112398705357
0.0001742594404000196772557599856
0.0001742594404000196772557599856
0.0001684116095618697644269174321
0.0001684116095618697644269174321
0.0001625627914116081675322785526
0.0001625627914116081675322785526
0.0001567130202391249565005339137
0.0001567130202391249565005339137
0.0001508623303401487465842628182
0.0001508623303401487465842628182
0.000145010756016119487966273021
0.000145010756016119487966273021
0.0001391583315740870842749878771
0.0001391583315740870842749878771
0.000133305091326646490402946003
0.000133305091326646490402946003
0.0001274510695919250430189665968
0.0001274510695919250430189665968
0.0001215963006936457034430138113
0.0001215963006936457034430138113
0.000115740818961302435011747966
0.000115740818961302435011747966
0.000109884658730504189875773021
0.000109884658730504189875773021
0.000104027854343577415033128787
0.000104027854343577415033128787
0.000098170440150573542320864116
0.000098170440150573542320864116
0.000092312450510926190508033854
0.000092312450510926190508033854
0.000086453919796178697491731931
0.000086453919796178697491731931
0.000080594882394528077622127237
0.000080594882394528077622127237
0.000074735372718556698325937229
0.000074735372718556698325937229
0.000068875425218775782493915574
0.000068875425218775782493915574
0.000063015074408239632621268521
0.000063015074408239632621268521
0.000057154354909348772344493845
0.000057154354909348772344493845
0.000051293301547868724500671956
0.000051293301547868724500671956
0.000045431949554863544616315815
0.000045431949554863544616315815
0.000039570335037703592304543242
0.000039570335037703592304543242
0.000033708496198890696716771563
0.000033708496198890696716771563
0.000027846476944694293499626956
0.000027846476944694293499626956
0.000021984339706538873947538786
0.000021984339706538873947538786
0.000016122224711753121988512663
0.000016122224711753121988512663
0.00001026076794809142306427991
0.00001026076794809142306427991
4.407917556264593147961e-6
4.407917556264593147961e-6