0.005686115240409547
0.005686115240409547
0.005685931396321848
0.005685931396321848
0.005685563714090517
0.005685563714090517
0.005685012205603495
0.005685012205603495
0.005684276888692214
0.005684276888692214
0.005683357787131018
0.005683357787131018
0.005682254930636399
0.005682254930636399
0.005680968354866031
0.005680968354866031
0.005679498101417619
0.005679498101417619
0.005677844217827556
0.005677844217827556
0.005676006757569383
0.005676006757569383
0.005673985780052062
0.005673985780052062
0.005671781350618055
0.005671781350618055
0.005669393540541211
0.005669393540541211
0.005666822427024462
0.005666822427024462
0.005664068093197325
0.005664068093197325
0.005661130628113217
0.005661130628113217
0.005658010126746574
0.005658010126746574
0.005654706689989781
0.005654706689989781
0.005651220424649909
0.005651220424649909
0.005647551443445264
0.005647551443445264
0.005643699865001738
0.005643699865001738
0.00563966581384898
0.00563966581384898
0.005635449420416364
0.005635449420416364
0.005631050821028774
0.005631050821028774
0.005626470157902197
0.005626470157902197
0.005621707579139125
0.005621707579139125
0.005616763238723765
0.005616763238723765
0.005611637296517062
0.005611637296517062
0.005606329918251529
0.005606329918251529
0.005600841275525888
0.005600841275525888
0.005595171545799526
0.005595171545799526
0.005589320912386751
0.005589320912386751
0.005583289564450871
0.005583289564450871
0.005577077696998074
0.005577077696998074
0.005570685510871124
0.005570685510871124
0.00556411321274287
0.00556411321274287
0.005557361015109557
0.005557361015109557
0.005550429136283966
0.005550429136283966
0.005543317800388344
0.005543317800388344
0.005536027237347167
0.005536027237347167
0.005528557682879702
0.005528557682879702
0.005520909378492383
0.005520909378492383
0.005513082571471009
0.005513082571471009
0.005505077514872744
0.005505077514872744
0.005496894467517935
0.005496894467517935
0.005488533693981748
0.005488533693981748
0.00547999546458561
0.00547999546458561
0.005471280055388467
0.005471280055388467
0.005462387748177866
0.005462387748177866
0.005453318830460837
0.005453318830460837
0.0054440735954546
0.0054440735954546
0.005434652342077084
0.005434652342077084
0.005425055374937264
0.005425055374937264
0.00541528300432531
0.00541528300432531
0.005405335546202558
0.005405335546202558
0.00539521332219129
0.00539521332219129
0.005384916659564338
0.005384916659564338
0.005374445891234502
0.005374445891234502
0.005363801355743788
0.005363801355743788
0.005352983397252457
0.005352983397252457
0.005341992365527904
0.005341992365527904
0.005330828615933346
0.005330828615933346
0.005319492509416331
0.005319492509416331
0.00530798441249707
0.00530798441249707
0.005296304697256589
0.005296304697256589
0.005284453741324691
0.005284453741324691
0.005272431927867756
0.005272431927867756
0.005260239645576345
0.005260239645576345
0.005247877288652637
0.005247877288652637
0.005235345256797681
0.005235345256797681
0.005222643955198476
0.005222643955198476
0.005209773794514866
0.005209773794514866
0.005196735190866267
0.005196735190866267
0.005183528565818211
0.005183528565818211
0.005170154346368715
0.005170154346368715
0.005156612964934475
0.005156612964934475
0.00514290485933689
0.00514290485933689
0.005129030472787898
0.005129030472787898
0.005114990253875655
0.005114990253875655
0.005100784656550023
0.005100784656550023
0.005086414140107898
0.005086414140107898
0.00507187916917836
0.00507187916917836
0.005057180213707646
0.005057180213707646
0.005042317748943962
0.005042317748943962
0.005027292255422112
0.005027292255422112
0.005012104218947964
0.005012104218947964
0.004996754130582742
0.004996754130582742
0.004981242486627149
0.004981242486627149
0.004965569788605321
0.004965569788605321
0.004949736543248611
0.004949736543248611
0.004933743262479206
0.004933743262479206
0.004917590463393575
0.004917590463393575
0.00490127866824575
0.00490127866824575
0.004884808404430441
0.004884808404430441
0.004868180204465984
0.004868180204465984
0.004851394605977124
0.004851394605977124
0.00483445215167763
0.00483445215167763
0.004817353389352753
0.004817353389352753
0.004800098871841509
0.004800098871841509
0.004782689157018809
0.004782689157018809
0.004765124807777419
0.004765124807777419
0.004747406392009763
0.004747406392009763
0.00472953448258956
0.00472953448258956
0.004711509657353302
0.004711509657353302
0.00469333249908157
0.00469333249908157
0.004675003595480197
0.004675003595480197
0.004656523539161257
0.004656523539161257
0.004637892927623915
0.004637892927623915
0.004619112363235101
0.004619112363235101
0.004600182453210035
0.004600182453210035
0.004581103809592601
0.004581103809592601
0.004561877049235547
0.004561877049235547
0.004542502793780554
0.004542502793780554
0.004522981669638125
0.004522981669638125
0.00450331430796734
0.00450331430796734
0.004483501344655446
0.004483501344655446
0.004463543420297297
0.004463543420297297
0.004443441180174645
0.004443441180174645
0.004423195274235271
0.004423195274235271
0.00440280635707198
0.00440280635707198
0.004382275087901426
0.004382275087901426
0.004361602130542807
0.004361602130542807
0.004340788153396397
0.004340788153396397
0.004319833829421937
0.004319833829421937
0.004298739836116877
0.004298739836116877
0.004277506855494472
0.004277506855494472
0.004256135574061727
0.004256135574061727
0.004234626682797207
0.004234626682797207
0.004212980877128689
0.004212980877128689
0.004191198856910686
0.004191198856910686
0.004169281326401809
0.004169281326401809
0.004147228994242007
0.004147228994242007
0.004125042573429647
0.004125042573429647
0.004102722781298468
0.004102722781298468
0.004080270339494382
0.004080270339494382
0.004057685973952145
0.004057685973952145
0.004034970414871886
0.004034970414871886
0.004012124396695499
0.004012124396695499
0.003989148658082892
0.003989148658082892
0.003966043941888112
0.003966043941888112
0.003942810995135319
0.003942810995135319
0.003919450568994641
0.003919450568994641
0.00389596341875788
0.00389596341875788
0.003872350303814098
0.003872350303814098
0.003848611987625059
0.003848611987625059
0.003824749237700549
0.003824749237700549
0.003800762825573558
0.003800762825573558
0.003776653526775336
0.003776653526775336
0.003752422120810316
0.003752422120810316
0.003728069391130917
0.003728069391130917
0.003703596125112205
0.003703596125112205
0.003679003114026444
0.003679003114026444
0.003654291153017506
0.003654291153017506
0.003629461041075164
0.003629461041075164
0.003604513581009263
0.003604513581009263
0.003579449579423755
0.003579449579423755
0.003554269846690631
0.003554269846690631
0.003528975196923709
0.003528975196923709
0.00350356644795232
0.00350356644795232
0.00347804442129486
0.00347804442129486
0.003452409942132235
0.003452409942132235
0.003426663839281174
0.003426663839281174
0.003400806945167436
0.003400806945167436
0.003374840095798898
0.003374840095798898
0.003348764130738517
0.003348764130738517
0.003322579893077195
0.003322579893077195
0.003296288229406514
0.003296288229406514
0.003269889989791363
0.003269889989791363
0.003243386027742459
0.003243386027742459
0.003216777200188746
0.003216777200188746
0.003190064367449694
0.003190064367449694
0.003163248393207476
0.003163248393207476
0.00313633014447905
0.00313633014447905
0.003109310491588123
0.003109310491588123
0.003082190308137011
0.003082190308137011
0.003054970470978398
0.003054970470978398
0.00302765186018698
0.00302765186018698
0.003000235359031013
0.003000235359031013
0.002972721853943757
0.002972721853943757
0.002945112234494811
0.002945112234494811
0.002917407393361357
0.002917407393361357
0.002889608226299292
0.002889608226299292
0.002861715632114271
0.002861715632114271
0.002833730512632645
0.002833730512632645
0.002805653772672303
0.002805653772672303
0.002777486320013417
0.002777486320013417
0.002749229065369092
0.002749229065369092
0.002720882922355922
0.002720882922355922
0.002692448807464448
0.002692448807464448
0.002663927640029528
0.002663927640029528
0.002635320342200615
0.002635320342200615
0.002606627838911936
0.002606627838911936
0.002577851057852593
0.002577851057852593
0.002548990929436566
0.002548990929436566
0.002520048386772631
0.002520048386772631
0.002491024365634192
0.002491024365634192
0.002461919804429022
0.002461919804429022
0.002432735644168929
0.002432735644168929
0.002403472828439323
0.002403472828439323
0.002374132303368715
0.002374132303368715
0.002344715017598122
0.002344715017598122
0.002315221922250399
0.002315221922250399
0.002285653970899485
0.002285653970899485
0.002256012119539572
0.002256012119539572
0.002226297326554199
0.002226297326554199
0.002196510552685259
0.002196510552685259
0.002166652761001945
0.002166652761001945
0.002136724916869607
0.002136724916869607
0.002106727987918537
0.002106727987918537
0.002076662944012693
0.002076662944012693
0.002046530757218331
0.002046530757218331
0.002016332401772585
0.002016332401772585
0.001986068854051963
0.001986068854051963
0.00195574109254078
0.00195574109254078
0.001925350097799524
0.001925350097799524
0.001894896852433151
0.001894896852433151
0.001864382341059318
0.001864382341059318
0.001833807550276546
0.001833807550276546
0.001803173468632324
0.001803173468632324
0.001772481086591148
0.001772481086591148
0.001741731396502497
0.001741731396502497
0.001710925392568751
0.001710925392568751
0.001680064070813049
0.001680064070813049
0.001649148429047081
0.001649148429047081
0.001618179466838837
0.001618179466838837
0.001587158185480285
0.001587158185480285
0.001556085587955001
0.001556085587955001
0.001524962678905746
0.001524962678905746
0.001493790464601983
0.001493790464601983
0.00146256995290735
0.00146256995290735
0.001431302153247078
0.001431302153247078
0.001399988076575358
0.001399988076575358
0.001368628735342664
0.001368628735342664
0.001337225143463025
0.001337225143463025
0.001305778316281253
0.001305778316281253
0.001274289270540131
0.001274289270540131
0.001242759024347547
0.001242759024347547
0.001211188597143601
0.001211188597143601
0.001179579009667661
0.001179579009667661
0.001147931283925392
0.001147931283925392
0.001116246443155741
0.001116246443155741
0.001084525511797899
0.001084525511797899
0.001052769515458226
0.001052769515458226
0.001020979480877161
0.001020979480877161
0.0009891564358961045
0.0009891564358961045
0.0009573014094242912
0.0009573014094242912
0.0009254154314056618
0.0009254154314056618
0.0008934995327857368
0.0008934995327857368
0.0008615547454785154
0.0008615547454785154
0.0008295821023334164
0.0008295821023334164
0.0007975826371022916
0.0007975826371022916
0.0007655573844065528
0.0007655573844065528
0.0007335073797044713
0.0007335073797044713
0.0007014336592587398
0.0007014336592587398
0.0006693372601044265
0.0006693372601044265
0.0006372192200175232
0.0006372192200175232
0.0006050805774843997
0.0006050805774843997
0.0005729223716726615
0.0005729223716726615
0.0005407456424042196
0.0005407456424042196
0.000508551430131923
0.000508551430131923
0.0004763407759220753
0.0004763407759220753
0.0004441147214469506
0.0004441147214469506
0.0004118743089948722
0.0004118743089948722
0.0003796205815123295
0.0003796205815123295
0.0003473545827071335
0.0003473545827071335
0.0003150773572739341
0.0003150773572739341
0.0002827899513801198
0.0002827899513801198
0.0002504934137468647
0.0002504934137468647
0.0002181887982141245
0.0002181887982141245
0.0001858771704298862
0.0001858771704298862
0.000153559627719369
0.000153559627719369
0.0001212373697631316
0.0001212373697631316
0.00008891202544635063
0.00008891202544635063
0.00005658795792668276
0.00005658795792668276
0.00002430985742023996
0.00002430985742023996