0
-0.004283002479469876
0.004283002479469876
-0.008565926390673288
0.008565926390673288
-0.01284869316678505
0.01284869316678505
-0.01713122424386247
0.01713122424386247
-0.02141344106228661
0.02141344106228661
-0.02569526506820332
0.02569526506820332
-0.0299766177149643
0.0299766177149643
-0.03425742046456794
0.03425742046456794
-0.03853759478910008
0.03853759478910008
-0.0428170621721745
0.0428170621721745
-0.04709574411037326
0.04709574411037326
-0.05137356211468679
0.05137356211468679
-0.05565043771195368
0.05565043771195368
-0.05992629244630024
0.05992629244630024
-0.0642010478805797
0.0642010478805797
-0.06847462559781106
0.06847462559781106
-0.07274694720261761
0.07274694720261761
-0.07701793432266501
0.07701793432266501
-0.081287508610099
0.081287508610099
-0.08555559174298258
0.08555559174298258
-0.08982210542673283
0.08982210542673283
-0.09408697139555708
0.09408697139555708
-0.09835011141388871
0.09835011141388871
-0.1026114472778223
0.1026114472778223
-0.1068709008165481
0.1068709008165481
-0.1111283938937862
0.1111283938937862
-0.1153838484092199
0.1153838484092199
-0.1196371862999281
0.1196371862999281
-0.1238883295418175
0.1238883295418175
-0.1281372001510541
0.1281372001510541
-0.1323837201854933
0.1323837201854933
-0.1366278117461101
0.1366278117461101
-0.1408693969784277
0.1408693969784277
-0.145108398073946
0.145108398073946
-0.149344737271569
0.149344737271569
-0.1535783368590309
0.1535783368590309
-0.1578091191743219
0.1578091191743219
-0.1620370066071127
0.1620370066071127
-0.1662619216001787
0.1662619216001787
-0.1704837866508218
0.1704837866508218
-0.1747025243122931
0.1747025243122931
-0.1789180571952129
0.1789180571952129
-0.1831303079689908
0.1831303079689908
-0.1873391993632439
0.1873391993632439
-0.1915446541692145
0.1915446541692145
-0.1957465952411865
0.1957465952411865
-0.1999449454979003
0.1999449454979003
-0.204139627923967
0.204139627923967
-0.2083305655712811
0.2083305655712811
-0.212517681560432
0.212517681560432
-0.2167008990821146
0.2167008990821146
-0.2208801413985379
0.2208801413985379
-0.2250553318448329
0.2250553318448329
-0.229226393830459
0.229226393830459
-0.2333932508406089
0.2333932508406089
-0.237555826437612
0.237555826437612
-0.2417140442623372
0.2417140442623372
-0.245867828035593
0.245867828035593
-0.2500171015595271
0.2500171015595271
-0.254161788719024
0.254161788719024
-0.2583018134831018
0.2583018134831018
-0.262437099906306
0.262437099906306
-0.2665675721301036
0.2665675721301036
-0.270693154384274
0.270693154384274
-0.2748137709882994
0.2748137709882994
-0.2789293463527526
0.2789293463527526
-0.2830398049806843
0.2830398049806843
-0.2871450714690074
0.2871450714690074
-0.2912450705098804
0.2912450705098804
-0.2953397268920892
0.2953397268920892
-0.2994289655024263
0.2994289655024263
-0.3035127113270689
0.3035127113270689
-0.3075908894529551
0.3075908894529551
-0.311663425069158
0.311663425069158
-0.3157302434682578
0.3157302434682578
-0.3197912700477129
0.3197912700477129
-0.3238464303112276
0.3238464303112276
-0.3278956498701193
0.3278956498701193
-0.331938854444683
0.331938854444683
-0.3359759698655535
0.3359759698655535
-0.3400069220750665
0.3400069220750665
-0.3440316371286168
0.3440316371286168
-0.3480500411960149
0.3480500411960149
-0.3520620605628413
0.3520620605628413
-0.3560676216317987
0.3560676216317987
-0.3600666509240621
0.3600666509240621
-0.364059075080627
0.364059075080627
-0.3680448208636545
0.3680448208636545
-0.3720238151578153
0.3720238151578153
-0.3759959849716308
0.3759959849716308
-0.379961257438812
0.379961257438812
-0.3839195598195962
0.3839195598195962
-0.3878708195020815
0.3878708195020815
-0.3918149640035586
0.3918149640035586
-0.3957519209718405
0.3957519209718405
-0.3996816181865898
0.3996816181865898
-0.4036039835606436
0.4036039835606436
-0.4075189451413355
0.4075189451413355
-0.4114264311118161
0.4114264311118161
-0.4153263697923699
0.4153263697923699
-0.4192186896417305
0.4192186896417305
-0.4231033192583929
0.4231033192583929
-0.4269801873819232
0.4269801873819232
-0.4308492228942659
0.4308492228942659
-0.4347103548210487
0.4347103548210487
-0.4385635123328842
0.4385635123328842
-0.442408624746669
0.442408624746669
-0.4462456215268811
0.4462456215268811
-0.4500744322868729
0.4500744322868729
-0.453894986790163
0.453894986790163
-0.4577072149517245
0.4577072149517245
-0.4615110468392706
0.4615110468392706
-0.4653064126745373
0.4653064126745373
-0.4690932428345637
0.4690932428345637
-0.472871467852969
0.472871467852969
-0.4766410184212269
0.4766410184212269
-0.480401825389937
0.480401825389937
-0.4841538197700933
0.4841538197700933
-0.4878969327343495
0.4878969327343495
-0.491631095618282
0.491631095618282
-0.4953562399216493
0.4953562399216493
-0.4990722973096485
0.4990722973096485
-0.5027791996141688
0.5027791996141688
-0.5064768788350423
0.5064768788350423
-0.5101652671412912
0.5101652671412912
-0.513844296872372
0.513844296872372
-0.517513900539417
0.517513900539417
-0.5211740108264718
0.5211740108264718
-0.5248245605917308
0.5248245605917308
-0.5284654828687685
0.5284654828687685
-0.5320967108677678
0.5320967108677678
-0.5357181779767457
0.5357181779767457
-0.5393298177627748
0.5393298177627748
-0.5429315639732019
0.5429315639732019
-0.5465233505368639
0.5465233505368639
-0.5501051115652993
0.5501051115652993
-0.5536767813539572
0.5536767813539572
-0.5572382943834022
0.5572382943834022
-0.5607895853205167
0.5607895853205167
-0.5643305890196993
0.5643305890196993
-0.5678612405240597
0.5678612405240597
-0.5713814750666103
0.5713814750666103
-0.5748912280714544
0.5748912280714544
-0.578390435154971
0.578390435154971
-0.5818790321269952
0.5818790321269952
-0.5853569549919964
0.5853569549919964
-0.5888241399502519
0.5888241399502519
-0.5922805233990174
0.5922805233990174
-0.5957260419336937
0.5957260419336937
-0.5991606323489897
0.5991606323489897
-0.6025842316400819
0.6025842316400819
-0.6059967770037704
0.6059967770037704
-0.6093982058396306
0.6093982058396306
-0.6127884557511618
0.6127884557511618
-0.6161674645469319
0.6161674645469319
-0.6195351702417179
0.6195351702417179
-0.6228915110576433
0.6228915110576433
-0.6262364254253111
0.6262364254253111
-0.6295698519849336
0.6295698519849336
-0.6328917295874576
0.6328917295874576
-0.6362019972956864
0.6362019972956864
-0.6395005943853976
0.6395005943853976
-0.6427874603464568
0.6427874603464568
-0.6460625348839281
0.6460625348839281
-0.6493257579191796
0.6493257579191796
-0.6525770695909859
0.6525770695909859
-0.655816410256626
0.655816410256626
-0.6590437204929776
0.6590437204929776
-0.6622589410976068
0.6622589410976068
-0.6654620130898546
0.6654620130898546
-0.6686528777119184
0.6686528777119184
-0.6718314764299302
0.6718314764299302
-0.6749977509350303
0.6749977509350303
-0.6781516431444368
0.6781516431444368
-0.6812930952025109
0.6812930952025109
-0.6844220494818189
0.6844220494818189
-0.6875384485841885
0.6875384485841885
-0.6906422353417624
0.6906422353417624
-0.6937333528180466
0.6937333528180466
-0.6968117443089548
0.6968117443089548
-0.6998773533438491
0.6998773533438491
-0.7029301236865753
0.7029301236865753
-0.7059699993364949
0.7059699993364949
-0.7089969245295121
0.7089969245295121
-0.7120108437390971
0.7120108437390971
-0.7150117016773045
0.7150117016773045
-0.7179994432957874
0.7179994432957874
-0.7209740137868073
0.7209740137868073
-0.7239353585842396
0.7239353585842396
-0.7268834233645746
0.7268834233645746
-0.7298181540479138
0.7298181540479138
-0.7327394967989621
0.7327394967989621
-0.7356473980280154
0.7356473980280154
-0.7385418043919435
0.7385418043919435
-0.7414226627951688
0.7414226627951688
-0.7442899203906404
0.7442899203906404
-0.7471435245808031
0.7471435245808031
-0.7499834230185628
0.7499834230185628
-0.7528095636082462
0.7528095636082462
-0.755621894506557
0.755621894506557
-0.7584203641235267
0.7584203641235267
-0.7612049211234608
0.7612049211234608
-0.7639755144258806
0.7639755144258806
-0.7667320932064607
0.7667320932064607
-0.7694746068979604
0.7694746068979604
-0.7722030051911524
0.7722030051911524
-0.7749172380357446
0.7749172380357446
-0.7776172556412991
0.7776172556412991
-0.7803030084781452
0.7803030084781452
-0.7829744472782878
0.7829744472782878
-0.7856315230363117
0.7856315230363117
-0.78827418701028
0.78827418701028
-0.7909023907226287
0.7909023907226287
-0.7935160859610556
0.7935160859610556
-0.7961152247794049
0.7961152247794049
-0.7986997594985469
0.7986997594985469
-0.8012696427072522
0.8012696427072522
-0.803824827263062
0.803824827263062
-0.8063652662931522
0.8063652662931522
-0.8088909131951939
0.8088909131951939
-0.811401721638208
0.811401721638208
-0.8138976455634148
0.8138976455634148
-0.8163786391850796
0.8163786391850796
-0.8188446569913519
0.8188446569913519
-0.8212956537451008
0.8212956537451008
-0.8237315844847446
0.8237315844847446
-0.8261524045250756
0.8261524045250756
-0.8285580694580798
0.8285580694580798
-0.8309485351537515
0.8309485351537515
-0.8333237577609031
0.8333237577609031
-0.8356836937079692
0.8356836937079692
-0.8380282997038059
0.8380282997038059
-0.8403575327384851
0.8403575327384851
-0.8426713500840836
0.8426713500840836
-0.8449697092954664
0.8449697092954664
-0.847252568211066
0.847252568211066
-0.8495198849536551
0.8495198849536551
-0.8517716179311154
0.8517716179311154
-0.8540077258372004
0.8540077258372004
-0.856228167652293
0.856228167652293
-0.858432902644158
0.858432902644158
-0.8606218903686894
0.8606218903686894
-0.8627950906706522
0.8627950906706522
-0.8649524636844193
0.8649524636844193
-0.8670939698347024
0.8670939698347024
-0.8692195698372781
0.8692195698372781
-0.8713292246997088
0.8713292246997088
-0.8734228957220576
0.8734228957220576
-0.8755005444975986
0.8755005444975986
-0.877562132913521
0.877562132913521
-0.8796076231516288
0.8796076231516288
-0.881636977689034
0.881636977689034
-0.8836501592988452
0.8836501592988452
-0.8856471310508506
0.8856471310508506
-0.8876278563121952
0.8876278563121952
-0.8895922987480529
0.8895922987480529
-0.8915404223222932
0.8915404223222932
-0.8934721912981419
0.8934721912981419
-0.8953875702388371
0.8953875702388371
-0.8972865240082789
0.8972865240082789
-0.8991690177716741
0.8991690177716741
-0.9010350169961752
0.9010350169961752
-0.9028844874515138
0.9028844874515138
-0.9047173952106287
0.9047173952106287
-0.9065337066502881
0.9065337066502881
-0.9083333884517065
0.9083333884517065
-0.9101164076011557
0.9101164076011557
-0.9118827313905709
0.9118827313905709
-0.91363232741815
0.91363232741815
-0.9153651635889487
0.9153651635889487
-0.9170812081154685
0.9170812081154685
-0.9187804295182407
0.9187804295182407
-0.9204627966264031
0.9204627966264031
-0.9221282785782722
0.9221282785782722
-0.9237768448219092
0.9237768448219092
-0.9254084651156804
0.9254084651156804
-0.9270231095288123
0.9270231095288123
-0.9286207484419401
0.9286207484419401
-0.9302013525476516
0.9302013525476516
-0.9317648928510244
0.9317648928510244
-0.9333113406701581
0.9333113406701581
-0.9348406676367001
0.9348406676367001
-0.9363528456963664
0.9363528456963664
-0.9378478471094558
0.9378478471094558
-0.9393256444513594
0.9393256444513594
-0.9407862106130628
0.9407862106130628
-0.9422295188016441
0.9422295188016441
-0.9436555425407653
0.9436555425407653
-0.9450642556711576
0.9450642556711576
-0.9464556323511016
0.9464556323511016
-0.9478296470569015
0.9478296470569015
-0.9491862745833526
0.9491862745833526
-0.9505254900442047
0.9505254900442047
-0.9518472688726177
0.9518472688726177
-0.9531515868216127
0.9531515868216127
-0.954438419964517
0.954438419964517
-0.9557077446954022
0.9557077446954022
-0.9569595377295184
0.9569595377295184
-0.9581937761037202
0.9581937761037202
-0.9594104371768888
0.9594104371768888
-0.9606094986303469
0.9606094986303469
-0.961790938468268
0.961790938468268
-0.9629547350180804
0.9629547350180804
-0.9641008669308644
0.9641008669308644
-0.9652293131817439
0.9652293131817439
-0.9663400530702724
0.9663400530702724
-0.9674330662208122
0.9674330662208122
-0.968508332582909
0.968508332582909
-0.9695658324316587
0.9695658324316587
-0.9706055463680702
0.9706055463680702
-0.9716274553194205
0.9716274553194205
-0.9726315405396051
0.9726315405396051
-0.9736177836094817
0.9736177836094817
-0.9745861664372079
0.9745861664372079
-0.9755366712585735
0.9755366712585735
-0.9764692806373261
0.9764692806373261
-0.9773839774654909
0.9773839774654909
-0.9782807449636848
0.9782807449636848
-0.9791595666814239
0.9791595666814239
-0.9800204264974257
0.9800204264974257
-0.9808633086199043
0.9808633086199043
-0.9816881975868608
0.9816881975868608
-0.9824950782663663
0.9824950782663663
-0.9832839358568398
0.9832839358568398
-0.9840547558873199
0.9840547558873199
-0.9848075242177299
0.9848075242177299
-0.9855422270391377
0.9855422270391377
-0.9862588508740088
0.9862588508740088
-0.9869573825764536
0.9869573825764536
-0.987637809332469
0.987637809332469
-0.9883001186601731
0.9883001186601731
-0.9889442984100346
0.9889442984100346
-0.9895703367650953
0.9895703367650953
-0.9901782222411879
0.9901782222411879
-0.9907679436871458
0.9907679436871458
-0.9913394902850088
0.9913394902850088
-0.9918928515502211
0.9918928515502211
-0.9924280173318245
0.9924280173318245
-0.9929449778126449
0.9929449778126449
-0.9934437235094725
0.9934437235094725
-0.9939242452732373
0.9939242452732373
-0.994386534289177
0.994386534289177
-0.9948305820770003
0.9948305820770003
-0.995256380491044
0.995256380491044
-0.9956639217204245
0.9956639217204245
-0.9960531982891833
0.9960531982891833
-0.9964242030564286
0.9964242030564286
-0.9967769292164711
0.9967769292164711
-0.997111370298956
0.997111370298956
-0.997427520168992
0.997427520168992
-0.9977253730272793
0.9977253730272793
-0.9980049234102378
0.9980049234102378
-0.9982661661901421
0.9982661661901421
-0.9985090965752684
0.9985090965752684
-0.9987337101100695
0.9987337101100695
-0.9989400026754011
0.9989400026754011
-0.9991279704888506
0.9991279704888506
-0.999297610105271
0.999297610105271
-0.9994489184177485
0.9994489184177485
-0.9995818926595507
0.9995818926595507
-0.9996965304085074
0.9996965304085074
-0.9997928295981876
0.9997928295981876
-0.9998707885514158
0.9998707885514158
-0.9999304061062786
0.9999304061062786
-0.9999716822921256
0.9999716822921256
-0.9999946255197746
0.9999946255197746