0.00183343596138924903995591312133
0.00183343287985388593516475297133
0.00183343287985388593516475297133
0.00183342363525815516114288192696
0.00183342363525815516114288192696
0.00183340822763313230412503186639
0.00183340822763313230412503186639
0.00183338665703060989176888517135
0.00183338665703060989176888517135
0.00183335892352309721905517826956
0.00183335892352309721905517826956
0.00183332502720382010454866592285
0.00183332502720382010454866592285
0.00183328496818672057702076558664
0.00183328496818672057702076558664
0.00183323874660645649243493525467
0.00183323874660645649243493525467
0.00183318636261840108129607228738
0.00183318636261840108129607228738
0.00183312781639864242636545480312
0.00183312781639864242636545480312
0.00183306310814398287074298128644
0.00183306310814398287074298128644
0.00183299223807193835631869813717
0.00183299223807193835631869813717
0.00183291520642073769259583894674
0.00183291520642073769259583894674
0.00183283201344932175588783334343
0.00183283201344932175588783334343
0.00183274265943734261889197729517
0.00183274265943734261889197729517
0.00183264714468516261064269079658
0.00183264714468516261064269079658
0.00183254546951385330684752289482
0.00183254546951385330684752289482
0.00183243763426519445060929802644
0.00183243763426519445060929802644
0.00183232363930167280353803164359
0.00183232363930167280353803164359
0.00183220348500648092725647710143
0.00183220348500648092725647710143
0.00183207717178351589530339975997
0.00183207717178351589530339975997
0.00183194470005737793543890822036
0.00183194470005737793543890822036
0.00183180607027336900235640656819
0.00183180607027336900235640656819
0.00183166128289749128080596543384
0.00183166128289749128080596543384
0.00183151033841644561913414360084
0.00183151033841644561913414360084
0.00183135323733762989324552579732
0.00183135323733762989324552579732
0.00183118998018913730099147619224
0.00183118998018913730099147619224
0.00183102056751975458699184098613
0.00183102056751975458699184098613
0.00183084499989896019789556733453
0.00183084499989896019789556733453
0.00183066327791692236808643967134
0.00183066327791692236808643967134
0.00183047540218449713584036830674
0.00183047540218449713584036830674
0.0018302813733332262899408989609
0.0018302813733332262899408989609
0.00183008119201533524675984565807
0.00183008119201533524675984565807
0.00182987485890373085781018314663
0.00182987485890373085781018314663
0.0018296623746919991477785687269
0.0018296623746919991477785687269
0.00182944374009440298304509706046
0.00182944374009440298304509706046
0.00182921895584587967069812520117
0.00182921895584587967069812520117
0.00182898802270203848805223872748
0.00182898802270203848805223872748
0.00182875094143915814267766346899
0.00182875094143915814267766346899
0.00182850771285418416294966090467
0.00182850771285418416294966090467
0.00182825833776472621912667886636
0.00182825833776472621912667886636
0.00182800281700905537496626270803
0.00182800281700905537496626270803
0.00182774115144610126988796559753
0.00182774115144610126988796559753
0.00182747334195544923169273005284
0.00182747334195544923169273005284
0.00182719938943733731984844627852
0.00182719938943733731984844627852
0.00182691929481265329935162625878
0.00182691929481265329935162625878
0.00182663305902293154517536593121
0.00182663305902293154517536593121
0.0018263406830303498773140010982
0.0018263406830303498773140010982
0.00182604216781772632643509603185
0.00182604216781772632643509603185
0.00182573751438851583014963699011
0.00182573751438851583014963699011
0.0018254267237668068599115360885
0.0018254267237668068599115360885
0.00182510979699731797855778415982
0.00182510979699731797855778415982
0.00182478673514539432850082438529
0.00182478673514539432850082438529
0.00182445753929700405058495159191
0.00182445753929700405058495159191
0.00182412221055873463361877518284
0.00182412221055873463361877518284
0.00182378075005778919459601669927
0.00182378075005778919459601669927
0.00182343315894198268961714600217
0.00182343315894198268961714600217
0.00182307943837973805552459301093
0.00182307943837973805552459301093
0.00182271958956008228226450484084
0.00182271958956008228226450484084
0.00182235361369264241598825104364
0.00182235361369264241598825104364
0.00182198151200764149290711247237
0.00182198151200764149290711247237
0.00182160328575589440391382206431
0.00182160328575589440391382206431
0.00182121893620880368998485856192
0.00182121893620880368998485856192
0.0018208284646583552683776268714
0.0018208284646583552683776268714
0.00182043187241711408963689139046
0.00182043187241711408963689139046
0.00182002916081821972542506122076
0.00182002916081821972542506122076
0.0018196203312153818871911587151
0.0018196203312153818871911587151
0.00181920538498287587569353529442
0.00181920538498287587569353529442
0.00181878432351553796139163090372
0.00181878432351553796139163090372
0.00181835714822876069572230585889
0.00181835714822876069572230585889
0.0018179238605584881532765061671
0.0018179238605584881532765061671
0.00181748446196121110489225568089
0.00181748446196121110489225568089
0.00181703895391396212168020067003
0.00181703895391396212168020067003
0.00181658733791431060999816456448
0.00181658733791431060999816456448
0.0018161296154803577773914027359
0.0018161296154803577773914027359
0.00181566578815073152951547924279
0.00181566578815073152951547924279
0.00181519585748458129805891946565
0.00181519585748458129805891946565
0.00181471982506157279968302450164
0.00181471982506157279968302450164
0.00181423769248188272599646507331
0.00181423769248188272599646507331
0.00181374946136619336458250453141
0.00181374946136619336458250453141
0.00181325513335568715109693229784
0.00181325513335568715109693229784
0.00181275471011204115245502079916
0.00181275471011204115245502079916
0.00181224819331742148112605058506
0.00181224819331742148112605058506
0.00181173558467447764055417990653
0.00181173558467447764055417990653
0.00181121688590633680172466654699
0.00181121688590633680172466654699
0.00181069209875659801089468115294
0.00181069209875659801089468115294
0.00181016122498932632850818270078
0.00181016122498932632850818270078
0.00180962426638904689931455805953
0.00180962426638904689931455805953
0.00180908122476073895371095886753
0.00180908122476073895371095886753
0.00180853210192982974032850013121
0.00180853210192982974032850013121
0.00180797689974218838988271607737
0.00180797689974218838988271607737
0.00180741562006411971030889984437
0.00180741562006411971030889984437
0.00180684826478235791320318458277
0.00180684826478235791320318458277
0.00180627483580406027159045445062
0.00180627483580406027159045445062
0.00180569533505680070904040483286
0.00180569533505680070904040483286
0.00180510976448856332015330188619
0.00180510976448856332015330188619
0.0018045181260677358224372222109
0.0018045181260677358224372222109
0.00180392042178310293959878407772
0.00180392042178310293959878407772
0.00180331665364383971626961219029
0.00180331665364383971626961219029
0.00180270682367950476419100844187
0.00180270682367950476419100844187
0.00180209093394003343987953152712
0.00180209093394003343987953152712
0.00180146898649573095379641859592
0.00180146898649573095379641859592
0.00180084098343726541104401238491
0.00180084098343726541104401238491
0.00180020692687566078361258743392
0.00180020692687566078361258743392
0.00179956681894228981420119908626
0.00179956681894228981420119908626
0.00179892066178886685163640898556
0.00179892066178886685163640898556
0.00179826845758744061791297071407
0.00179826845758744061791297071407
0.00179761020853038690688078906959
0.00179761020853038690688078906959
0.00179694591683040121460269624828
0.00179694591683040121460269624828
0.00179627558472049130140781788802
0.00179627558472049130140781788802
0.00179559921445396968566553153174
0.00179559921445396968566553153174
0.0017949168083044460693052495901
0.0017949168083044460693052495901
0.00179422836856581969510748831865
0.00179422836856581969510748831865
0.00179353389755227163579191367442
0.00179353389755227163579191367442
0.00179283339759825701492828418046
0.00179283339759825701492828418046
0.00179212687105849715969644010329
0.00179212687105849715969644010329
0.00179141432030797168552171733678
0.00179141432030797168552171733678
0.00179069574774191051261239338572
0.00179069574774191051261239338572
0.00178997115577578581442600175295
0.00178997115577578581442600175295
0.00178924054684530389809157985398
0.00178924054684530389809157985398
0.00178850392340639701681514431224
0.00178850392340639701681514431224
0.00178776128793521511429591612576
0.00178776128793521511429591612576
0.00178701264292811750118104674085
0.00178701264292811750118104674085
0.00178625799090166446358682452009
0.00178625799090166446358682452009
0.0017854973343926088037145694497
0.0017854973343926088037145694497
0.00178473067595788731258965219392
0.00178473067595788731258965219392
0.00178395801817461217495230177144
0.00178395801817461217495230177144
0.00178317936364006230632909419981
0.00178317936364006230632909419981
0.00178239471497167462231424242724
0.00178239471497167462231424242724
0.00178160407480703524009003574738
0.00178160407480703524009003574738
0.00178080744580387061221600466979
0.00178080744580387061221600466979
0.00178000483064003859271661489625
0.00178000483064003859271661489625
0.00177919623201351943549752163135
0.00177919623201351943549752163135
0.00177838165264240672512064293164
0.00177838165264240672512064293164
0.00177756109526489823996853817331
0.00177756109526489823996853817331
0.00177673456263928674782880499019
0.00177673456263928674782880499019
0.00177590205754395073392943520355
0.00177590205754395073392943520355
0.00177506358277734506145629733016
0.00177506358277734506145629733016
0.0017742191411579915645841402154
0.0017742191411579915645841402154
0.00177336873552446957405273919352
0.00177336873552446957405273919352
0.00177251236873540637532003292531
0.00177251236873540637532003292531
0.0017716500436694675993243257052
0.0017716500436694675993243257052
0.00177078176322534754588785656363
0.00177078176322534754588785656363
0.00176990753032175943979426291555
0.00176990753032175943979426291555
0.00176902734789742561957269282167
0.00176902734789742561957269282167
0.00176814121891106765902154613503
0.00176814121891106765902154613503
0.00176724914634139642150505090005
0.00176724914634139642150505090005
0.00176635113318710204705610735462
0.00176635113318710204705610735462
0.00176544718246684387231905775647
0.00176544718246684387231905775647
0.00176453729721924028336626601303
0.00176453729721924028336626601303
0.00176362148050285850142261673742
0.00176362148050285850142261673742
0.00176269973539620430153226888271
0.00176269973539620430153226888271
0.00176177206499771166420222452006
0.00176177206499771166420222452006
0.00176083847242573236005749862405
0.00176083847242573236005749862405
0.00175989896081852546754290090905
0.00175989896081852546754290090905
0.00175895353333424682370666582338
0.00175895353333424682370666582338
0.00175800219315093840810139175269
0.00175800219315093840810139175269
0.00175704494346651765983797530892
0.00175704494346651765983797530892
0.00175608178749876672782845128691
0.00175608178749876672782845128691
0.00175511272848532165425387345503
0.00175511272848532165425387345503
0.00175413776968366149129359580961
0.00175413776968366149129359580961
0.00175315691437109735115253826346
0.00175315691437109735115253826346
0.00175217016584476138942324495739
0.00175217016584476138942324495739
0.00175117752742159572181976747699
0.00175117752742159572181976747699
0.00175017900243834127432062922752
0.00175017900243834127432062922752
0.00174917459425152656675835106357
0.00174917459425152656675835106357
0.00174816430623745642989324198902
0.00174816430623745642989324198902
0.0017471481417922006560093823346
0.0017471481417922006560093823346
0.00174612610433158258307095028435
0.00174612610433158258307095028435
0.00174509819729116761247726595862
0.00174509819729116761247726595862
0.00174406442412625166045515046809
0.00174406442412625166045515046809
0.00174302478831184954312742043067
0.00174302478831184954312742043067
0.00174197929334268329529656138986
0.00174197929334268329529656138986
0.00174092794273317042298284638869
0.00174092794273317042298284638869
0.00173987074001741208975638863719
0.00173987074001741208975638863719
0.00173880768874918123690283976159
0.00173880768874918123690283976159
0.00173773879250191063746266754138
0.00173773879250191063746266754138
0.00173666405486868088418416932315
0.00173666405486868088418416932315
0.0017355834794622083114305994481
0.0017355834794622083114305994481
0.00173449706991483285108201104287
0.00173449706991483285108201104287
0.00173340482987850582247263439884
0.00173340482987850582247263439884
0.00173230676302477765640483590402
0.00173230676302477765640483590402
0.00173120287304478555328092309217
0.00173120287304478555328092309217
0.00173009316364924107539428283583
0.00173009316364924107539428283583
0.0017289776385684176734215610325
0.0017289776385684176734215610325
0.00172785630155213814715781331556
0.00172785630155213814715781331556
0.00172672915636976204053677736278
0.00172672915636976204053677736278
0.0017255962068101729709786382751
0.0017255962068101729709786382751
0.00172445745668176589310787925559
0.00172445745668176589310787925559
0.0017233129098124342968840304325
0.0017233129098124342968840304325
0.00172216257004955734018834914066
0.00172216257004955734018834914066
0.00172100644125998691590968530081
0.00172100644125998691590968530081
0.00171984452733003465357300571671
0.00171984452733003465357300571671
0.00171867683216545885555427114386
0.00171867683216545885555427114386
0.0017175033596914513679255798706
0.0017175033596914513679255798706
0.00171632411385262438597471129219
0.00171632411385262438597471129219
0.00171513909861299719444342254913
0.00171513909861299719444342254913
0.00171394831795598284252907074362
0.00171394831795598284252907074362
0.00171275177588437475369435253968
0.00171275177588437475369435253968
0.00171154947642033327033017209456
0.00171154947642033327033017209456
0.00171034142360537213331686725918
0.00171034142360537213331686725918
0.00170912762150034489652924282372
0.00170912762150034489652924282372
0.00170790807418543127633107827001
0.00170790807418543127633107827001
0.00170668278576012343610499602436
0.00170668278576012343610499602436
0.00170545176034321220586379458233
0.00170545176034321220586379458233
0.00170421500207277323698956909958
0.00170421500207277323698956909958
0.00170297251510615309214716011027
0.00170297251510615309214716011027
0.00170172430361995527041868894486
0.00170172430361995527041868894486
0.00170047037181002616770615617275
0.00170047037181002616770615617275
0.00169921072389144097244929699077
0.00169921072389144097244929699077
0.00169794536409848949670610491545
0.00169794536409848949670610491545
0.00169667429668466194264365241436
0.00169667429668466194264365241436
0.00169539752592263460448705422948
0.00169539752592263460448705422948
0.00169411505610425550597463610211
0.00169411505610425550597463610211
0.00169282689154052997336758840357
0.00169282689154052997336758840357
0.00169153303656160614406260080928
0.00169153303656160614406260080928
0.00169023349551676041085619062289
0.00169023349551676041085619062289
0.00168892827277438280190965366357
0.00168892827277438280190965366357
0.00168761737272196229646378277087
0.00168761737272196229646378277087
0.00168630079976607207635271495797
0.00168630079976607207635271495797
0.00168497855833235471336648405438
0.00168497855833235471336648405438
0.00168365065286550729251207132302
0.00168365065286550729251207132302
0.00168231708782926647122296201293
0.00168231708782926647122296201293
0.00168097786770639347456743111707
0.00168097786770639347456743111707
0.00167963299699865902650599674406
0.00167963299699865902650599674406
0.00167828248022682821724869448274
0.00167828248022682821724869448274
0.00167692632193064530676304093793
0.00167692632193064530676304093793
0.00167556452666881846448376924427
0.00167556452666881846448376924427
0.00167419709901900444527563382228
0.00167419709901900444527563382228
0.00167282404357779320170079592474
0.00167282404357779320170079592474
0.00167144536496069243264251563336
0.00167144536496069243264251563336
0.00167006106780211206833708990258
0.00167006106780211206833708990258
0.00166867115675534869186619001074
0.00166867115675534869186619001074
0.00166727563649256989716196536584
0.00166727563649256989716196536584
0.00166587451170479858357749402508
0.00166587451170479858357749402508
0.00166446778710189718707537352185
0.00166446778710189718707537352185
0.00166305546741255184808745865114
0.00166305546741255184808745865114
0.00166163755738425651609896574355
0.00166163755738425651609896574355
0.00166021406178329699101037565828
0.00166021406178329699101037565828
0.00165878498539473490133078024587
0.00165878498539473490133078024587
0.00165735033302239161925652937206
0.00165735033302239161925652937206
0.00165591010948883211268924775307
0.00165591010948883211268924775307
0.00165446431963534873424750283024
0.00165446431963534873424750283024
0.00165301296832194494732661670703
0.00165301296832194494732661670703
0.00165155606042731898926132678288
0.00165155606042731898926132678288
0.00165009360084884747164621114692
0.00165009360084884747164621114692
0.00164862559450256891786900603735
0.00164862559450256891786900603735
0.00164715204632316723791215373059
0.00164715204632316723791215373059
0.0016456729612639551404781300964
0.0016456729612639551404781300964
0.00164418834429685748249431174013
0.00164418834429685748249431174013
0.00164269820041239455605335315155
0.00164269820041239455605335315155
0.001641202534619665312845254589
0.001641202534619665312845254589
0.00163970135194633052613751154875
0.00163970135194633052613751154875
0.00163819465743859589035994660063
0.00163819465743859589035994660063
0.00163668245616119505835103411199
0.00163668245616119505835103411199
0.00163516475319737261632273793233
0.00163516475319737261632273793233
0.00163364155364886699660109146898
0.00163364155364886699660109146898
0.00163211286263589332819995875064
0.00163211286263589332819995875064
0.00163057868529712622528562404815
0.00163057868529712622528562404815
0.00162903902678968251359006640139
0.00162903902678968251359006640139
0.00162749389228910389483098398551
0.00162749389228910389483098398551
0.00162594328698933954919684163949
0.00162594328698933954919684163949
0.00162438721610272867595542307349
0.00162438721610272867595542307349
0.0016228256848599829722445772685
0.0016228256848599829722445772685
0.00162125869851016905010405638148
0.00162125869851016905010405638148
0.00161968626232069079180755007117
0.00161968626232069079180755007117
0.00161810838157727164355422856242
0.00161810838157727164355422856242
0.00161652506158393684757931397101
0.00161652506158393684757931397101
0.00161493630766299561274340641425
0.00161493630766299561274340641425
0.00161334212515502322366049823573
0.00161334212515502322366049823573
0.00161174251941884308842481627376
0.00161174251941884308842481627376
0.00161013749583150872499683850244
0.00161013749583150872499683850244
0.00160852705978828568630903757062
0.00160852705978828568630903757062
0.00160691121670263342415210975681
0.00160691121670263342415210975681
0.0016052899720061870919026536468
0.0016052899720061870919026536468
0.00160366333114873928615346842419
0.00160366333114873928615346842419
0.00160203129959822172730784704234
0.00160203129959822172730784704234
0.00160039388284068687919944471781
0.00160039388284068687919944471781
0.00159875108638028950779950815009
0.00159875108638028950779950815009
0.00159710291573926817907345562951
0.00159710291573926817907345562951
0.0015954493764579266960490027439
0.0015954493764579266960490027439
0.00159379047409461547515823273403
0.00159379047409461547515823273403
0.0015921262142257128619162146778
0.0015921262142257128619162146778
0.00159045660244560638599897660262
0.00159045660244560638599897660262
0.00158878164436667395578384433343
0.00158878164436667395578384433343
0.00158710134561926499241536038061
0.00158710134561926499241536038061
0.00158541571185168150346020045563
0.00158541571185168150346020045563
0.00158372474873015909621470827347
0.00158372474873015909621470827347
0.00158202846193884793072887215743
0.00158202846193884793072887215743
0.00158032685717979361261076960454
0.00158032685717979361261076960454
0.00157861994017291802567570839689
0.00157861994017291802567570839689
0.00157690771665600010450449505535
0.00157690771665600010450449505535
0.00157519019238465654697546342716
0.00157519019238465654697546342716
0.00157346737313232246683509797577
0.00157346737313232246683509797577
0.00157173926469023198637228790131
0.00157173926469023198637228790131
0.00157000587286739876926144956061
0.00157000587286739876926144956061
0.00156826720349059649363995577723
0.00156826720349059649363995577723
0.00156652326240433926548551153384
0.00156652326240433926548551153384
0.00156477405547086197235931621997
0.00156477405547086197235931621997
0.00156301958857010057758105306778
0.00156301958857010057758105306778
0.00156125986759967235490194664633
0.00156125986759967235490194664633
0.00155949489847485606374232929958
0.00155949489847485606374232929958
0.00155772468712857206506035720514
0.00155772468712857206506035720514
0.00155594923951136237791871629827
0.00155594923951136237791871629827
0.00155416856159137067681635764855
0.00155416856159137067681635764855
0.00155238265935432222985250099447
0.00155238265935432222985250099447
0.00155059153880350377779034403232
0.00155059153880350377779034403232
0.00154879520595974335408811372104
0.00154879520595974335408811372104
0.00154699366686139004596529430185
0.00154699366686139004596529430185
0.00154518692756429369657206494129
0.00154518692756429369657206494129
0.00154337499414178454833017788676
0.00154337499414178454833017788676
0.00154155787268465282751370577533
0.00154155787268465282751370577533
0.0015397355693011282701382842579
0.0015397355693011282701382842579
0.00153790809011685958922767339148
0.00153790809011685958922767339148
0.0015360754412748938835266583118
0.0015360754412748938835266583118
0.00153423762893565598772950652582
0.00153423762893565598772950652582
0.00153239465927692776429339575837
0.00153239465927692776429339575837
0.00153054653849382733690642264841
0.00153054653849382733690642264841
0.00152869327279878826567999871814
0.00152869327279878826567999871814
0.00152683486842153866413563593026
0.00152683486842153866413563593026
0.00152497133160908025805631980676
0.00152497133160908025805631980676
0.00152310266862566738627286350355
0.00152310266862566738627286350355
0.0015212288857527859434558314203
0.0015212288857527859434558314203
0.00151934998928913226498381587229
0.00151934998928913226498381587229
0.00151746598555059195395904506062
0.00151746598555059195395904506062
0.00151557688087021865044149504824
0.00151557688087021865044149504824
0.00151368268159821274297287268092
0.00151368268159821274297287268092
0.00151178339410190002246203038399
0.00151178339410190002246203038399
0.00150987902476571027850356751739
0.00150987902476571027850356751739
0.00150796957999115583820156648107
0.00150796957999115583820156648107
0.00150605506619681004757060503163
0.00150605506619681004757060503163
0.00150413548981828569558637929631
0.00150413548981828569558637929631
0.00150221085730821338095846475337
0.00150221085730821338095846475337
0.00150028117513621982169793498654
0.00150028117513621982169793498654
0.00149834644978890610755275031555
0.00149834644978890610755275031555
0.00149640668776982589538402045408
0.00149640668776982589538402045408
0.00149446189559946354755643714991
0.00149446189559946354755643714991
0.00149251207981521221341636431916
0.00149251207981521221341636431916
0.00149055724697135185393126449671
0.00149055724697135185393126449671
0.00148859740363902720956433148721
0.00148859740363902720956433148721
0.00148663255640622571145838991521
0.00148663255640622571145838991521
0.00148466271187775533600331293822
0.00148466271187775533600331293822
0.00148268787667522240286139970196
0.00148268787667522240286139970196
0.00148070805743700931652534418243
0.00148070805743700931652534418243
0.00147872326081825225148361687378
0.00147872326081825225148361687378
0.0014767334934908187810682703443
0.0014767334934908187810682703443
0.00147473876214328545006036899305
0.00147473876214328545006036899305
0.00147273907348091529112843239819
0.00147273907348091529112843239819
0.00147073443422563528517547045236
0.00147073443422563528517547045236
0.00146872485111601376567037703122
0.00146872485111601376567037703122
0.00146671033090723776703963723685
0.00146671033090723776703963723685
0.00146469088037109031719549129848
0.00146469088037109031719549129848
0.00146266650629592767427688599751
0.00146266650629592767427688599751
0.00146063721548665650767973201171
0.00146063721548665650767973201171
0.00145860301476471102345317284441
0.00145860301476471102345317284441
0.00145656391096803003413875801724
0.00145656391096803003413875801724
0.0014545199109510339731295999596
0.0014545199109510339731295999596
0.00145247102158460185362678052342
0.00145247102158460185362678052342
0.00145041724975604817227045928706
0.00145041724975604817227045928706
0.00144835860236909975752332178807
0.00144835860236909975752332178807
0.00144629508634387256288419153822
0.00144629508634387256288419153822
0.00144422670861684840500981512731
0.00144422670861684840500981512731
0.00144215347614085164682301491261
0.00144215347614085164682301491261
0.0014400753958850258256855887183
0.0014400753958850258256855887183
0.00143799247483481022671452063362
0.00143799247483481022671452063362
0.00143590471999191640132025139832
0.00143590471999191640132025139832
0.00143381213837430463104594099944
0.00143381213837430463104594099944
0.00143171473701616033678683997349
0.00143171473701616033678683997349
0.00142961252296787043346906951198
0.00142961252296787043346906951198
0.00142750550329599963026729380607
0.00142750550329599963026729380607
0.0014253936850832666764409511361
0.0014253936850832666764409511361
0.00142327707542852055286889301441
0.00142327707542852055286889301441
0.0014211556814467166093624632241
0.0014211556814467166093624632241
0.00141902951026889264783723086127
0.00141902951026889264783723086127
0.0014168985690421449514237734837
0.0014168985690421449514237734837
0.00141476286492960425959808819444
0.00141476286492960425959808819444
0.00141262240511041168941238994264
0.00141262240511041168941238994264
0.00141047719677969460290723750725
0.00141047719677969460290723750725
0.00140832724714854242078610853976
0.00140832724714854242078610853976
0.00140617256344398238243372568026
0.00140617256344398238243372568026
0.00140401315290895525235961612599
0.00140401315290895525235961612599
0.00140184902280229097314856712243
0.00140184902280229097314856712243
0.00139968018039868426499981966324
0.00139968018039868426499981966324
0.00139750663298867017193702222691
0.00139750663298867017193702222691
0.00139532838787859955477114564317
0.00139532838787859955477114564317
0.00139314545239061453089873917195
0.00139314545239061453089873917195
0.00139095783386262386101808658945
0.00139095783386262386101808658945
0.00138876553964827828284599951116
0.00138876553964827828284599951116
0.00138656857711694579191816333818
0.00138656857711694579191816333818
0.00138436695365368686955612909103
0.00138436695365368686955612909103
0.00138216067665922965808422199406
0.00138216067665922965808422199406
0.00137994975354994508337981499218
0.00137994975354994508337981499218
0.00137773419175782192484059241979
0.00137773419175782192484059241979
0.00137551399873044183285260579907
0.00137551399873044183285260579907
0.00137328918193095429384310022018
0.00137328918193095429384310022018
0.00137105974883805154300226594898
0.00137105974883805154300226594898
0.00136882570694594342475824581821
0.00136882570694594342475824581821
0.00136658706376433220108990458495
0.00136658706376433220108990458495
0.00136434382681838730776204177963
0.00136434382681838730776204177963
0.00136209600364872005856790463017
0.00136209600364872005856790463017
0.00135984360181135829766403241766
0.00135984360181135829766403241766
0.00135758662887772100008263810663
0.00135758662887772100008263810663
0.00135532509243459282050690729411
0.00135532509243459282050690729411
0.00135305900008409859039476843467
0.00135305900008409859039476843467
0.00135078835944367776353686192499
0.00135078835944367776353686192499
0.0013485131781460588101346089692
0.0013485131781460588101346089692
0.00134623346383923355948445419527
0.00134623346383923355948445419527
0.00134394922418643149135452875247
0.00134394922418643149135452875247
0.00134166046686609397614015308977
0.00134166046686609397614015308977
0.00133936719957184846388477079425
0.00133936719957184846388477079425
0.00133706943001248262225307675698
0.00133706943001248262225307675698
0.00133476716591191842354327453032
0.00133476716591191842354327453032
0.00133246041500918618082556904491
0.00133246041500918618082556904491
0.00133014918505839853329417186629
0.00133014918505839853329417186629
0.00132783348382872438092026688914
0.00132783348382872438092026688914
0.00132551331910436276849355479145
0.00132551331910436276849355479145
0.00132318869868451671914016470061
0.00132318869868451671914016470061
0.00132085963038336701740489135783
0.00132085963038336701740489135783
0.00131852612203004594198588560653
0.00131852612203004594198588560653
0.00131618818146861094821009527282
0.00131618818146861094821009527282
0.00131384581655801830033792245209
0.00131384581655801830033792245209
0.00131149903517209665378573186419
0.00131149903517209665378573186419
0.00130914784519952058735501329054
0.00130914784519952058735501329054
0.00130679225454378408555716915811
0.00130679225454378408555716915811
0.00130443227112317397112306608849
0.00130443227112317397112306608849
0.00130206790287074328778665668364
0.00130206790287074328778665668364
0.00129969915773428463343214497281
0.00129969915773428463343214497281
0.00129732604367630344369433579772
0.00129732604367630344369433579772
0.00129494856867399122610197496416
0.00129494856867399122610197496416
0.00129256674071919874485405323712
0.00129256674071919874485405323712
0.00129018056781840915631921320358
0.00129018056781840915631921320358
0.00128779005799271109534856367062
0.00128779005799271109534856367062
0.00128539521927777171249237160682
0.00128539521927777171249237160682
0.00128299605972380966221126667098
0.00128299605972380966221126667098
0.00128059258739556804217275810344
0.00128059258739556804217275810344
0.00127818481037228728372402818179
0.00127818481037228728372402818179
0.00127577273674767799363213056277
0.00127577273674767799363213056277
0.00127335637462989374718288564665
0.00127335637462989374718288564665
0.00127093573214150383272992860731
0.00127093573214150383272992860731
0.00126851081741946594778552893116
0.00126851081741946594778552893116
0.00126608163861509884674496319984
0.00126608163861509884674496319984
0.001263648203894054940336385435
0.001263648203894054940336385435
0.00126121052143629284688830159756
0.00126121052143629284688830159756
0.00125876859943604989550691679858
0.00125876859943604989550691679858
0.00125632244610181458125578543339
0.00125632244610181458125578543339
0.00125387206965629897243035579425
0.00125387206965629897243035579425
0.00125141747833641107002016174943
0.00125141747833641107002016174943
0.00124895868039322711945157479738
0.00124895868039322711945157479738
0.00124649568409196387470419021295
0.00124649568409196387470419021295
0.00124402849771195081489408109847
0.00124402849771195081489408109847
0.00124155712954660231341731393413
0.00124155712954660231341731393413
0.00123908158790338975974727869106
0.00123908158790338975974727869106
0.00123660188110381363397954572354
0.00123660188110381363397954572354
0.00123411801748337553421812049598
0.00123411801748337553421812049598
0.00123163000539155015689712572346
0.00123163000539155015689712572346
0.0012291378531917572301320987114
0.0012291378531917572301320987114
0.00122664156926133340019524957108
0.00122664156926133340019524957108
0.00122414116199150407120918356039
0.00122414116199150407120918356039
0.00122163663978735519815374805561
0.00122163663978735519815374805561
0.00121912801106780503328082159693
0.00121912801106780503328082159693
0.00121661528426557582603201906978
0.00121661528426557582603201906978
0.00121409846782716547655444338315
0.00121409846782716547655444338315
0.00121157757021281914290976998608
0.00121157757021281914290976998608
0.00120905259989650080207210622308
0.00120905259989650080207210622308
0.00120652356536586476481022286763
0.00120652356536586476481022286763
0.00120399047512222714454991019053
0.00120399047512222714454991019053
0.00120145333768053728031236561502
0.00120145333768053728031236561502
0.00119891216156934911382467438413
0.00119891216156934911382467438413
0.00119636695533079252089859871529
0.00119636695533079252089859871529
0.00119381772752054459717404464456
0.00119381772752054459717404464456
0.00119126448670780089832372916532
0.00119126448670780089832372916532
0.00118870724147524663481572334472
0.00118870724147524663481572334472
0.00118614600041902782133069985463
0.00118614600041902782133069985463
0.00118358077214872238093086578178
0.00118358077214872238093086578178
0.00118101156528731120407771368358
0.00118101156528731120407771368358
0.0011784383884711491625958756317
0.0011784383884711491625958756317
0.00117586125034993607868051643388
0.00117586125034993607868051643388
0.00117328015958668764904585334524
0.00117328015958668764904585334524
0.00117069512485770632431254037337
0.00117069512485770632431254037337
0.00116810615485255214373180574576
0.00116810615485255214373180574576
0.00116551325827401352534438124345
0.00116551325827401352534438124345
0.00116291644383807801167241191041
0.00116291644383807801167241191041
0.00116031572027390297104268412415
0.00116031572027390297104268412415
0.001157711096323786254639659158
0.001157711096323786254639659158
0.00115510258074313680938694817951
0.00115510258074313680938694817951
0.00115249018230044524675601311235
0.00115249018230044524675601311235
0.00114987390977725436760102593923
0.00114987390977725436760102593923
0.00114725377196812964311896684154
0.00114725377196812964311896684154
0.0011446297776806296520341890562
0.0011446297776806296520341890562
0.00114200193573527647410682548168
0.00114200193573527647410682548168
0.00113937025496552604006455888249
0.00113937025496552604006455888249
0.0011367347442177384380574240242
0.0011367347442177384380574240242
0.0011340954123511481767354562189
0.0011340954123511481767354562189
0.0011314522682378344050491465733
0.0011314522682378344050491465733
0.00112880532076269108887280970798
0.00112880532076269108887280970798
0.00112615457882339714455111485613
0.00112615457882339714455111485613
0.0011235000513303865294691760528
0.0011235000513303865294691760528
0.0011208417472068182897467415914
0.0011208417472068182897467415914
0.00111817967538854656515716705117
0.00111817967538854656515716705117
0.00111551384482409055137199998884
0.00111551384482409055137199998884
0.00111284426447460441963214783725
0.00111284426447460441963214783725
0.00111017094331384719394674366502
0.00111017094331384719394674366502
0.00110749389032815258592096722158
0.00110749389032815258592096722158
0.0011048131145163987873142211228
0.0011048131145163987873142211228
0.00110212862488997822043020412184
0.00110212862488997822043020412184
0.0010994404304727672464405651584
0.0010994404304727672464405651584
0.00109674854030109583174396328575
0.00109674854030109583174396328575
0.00109405296342371717246249963977
0.00109405296342371717246249963977
0.00109135370890177727717762833516
0.00109135370890177727717762833516
0.00108865078580878450800779355293
0.00108865078580878450800779355293
0.00108594420323057908013018011752
0.00108594420323057908013018011752
0.00108323397026530251984910455277
0.00108323397026530251984910455277
0.00108052009602336708131371295175
0.00108052009602336708131371295175
0.00107780258962742512198779099623
0.00107780258962742512198779099623
0.0010750814602123384369746301172
0.0010750814602123384369746301172
0.00107235671692514755230003209677
0.00107235671692514755230003209677
0.00106962836892504097725667237495
0.00106962836892504097725667237495
0.00106689642538332441591317994044
0.00106689642538332441591317994044
0.00106416089548338993789142895323
0.00106416089548338993789142895323
0.00106142178842068510851567416742
0.00106142178842068510851567416742
0.00105867911340268207843729879497
0.00105867911340268207843729879497
0.00105593287964884663283907967453
0.00105593287964884663283907967453
0.00105318309639060720032301048426
0.00105318309639060720032301048426
0.00105042977287132382158585926141
0.00105042977287132382158585926141
0.00104767291834625707798677166687
0.00104767291834625707798677166687
0.001044912542082536980111366256
0.001044912542082536980111366256
0.00104214865335913181643690249036
0.00104214865335913181643690249036
0.00103938126146681696220323634625
0.00103938126146681696220323634625
0.00103661037570814364859441214537
0.00103661037570814364859441214537
0.00103383600539740769233587264983
0.00103383600539740769233587264983
0.00103105815986061818581240252824
0.00103105815986061818581240252824
0.00102827684843546614781205301027
0.00102827684843546614781205301027
0.00102549208047129313500142790432
0.00102549208047129313500142790432
0.00102270386532905981423784315611
0.00102270386532905981423784315611
0.00101991221238131449582400377431
0.00101991221238131449582400377431
0.0010171171310121616278109732426
0.0010171171310121616278109732426
0.00101431863061723025145534147573
0.00101431863061723025145534147573
0.00101151672060364241793662795886
0.00101151672060364241793662795886
0.00100871141038998156644108693515
0.00100871141038998156644108693515
0.00100590270940626086371821137539
0.00100590270940626086371821137539
0.001003090627093891505216361975
0.001003090627093891505216361975
0.00100027517290565097790407657775
0.00100027517290565097790407657775
0.00099745635630565128488374422124
0.00099745635630565128488374422124
0.00099463418676930713190445643654
0.00099463418676930713190445643654
0.00099180867378330407588097651287
0.00099180867378330407588097651287
0.00098897982684556663552589515691
0.00098897982684556663552589515691
0.00098614765546522636420216833589
0.00098614765546522636420216833589
0.00098331216916258988510336009214
0.00098331216916258988510336009214
0.00098047337746910688886903975548
0.00098047337746910688886903975548
0.00097763128992733809374290925688
0.00097763128992733809374290925688
0.00097478591609092316838136216252
0.00097478591609092316838136216252
0.00097193726552454861742030160139
0.00097193726552454861742030160139
0.00096908534780391562990816945105
0.00096908534780391562990816945105
0.00096623017251570789071326397488
0.00096623017251570789071326397488
0.00096337174925755935501354756986
0.00096337174925755935501354756986
0.00096051008763802198597727038597
0.00096051008763802198597727038597
0.00095764519727653345574285931651
0.00095764519727653345574285931651
0.00095477708780338480980664523209
0.00095477708780338480980664523209
0.00095190576885968809492712434021
0.00095190576885968809492712434021
0.00094903125009734395065457219605
0.00094903125009734395065457219605
0.000946153541179009164594951168
0.000946153541179009164594951168
0.00094327265177806419151717407384
0.00094327265177806419151717407384
0.00094038859157858063641290824899
0.00094038859157858063641290824899
0.00093750137027528870161822548722
0.00093750137027528870161822548722
0.00093461099757354459810652410583
0.00093461099757354459810652410583
0.00093171748318929792106226983158
0.00093171748318929792106226983158
0.00092882083684905898984522227937
0.00092882083684905898984522227937
0.00092592106828986615245493350374
0.00092592106828986615245493350374
0.00092301818725925305460542444185
0.00092301818725925305460542444185
0.00092011220351521587352006403662
0.00092011220351521587352006403662
0.00091720312682618051655679442841
0.00091720312682618051655679442841
0.0009142909669709697847739638344
0.0009142909669709697847739638344
0.00091137573373877050154714659425
0.00091137573373877050154714659425
0.0009084574369291006063474473499
0.0009084574369291006063474473499
0.00090553608635177621379190344553
0.00090553608635177621379190344553
0.00090261169182687863807671638002
0.00090261169182687863807671638002
0.0008996842631847213829041595193
0.0008996842631847213829041595193
0.00089675381026581709701412527804
0.00089675381026581709701412527804
0.00089382034292084449543139061039
0.00089382034292084449543139061039
0.00089088387101061524653979490606
0.00089088387101061524653979490606
0.00088794440440604082509463927176
0.00088794440440604082509463927176
0.00088500195298809933128473068775
0.00088500195298809933128473068775
0.00088205652664780227595560866505
0.00088205652664780227595560866505
0.00087910813528616133210560579008
0.00087910813528616133210560579008
0.00087615678881415505276650693005
0.00087615678881415505276650693005
0.0008732024971526955553806848838
0.0008732024971526955553806848838
0.00087024527023259517278670289843
0.00087024527023259517278670289843
0.00086728511799453307092548673221
0.00086728511799453307092548673221
0.00086432205038902183337928082785
0.00086432205038902183337928082785
0.00086135607737637401285571466727
0.00086135607737637401285571466727
0.0008583872089266686497294165095
0.0008583872089266686497294165095
0.00085541545501971775775372246603
0.00085541545501971775775372246603
0.0008524408256450327770551392434
0.0008524408256450327770551392434
0.00084946333080179099452332888024
0.00084946333080179099452332888024
0.00084648298049880193170949342513
0.00084648298049880193170949342513
0.0008434997847544737003461467421
0.0008434997847544737003461467421
0.00084051375359677932560136949225
0.00084051375359677932560136949225
0.00083752489706322303718075182235
0.00083752489706322303718075182235
0.00083453322520080652839033639389
0.00083453322520080652839033639389
0.00083153874806599518327398210908
0.00083153874806599518327398210908
0.00082854147572468427193867623273
0.00082854147572468427193867623273
0.0008255414182521651141814295713
0.0008255414182521651141814295713
0.00082253858573309121153149595138
0.00082253858573309121153149595138
0.00081953298826144434782176344022
0.00081953298826144434782176344022
0.00081652463594050065840327056952
0.00081652463594050065840327056952
0.00081351353888279666811690626062
0.00081351353888279666811690626062
0.00081049970721009529813645720423
0.00081049970721009529813645720423
0.00080748315105335184179727112036
0.00080748315105335184179727112036
0.00080446388055267990952490861418
0.00080446388055267990952490861418
0.00080144190585731734297826025068
0.00080144190585731734297826025068
0.00079841723712559209852170899504
0.00079841723712559209852170899504
0.00079538988452488810014102130607
0.00079538988452488810014102130607
0.00079235985823161106191775292721
0.00079235985823161106191775292721
0.00078932716843115428017705779246
0.00078932716843115428017705779246
0.00078629182531786439542389045345
0.00078629182531786439542389045345
0.00078325383909500712418269403825
0.00078325383909500712418269403825
0.00078021321997473296085576697255
0.00078021321997473296085576697255
0.0007771699781780428497156025283
0.0007771699781780428497156025283
0.00077412412393475382714659571506
0.00077412412393475382714659571506
0.00077107566748346463425161209375
0.00077107566748346463425161209375
0.0007680246190715212999390127714
0.0007680246190715212999390127714
0.00076497098895498269460582912872
0.00076497098895498269460582912872
0.00076191478739858605453287973997
0.00076191478739858605453287973997
0.00075885602467571247710772046573
0.00075885602467571247710772046573
0.00075579471106835238699141683417
0.00075579471106835238699141683417
0.00075273085686707097334522557546
0.00075273085686707097334522557546
0.0007496644723709735982333695358
0.0007496644723709735982333695358
0.00074659556788767117631818717314
0.00074659556788767117631818717314
0.00074352415373324552596403442554
0.00074352415373324552596403442554
0.00074045024023221469186641294461
0.00074045024023221469186641294461
0.00073737383771749823932289450156
0.00073737383771749823932289450156
0.0007342949565303825202625068011
0.0007342949565303825202625068011
0.00073121360702048591115034097883
0.00073121360702048591115034097883
0.00072812979954572402288423571152
0.00072812979954572402288423571152
0.00072504354447227488280048713569
0.00072504354447227488280048713569
0.000721954852174544088905627649
0.000721954852174544088905627649
0.0007188637330351299364514101605
0.0007188637330351299364514101605
0.0007157701974447885169702274614
0.0007157701974447885169702274614
0.0007126742558023987898882891033
0.0007126742558023987898882891033
0.0007095759185149276268339705043
0.0007095759185149276268339705043
0.0007064751959973948287588409442
0.0007064751959973948287588409442
0.0007033720986728381159889686678
0.0007033720986728381159889686678
0.0007002666369722780913241924855
0.0007002666369722780913241924855
0.0006971588213346831763031400429
0.0006971588213346831763031400429
0.0006940486622069345207518633294
0.0006940486622069345207518633294
0.0006909361700437908857340520061
0.0006909361700437908857340520061
0.0006878213553078535000208747579
0.0006878213553078535000208747579
0.0006847042284695308901985881176
0.0006847042284695308901985881176
0.0006815848000070036845321410603
0.0006815848000070036845321410603
0.0006784630804061893907030921409
0.0006784630804061893907030921409
0.0006753390801607071475402440292
0.0006753390801607071475402440292
0.000672212809771842450861488004
0.000672212809771842450861488004
0.0006690842797485118535454382814
0.0006690842797485118535454382814
0.000665953500607227639951522994
0.000665953500607227639951522994
0.0006628204828720624748072851883
0.0006628204828720624748072851883
0.0006596852370746140266817333831
0.0006596852370746140266817333831
0.0006565477737539695661636670245
0.0006565477737539695661636670245
0.0006534081034566705388639875857
0.0006534081034566705388639875857
0.0006502662367366771133610910955
0.0006502662367366771133610910955
0.0006471221841553327042085225365
0.0006471221841553327042085225365
0.0006439759562813284701241568354
0.0006439759562813284701241568354
0.0006408275636906677874802550731
0.0006408275636906677874802550731
0.0006376770169666306992138280739
0.0006376770169666306992138280739
0.0006345243266997383392768226943
0.0006345243266997383392768226943
0.0006313695034877173327457289178
0.0006313695034877173327457289178
0.0006282125579354641717102882848
0.0006282125579354641717102882848
0.0006250535006550095670610662349
0.0006250535006550095670610662349
0.0006218923422654827762957326286
0.0006218923422654827762957326286
0.0006187290933930759074639760369
0.0006187290933930759074639760369
0.0006155637646710081993710583499
0.0006155637646710081993710583499
0.0006123963667394902781600968579
0.0006123963667394902781600968579
0.0006092269102456883903932412077
0.0006092269102456883903932412077
0.0006060554058436886127519925307
0.0006060554058436886127519925307
0.0006028818641944610384769915807
0.0006028818641944610384769915807
0.0005997062959658239406676819236
0.0005997062959658239406676819236
0.0005965287118324079125623330682
0.0005965287118324079125623330682
0.0005933491224756199849189869476
0.0005933491224756199849189869476
0.0005901675385836077206179693398
0.0005901675385836077206179693398
0.0005869839708512232866066856655
0.0005869839708512232866066856655
0.0005837984299799875033074981238
0.0005837984299799875033074981238
0.0005806109266780538716095583343
0.0005806109266780538716095583343
0.0005774214716601725775655465369
0.0005774214716601725775655465369
0.0005742300756476544749143449868
0.0005742300756476544749143449868
0.0005710367493683350455507494555
0.0005710367493683350455507494555
0.0005678415035565383380633987337
0.0005678415035565383380633987337
0.0005646443489530408844621777281
0.0005646443489530408844621777281
0.0005614452963050355952164251586
0.0005614452963050355952164251586
0.0005582443563660956327253520106
0.0005582443563660956327253520106
0.0005550415398961382633421517823
0.0005550415398961382633421517823
0.0005518368576613886880733582027
0.0005518368576613886880733582027
0.0005486303204343438520750804922
0.0005486303204343438520750804922
0.0005454219389937362330678204113
0.0005454219389937362330678204113
0.0005422117241244976087916492941
0.0005422117241244976087916492941
0.0005389996866177228036235970288
0.0005389996866177228036235970288
0.000535785837270633414479178514
0.000535785837270633414479178514
0.0005325701868865415161200565324
0.0005325701868865415161200565324
0.0005293527462748133459899132398
0.0005293527462748133459899132398
0.0005261335262508329687006755951
0.0005261335262508329687006755951
0.0005229125376359659202913130804
0.0005229125376359659202913130804
0.0005196897912575228323814989961
0.0005196897912575228323814989961
0.0005164652979487230363424994897
0.0005164652979487230363424994897
0.000513239068548658147607727324
0.000513239068548658147607727324
0.0005100111139022556302454702287
0.0005100111139022556302454702287
0.0005067814448602423419163765481
0.0005067814448602423419163765481
0.0005035500722791080593383538321
0.0005035500722791080593383538321
0.0005003170070210689843816090492
0.0005003170070210689843816090492
0.0004970822599540312309166322798
0.0004970822599540312309166322798
0.0004938458419515542925379991092
0.0004938458419515542925379991092
0.0004906077638928144912869405429
0.0004906077638928144912869405429
0.000487368036662568407495703156
0.000487368036662568407495703156
0.0004841266711511162908767964233
0.0004841266711511162908767964233
0.0004808836782542654529802988305
0.0004808836782542654529802988305
0.0004776390688732936411424694886
0.0004776390688732936411424694886
0.0004743928539149123940489876619
0.0004743928539149123940489876619
0.0004711450442912303790362189375
0.0004711450442912303790362189375
0.000467895650919716711253983814
0.000467895650919716711253983814
0.0004646446847231642548133823624
0.0004646446847231642548133823624
0.0004613921566296529060433074178
0.0004613921566296529060433074178
0.0004581380775725128589793586246
0.0004581380775725128589793586246
0.0004548824584902878532089506981
0.0004548824584902878532089506981
0.0004516253103266984041964916307
0.0004516253103266984041964916307
0.000448366644030605016212590417
0.000448366644030605016212590417
0.0004451064705559713779913393656
0.0004451064705559713779913393656
0.0004418448008618275412398033998
0.0004418448008618275412398033998
0.0004385816459122330821239381266
0.0004385816459122330821239381266
0.0004353170166762402458552501036
0.0004353170166762402458552501036
0.0004320509241278570745026069052
0.0004320509241278570745026069052
0.0004287833792460105181537015612
0.0004287833792460105181537015612
0.000425514393014509529550776012
0.000425514393014509529550776012
0.0004222439764220081423253117373
0.0004222439764220081423253117373
0.0004189721404619685329565030327
0.0004189721404619685329565030327
0.0004156988961326240665784399444
0.0004156988961326240665784399444
0.0004124242544369423267610440827
0.0004124242544369423267610440827
0.0004091482263825881293899219106
0.0004091482263825881293899219106
0.000405870822981886520770427212
0.000405870822981886520770427212
0.0004025920552517857600813578915
0.0004025920552517857600813578915
0.0003993119342138202863038527317
0.0003993119342138202863038527317
0.0003960304708940736697512019909
0.0003960304708940736697512019909
0.0003927476763231415483254426068
0.0003927476763231415483254426068
0.0003894635615360945486267752178
0.0003894635615360945486267752178
0.0003861781375724411920420172661
0.0003861781375724411920420172661
0.000382891415476090785938495271
0.000382891415476090785938495271
0.0003796034062953163000899812434
0.0003796034062953163000899812434
0.0003763141210827172284614946209
0.0003763141210827172284614946209
0.0003730235708951824364800236288
0.0003730235708951824364800236288
0.0003697317667938529939184704486
0.0003697317667938529939184704486
0.0003664387198440849935203950092
0.0003664387198440849935203950092
0.0003631444411154123554934248903
0.0003631444411154123554934248903
0.0003598489416815096179995162746
0.0003598489416815096179995162746
0.0003565522326201547137705959788
0.0003565522326201547137705959788
0.0003532543250131917329784905318
0.0003532543250131917329784905318
0.0003499552299464936724884586779
0.0003499552299464936724884586779
0.0003466549585099251716260926328
0.0003466549585099251716260926328
0.0003433535217973052345878455018
0.0003433535217973052345878455018
0.0003400509309063699396259826729
0.0003400509309063699396259826729
0.0003367471969387351351393495807
0.0003367471969387351351393495807
0.000333442330999859122802003634
0.000333442330999859122802003634
0.0003301363441990053278624818248
0.0003301363441990053278624818248
0.0003268292476492049567472761156
0.0003268292476492049567472761156
0.0003235210524672196421029758094
0.0003235210524672196421029758094
0.000320211769773504075412520761
0.000320211769773504075412520761
0.0003169014106921686273221040136
0.0003169014106921686273221040136
0.0003135899863509419558164815391
0.0003135899863509419558164815391
0.0003102775078811336023818065324
0.0003102775078811336023818065324
0.0003069639864175965762966248179
0.0003069639864175965762966248179
0.0003036494330986899271933677087
0.0003036494330986899271933677087
0.0003003338590662413060345836085
0.0003003338590662413060345836085
0.0002970172754655095146502878457
0.0002970172754655095146502878457
0.0002936996934451470439852140092
0.0002936996934451470439852140092
0.0002903811241571626012074566031
0.0002903811241571626012074566031
0.0002870615787568836258330470785
0.0002870615787568836258330470785
0.0002837410684029187950244527941
0.0002837410684029187950244527941
0.0002804196042571205182248885589
0.0002804196042571205182248885589
0.0002770971974845474212947495867
0.0002770971974845474212947495867
0.0002737738592534268203214900975
0.0002737738592534268203214900975
0.000270449600735117185279973183
0.000270449600735117185279973183
0.0002671244331040705937268094255
0.0002671244331040705937268094255
0.0002637983675377951747196061529
0.0002637983675377951747196061529
0.000260471415216817543160508761
0.000260471415216817543160508761
0.000257143587324645224773097381
0.000257143587324645224773097381
0.0002538148950477290719328024771
0.0002538148950477290719328024771
0.0002504853495754256705837524562
0.0002504853495754256705837524562
0.0002471549620999597384896369967
0.0002471549620999597384896369967
0.0002438237438163865150830827147
0.0002438237438163865150830827147
0.0002404917059225541431975731246
0.0002404917059225541431975731246
0.0002371588596190660429885535612
0.0002371588596190660429885535612
0.0002338252161092432783765799387
0.0002338252161092432783765799387
0.0002304907865990869163758368848
0.0002304907865990869163758368848
0.0002271555822972403797068291631
0.0002271555822972403797068291631
0.0002238196144149517931334544712
0.0002238196144149517931334544712
0.0002204828941660363240130930974
0.0002204828941660363240130930974
0.0002171454327668385176051215701
0.0002171454327668385176051215701
0.0002138072414361946277499678134
0.0002138072414361946277499678134
0.0002104683313953949436094042629
0.0002104683313953949436094042629
0.0002071287138681461132515653152
0.0002071287138681461132515653152
0.0002037884000805334649740279488
0.0002037884000805334649740279488
0.0002004474012609833273886912818
0.0002004474012609833273886912818
0.0001971057286402253494473971137
0.0001971057286402253494473971137
0.0001937633934512548217724899924
0.0001937633934512548217724899924
0.0001904204069292950008782835813
0.0001904204069292950008782835813
0.0001870767803117594381356741247
0.0001870767803117594381356741247
0.0001837325248382143156528467807
0.0001837325248382143156528467807
0.0001803876517503407916325246554
0.0001803876517503407916325246554
0.00017704217229189735823598468
0.00017704217229189735823598468
0.0001736960977086822155555379305
0.0001736960977086822155555379305
0.0001703494392484956659948433992
0.0001703494392484956659948433992
0.000167002208161102534211316033
0.000167002208161102534211316033
0.0001636544156981946188264577676
0.0001636544156981946188264577676
0.0001603060731133531834085946399
0.0001603060731133531834085946399
0.000156957191662011495842955246
0.000156957191662011495842955246
0.0001536077826014174272097543483
0.0001536077826014174272097543483
0.0001502578571905961238001902627
0.0001502578571905961238001902627
0.0001469074266903127690541202878
0.0001469074266903127690541202878
0.0001435565023630354561865886606
0.0001435565023630354561865886606
0.000140205095472898197327172023
0.000140205095472898197327172023
0.0001368532172856641014496777931
0.0001368532172856641014496777931
0.000133500879068688761651736727
0.000133500879068688761651736727
0.0001301480920908839030342331742
0.0001301480920908839030342331742
0.0001267948676226813563139326776
0.0001267948676226813563139326776
0.000123441216935997440448298719
0.000123441216935997440448298719
0.0001200871513041978614274499812
0.0001200871513041978614274499812
0.0001167326820020632660264914461
0.0001167326820020632660264914461
0.0001133778203057556315482165149
0.0001133778203057556315482165149
0.0001100225774927857294151431789
0.0001100225774927857294151431789
0.0001066669648419819775674305136
0.0001066669648419819775674305136
0.0001033109936334611021373827744
0.0001033109936334611021373827744
0.0000999546751486011746201652086
0.0000999546751486011746201652086
0.0000965980206700177940760910343
0.0000965980206700177940760910343
0.0000932410414815444705008346012
0.0000932410414815444705008346012
0.0000898837488682186740281250584
0.0000898837488682186740281250584
0.0000865261541162756039219314016
0.0000865261541162756039219314016
0.0000831682685131525922407660328
0.0000831682685131525922407660328
0.0000798101033475083321070961721
0.0000798101033475083321070961721
0.0000764516699092630368116707932
0.0000764516699092630368116707932
0.0000730929794896685619650867928
0.0000730929794896685619650867928
0.000069734043381422067719517913
0.000069734043381422067719517913
0.000066374872878843989743649968
0.000066374872878843989743649968
0.000063015479278152700296819798
0.000063015479278152700296819798
0.00005965587387788741180385277
0.00005965587387788741180385277
0.000056296067979563303084009384
0.000056296067979563303084009384
0.000052936072888699191178001479
0.000052936072888699191178001479
0.000049575899916458924356830474
0.000049575899916458924356830474
0.000046215560382334295601774043
0.000046215560382334295601774043
0.000042855065618655755775005496
0.000042855065618655755775005496
0.00003949442697843554971830261
0.00003949442697843554971830261
0.0000361336558495586478131961
0.0000361336558495586478131961
0.000032772763681696481194844924
0.000032772763681696481194844924
0.000029411762040293430232841355
0.000029411762040293430232841355
0.000026050662722430041756497756
0.000026050662722430041756497756
0.00002268947802696943566448375
0.00002268947802696943566448375
0.000019328221453491138742901015
0.000019328221453491138742901015
0.000015966909771507157737988482
0.000015966909771507157737988482
0.000012605570372133311489214916
0.000012605570372133311489214916
9.244275253137346820878959e-6
9.244275253137346820878959e-6
5.88338067369254698433115e-6
5.88338067369254698433115e-6
2.52743557326901817577618e-6
2.52743557326901817577618e-6