0
-0.00162650332028973026514979637852
0.00162650332028973026514979637852
-0.00325300233764056513049397564721
0.00325300233764056513049397564721
-0.00487949274912499268552361228993
0.00487949274912499268552361228993
-0.00650597025183826796820797254319
0.00650597025183826796820797254319
-0.00813243054290979636394571135588
0.00813243054290979636394571135588
-0.00975886931951451691417081372541
0.00975886931951451691417081372541
-0.0113852822788842855044985669955
0.0113852822788842855044985669955
-0.0130116651183192579022971693799
0.0130116651183192579022971693799
-0.0146380135351992726135709783226
0.0146380135351992726135709783226
-0.0162643232269952335290418803189
0.0162643232269952335290418803189
-0.0178905898912804923293158215019
0.0178905898912804923293158215019
-0.0195168092257422306190221756417
0.0195168092257422306190221756417
-0.0211429769281928417598143432118
0.0211429769281928417598143432118
-0.0227690886965813123721207718444
0.0227690886965813123721207718444
-0.0243951402290046034755364648213
0.0243951402290046034755364648213
-0.0260211272237190312377460002295
0.0260211272237190312377460002295
-0.0276470453791516473018701190469
0.0276470453791516473018701190469
-0.0292728903939116186621290557092
0.0292728903939116186621290557092
-0.0308986579668016070577169796445
0.0308986579668016070577169796445
-0.0325243437968291478547831908427
0.0325243437968291478547831908427
-0.0341499435832180283864170667452
0.0341499435832180283864170667452
-0.0357754530254196657205351916037
0.0357754530254196657205351916037
-0.0374008678231244838255706129469
0.0374008678231244838255706129469
-0.0390261836762732901038657629184
0.0390261836762732901038657629184
-0.0406513962850686512626722549993
0.0406513962850686512626722549993
-0.0422765013499862684926625189991
0.0422765013499862684926625189991
-0.0439014945717863519238600691867
0.0439014945717863519238600691867
-0.0455263716515249943288971120322
0.0455263716515249943288971120322
-0.0471511282905655440435101912392
0.0471511282905655440435101912392
-0.0487757601905899770741866385526
0.0487757601905899770741866385526
-0.0504002630536102683628767492346
0.0504002630536102683628767492346
-0.052024632581979762178688831096
0.052024632581979762178688831096
-0.0536488644784045416064865855474
0.0536488644784045416064865855474
-0.0552729544459547971023106682975
0.0552729544459547971023106682975
-0.0568968981880761940855487460533
0.0568968981880761940855487460533
-0.0585206914086012395377809138733
0.0585206914086012395377809138733
-0.0601443298117606475782299656826
0.0601443298117606475782299656826
-0.0617678091021947039857487178623
0.0617678091021947039857487178623
-0.0633911249849646296372793727809
0.0633911249849646296372793727809
-0.0650142731655639428327227756228
0.0650142731655639428327227756228
-0.0666372493499298204761583638893
0.0666372493499298204761583638893
-0.0682600492444544580833586344881
0.0682600492444544580833586344881
-0.0698826685559964285855450583839
0.0698826685559964285855450583839
-0.0715051029918920398993355573424
0.0715051029918920398993355573424
-0.0731273482599666912328369213604
0.0731273482599666912328369213604
-0.0747494000685462280978388889205
0.0747494000685462280978388889205
-0.0763712541264682959980700352381
0.0763712541264682959980700352381
-0.0779929061430936927634791161648
0.0779929061430936927634791161648
-0.0796143518283177195005090973747
0.0796143518283177195005090973747
-0.0812355868925815301283347598688
0.0812355868925815301283347598688
-0.0828566070468834794710385136904
0.0828566070468834794710385136904
-0.0844774080027904698757028720309
0.0844774080027904698757028720309
-0.0860979854724492963264019376123
0.0860979854724492963264019376123
-0.0877183351685979900240782323579
0.0877183351685979900240782323579
-0.0893384528045771604022952598849
0.0893384528045771604022952598849
-0.0909583340943413355488603282648
0.0909583340943413355488603282648
-0.0925779747524703010033163777939
0.0925779747524703010033163777939
-0.0941973704941804369003058551801
0.0941973704941804369003058551801
-0.0958165170353360534288140515667
0.0958165170353360534288140515667
-0.097435410092460724577303777189
0.097435410092460724577303777189
-0.0990540453827486201347577801506
0.0990540453827486201347577801506
-0.100672418624075835917649930835
0.100672418624075835917649930835
-0.102290525535011722192870886796
0.102290525535011722192870886796
-0.103908361834830210266638725604
0.103908361834830210266638725604
-0.105525923243521137209429885035
0.105525923243521137209429885035
-0.107143205481801568686970681175
0.107143205481801568686970681175
-0.108760204271127119867334685469
0.108760204271127119867334685469
-0.110376915333703274374196331414
0.110376915333703274374196331414
-0.111993334392496701256296290539
0.111993334392496701256296290539
-0.113609457171246569943179405439
0.113609457171246569943179405439
-0.115225279394475863157271294996
0.115225279394475863157271294996
-0.116840796787502687752365153435
0.116840796787502687752365153435
-0.118456005076451583448595750588
0.118456005076451583448595750588
-0.120070899988264829433983205615
0.120070899988264829433983205615
-0.12168547725071374880263475045
0.12168547725071374880263475045
-0.123299732592410010799698422385
0.123299732592410010799698422385
-0.124913661742816930843168427494
0.124913661742816930843168427494
-0.126527260432260768292647797955
0.126527260432260768292647797955
-0.128140524391942021935179926788
0.128140524391942021935179926788
-0.129753449353946723158266603076
0.129753449353946723158266603076
-0.131366031051257726780196289275
0.131366031051257726780196289275
-0.1329782652177659995078125799
0.1329782652177659995078125799
-0.134590147588281905991859057452
0.134590147588281905991859057452
-0.136201673898546492450043117153
0.136201673898546492450043117153
-0.137812839885242767827967766662
0.137812839885242767827967766662
-0.139423641286006982468086920551
0.139423641286006982468086920551
-0.141034073839439904256846301905
0.141034073839439904256846301905
-0.14264413328511809222017873488
0.14264413328511809222017873488
-0.144253815363605167537529362485
0.144253815363605167537529362485
-0.145863115816463081944593153177
0.145863115816463081944593153177
-0.147472030386263383494953968031
0.147472030386263383494953968031
-0.14908055481659847965082144736
0.14908055481659847965082144736
-0.150688684852092897673069041512
0.150688684852092897673069041512
-0.152296416238414542280783655369
0.152296416238414542280783655369
-0.153903744722285950550544599578
0.153903744722285950550544599578
-0.155510666051495544025656843903
0.155510666051495544025656843903
-0.157117175974908878005570949189
0.157117175974908878005570949189
-0.158723270242479887985729514283
0.158723270242479887985729514283
-0.160328944605262133218087512859
0.160328944605262133218087512859
-0.161934194815420037362561512377
0.161934194815420037362561512377
-0.163539016626240126199670463414
0.163539016626240126199670463414
-0.165143405792142262374638522252
0.165143405792142262374638522252
-0.16674735806869087714323822293
0.16674735806869087714323822293
-0.168350869212606199089660246914
0.168350869212606199089660246914
-0.169953934981775479786704049052
0.169953934981775479786704049052
-0.171556551135264216368591687678
0.171556551135264216368591687678
-0.173158713433327370986715374366
0.173158713433327370986715374366
-0.174760417637420587118637505132
0.174760417637420587118637505132
-0.176361659510211402700670259612
0.176361659510211402700670259612
-0.17796243481559046005437025804
0.17796243481559046005437025804
-0.17956273931868271257729224758
0.17956273931868271257729224758
-0.181162568785858628168354349765
0.181162568785858628168354349765
-0.182761918984745389358176039449
0.182761918984745389358176039449
-0.184360785684238090114758742694
0.184360785684238090114758742694
-0.185959164654510929294887736469
0.185959164654510929294887736469
-0.187557051667028400711642906829
0.187557051667028400711642906829
-0.189154442494556479788414874352
0.189154442494556479788414874352
-0.190751332911173806769832026105
0.190751332911173806769832026105
-0.192347718692282866460013102114
0.192347718692282866460013102114
-0.193943595614621164458569171348
0.193943595614621164458569171348
-0.195538959456272399864788097488
0.195538959456272399864788097488
-0.197133805996677634420443938197
0.197133805996677634420443938197
-0.198728131016646458061683143317
0.198728131016646458061683143317
-0.200321930298368150850448917233
0.200321930298368150850448917233
-0.20191519962542284125591468865
0.20191519962542284125591468865
-0.2035079347827926607564072871
0.2035079347827926607564072871
-0.205100131556872894732310159752
0.205100131556872894732310159752
-0.206691785735483129620446774308
0.206691785735483129620446774308
-0.20828289310787839630045424411
0.20828289310787839630045424411
-0.20987344946476030968366717991
0.20987344946476030968366717991
-0.211463450598288204475041819052
0.211463450598288204475041819052
-0.213052892302090267078660607123
0.213052892302090267078660607123
-0.214641770371274663617367609302
0.214641770371274663617367609302
-0.21623008060244066403709540882
0.21623008060244066403709540882
-0.217817818793689762266454507891
0.217817818793689762266454507891
-0.219404980744636792402166682385
0.219404980744636792402166682385
-0.220991562256421040890934255166
0.220991562256421040890934255166
-0.222577559131717354678347844537
0.222577559131717354678347844537
-0.224162967174747245295445813473
0.224162967174747245295445813473
-0.225747782191289988853549392333
0.225747782191289988853549392333
-0.227331999988693721918008272471
0.227331999988693721918008272471
-0.228915616375886533231502370538
0.228915616375886533231502370538
-0.230498627163387551257556443382
0.230498627163387551257556443382
-0.232081028163318027514935291077
0.232081028163318027514935291077
-0.23366281518941241567359842096
0.23366281518941241567359842096
-0.235243984057029446382904258376
0.235243984057029446382904258376
-0.236824530583163197802765280232
0.236824530583163197802765280232
-0.238404450586454161808466815401
0.238404450586454161808466815401
-0.23998373988720030583987370135
0.23998373988720030583987370135
-0.241562394307368130365760509254
0.241562394307368130365760509254
-0.243140409670603721934012650092
0.243140409670603721934012650092
-0.244717781802243801778457351851
0.244717781802243801778457351851
-0.246294506529326769953095253006
0.246294506529326769953095253006
-0.24787057968060374496451518973
0.24787057968060374496451518973
-0.249445997086549598873286663936
0.249445997086549598873286663936
-0.25102075457937398783513646615
0.25102075457937398783513646615
-0.252594847993032378052727991289
0.252594847993032378052727991289
-0.254168273163237067108873926799
0.254168273163237067108873926799
-0.255741025927468200652025211036
0.255741025927468200652025211036
-0.257313102124984784404891455447
0.257313102124984784404891455447
-0.25888449759683569146706039679
0.25888449759683569146706039679
-0.260455208185870664882496395456
0.260455208185870664882496395456
-0.262025229736751315442810522785
0.262025229736751315442810522785
-0.263594558095962114697207384096
0.263594558095962114697207384096
-0.265163189111821383140026504964
0.265163189111821383140026504964
-0.266731118634492273546808866032
0.266731118634492273546808866032
-0.268298342515993749429832006281
0.268298342515993749429832006281
-0.269864856610211558584070026205
0.269864856610211558584070026205
-0.271430656772909201694547810698
0.271430656772909201694547810698
-0.272995738861738895976071856618
0.272995738861738895976071856618
-0.274560098736252533816333231891
0.274560098736252533816333231891
-0.276123732257912636393391411706
0.276123732257912636393391411706
-0.277686635290103302238561032677
0.277686635290103302238561032677
-0.279248803698141150715736977876
0.279248803698141150715736977876
-0.280810233349286260388206654266
0.280810233349286260388206654266
-0.282370920112753102244011849304
0.282370920112753102244011849304
-0.283930859859721467750936155266
0.283930859859721467750936155266
-0.285490048463347391712207628133
0.285490048463347391712207628133
-0.287048481798774069894020102698
0.287048481798774069894020102698
-0.288606155743142771395990416741
0.288606155743142771395990416741
-0.290163066175603745735682704802
0.290163066175603745735682704802
-0.291719208977327124618344906066
0.291719208977327124618344906066
-0.293274580031513818363016691248
0.293274580031513818363016691248
-0.294829175223406406956182149996
0.294829175223406406956182149996
-0.296382990440300025704154793254
0.296382990440300025704154793254
-0.297936021571553245455396714159
0.297936021571553245455396714159
-0.299488264508598947363988116356
0.299488264508598947363988116356
-0.301039715144955192165477860109
0.301039715144955192165477860109
-0.302590369376236083936360194127
0.302590369376236083936360194127
-0.304140223100162628308437434707
0.304140223100162628308437434707
-0.305689272216573585109343023468
0.305689272216573585109343023468
-0.307237512627436315400514140608
0.307237512627436315400514140608
-0.308784940236857622883917872281
0.308784940236857622883917872281
-0.310331550951094589648849828206
0.310331550951094589648849828206
-0.311877340678565406230139079063
0.311877340678565406230139079063
-0.313422305329860195949108332482
0.313422305329860195949108332482
-0.314966440817751833508653391495
0.314966440817751833508653391495
-0.316509743057206757813821140117
0.316509743057206757813821140117
-0.318052207965395778989280577283
0.318052207965395778989280577283
-0.319593831461704879565096772537
0.319593831461704879565096772537
-0.321134609467746009802233044748
0.321134609467746009802233044748
-0.322674537907367877129222168528
0.322674537907367877129222168528
-0.324213612706666729661462992059
0.324213612706666729661462992059
-0.325751829793997133774614504486
0.325751829793997133774614504486
-0.327289185099982745703575121078
0.327289185099982745703575121078
-0.328825674557527077138550759679
0.328825674557527077138550759679
-0.330361294101824254789731162839
0.330361294101824254789731162839
-0.331896039670369773892109876104
0.331896039670369773892109876104
-0.333429907202971245621999324406
0.333429907202971245621999324406
-0.334962892641759138396808535181
0.334962892641759138396808535181
-0.336494991931197513029667238787
0.336494991931197513029667238787
-0.338026201018094751710496333855
0.338026201018094751710496333855
-0.33955651585161428078514103748
0.33955651585161428078514103748
-0.341085932383285287304199447426
0.341085932383285287304199447426
-0.342614446567013429313195725927
0.342614446567013429313195725927
-0.344142054359091539855763672009
0.344142054359091539855763672009
-0.345668751718210324661523081582
0.345668751718210324661523081582
-0.347194534605469053490348001808
0.347194534605469053490348001808
-0.348719398984386245104742768348
0.348719398984386245104742768348
-0.350243340820910345842058571024
0.350243340820910345842058571024
-0.35176635608343040175830022516
0.35176635608343040175830022516
-0.353288440742786724315289832323
0.353288440742786724315289832323
-0.354809590772281549582971095306
0.354809590772281549582971095306
-0.356329802147689690928655208029
0.356329802147689690928655208029
-0.357849070847269185165026471387
0.357849070847269185165026471387
-0.359367392851771932128743091045
0.359367392851771932128743091045
-0.360884764144454327661485992642
0.360884764144454327661485992642
-0.36240118071108788996532594377
0.36240118071108788996532594377
-0.363916638539969879304296800451
0.363916638539969879304296800451
-0.365431133621933911024080298542
0.365431133621933911024080298542
-0.366944661950360561861725487529
0.366944661950360561861725487529
-0.368457219521187969517343655488
0.368457219521187969517343655488
-0.369968802332922425459737419546
0.369968802332922425459737419546
-0.371479406386648960937940555873
0.371479406386648960937940555873
-0.372989027686041926170663117149
0.372989027686041926170663117149
-0.374497662237375562685654433351
0.374497662237375562685654433351
-0.376005306049534568781014713743
0.376005306049534568781014713743
-0.377511955134024658080504163911
0.377511955134024658080504163911
-0.379017605504983111154916801641
0.379017605504983111154916801641
-0.380522253179189320181604499241
0.380522253179189320181604499241
-0.382025894176075326614255197614
0.382025894176075326614255197614
-0.383528524517736351835047728851
0.383528524517736351835047728851
-0.38503014022894132076132424933
0.38503014022894132076132424933
-0.386530737337143378378939924273
0.386530737337143378378939924273
-0.388030311872490399174468217246
0.388030311872490399174468217246
-0.389528859867835489438458924314
0.389528859867835489438458924314
-0.391026377358747482411964952268
0.391026377358747482411964952268
-0.392522860383521426248572773607
0.392522860383521426248572773607
-0.39401830498318906476419049762
0.39401830498318906476419049762
-0.395512707201529310946866577046
0.395512707201529310946866577046
-0.397006063085078713198931323202
0.397006063085078713198931323202
-0.398498368683141914283772629236
0.398498368683141914283772629236
-0.39998962004780210294957660117
0.39998962004780210294957660117
-0.401479813233931458202383169569
0.401479813233931458202383169569
-0.402968944299201586200826201042
0.402968944299201586200826201042
-0.404457009304093949744947148231
0.404457009304093949744947148231
-0.405944004311910290331490869402
0.405944004311910290331490869402
-0.407429925388783042748111914266
0.407429925388783042748111914266
-0.408914768603685742178939311071
0.408914768603685742178939311071
-0.410398530028443423793967701318
0.410398530028443423793967701318
-0.411881205737743014794762552591
0.411881205737743014794762552591
-0.413362791809143718888987136969
0.413362791809143718888987136969
-0.414843284323087393166278992089
0.414843284323087393166278992089
-0.416322679362908917348023684333
0.416322679362908917348023684333
-0.417800973014846555383593868541
0.417800973014846555383593868541
-0.419278161368052309365641886213
0.419278161368052309365641886213
-0.420754240514602265737054464211
0.420754240514602265737054464211
-0.42222920654950693376219846851
0.42222920654950693376219846851
-0.423703055570721576235107132452
0.423703055570721576235107132452
-0.425175783679156532397276716291
0.425175783679156532397276716291
-0.426647386978687533037764164361
0.426647386978687533037764164361
-0.428117861576166007748297008083
0.428117861576166007748297008083
-0.429587203581429384306127517019
0.429587203581429384306127517019
-0.431055409107311380157383926389
0.431055409107311380157383926389
-0.432522474269652285973692467696
0.432522474269652285973692467696
-0.433988395187309241254864899385
0.433988395187309241254864899385
-0.435453167982166501950467276732
0.435453167982166501950467276732
-0.436916788779145700073106814318
0.436916788779145700073106814318
-0.438379253706216095276294880462
0.438379253706216095276294880462
-0.43984055889440481836976542084
0.43984055889440481836976542084
-0.441300700477807106745149438092
0.441300700477807106745149438092
-0.442759674593596531684927555491
0.442759674593596531684927555491
-0.444217477382035217527604165652
0.444217477382035217527604165652
-0.445674104986484052662068209768
0.445674104986484052662068209768
-0.447129553553412892324127248844
0.447129553553412892324127248844
-0.448583819232410753168223175886
0.448583819232410753168223175886
-0.450036898176195999587359676883
0.450036898176195999587359676883
-0.451488786540626521754293378647
0.451488786540626521754293378647
-0.452939480484709905357062523098
0.452939480484709905357062523098
-0.454388976170613593001948980327
0.454388976170613593001948980327
-0.455837269763675037256991456715
0.455837269763675037256991456715
-0.457284357432411845309189869429
0.457284357432411845309189869429
-0.458730235348531915208563044703
0.458730235348531915208563044703
-0.460174899686943563672244154452
0.460174899686943563672244154452
-0.461618346625765645421820633774
0.461618346625765645421820633774
-0.463060572346337664027147720865
0.463060572346337664027147720865
-0.464501573033229874229887230582
0.464501573033229874229887230582
-0.465941344874253375720045713443
0.465941344874253375720045713443
-0.467379884060470198338808763034
0.467379884060470198338808763034
-0.468817186786203378680990916685
0.468817186786203378680990916685
-0.470253249249047028070443346705
0.470253249249047028070443346705
-0.471688067649876391881784362447
0.471688067649876391881784362447
-0.473121638192857900181840636893
0.473121638192857900181840636893
-0.474553957085459209664210035296
0.474553957085459209664210035296
-0.47598502053845923685037995759
0.47598502053845923685037995759
-0.477414824765958182530858210739
0.477414824765958182530858210739
-0.478843365985387547419796601863
0.478843365985387547419796601863
-0.480270640417520138996610687833
0.480270640417520138996610687833
-0.481696644286480069508122431952
0.481696644286480069508122431952
-0.483121373819752745104775903299
0.483121373819752745104775903299
-0.484544825248194846084499609275
0.484544825248194846084499609275
-0.485966994806044298217812576733
0.485966994806044298217812576733
-0.487387878730930235127794891765
0.487387878730930235127794891765
-0.488807473263882951698567072747
0.488807473263882951698567072747
-0.490225774649343848485946385402
0.490225774649343848485946385402
-0.491642779135175367103972012577
0.491642779135175367103972012577
-0.493058482972670916561014864853
0.493058482972670916561014864853
-0.494472882416564790519211761146
0.494472882416564790519211761146
-0.495885973725042075450987720934
0.495885973725042075450987720934
-0.497297753159748549666454191623
0.497297753159748549666454191623
-0.498708216985800573185495185811
0.498708216985800573185495185811
-0.500117361471794968428377523726
0.500117361471794968428377523726
-0.501525182889818891698745665834
0.501525182889818891698745665834
-0.502931677515459695432885979502
0.502931677515459695432885979502
-0.504336841627814781189169711588
0.504336841627814781189169711588
-0.505740671509501443351608435806
0.505740671509501443351608435806
-0.507143163446666703521480309671
0.507143163446666703521480309671
-0.508544313728997135571010110697
0.508544313728997135571010110697
-0.509944118649728681333110725173
0.509944118649728681333110725173
-0.511342574505656456901218535293
0.511342574505656456901218535293
-0.512739677597144549513279991556
0.512739677597144549513279991556
-0.514135424228135804993971567121
0.514135424228135804993971567121
-0.51552981070616160572926026912
0.51552981070616160572926026912
-0.516922833342351639147436928796
0.516922833342351639147436928796
-0.518314488451443656680779607579
0.518314488451443656680779607579
-0.519704772351793223182029639856
0.519704772351793223182029639856
-0.521093681365383456769888085128
0.521093681365383456769888085128
-0.522481211817834759077765682412
0.522481211817834759077765682412
-0.523867360038414535880044788099
0.523867360038414535880044788099
-0.52525212236004690807013723489
0.52525212236004690807013723489
-0.526635495119322412964647573912
0.526635495119322412964647573912
-0.528017474656507695907976754565
0.528017474656507695907976754565
-0.529398057315555192151726956956
0.529398057315555192151726956956
-0.530777239444112798983294019945
0.530777239444112798983294019945
-0.532155017393533538078059703757
0.532155017393533538078059703757
-0.53353138751888520804962188971
0.53353138751888520804962188971
-0.534906346178960027172526750868
0.534906346178960027172526750868
-0.536279889736284266251992926193
0.536279889736284266251992926193
-0.53765201455712787161514379709
0.53765201455712787161514379709
-0.539022717011514078198290098884
0.539022717011514078198290098884
-0.540391993473229012704831300877
0.540391993473229012704831300877
-0.541759840319831286808370456904
0.541759840319831286808370456904
-0.543126253932661580375663563878
0.543126253932661580375663563878
-0.544491230696852214684050868482
0.544491230696852214684050868482
-0.545854767001336715608044031916
0.545854767001336715608044031916
-0.54721685923885936674976959934
0.54721685923885936674976959934
-0.548577503805984752487995824362
0.548577503805984752487995824362
-0.549936697103107290920496569438
0.549936697103107290920496569438
-0.551294435534460756674532740372
0.551294435534460756674532740372
-0.552650715508127793560258517181
0.552650715508127793560258517181
-0.554005533436049417041886514256
0.554005533436049417041886514256
-0.555358885734034506501472940033
0.555358885734034506501472940033
-0.556710768821769287270210830163
0.556710768821769287270210830163
-0.558061179122826802402146498391
0.558061179122826802402146498391
-0.559410113064676374165261485899
0.559410113064676374165261485899
-0.560757567078693055224889492769
0.560757567078693055224889492769
-0.562103537600167069494465044275
0.562103537600167069494465044275
-0.563448021068313242628627979955
0.563448021068313242628627979955
-0.564791013926280422133735254715
0.564791013926280422133735254715
-0.566132512621160887070859008523
0.566132512621160887070859008523
-0.56747251360399974732637739447
0.56747251360399974732637739447
-0.568811013329804332425292254102
0.568811013329804332425292254102
-0.570148008257553569862435393746
0.570148008257553569862435393746
-0.571483494850207352926752946189
0.571483494850207352926752946189
-0.572817469574715897993885098248
0.572817469574715897993885098248
-0.574149928902029091262286326578
0.574149928902029091262286326578
-0.57548086930710582490815921132
0.57548086930710582490815921132
-0.576810287268923322634502889893
0.576810287268923322634502889893
-0.578138179270486454589605271241
0.578138179270486454589605271241
-0.579464541798837041630336254174
0.579464541798837041630336254174
-0.580789371345063148905627381892
0.580789371345063148905627381892
-0.58211266440430836873555161843
0.58211266440430836873555161843
-0.58343441747578109276144525137
0.58343441747578109276144525137
-0.584754627062763773342542308818
0.584754627062763773342542308818
-0.586073289672622174174620327138
0.586073289672622174174620327138
-0.587390401816814610106184819281
0.587390401816814610106184819281
-0.588705960010901176127748371592
0.588705960010901176127748371592
-0.59001996077455296550978893976
0.59001996077455296550978893976
-0.591332400631561277065000621861
0.591332400631561277065000621861
-0.592643276109846811510478958343
0.592643276109846811510478958343
-0.593952583741468856905511645032
0.593952583741468856905511645032
-0.595260320062634463140674445936
0.595260320062634463140674445936
-0.596566481613707605453961057541
0.596566481613707605453961057541
-0.597871064939218336949704705423
0.597871064939218336949704705423
-0.599174066587871930096078347314
0.599174066587871930096078347314
-0.600475483112558007176989514066
0.600475483112558007176989514066
-0.601775311070359659674215041287
0.601775311070359659674215041287
-0.603073547022562556555650229635
0.603073547022562556555650229635
-0.604370187534664041445576320791
0.604370187534664041445576320791
-0.605665229176382218652879588938
0.605665229176382218652879588938
-0.606958668521665028033184823999
0.606958668521665028033184823999
-0.608250502148699308660895522964
0.608250502148699308660895522964
-0.609540726639919851287162709182
0.609540726639919851287162709182
-0.610829338582018439559833966475
0.610829338582018439559833966475
-0.612116334565952879981464005317
0.612116334565952879981464005317
-0.613401711186956020581497871901
0.613401711186956020581497871901
-0.614685465044544758278767767789
0.614685465044544758278767767789
-0.615967592742529034910474367748
0.615967592742529034910474367748
-0.617248090889020821903853506383
0.617248090889020821903853506383
-0.618526956096443093566759150111
0.618526956096443093566759150111
-0.619804184981538788973423679862
0.619804184981538788973423679862
-0.621079774165379762421686681505
0.621079774165379762421686681505
-0.622353720273375722438013675361
0.622353720273375722438013675361
-0.623626019935283159306656513154
0.623626019935283159306656513154
-0.624896669785214261099337530309
0.624896669785214261099337530309
-0.626165666461645818181869963538
0.626165666461645818181869963538
-0.6274330066074281161741576281
0.6274330066074281161741576281
-0.628698686869793817340047395866
0.628698686869793817340047395866
-0.629962703900366830383538624348
0.629962703900366830383538624348
-0.631225054355171168627884357956
0.631225054355171168627884357956
-0.632485734894639796554149856042
0.632485734894639796554149856042
-0.633744742183623464675824797477
0.633744742183623464675824797477
-0.635002072891399532726116368656
0.635002072891399532726116368656
-0.63625772369168078113458136084
0.63625772369168078113458136084
-0.637511691262624210769786383413
0.637511691262624210769786383413
-0.638763972286839830924716342097
0.638763972286839830924716342097
-0.640014563451399435521682435098
0.640014563451399435521682435098
-0.641263461447845367513512085681
0.641263461447845367513512085681
-0.642510662972199271457834456574
0.642510662972199271457834456574
-0.643756164724970834241306479854
0.643756164724970834241306479854
-0.64499996341116651393065568547
0.64499996341116651393065568547
-0.64624205574029825672744752227
0.64624205574029825672744752227
-0.647482438426392202003516337139
0.647482438426392202003516337139
-0.648721108187997375394030710658
0.648721108187997375394030710658
-0.649958061748194369925195441409
0.649958061748194369925195441409
-0.651193295834604015153624125575
0.651193295834604015153624125575
-0.652426807179396034294447993804
0.652426807179396034294447993804
-0.653658592519297689315258443303
0.653658592519297689315258443303
-0.654888648595602413973012539647
0.654888648595602413973012539647
-0.656116972154178434771062659911
0.656116972154178434771062659911
-0.657343559945477379813503406198
0.657343559945477379813503406198
-0.658568408724542875534060936472
0.658568408724542875534060936472
-0.65979151525101913127678193768
0.65979151525101913127678193768
-0.66101287628915951170581160441
0.66101287628915951170581160441
-0.662232488607835097021582184633
0.662232488607835097021582184633
-0.663450348980543230960765912423
0.663450348980543230960765912423
-0.664666454185416056557378465787
0.664666454185416056557378465787
-0.665880801005229039642451465761
0.665880801005229039642451465761
-0.66709338622740948005972497078
0.66709338622740948005972497078
-0.668304206644045010574843417741
0.668304206644045010574843417741
-0.669513259051892083455571018222
0.669513259051892083455571018222
-0.670720540252384444700575234813
0.670720540252384444700575234813
-0.671926047051641595894359638421
0.671926047051641595894359638421
-0.67312977626047724366596018261
0.67312977626047724366596018261
-0.674331724694407736729051725483
0.674331724694407736729051725483
-0.67553188917366049048114448315
0.67553188917366049048114448315
-0.676730266523182399139583011476
0.676730266523182399139583011476
-0.677926853572648235392093284352
0.677926853572648235392093284352
-0.679121647156469037539656467198
0.679121647156469037539656467198
-0.680314644113800484109521073627
0.680314644113800484109521073627
-0.681505841288551255916198341169
0.681505841288551255916198341169
-0.682695235529391385548318868456
0.682695235529391385548318868456
-0.683882823689760594259261821394
0.683882823689760594259261821394
-0.685068602627876616239501339313
0.685068602627876616239501339313
-0.686252569206743510248648153964
0.686252569206743510248648153964
-0.687434720294159958585197874359
0.687434720294159958585197874359
-0.688615052762727553372030888701
0.688615052762727553372030888701
-0.68979356348985907013574239106
0.68979356348985907013574239106
-0.6909702493577867286579146548
0.6909702493577867286579146548
-0.692145107253570441076477347011
0.692145107253570441076477347011
-0.693318134069106047215335408313
0.693318134069106047215335408313
-0.694489326701133537120477810207
0.694489326701133537120477810207
-0.695658682051245260780814347556
0.695658682051245260780814347556
-0.696826197025894125012021526836
0.696826197025894125012021526836
-0.697991868536401777481712571193
0.697991868536401777481712571193
-0.699155693498966777854280581197
0.699155693498966777854280581197
-0.700317668834672756033797965274
0.700317668834672756033797965274
-0.701477791469496557483389386066
0.701477791469496557483389386066
-0.702636058334316375599529658387
0.702636058334316375599529658387
-0.703792466364919871119752280801
0.703792466364919871119752280801
-0.704947012502012278542288586175
0.704947012502012278542288586175
-0.706099693691224499536191856684
0.706099693691224499536191856684
-0.707250506883121183320535165613
0.707250506883121183320535165613
-0.708399449033208793991306181826
0.708399449033208793991306181826
-0.70954651710194366477465670281
0.70954651710194366477465670281
-0.710691708054740039185199268761
0.710691708054740039185199268761
-0.711835018861978099068077853035
0.711835018861978099068077853035
-0.712976446499011979503574323499
0.712976446499011979503574323499
-0.714115987946177770553047124654
0.714115987946177770553047124654
-0.715253640188801505825033441852
0.715253640188801505825033441852
-0.716389400217207137840380976405
0.716389400217207137840380976405
-0.717523265026724500175310383734
0.717523265026724500175310383734
-0.718655231617697256361344405889
0.718655231617697256361344405889
-0.719785296995490835521074764698
0.719785296995490835521074764698
-0.72091345817050035471877297232
0.72091345817050035471877297232
-0.722039712158158528004886362068
0.722039712158158528004886362068
-0.723164055978943562133495843906
0.723164055978943562133495843906
-0.72428648665838703893184714589
0.72428648665838703893184714589
-0.725407001227081784301102614962
0.725407001227081784301102614962
-0.726525596720689723827496017832
0.726525596720689723827496017832
-0.727642270179949724983108205041
0.727642270179949724983108205041
-0.728757018650685425895516978681
0.728757018650685425895516978681
-0.729869839183813050665610036471
0.729869839183813050665610036471
-0.73098072883534921121288545194
0.73098072883534921121288545194
-0.732089684666418695627599792214
0.732089684666418695627599792214
-0.733196703743262243009159671199
0.733196703743262243009159671199
-0.734301783137244304770188286861
0.734301783137244304770188286861
-0.735404919924860792385734296507
0.735404919924860792385734296507
-0.736506111187746811567126243589
0.736506111187746811567126243589
-0.737605354012684382840011663353
0.737605354012684382840011663353
-0.738702645491610148506155962557
0.738702645491610148506155962557
-0.739797982721623065968612190514
0.739797982721623065968612190514
-0.740891362804992087399908894556
0.740891362804992087399908894556
-0.741982782849163825732939382815
0.741982782849163825732939382815
-0.7430722399667702069542719007
0.7430722399667702069542719007
-0.7441597312756361086796364646
0.7441597312756361086796364646
-0.745245253898786984991380387049
0.745245253898786984991380387049
-0.74632880496445647751772087178
0.74632880496445647751772087178
-0.747410381606094012733659454597
0.747410381606094012733659454597
-0.748489980962372385463459516821
0.748489980962372385463459516821
-0.749567600177195328564624602033
0.749567600177195328564624602033
-0.750643236399705068773351823878
0.750643236399705068773351823878
-0.751716886784289868691471262727
0.751716886784289868691471262727
-0.752788548490591554894918911917
0.752788548490591554894918911917
-0.753858218683513032143827449942
0.753858218683513032143827449942
-0.754925894533225783674355883408
0.754925894533225783674355883408
-0.755991573215177357552415926468
0.755991573215177357552415926468
-0.757055251910098839069489855984
0.757055251910098839069489855984
-0.75811692780401230916077150746
0.75811692780401230916077150746
-0.759176598088238288825899055
0.759176598088238288825899055
-0.760234259959403169532585248853
0.760234259959403169532585248853
-0.761289910619446629583487866613
0.761289910619446629583487866613
-0.762343547275629036426700268548
0.762343547275629036426700268548
-0.763395167140538834890279133954
0.763395167140538834890279133954
-0.764444767432099921321263693564
0.764444767432099921321263693564
-0.765492345373579003609678062939
0.765492345373579003609678062939
-0.76653789819359294707804562326
0.76653789819359294707804562326
-0.767581423126116106216981788944
0.767581423126116106216981788944
-0.768622917410487642247468945907
0.768622917410487642247468945907
-0.769662378291418826490454840059
0.769662378291418826490454840059
-0.770699803019000329524453242506
0.770699803019000329524453242506
-0.77173518884870949611186331605
0.77173518884870949611186331605
-0.772768533041417605874761756595
0.772768533041417605874761756595
-0.7737998328633971197009594831
0.7737998328633971197009594831
-0.774829085586328911861152400478
0.774829085586328911861152400478
-0.775856288487309487818033561404
0.775856288487309487818033561404
-0.776881438848858187708271905094
0.776881438848858187708271905094
-0.777904533958924375478300653777
0.777904533958924375478300653777
-0.778925571110894613654896400668
0.778925571110894613654896400668
-0.77994454760359982373156792659
0.77994454760359982373156792659
-0.780961460741322432151811836034
0.780961460741322432151811836034
-0.781976307833803501870330207116
0.781976307833803501870330207116
-0.782989086196249849473343603638
0.782989086196249849473343603638
-0.783999793149341147839171001078
0.783999793149341147839171001078
-0.785008426019237014320286431792
0.785008426019237014320286431792
-0.786014982137584084428100457864
0.786014982137584084428100457864
-0.78701945884152307100175293278
0.78701945884152307100175293278
-0.788021853473695808842241915422
0.788021853473695808842241915422
-0.789022163382252284793252051495
0.789022163382252284793252051495
-0.79002038592085765325008423854
0.79002038592085765325008423854
-0.791016518448699237078126940804
0.791016518448699237078126940804
-0.792010558330493513922348119584
0.792010558330493513922348119584
-0.793002502936493087889325392896
0.793002502936493087889325392896
-0.793992349642493646583370735504
0.793992349642493646583370735504
-0.794980095829840903478344776341
0.794980095829840903478344776341
-0.79596573888543752560679454496
0.79596573888543752560679454496
-0.796949276201750046548087361964
0.796949276201750046548087361964
-0.797930705176815764697252460032
0.797930705176815764697252460032
-0.79891002321424962679628086233
0.79891002321424962679628086233
-0.799887227723251096709673033447
0.799887227723251096709673033447
-0.800862316118611009426062854592
0.800862316118611009426062854592
-0.801835285820718410267785559425
0.801835285820718410267785559425
-0.802806134255567379290296399506
0.802806134255567379290296399506
-0.803774858854763840853385988816
0.803774858854763840853385988816
-0.804741457055532358346177505081
0.804741457055532358346177505081
-0.805705926300722914047930201476
0.805705926300722914047930201476
-0.806668264038817674106713005799
0.806668264038817674106713005799
-0.807628467723937738618051355061
0.807628467723937738618051355061
-0.808586534815849876785689831726
0.808586534815849876785689831726
-0.809542462779973247146652633317
0.809542462779973247146652633317
-0.810496249087386102842823419731
0.810496249087386102842823419731
-0.811447891214832481921305642275
0.811447891214832481921305642275
-0.812397386644728882645864065055
0.812397386644728882645864065055
-0.813344732865170923801787842716
0.813344732865170923801787842716
-0.814289927369939989976555218724
0.814289927369939989976555218724
-0.815232967658509861798719655109
0.815232967658509861798719655109
-0.816173851236053331117476997835
0.816173851236053331117476997835
-0.817112575613448801105413121657
0.817112575613448801105413121657
-0.818049138307286871266971384269
0.818049138307286871266971384269
-0.818983536839876907335219151715
0.818983536839876907335219151715
-0.819915768739253596039532635254
0.819915768739253596039532635254
-0.820845831539183484726859304138
0.820845831539183484726859304138
-0.821773722779171505819257208806
0.821773722779171505819257208806
-0.822699440004467486090450664925
0.822699440004467486090450664925
-0.823622980766072640744181910187
0.823622980766072640744181910187
-0.82454434262074605227717855291
0.82454434262074605227717855291
-0.825463523131011134109596883987
0.825463523131011134109596883987
-0.82638051986516207896584142165
0.82638051986516207896584142165
-0.827295330397270291988701401619
0.827295330397270291988701401619
-0.828207952307190808569785313456
0.828207952307190808569785313456
-0.829118383180568696879275017236
0.829118383180568696879275017236
-0.830026620608845445078061452832
0.830026620608845445078061452832
-0.830932662189265333195364477131
0.830932662189265333195364477131
-0.831836505524881789654979932171
0.831836505524881789654979932171
-0.832738148224563732433337659545
0.832738148224563732433337659545
-0.833637587903001894832594833163
0.833637587903001894832594833163
-0.834534822180715135852029683658
0.834534822180715135852029683658
-0.835429848684056735141041433179
0.835429848684056735141041433179
-0.836322665045220672517103048884
0.836322665045220672517103048884
-0.837213268902247892032054257172
0.837213268902247892032054257172
-0.838101657899032550570163138253
0.838101657899032550570163138253
-0.838987829685328250961425542162
0.838987829685328250961425542162
-0.839871781916754259593612532477
0.839871781916754259593612532477
-0.840753512254801708506617072848
0.840753512254801708506617072848
-0.841633018366839781952692223752
0.841633018366839781952692223752
-0.842510297926121887406214212647
0.842510297926121887406214212647
-0.84338534861179181100664487973
0.84338534861179181100664487973
-0.844258168108889857418409183728
0.844258168108889857418409183728
-0.845128754108358974091444677471
0.845128754108358974091444677471
-0.845997104307050859906221131277
0.845997104307050859906221131277
-0.84686321640773205818706979331
0.84686321640773205818706979331
-0.847727088119090034067703129998
0.847727088119090034067703129998
-0.848588717155739236192847286105
0.848588717155739236192847286105
-0.849448101238227142739950943172
0.849448101238227142739950943172
-0.850305238093040291744975736504
0.850305238093040291744975736504
-0.851160125452610295716314914726
0.851160125452610295716314914726
-0.852012761055319840520928491943
0.852012761055319840520928491943
-0.852863142645508668526824750668
0.852863142645508668526824750668
-0.853711267973479545986059603772
0.853711267973479545986059603772
-0.854557134795504214642467015709
0.854557134795504214642467015709
-0.855400740873829327548375417014
0.855400740873829327548375417014
-0.856242083976682369074606821447
0.856242083976682369074606821447
-0.857081161878277559098097172141
0.857081161878277559098097172141
-0.857917972358821741351518301475
0.857917972358821741351518301475
-0.858752513204520255919323789069
0.858752513204520255919323789069
-0.859584782207582795864682943271
0.859584782207582795864682943271
-0.860414777166229247971809113462
0.860414777166229247971809113462
-0.861242495884695517588230563555
0.861242495884695517588230563555
-0.86206793617323933755159420093
0.86206793617323933755159420093
-0.862891095848146061185634559704
0.862891095848146061185634559704
-0.863711972731734439349982582548
0.863711972731734439349982582548
-0.864530564652362381528530931124
0.864530564652362381528530931124
-0.865346869444432700941114781491
0.865346869444432700941114781491
-0.866160884948398843663309327455
0.866160884948398843663309327455
-0.86697260901077060173918752165
0.86697260901077060173918752165
-0.867782039484119810271923931072
0.867782039484119810271923931072
-0.868589174227086028477172970667
0.868589174227086028477172970667
-0.869394011104382204684192205392
0.869394011104382204684192205392
-0.870196547986800325269723877679
0.870196547986800325269723877679
-0.870996782751217047509690323444
0.870996782751217047509690323444
-0.871794713280599316333801485513
0.871794713280599316333801485513
-0.872590337464009964968215318473
0.872590337464009964968215318473
-0.873383653196613299451434503466
0.873383653196613299451434503466
-0.874174658379680667008665555059
0.874174658379680667008665555059
-0.874963350920596008269909105121
0.874963350920596008269909105121
-0.875749728732861393317092890348
0.875749728732861393317092890348
-0.876533789736102541545601750674
0.876533789736102541545601750674
-0.877315531856074325325601765128
0.877315531856074325325601765128
-0.878094953024666257448598509706
0.878094953024666257448598509706
-0.878872051179907962344712318271
0.878872051179907962344712318271
-0.879646824265974631056196362454
0.879646824265974631056196362454
-0.880419270233192459952766339673
0.880419270233192459952766339673
-0.881189387038044073174353569802
0.881189387038044073174353569802
-0.88195717264317392878693635046
0.88195717264317392878693635046
-0.882722625017393708637147508274
0.882722625017393708637147508274
-0.883485742135687691891399208731
0.883485742135687691891399208731
-0.884246521979218112245309250188
0.884246521979218112245309250188
-0.885004962535330498789256268186
0.885004962535330498789256268186
-0.885761061797559000515934514297
0.885761061797559000515934514297
-0.886514817765631694455822149175
0.886514817765631694455822149175
-0.887266228445475877426520302233
0.887266228445475877426520302233
-0.888015291849223341381963500229
0.888015291849223341381963500229
-0.888762005995215632347545453974
0.888762005995215632347545453974
-0.889506368908009292927247616226
0.889506368908009292927247616226
-0.890248378618381088368901384486
0.890248378618381088368901384486
-0.890988033163333216173758319775
0.890988033163333216173758319775
-0.891725330586098499236586286393
0.891725330586098499236586286393
-0.892460268936145562502552988082
0.892460268936145562502552988082
-0.893192846269183993127201982737
0.893192846269183993127201982737
-0.893923060647169484125869900852
0.893923060647169484125869900852
-0.894650910138308961498937271918
0.894650910138308961498937271918
-0.895376392817065694819349078195
0.895376392817065694819349078195
-0.896099506764164391268884906208
0.896099506764164391268884906208
-0.896820250066596273109702353143
0.896820250066596273109702353143
-0.897538620817624138577721167739
0.897538620817624138577721167739
-0.898254617116787406184459463263
0.898254617116787406184459463263
-0.898968237069907142413977233552
0.898968237069907142413977233552
-0.899679478789091072801626331834
0.899679478789091072801626331834
-0.900388340392738576381350035972
0.900388340392738576381350035972
-0.901094820005545663488319322731
0.901094820005545663488319322731
-0.901798915758509936903737007678
0.901798915758509936903737007678
-0.902500625788935536328684976101
0.902500625788935536328684976101
-0.903199948240438066173933833872
0.903199948240438066173933833872
-0.903896881262949506652678445365
0.903896881262949506652678445365
-0.904591423012723108163206998149
0.904591423012723108163206998149
-0.905283571652338268948555441252
0.905283571652338268948555441252
-0.905973325350705396020243385064
0.905973325350705396020243385064
-0.906660682283070749333231826432
0.906660682283070749333231826432
-0.907345640631021269199287371934
0.907345640631021269199287371934
-0.908028198582489386925981975777
0.908028198582489386925981975777
-0.908708354331757818668601585921
0.908708354331757818668601585921
-0.909386106079464342482281502926
0.909386106079464342482281502926
-0.910061452032606558561730700473
0.910061452032606558561730700473
-0.910734390404546632655951834394
0.910734390404546632655951834394
-0.911404919415016022645408178279
0.911404919415016022645408178279
-0.912073037290120188269133268173
0.912073037290120188269133268173
-0.912738742262343283989323616405
0.912738742262343283989323616405
-0.913402032570552834980999465108
0.913402032570552834980999465108
-0.914062906460004396234363193398
0.914062906460004396234363193398
-0.914721362182346194757529668261
0.914721362182346194757529668261
-0.915377397995623754867347537994
0.915377397995623754867347537994
-0.916031012164284506556075208279
0.916031012164284506556075208279
-0.916682202959182376921720014665
0.916682202959182376921720014665
-0.917330968657582364649893911118
0.917330968657582364649893911118
-0.917977307543165097535083832442
0.917977307543165097535083832442
-0.918621217906031373029279758474
0.918621217906031373029279758474
-0.919262698042706681805948410028
0.919262698042706681805948410028
-0.919901746256145714327385440418
0.919901746256145714327385440418
-0.920538360855736850403523951948
0.920538360855736850403523951948
-0.921172540157306631730322163869
0.921172540157306631730322163869
-0.921804282483124217395898086876
0.921804282483124217395898086876
-0.922433586161905822342624119143
0.922433586161905822342624119143
-0.923060449528819138773439569984
0.923060449528819138773439569984
-0.923684870925487740490684239491
0.923684870925487740490684239491
-0.924306848699995470155801335671
0.924306848699995470155801335671
-0.924926381206890809458303194705
0.924926381206890809458303194705
-0.925543466807191232182438484734
0.925543466807191232182438484734
-0.926158103868387540160044819054
0.926158103868387540160044819054
-0.926770290764448182098115980524
0.926770290764448182098115980524
-0.927380025875823555269658265373
0.927380025875823555269658265373
-0.927987307589450290056455791179
0.927987307589450290056455791179
-0.928592134298755517332409980603
0.928592134298755517332409980603
-0.929194504403661118676163829254
0.929194504403661118676163829254
-0.929794416310587959401766992845
0.929794416310587959401766992845
-0.930391868432460104396183185289
0.930391868432460104396183185289
-0.930986859188709016752486865677
0.930986859188709016752486865677
-0.931579387005277739187641707852
0.931579387005277739187641707852
-0.932169450314625058233798891562
0.932169450314625058233798891562
-0.932757047555729651192098828765
0.932757047555729651192098828765
-0.933342177174094215838005542491
0.933342177174094215838005542491
-0.933924837621749582867248548542
0.933924837621749582867248548542
-0.934505027357258811071492752262
0.934505027357258811071492752262
-0.935082744845721265232902563331
0.935082744845721265232902563331
-0.935657988558776676726812151085
0.935657988558776676726812151085
-0.936230756974609186821759511012
0.936230756974609186821759511012
-0.936801048577951372666187789739
0.936801048577951372666187789739
-0.937368861860088255951163120915
0.937368861860088255951163120915
-0.937934195318861294238504057751
0.937934195318861294238504057751
-0.938497047458672354943763549505
0.938497047458672354943763549505
-0.939057416790487671963550298819
0.939057416790487671963550298819
-0.939615301831841784936722254297
0.939615301831841784936722254297
-0.940170701106841461129030938137
0.940170701106841461129030938137
-0.940723613146169599930841281619
0.940723613146169599930841281619
-0.941274036487089119957597642
0.941274036487089119957597642
-0.941821969673446828742752702441
0.941821969673446828742752702441
-0.942367411255677275012922012163
0.942367411255677275012922012163
-0.942910359790806583535073006769
0.942910359790806583535073006769
-0.943450813842456272525603458613
0.943450813842456272525603458613
-0.943988771980847053611210444026
0.943988771980847053611210444026
-0.94452423278280261433149707809
0.94452423278280261433149707809
-0.945057194831753383173310458328
0.945057194831753383173310458328
-0.945587656717740277126850476049
0.945587656717740277126850476049
-0.946115617037418431753635398059
0.946115617037418431753635398059
-0.946641074394060913756456391884
0.946641074394060913756456391884
-0.947164027397562416041499464464
0.947164027397562416041499464464
-0.947684474664442935262859607366
0.947684474664442935262859607366
-0.948202414817851431839718290763
0.948202414817851431839718290763
-0.948717846487569472436501823743
0.948717846487569472436501823743
-0.9492307683100148548963844997
0.9492307683100148548963844997
-0.949741178928245215618546872638
0.949741178928245215618546872638
-0.95024907699196161936964596302
0.95024907699196161936964596302
-0.950754461157512131520000670208
0.950754461157512131520000670208
-0.951257330087895372695042172517
0.951257330087895372695042172517
-0.951757682452764055832625625305
0.951757682452764055832625625305
-0.952255516928428505636846022255
0.952255516928428505636846022255
-0.952750832197860160419047664962
0.952750832197860160419047664962
-0.953243626950695056316763291083
0.953243626950695056316763291083
-0.953733899883237293881365541454
0.953733899883237293881365541454
-0.954221649698462487025260101721
0.954221649698462487025260101721
-0.954706875106021194319496534014
0.954706875106021194319496534014
-0.955189574822242332632719518998
0.955189574822242332632719518998
-0.955669747570136573102429958093
0.955669747570136573102429958093
-0.956147392079399719429572139777
0.956147392079399719429572139777
-0.956622507086416068487509952483
0.956622507086416068487509952483
-0.957095091334261753236501929743
0.957095091334261753236501929743
-0.95756514357270806793483174067
0.95756514357270806793483174067
-0.958032662558224775637797590681
0.958032662558224775637797590681
-0.95849764705398339797581087342
0.95849764705398339797581087342
-0.958960095829860487202901315043
0.958960095829860487202901315043
-0.959420007662440880506972776411
0.959420007662440880506972776411
-0.959877381335020936573200827154
0.959877381335020936573200827154
-0.960332215637611754392010178016
0.960332215637611754392010178016
-0.960784509366942374303117054337
0.960784509366942374303117054337
-0.961234261326462961267168613891
0.961234261326462961267168613891
-0.961681470326347970356558556561
0.961681470326347970356558556561
-0.96212613518349929445704514152
0.96212613518349929445704514152
-0.962568254721549394171844919557
0.962568254721549394171844919557
-0.963007827770864409919922604099
0.963007827770864409919922604099
-0.963444853168547256220244644136
0.963444853168547256220244644136
-0.96387932975844069815381122584
0.96387932975844069815381122584
-0.96431125639113040999532861707
0.96431125639113040999532861707
-0.964740631923948016006430980248
0.964740631923948016006430980248
-0.965167455220974113382408014312
0.965167455220974113382408014312
-0.965591725153041277344442045633
0.965591725153041277344442045633
-0.96601344059773704836940547098
0.96601344059773704836940547098
-0.96643260043940690154931676295
0.96643260043940690154931676295
-0.966849203569157198072600579717
0.966849203569157198072600579717
-0.967263248884858118819344876812
0.967263248884858118819344876812
-0.967674735291146580062795298758
0.967674735291146580062795298758
-0.9680836616994291312693745332
0.9680836616994291312693745332
-0.968490027027884834989561739588
0.968490027027884834989561739588
-0.968893830201468128832014618864
0.968893830201468128832014618864
-0.969295070151911669513364170039
0.969295070151911669513364170039
-0.969693745817729158976159684393
0.969693745817729158976159684393
-0.970089856144218152567489058427
0.970089856144218152567489058427
-0.970483400083462849270847063006
0.970483400083462849270847063006
-0.970874376594336863983871788699
0.970874376594336863983871788699
-0.971262784642505981834617096437
0.971262784642505981834617096437
-0.971648623200430894529076538767
0.971648623200430894529076538767
-0.972031891247369918722721880555
0.972031891247369918722721880555
-0.972412587769381696408867039531
0.972412587769381696408867039531
-0.972790711759327877316715987097
0.972790711759327877316715987097
-0.97316626221687578331200089895
0.97316626221687578331200089895
-0.973539238148501054793164623994
0.973539238148501054793164623994
-0.973909638567490279076089349383
0.973909638567490279076089349383
-0.974277462493943600760421180331
0.974277462493943600760421180331
-0.974642708954777314070588226198
0.974642708954777314070588226198
-0.975005376983726437164657690558
0.975005376983726437164657690558
-0.975365465621347268404225403293
0.975365465621347268404225403293
-0.975722973915019924578579208681
0.975722973915019924578579208681
-0.976077900918950861076425635998
0.976077900918950861076425635998
-0.97643024569417537399851733001
0.97643024569417537399851733001
-0.976780007308560084204566809254
0.976780007308560084204566809254
-0.977127184836805403287880252099
0.977127184836805403287880252099
-0.977471777360447981471193185977
0.977471777360447981471193185977
-0.97781378396786313741723817612
0.97781378396786313741723817612
-0.978153203754267269947622878797
0.978153203754267269947622878797
-0.978490035821720251663645143019
0.978490035821720251663645143019
-0.978824279279127804462720216697
0.978824279279127804462720216697
-0.979155933242243856944143541372
0.979155933242243856944143541372
-0.979484996833672883697961107254
0.979484996833672883697961107254
-0.97981146918287222647076789104
0.97981146918287222647076789104
-0.980135349426154397202303517009
0.980135349426154397202303517009
-0.980456636706689362926762971601
0.980456636706689362926762971601
-0.980775330174506812532788968075
0.980775330174506812532788968075
-0.981091428986498405376161406354
0.981091428986498405376161406354
-0.98140493230642000173924830985
0.98140493230642000173924830985
-0.981715839304893875131331652505
0.981715839304893875131331652505
-0.98202414915941090642397062293
0.98202414915941090642397062293
-0.982329861054332759815614116445
0.982329861054332759815614116445
-0.982632974180894040619723608997
0.982632974180894040619723608997
-0.982933487737204434870717059441
0.982933487737204434870717059441
-0.983231400928250830742094119381
0.983231400928250830742094119381
-0.983526712965899421771152715109
0.983526712965899421771152715109
-0.983819423068897791884757017615
0.983819423068897791884757017615
-0.984109530462876982220666949358
0.984109530462876982220666949358
-0.984397034380353539738989707202
0.984397034380353539738989707202
-0.984681934060731547618364328447
0.984681934060731547618364328447
-0.984964228750304637431541111802
0.984964228750304637431541111802
-0.985243917702257983095068750967
0.985243917702257983095068750967
-0.985521000176670276587853370742
0.985521000176670276587853370742
-0.98579547544051568543340530349
0.98579547544051568543340530349
-0.986067342767665791940641439394
0.986067342767665791940641439394
-0.986336601438891514198163363584
0.986336601438891514198163363584
-0.986603250741865008816984297269
0.986603250741865008816984297269
-0.986867289971161555416731133956
0.986867289971161555416731133956
-0.987128718428261422850401656558
0.987128718428261422850401656558
-0.987387535421551717162811394003
0.987387535421551717162811394003
-0.9876437402663282112779195913
0.9876437402663282112779195913
-0.987897332284797156410279497319
0.987897332284797156410279497319
-0.988148310806077075195914701748
0.988148310806077075195914701748
-0.988396675166200536537980669016
0.988396675166200536537980669016
-0.988642424708115912162629026863
0.988642424708115912162629026863
-0.98888555878168911488055168868
0.98888555878168911488055168868
-0.989126076743705318549742655731
0.989126076743705318549742655731
-0.989363977957870659735077509459
0.989363977957870659735077509459
-0.989599261794813921060374338016
0.989599261794813921060374338016
-0.989831927632088196248665340924
0.989831927632088196248665340924
-0.990061974854172536846475844965
0.990061974854172536846475844965
-0.990289402852473580627977198045
0.990289402852473580627977198045
-0.990514211025327161674952277016
0.990514211025327161674952277016
-0.990736398777999902128587483747
0.990736398777999902128587483747
-0.990955965522690785609183492893
0.990955965522690785609183492893
-0.99117291067853271229995909319
0.99117291067853271229995909319
-0.991387233671594035691208735615
0.991387233671594035691208735615
-0.99159893393488008098116544642
0.99159893393488008098116544642
-0.991808010908334645130017250155
0.991808010908334645130017250155
-0.992014464038841478563627950137
0.992014464038841478563627950137
-0.992218292780225748523622926322
0.992218292780225748523622926322
-0.992419496593255484060618570171
0.992419496593255484060618570171
-0.992618074945643002667501288007
0.992618074945643002667501288007
-0.992814027312046318549800070559
0.992814027312046318549800070559
-0.993007353174070532530347081936
0.993007353174070532530347081936
-0.993198052020269203585585476451
0.993198052020269203585585476451
-0.993386123346145702011064942922
0.993386123346145702011064942922
-0.993571566654154544213865927146
0.993571566654154544213865927146
-0.99375438145370270912991617916
0.99375438145370270912991617916
-0.993934567261150936264411847728
0.993934567261150936264411847728
-0.994112123599815005353834093633
0.994112123599815005353834093633
-0.994287049999966997648366198153
0.994287049999966997648366198153
-0.994459345998836538813871434799
0.994459345998836538813871434799
-0.994629011140612023452995725857
0.994629011140612023452995725857
-0.994796044976441821245419877523
0.994796044976441821245419877523
-0.994960447064435464707814211247
0.994960447064435464707814211247
-0.995122216969664818574655953553
0.995122216969664818574655953553
-0.995281354264165230801771565031
0.995281354264165230801771565031
-0.995437858526936665195280071229
0.995437858526936665195280071229
-0.995591729343944815669560920195
0.995591729343944815669560920195
-0.995742966308122202138977036676
0.995742966308122202138977036676
-0.995891569019369248049382339858
0.995891569019369248049382339858
-0.996037537084555339556971830458
0.996037537084555339556971830458
-0.99618087011751986636383895869
0.99618087011751986636383895869
-0.996321567739073244221747787835
0.996321567739073244221747787835
-0.996459629576997919118178569199
0.996459629576997919118178569199
-0.996595055266049353161754046208
0.996595055266049353161754046208
-0.996727844447956992187811150465
0.996727844447956992187811150465
-0.996857996771425215109287373285
0.996857996771425215109287373285
-0.996985511892134265043416798178
0.996985511892134265043416798178
-0.997110389472741162251196417385
0.997110389472741162251196417385
-0.997232629182880598934465759376
0.997232629182880598934465759376
-0.997352230699165815945093842554
0.997352230699165815945093842554
-0.997469193705189461472636361276
0.997469193705189461472636361276
-0.997583517891524431791489581377
0.997583517891524431791489581377
-0.997695202955724694166770025545
0.997695202955724694166770025545
-0.997804248602326092040856635321
0.997804248602326092040856635321
-0.997910654542847132651005589015
0.997910654542847132651005589015
-0.998014420495789757264343200922
0.998014420495789757264343200922
-0.998115546186640094262047797187
0.998115546186640094262047797187
-0.998214031347869195362558899748
0.998214031347869195362558899748
-0.998309875718933755348102714446
0.998309875718933755348102714446
-0.998403079046276815754962451549
0.998403079046276815754962451549
-0.998493641083328453112912770311
0.998493641083328453112912770311
-0.998581561590506452482901637672
0.998581561590506452482901637672
-0.998666840335216967257985640704
0.998666840335216967257985640704
-0.998749477091855166479668758413
0.998749477091855166479668758413
-0.998829471641805871306882763656
0.998829471641805871306882763656
-0.998906823773444182795924646961
0.998906823773444182795924646961
-0.998981533282136103861484812575
0.998981533282136103861484812575
-0.9990535999702391592711665701
0.9990535999702391592711665701
-0.999123023647103018896079880799
0.999123023647103018896079880799
-0.999189804129070131373586481335
0.999189804129070131373586481335
-0.999253941239476378100667561084
0.999253941239476378100667561084
-0.999315434808651761475932325323
0.999315434808651761475932325323
-0.999374284673921147182779927753
0.999374284673921147182779927753
-0.999430490679605089069623534216
0.999430490679605089069623534216
-0.999484052677020778478138338997
0.999484052677020778478138338997
-0.999534970524483180413975004068
0.999534970524483180413975004068
-0.999583244087306451341098517573
0.999583244087306451341098517573
-0.999628873237805785575093231276
0.999628873237805785575093231276
-0.999671857855299923434740625319
0.999671857855299923434740625319
-0.999712197826114700505679316532
0.999712197826114700505679316532
-0.999749893043588272928069753266
0.999749893043588272928069753266
-0.999784943408079115693506662113
0.999784943408079115693506662113
-0.99981734882697875895203079332
0.99981734882697875895203079332
-0.999847109214732930635509711715
0.999847109214732930635509711715
-0.999874224492878288611439066753
0.999874224492878288611439066753
-0.999898694590109617784297847755
0.999898694590109617784297847755
-0.999920519442410414627780828335
0.999920519442410414627780828335
-0.999939698993325827355219549972
0.999939698993325827355219549972
-0.999956233194587196836180287162
0.999956233194587196836180287162
-0.999970122007717688619634612581
0.999970122007717688619634612581
-0.999981365408860325186719792793
0.999981365408860325186719792793
-0.999989963406945534071996824352
0.999989963406945534071996824352
-0.999995916141176888211915858023
0.999995916141176888211915858023
-0.999999224917964394884907021385
0.999999224917964394884907021385