-0.00153924107592625529264569063803
0.00153924107592625529264569063803
-0.00461770864030699396564513985625
0.00461770864030699396564513985625
-0.0076961324424106631687281882701
0.0076961324424106631687281882701
-0.0107744833078467028349811284053
0.0107744833078467028349811284053
-0.0138527320629157776814625219847
0.0138527320629157776814625219847
-0.0169308495348862579516896662007
0.0169308495348862579516896662007
-0.0200088065522706909871269167113
0.0200088065522706909871269167113
-0.0230865739451022610075396797912
0.0230865739451022610075396797912
-0.0261641225452112344801896312884
0.0261641225452112344801896312884
-0.029241423186501388457983295381
0.029241423186501388457983295381
-0.0323184467052264192668475202873
0.0323184467052264192668475202873
-0.0353951639402663289227916195312
0.0353951639402663289227916195312
-0.0384715457334037866593270043459
0.0384715457334037866593270043459
-0.0415475629296004629461510132978
0.0415475629296004629461510132978
-0.0446231863772733333802623470083
0.0446231863772733333802623470083
-0.047698386928570949830961036462
0.047698386928570949830961036462
-0.0507731354396496762204962101173
0.0507731354396496762204962101173
-0.0538474027709498863224600749339
0.0538474027709498863224600749339
-0.0569211597874721209603864863283
0.0569211597874721209603864863283
-0.0599943773590532019893972485469
0.0599943773590532019893972485469
-0.0630670263606423004441488563689
0.0630670263606423004441488563689
-0.066139077672576956236766757523
0.066139077672576956236766757523
-0.069210502180859046788913378624
0.069210502180859046788913378624
-0.0722812707774307019826201114367
0.0722812707774307019826201114367
-0.0753513543604501628150221962875
0.0753513543604501628150221962875
-0.0784207238345675811426689606285
0.0784207238345675811426689606285
-0.0814893501112007579016401680811
0.0814893501112007579016401680811
-0.0845572041088108171902823014277
0.0845572041088108171902823014277
-0.0876242567531778136019864364819
0.0876242567531778136019864364819
-0.0906904789776762701960619567721
0.0906904789776762701960619567721
-0.0937558417235506444954177055285
0.0937558417235506444954177055285
-0.0968203159401907199004442653481
0.0968203159401907199004442653481
-0.0998838725854069199091978906481
0.0998838725854069199091978906481
-0.102946482625705542534718186919
0.102946482625705542534718186919
-0.106008117036563912311067926917
0.106008117036563912311067926917
-0.109068746802705447280464410116
0.109068746802705447280464410116
-0.112128342918374638354677500588
0.112128342918374638354677500588
-0.115186876387611938444699912343
0.115186876387611938444699912343
-0.118244318224528558753550442182
0.118244318224528558753550442182
-0.121300639453581169627950670165
0.121300639453581169627950670165
-0.124355811109846503365520148599
0.124355811109846503365520148599
-0.127409804239295856375064273325
0.127409804239295856375064273325
-0.130462589899069488088482867368
0.130462589899069488088482867368
-0.133514139157750914023805997508
0.133514139157750914023805997508
-0.136564423095641090399866679915
0.136564423095641090399866679915
-0.139613412805032487704147902045
0.139613412805032487704147902045
-0.142661079390483050616393784835
0.142661079390483050616393784835
-0.145707393969090041691651721856
0.145707393969090041691651721856
-0.148752327670763766207513950353
0.148752327670763766207513950353
-0.151795851638501175581453222417
0.151795851638501175581453222417
-0.154837937028659346765298042461
0.154837937028659346765298042461
-0.157878555011228835025068308539
0.157878555011228835025068308539
-0.160917676770106897515592128952
0.160917676770106897515592128952
-0.163955273503370585060549070491
0.163955273503370585060549070491
-0.166991316423549699549834119036
0.166991316423549699549834119036
-0.170025776757899614367410185263
0.170025776757899614367410185263
-0.173058625748673955264115055723
0.173058625748673955264115055723
-0.176089834653397139091211260364
0.176089834653397139091211260364
-0.179119374745136767811814389106
0.179119374745136767811814389106
-0.182147217312775875208706929493
0.182147217312775875208706929493
-0.185173333661285023708440701889
0.185173333661285023708440701889
-0.1881976951119942487430514248
0.1881976951119942487430514248
-0.191220273002864848072153837282
0.191220273002864848072153837282
-0.194241038688761013489655124377
0.194241038688761013489655124377
-0.197259963541721302340818121062
0.197259963541721302340818121062
-0.200277018951229946276923896317
0.200277018951229946276923896317
-0.203292176324487994676325827051
0.203292176324487994676325827051
-0.206305407086684290162254147311
0.206305407086684290162254147311
-0.209316682681266273649321186431
0.209316682681266273649321186431
-0.212325974570210616352293075647
0.212325974570210616352293075647
-0.215333254234293676192333590736
0.215333254234293676192333590736
-0.218338493173361776037589993013
0.218338493173361776037589993013
-0.221341662906601301216679216689
0.221341662906601301216679216689
-0.224342734972808613745345511222
0.224342734972808613745345511222
-0.227341680930659780708297666562
0.227341680930659780708297666562
-0.230338472358980114239995210737
0.230338472358980114239995210737
-0.233333080857013520549938456285
0.233333080857013520549938456285
-0.236325478044691655439826967711
0.236325478044691655439826967711
-0.239315635562902883761784909307
0.239315635562902883761784909307
-0.242303525073761040268709793884
0.242303525073761040268709793884
-0.245289118260873989309683370688
0.245289118260873989309683370688
-0.248272386829611980825289747127
0.248272386829611980825289747127
-0.251253302507375800099616315819
0.251253302507375800099616315819
-0.254231837043864708727667637714
0.254231837043864708727667637714
-0.257207962211344174258901094963
0.257207962211344174258901094963
-0.260181649804913385979595855162
0.260181649804913385979595855162
-0.263152871642772554298793462583
0.263152871642772554298793462583
-0.266121599566489991204599172783
0.266121599566489991204599172783
-0.269087805441268969259707955147
0.269087805441268969259707955147
-0.272051461156214356607117883805
0.272051461156214356607117883805
-0.275012538624599025459116401066
0.275012538624599025459116401066
-0.277971009784130031544771648929
0.277971009784130031544771648929
-0.280926846597214561993331702995
0.280926846597214561993331702995
-0.283880021051225649133129088684
0.283880021051225649133129088684
-0.286830505158767647687806391222
0.286830505158767647687806391222
-0.289778270957941472853921067365
0.289778270957941472853921067365
-0.29272329051260959674625370713
0.29272329051260959674625370713
-0.29566553591266080069943395624
0.29566553591266080069943395624
-0.298604979274274680916812073047
0.298604979274274680916812073047
-0.30154159274018590495984163536
0.30154159274018590495984163536
-0.304475348479948216573600210673
0.304475348479948216573600210673
-0.307406218690198186346459835508
0.307406218690198186346459835508
-0.31033417559491870570432789324
0.31033417559491870570432789324
-0.313259191445702221742311412088
0.313259191445702221742311412088
-0.316181238522013710399113902882
0.316181238522013710399113902882
-0.319100289131453385481953596451
0.319100289131453385481953596451
-0.322016315610019141052295299526
0.322016315610019141052295299526
-0.32492929032236872468521504223
0.32492929032236872468521504223
-0.327839185662081639117767215526
0.327839185662081639117767215526
-0.330745974051920769804297969265
0.330745974051920769804297969265
-0.333649627944093735899246236367
0.333649627944093735899246236367
-0.33655011982051396219059484148
0.33655011982051396219059484148
-0.339447422193061469509778718444
0.339447422193061469509778718444
-0.342341507603843381146525274875
0.342341507603843381146525274875
-0.345232348625454142799793379023
0.345232348625454142799793379023
-0.348119917861235453598692278086
0.348119917861235453598692278086
-0.351004187945535905729999962814
0.351004187945535905729999962814
-0.353885131543970330211662044406
0.353885131543970330211662044406
-0.356762721353678846354437080355
0.356762721353678846354437080355
-0.359636930103585612456662449529
0.359636930103585612456662449529
-0.362507730554657275279946306857
0.362507730554657275279946306857
-0.365375095500161115856445817639
0.365375095500161115856445817639
-0.368238997765922889181269753664
0.368238997765922889181269753664
-0.371099410210584355346444600773
0.371099410210584355346444600773
-0.373956305725860499675807552675
0.373956305725860499675807552675
-0.376809657236796439423137121083
0.376809657236796439423137121083
-0.379659437702024014598802549575
0.379659437702024014598802549575
-0.382505620114018060493206749927
0.382505620114018060493206749927
-0.385348177499352359468314056545
0.385348177499352359468314056545
-0.38818708291895526959159368859
0.38818708291895526959159368859
-0.39102230946836502768977239145
0.39102230946836502768977239145
-0.393853830277984724402875270573
0.393853830277984724402875270573
-0.396681618513336948822142301849
0.396681618513336948822142301849
-0.399505647375318100298539374459
0.399505647375318100298539374459
-0.402325890100452365011736964612
0.402325890100452365011736964612
-0.405142319961145354892606621983
0.405142319961145354892606621983
-0.407954910265937406495485344881
0.407954910265937406495485344881
-0.410763634359756537419680594842
0.410763634359756537419680594842
-0.413568465624171057882934125949
0.413568465624171057882934125949
-0.416369377477641835052830947946
0.416369377477641835052830947946
-0.419166343375774207745430574215
0.419166343375774207745430574215
-0.421959336811569549103711194623
0.421959336811569549103711194623
-0.424748331315676474871753527898
0.424748331315676474871753527898
-0.427533300456641694883949816739
0.427533300456641694883949816739
-0.430314217841160505391904699655
0.430314217841160505391904699655
-0.433091057114326919855098494363
0.433091057114326919855098494363
-0.435863791959883435824809726352
0.435863791959883435824809726352
-0.438632396100470435554242500301
0.438632396100470435554242500301
-0.441396843297875217971275508901
0.441396843297875217971275508901
-0.444157107353280659653743070248
0.444157107353280659653743070248
-0.446913162107513502450674548325
0.446913162107513502450674548325
-0.449664981441292265396456807786
0.449664981441292265396456807786
-0.452412539275474778568444950859
0.452412539275474778568444950859
-0.455155809571305336542129446797
0.455155809571305336542129446797
-0.457894766330661469101572859168
0.457894766330661469101572859168
-0.460629383596300326866456669038
0.460629383596300326866456669038
-0.463359635452104679500728148511
0.463359635452104679500728148511
-0.466085496023328524171508824522
0.466085496023328524171508824522
-0.468806939476842301930619752408
0.468806939476842301930619752408
-0.471523940021377719694794557651
0.471523940021377719694794557651
-0.474236471907772175504388967066
0.474236471907772175504388967066
-0.476944509429212784744155302137
0.476944509429212784744155302137
-0.479648026921480005013432111635
0.479648026921480005013432111635
-0.482346998763190857336902742133
0.482346998763190857336902742133
-0.485041399376041741410902147633
0.485041399376041741410902147633
-0.487731203225050842584098586899
0.487731203225050842584098586899
-0.490416384818800128275246012826
0.490416384818800128275246012826
-0.493096918709676931534593885588
0.493096918709676931534593885588
-0.495772779494115119459453803535
0.495772779494115119459453803535
-0.49844394181283584417835670576
0.49844394181283584417835670576
-0.501110380351087874122190420619
0.501110380351087874122190420619
-0.503772069838887503304684977863
0.503772069838887503304684977863
-0.506428985051258036338612330589
0.506428985051258036338612330589
-0.509081100808468846918087909176
0.509081100808468846918087909176
-0.511728391976274007501403714548
0.511728391976274007501403714548
-0.514370833466150487932886414232
0.514370833466150487932886414232
-0.517008400235535920746359093221
0.517008400235535920746359093221
-0.519641067288065930896891893908
0.519641067288065930896891893908
-0.5222688096738110276716547164
0.5222688096738110276716547164
-0.524891602489513056534834403254
0.524891602489513056534834403254
-0.527509420878821208665749361721
0.527509420878821208665749361721
-0.53012224003252758595348634249
0.53012224003252758595348634249
-0.532730035188802319215597056903
0.532730035188802319215597056903
-0.535332781633428237412626434784
0.535332781633428237412626434784
-0.537930454700035085634499562217
0.537930454700035085634499562217
-0.540523029770333289639070652544
0.540523029770333289639070652544
-0.543110482274347264727434753965
0.543110482274347264727434753965
-0.545692787690648266744921242707
0.545692787690648266744921242707
-0.548269921546586783001027450853
0.548269921546586783001027450853
-0.550841859418524460905910991461
0.550841859418524460905910991461
-0.553408576932065572125440429231
0.553408576932065572125440429231
-0.555970049762288010061205861213
0.555970049762288010061205861213
-0.558526253633973818466313677097
0.558526253633973818466313677097
-0.56107716432183924901223322064
0.56107716432183924901223322064
-0.56362275765076434562642723067
0.56362275765076434562642723067
-0.566163009496022053424982759427
0.566163009496022053424982759427
-0.568697895783506850068964705467
0.568697895783506850068964705467
-0.571227392489962897377740115032
0.571227392489962897377740115032
-0.573751475643211711037067956982
0.573751475643211711037067956982
-0.576270121322379346244316118882
0.576270121322379346244316118882
-0.578783305658123097137754862422
0.578783305658123097137754862422
-0.581291004832857707861483871497
0.581291004832857707861483871497
-0.583793195080981093122178282362
0.583793195080981093122178282362
-0.586289852689099566098487658424
0.586289852689099566098487658424
-0.588780953996252571568590718374
0.588780953996252571568590718374
-0.591266475394136922126097701243
0.591266475394136922126097701243
-0.593746393327330535359201511235
0.593746393327330535359201511235
-0.596220684293515669872708184036
0.596220684293515669872708184036
-0.598689324843701658037326710127
0.598689324843701658037326710127
-0.601152291582447133355367794246
0.601152291582447133355367794246
-0.603609561168081750336790678431
0.603609561168081750336790678431
-0.606061110312927394784346663639
0.606061110312927394784346663639
-0.608506915783518882391397386213
0.608506915783518882391397386213
-0.610946954400824143560835194574
0.610946954400824143560835194574
-0.613381203040463892358402082724
0.613381203040463892358402082724
-0.615809638632930777518592524017
0.615809638632930777518592524017
-0.618232238163808013426234165158
0.618232238163808013426234165158
-0.62064897867398748900176863974
0.62064897867398748900176863974
-0.623059837259887352423202696337
0.623059837259887352423202696337
-0.625464791073669069622667361185
0.625464791073669069622667361185
-0.627863817323453954500509922818
0.627863817323453954500509922818
-0.630256893273539168804850088419
0.630256893273539168804850088419
-0.632643996244613189629557671556
0.632643996244613189629557671556
-0.635025103613970742488654580927
0.635025103613970742488654580927
-0.637400192815727197930208641747
0.637400192815727197930208641747
-0.639769241341032429657870847637
0.639769241341032429657870847637
-0.64213222673828413213331096299
0.64213222673828413213331096299
-0.644489126613340595637928925584
0.644489126613340595637928925584
-0.646839918629732936777361187958
0.646839918629732936777361187958
-0.64918458050887678241746193525
0.64918458050887678241746193525
-0.651523090030283405045618977699
0.651523090030283405045618977699
-0.6538554250317703075564629889
0.6538554250317703075564629889
-0.656181563409671255466246596829
0.656181563409671255466246596829
-0.658501483119045754565406584197
0.658501483119045754565406584197
-0.660815162173887972024078068215
0.660815162173887972024078068215
-0.66312257864733509897060395754
0.66312257864733509897060395754
-0.665423710671875152568376176085
0.665423710671875152568376176085
-0.667718536439554215621657049269
0.667718536439554215621657049269
-0.670007034202183111746359817918
0.670007034202183111746359817918
-0.672289182271543514147116427787
0.672289182271543514147116427787
-0.674564959019593486047328487942
0.674564959019593486047328487942
-0.676834342878672450824283548115
0.676834342878672450824283548115
-0.679097312341705589906823562586
0.679097312341705589906823562586
-0.681353845962407666498475534906
0.681353845962407666498475534906
-0.683603922355486273194395822558
0.683603922355486273194395822558
-0.685847520196844501565939371729
0.685847520196844501565939371729
-0.688084618223783031792143198184
0.688084618223783031792143198184
-0.690315195235201640422909678699
0.690315195235201640422909678699
-0.692539230091800124364189616686
0.692539230091800124364189616686
-0.694756701716278639180997543172
0.694756701716278639180997543172
-0.696967589093537449819642257788
0.696967589093537449819642257788
-0.699171871270876091856124151285
0.699171871270876091856124151285
-0.701369527358191941383237328552
0.701369527358191941383237328552
-0.703560536528178191654518916159
0.703560536528178191654518916159
-0.705744878016521234608810138142
0.705744878016521234608810138142
-0.707922531122097445404833724569
0.707922531122097445404833724569
-0.710093475207169368100849926174
0.710093475207169368100849926174
-0.712257689697581300620128791217
0.712257689697581300620128791217
-0.714415154082954277148669364035
0.714415154082954277148669364035
-0.716565847916880446117307034542
0.716565847916880446117307034542
-0.718709750817116841926078350027
0.718709750817116841926078350027
-0.720846842465778548574458140829
0.720846842465778548574458140829
-0.722977102609531253366846755236
0.722977102609531253366846755236
-0.725100511059783188868465491806
0.725100511059783188868465491806
-0.727217047692876461292615904351
0.727217047692876461292615904351
-0.729326692450277763506073481167
0.729326692450277763506073481167
-0.731429425338768470845218210657
0.731429425338768470845218210657
-0.73352522643063411794135368493
0.73352522643063411794135368493
-0.735614075863853254759532605967
0.735614075863853254759532605967
-0.737695953842285680061089789784
0.737695953842285680061089789784
-0.739770840635860050505983957116
0.739770840635860050505983957116
-0.741838716580760863616966698385
0.741838716580760863616966698385
-0.743899562079614812833530950258
0.743899562079614812833530950258
-0.745953357601676512889542064469
0.745953357601676512889542064469
-0.748000083683013593754422030629
0.748000083683013593754422030629
-0.750039720926691161383741576739
0.750039720926691161383741576739
-0.752072250002955623531075657454
0.752072250002955623531075657454
-0.754097651649417878878995193943
0.754097651649417878878995193943
-0.756115906671235867753101793409
0.756115906671235867753101793409
-0.758126995941296482689062493806
0.758126995941296482689062493806
-0.760130900400396837128668292737
0.760130900400396837128668292737
-0.762127601057424890527023271359
0.762127601057424890527023271359
-0.764117078989539428159070456822
0.764117078989539428159070456822
-0.766099315342349393919776122464
0.766099315342349393919776122464
-0.768074291330092574418425945752
0.768074291330092574418425945752
-0.770041988235813632673634271745
0.770041988235813632673634271745
-0.772002387411541489721831606288
0.772002387411541489721831606288
-0.773955470278466052458175330014
0.773955470278466052458175330014
-0.775901218327114286035024422757
0.775901218327114286035024422757
-0.777839613117525629149330659706
0.777839613117525629149330659706
-0.779770636279426750556526226445
0.779770636279426750556526226445
-0.781694269512405645154730941187
0.781694269512405645154730941187
-0.783610494586085067989361209658
0.783610494586085067989361209658
-0.785519293340295304534497412053
0.785519293340295304534497412053
-0.787420647685246275613656572798
0.787420647685246275613656572798
-0.789314539601698975328922832861
0.789314539601698975328922832861
-0.791200951141136240373709371423
0.791200951141136240373709371423
-0.793079864425932849110761948913
0.793079864425932849110761948913
-0.794951261649524948803366106656
0.794951261649524948803366106656
-0.796815125076578809394087199633
0.796815125076578809394087199633
-0.798671437043158902231754797693
0.798671437043158902231754797693
-0.800520179956895302153800506539
0.800520179956895302153800506539
-0.80236133629715041133747087243
0.80236133629715041133747087243
-0.804194888615185003339864682917
0.804194888615185003339864682917
-0.806020819534323585753186599347
0.806020819534323585753186599347
-0.807839111750119079908066594136
0.807839111750119079908066594136
-0.809649748030516816064267055943
0.809649748030516816064267055943
-0.811452711216017842534586607417
0.811452711216017842534586607417
-0.813247984219841547194271591854
0.813247984219841547194271591854
-0.81503555002808758983476276521
0.81503555002808758983476276521
-0.816815391699897143827135916776
0.816815391699897143827135916776
-0.818587492367613445567140873715
0.818587492367613445567140873715
-0.820351835236941650180303559395
0.820351835236941650180303559395
-0.822108403587107991972130411138
0.822108403587107991972130411138
-0.823857180771018248115043457248
0.823857180771018248115043457248
-0.825598150215415504070277643685
0.825598150215415504070277643685
-0.827331295421037219249589524977
0.827331295421037219249589524977
-0.829056599962771591428258129291
0.829056599962771591428258129291
-0.830774047489813218427504611255
0.830774047489813218427504611255
-0.832483621725818055591117155211
0.832483621725818055591117155211
-0.834185306469057667587741423117
0.834185306469057667587741423117
-0.835879085592572773076984592099
0.835879085592572773076984592099
-0.837564943044326080784182633473
0.837564943044326080784182633473
-0.839242862847354415535395884438
0.839242862847354415535395884438
-0.840912829099920132810927092159
0.840912829099920132810927092159
-0.842574825975661820382398903872
0.842574825975661820382398903872
-0.844228837723744285605184172275
0.844228837723744285605184172275
-0.845874848669007826944752378887
0.845874848669007826944752378887
-0.847512843212116788322278885262
0.847512843212116788322278885262
-0.849142805829707394871660538844
0.849142805829707394871660538844
-0.850764721074534868706891322601
0.850764721074534868706891322601
-0.852378573575619823305575181015
0.852378573575619823305575181015
-0.853984348038393935121189815054
0.853984348038393935121189815054
-0.855582029244844891043565050944
0.855582029244844891043565050944
-0.857171602053660610333902287036
0.857171602053660610333902287036
-0.858753051400372739667537445211
0.858753051400372739667537445211
-0.860326362297499419924538733062
0.860326362297499419924538733062
-0.861891519834687323375132295603
0.861891519834687323375132295603
-0.863448509178852959913863435368
0.863448509178852959913863435368
-0.864997315574323251003328442239
0.864997315574323251003328442239
-0.866537924342975369995252133944
0.866537924342975369995252133944
-0.868070320884375847503638899421
0.868070320884375847503638899421
-0.869594490675918940511690294755
0.869594490675918940511690294755
-0.87111041927296426390115999949
0.87111041927296426390115999949
-0.872618092308973683099807134206
0.872618092308973683099807134206
-0.874117495495647466549611502527
0.874117495495647466549611502527
-0.875608614623059696705429186411
0.875608614623059696705429186411
-0.877091435559792938280794026726
0.877091435559792938280794026726
-0.878565944253072162464609795733
0.878565944253072162464609795733
-0.880032126728897925839529248213
0.880032126728897925839529248213
-0.881489969092178802739879657386
0.881489969092178802739879657386
-0.882939457526863069794069834318
0.882939457526863069794069834318
-0.884380578296069641403500929051
0.884380578296069641403500929051
-0.885813317742218254917102451788
0.885813317742218254917102451788
-0.88723766228715890426772586696
0.88723766228715890426772586696
-0.888653598432300520843750735402
0.888653598432300520843750735402
-0.890061112758738900376392643863
0.890061112758738900376392643863
-0.891460191927383874630348000219
0.891460191927383874630348000219
-0.892850822679085726692568120633
0.892850822679085726692568120633
-0.894232991834760848661123825046
0.894232991834760848661123825046
-0.89560668629551664054330192344
0.89560668629551664054330192344
-0.896971893042775649179266450735
0.896971893042775649179266450735
-0.898328599138398946014820226734
0.898328599138398946014820226734
-0.899676791724808742554016212725
0.899676791724808742554016212725
-0.901016458025110242329593141961
0.901016458025110242329593141961
-0.902347585343212728236445951025
0.902347585343212728236445951025
-0.90367016106394988408058856685
0.90367016106394988408058856685
-0.904984172653199349203324543928
0.904984172653199349203324543928
-0.906289607658001505047609831986
0.906289607658001505047609831986
-0.907586453706677492540871520412
0.907586453706677492540871520412
-0.908874698508946459175836686327
0.908874698508946459175836686327
-0.910154329856042034678226402959
0.910154329856042034678226402959
-0.911425335620828034157481478706
0.911425335620828034157481478706
-0.912687703757913387644008529994
0.912687703757913387644008529994
-0.91394142230376629492376747801
0.91394142230376629492376747801
-0.915186479376827604588364436371
0.915186479376827604588364436371
-0.91642286317762341622616715961
0.91642286317762341622616715961
-0.917650561988876904687323687625
0.917650561988876904687323687625
-0.918869564175619365362938485594
0.918869564175619365362938485594
-0.920079858185300479426044179927
0.920079858185300479426044179927
-0.921281432547897797989400866353
0.921281432547897797989400866353
-0.92247427587602544414255885498
0.92247427587602544414255885498
-0.923658376865042031838034558373
0.923658376865042031838034558373
-0.92483372429315780060387296259
0.92483372429315780060387296259
-0.926000307021540965067303688598
0.926000307021540965067303688598
-0.927158113994423278281640994789
0.927158113994423278281640994789
-0.928307134239204807856031133486
0.928307134239204807856031133486
-0.929447356866557923895113199795
0.929447356866557923895113199795
-0.930578771070530497763131945833
0.930578771070530497763131945833
-0.931701366128648310694522924547
0.931701366128648310694522924547
-0.932815131402016671280481724202
0.932815131402016671280481724202
-0.933920056335421240868529908191
0.933920056335421240868529908191
-0.935016130457428065919600538413
0.935016130457428065919600538413
-0.936103343380482816374685789624
0.936103343380482816374685789624
-0.937181684801009229090618115357
0.937181684801009229090618115357
-0.938251144499506755412094664563
0.938251144499506755412094664563
-0.939311712340647411954602136748
0.939311712340647411954602136748
-0.940363378273371833680455970786
0.940363378273371833680455970786
-0.941406132330984528357733661318
0.941406132330984528357733661318
-0.942439964631248331499457064411
0.942439964631248331499457064411
-0.943464865376478060887962773711
0.943464865376478060887962773711
-0.944480824853633369796993008418
0.944480824853633369796993008418
-0.945487833434410798031641950683
0.945487833434410798031641950683
-0.946485881575335019913904105357
0.946485881575335019913904105357
-0.94747495981784928834919204102
0.94747495981784928834919204102
-0.948455058788405074116820828836
0.948455058788405074116820828836
-0.949426169198550899535095656915
0.949426169198550899535095656915
-0.950388281845020365659287506232
0.950388281845020365659287506232
-0.951341387609819372178439487618
0.951341387609819372178439487618
-0.9522854774603125291846135307
0.9522854774603125291846135307
-0.953220542449308759995863675727
0.953220542449308759995863675727
-0.954146573715146094221908358303
0.954146573715146094221908358303
-0.955063562481775650269169928082
0.955063562481775650269169928082
-0.95597150005884480648955536404
0.95597150005884480648955536404
-0.956870377841779560185067928444
0.956870377841779560185067928444
-0.957760187311866073688065559769
0.957760187311866073688065559769
-0.958640920036331406744718399862
0.958640920036331406744718399862
-0.959512567668423434436965283819
0.959512567668423434436965283819
-0.960375121947489949886027642883
0.960375121947489949886027642883
-0.961228574699056950988309487761
0.961228574699056950988309487761
-0.962072917834906110442294423186
0.962072917834906110442294423186
-0.962908143353151428332845539384
0.962908143353151428332845539384
-0.963734243338315066547122162217
0.963734243338315066547122162217
-0.964551209961402364304149548926
0.964551209961402364304149548926
-0.965359035479976034087914530949
0.965359035479976034087914530949
-0.966157712238229537281712799655
0.966157712238229537281712799655
-0.966947232667059638809343125837
0.966947232667059638809343125837
-0.96772758928413814009663159435
0.96772758928413814009663159435
-0.968498774693982789674676418346
0.968498774693982789674676418346
-0.96926078158802737075413280475
0.96926078158802737075413280475
-0.970013602744690965107809678838
0.970013602744690965107809678838
-0.970757231029446392606828164522
0.970757231029446392606828164522
-0.971491659394887825763598253837
0.971491659394887825763598253837
-0.972216880880797578642908215553
0.972216880880797578642908215553
-0.972932888614212069510494630997
0.972932888614212069510494630997
-0.973639675809486956596573747574
0.973639675809486956596573747574
-0.974337235768361446359972056498
0.974337235768361446359972056498
-0.975025561880021773646701414086
0.975025561880021773646701414086
-0.975704647621163853145088405029
0.975704647621163853145088405029
-0.976374486556055101547896928905
0.976374486556055101547896928905
-0.977035072336595429840286503353
0.977035072336595429840286503353
-0.977686398702377405140937495879
0.977686398702377405140937495879
-0.97832845948074558153226136947
0.97832845948074558153226136947
-0.978961248586854999324314360797
0.978961248586854999324314360797
-0.97958476002372885220586493651
0.97958476002372885220586493651
-0.980198987882315321745050424404
0.980198987882315321745050424404
-0.980803926341543578711222020233
0.980803926341543578711222020233
-0.981399569668378950698950507661
0.981399569668378950698950507661
-0.981985912217877255544784080434
0.981985912217877255544784080434
-0.982562948433238300037258500767
0.982562948433238300037258500767
-0.983130672845858543430911240794
0.983130672845858543430911240794
-0.983689080075382925285708889447
0.983689080075382925285708889447
-0.984238164829755857164437968921
0.984238164829755857164437968921
-0.984777921905271377732326828202
0.984777921905271377732326828202
-0.985308346186622470815574196084
0.985308346186622470815574196084
-0.985829432646949545988697166892
0.985829432646949545988697166892
-0.986341176347888081274848032933
0.986341176347888081274848032933
-0.986843572439615427558694710609
0.986843572439615427558694710609
-0.987336616160896774328371743369
0.987336616160896774328371743369
-0.987820302839130276381707841019
0.987820302839130276381707841019
-0.98829462789039134115281934427
0.98829462789039134115281934427
-0.988759586819476076338723435856
0.988759586819476076338723435856
-0.989215175219943897532492906445
0.989215175219943897532492906445
-0.989661388774159295600429754841
0.989661388774159295600429754841
-0.990098223253332763576769476008
0.990098223253332763576769476008
-0.990525674517560882891801815778
0.990525674517560882891801815778
-0.990943738515865568799616570104
0.990943738515865568799616570104
-0.991352411286232474932020802681
0.991352411286232474932020802681
-0.991751688955648556978193073663
0.991751688955648556978193073663
-0.992141567740138795578801250046
0.992141567740138795578801250046
-0.99252204394480207863313000684
0.99252204394480207863313000684
-0.992893113963846243354173987545
0.992893113963846243354173987545
-0.993254774280622278577492483217
0.993254774280622278577492483217
-0.993607021467657688045322108131
0.993607021467657688045322108131
-0.993949852186689015661980764736
0.993949852186689015661980764736
-0.994283263188693534068832292568
0.994283263188693534068832292568
-0.994607251313920098342674338325
0.994607251313920098342674338325
-0.99492181349191916721554758441
0.99492181349191916721554758441
-0.995226946741571994995310025379
0.995226946741571994995310025379
-0.995522648171118998402804897716
0.995522648171118998402804897716
-0.995808914978187303928805160238
0.995808914978187303928805160238
-0.99608574444981748318842960047
0.99608574444981748318842960047
-0.996353133962489486308534724102
0.996353133962489486308534724102
-0.996611080982147786910228910353
0.996611080982147786910228910353
-0.996859583064225757164935259735
0.996859583064225757164935259735
-0.997098637853669298336670652324
0.997098637853669298336670652324
-0.997328243084959762126830622902
0.997328243084959762126830622902
-0.997548396582136212473263460251
0.997548396582136212473263460251
-0.997759096258817098507559726158
0.997759096258817098507559726158
-0.997960340118221440775579735883
0.997960340118221440775579735883
-0.99815212625318968046115271302
0.99815212625318968046115271302
-0.998334452846204414953927030337
0.998334452846204414953927030337
-0.998507318169411359129586838133
0.998507318169411359129586838133
-0.998670720584641058694417154154
0.998670720584641058694417154154
-0.99882465854343219069201611523
0.99882465854343219069201611523
-0.998969130587057809992297652211
0.998969130587057809992297652211
-0.999104135346556816079953205868
0.999104135346556816079953205868
-0.999229671542774569758675689488
0.999229671542774569758675689488
-0.99934573798641969889890696903
0.99934573798641969889890696903
-0.999452333578150234137841191118
0.999452333578150234137841191118
-0.999549457308714806948000106035
0.999549457308714806948000106035
-0.999637108259202198377297036481
0.999637108259202198377297036481
-0.999715285601517177010082560173
0.999715285601517177010082560173
-0.999783988599365514898521771993
0.999783988599365514898521771993
-0.999843216610497762843083318021
0.999843216610497762843083318021
-0.999892969092466816383120401486
0.999892969092466816383120401486
-0.99993324561992834287990847487
0.99993324561992834287990847487
-0.999964045949726742124452252471
0.999964045949726742124452252471
-0.999985370370122886363249033898
0.999985370370122886363249033898
-0.999997223415415663849537703187
0.999997223415415663849537703187