-0.002515282893546299
0.002515282893546299
-0.007545785027359794
0.007545785027359794
-0.01257609620294683
0.01257609620294683
-0.01760608912019256
0.01760608912019256
-0.02263563648703616
0.02263563648703616
-0.0276646110226922
0.0276646110226922
-0.03269288546087165
0.03269288546087165
-0.03772033255300257
0.03772033255300257
-0.04274682507145035
0.04274682507145035
-0.0477722358127374
0.0477722358127374
-0.05279643760076223
0.05279643760076223
-0.05781930329001789
0.05781930329001789
-0.06284070576880952
0.06284070576880952
-0.06786051796247116
0.06786051796247116
-0.07287861283658161
0.07287861283658161
-0.07789486340017915
0.07789486340017915
-0.08290914270897534
0.08290914270897534
-0.08792132386856751
0.08792132386856751
-0.09293128003765001
0.09293128003765001
-0.09793888443122417
0.09793888443122417
-0.1029440103238068
0.1029440103238068
-0.1079465310526371
0.1079465310526371
-0.1129463200208822
0.1129463200208822
-0.1179432507008408
0.1179432507008408
-0.1229371966371451
0.1229371966371451
-0.1279280314499613
0.1279280314499613
-0.1329156288381872
0.1329156288381872
-0.1378998625826492
0.1378998625826492
-0.1428806065492958
0.1428806065492958
-0.1478577346923902
0.1478577346923902
-0.1528311210576997
0.1528311210576997
-0.1578006397856833
0.1578006397856833
-0.1627661651146769
0.1627661651146769
-0.1677275713840756
0.1677275713840756
-0.172684733037514
0.172684733037514
-0.1776375246260437
0.1776375246260437
-0.1825858208113075
0.1825858208113075
-0.1875294963687119
0.1875294963687119
-0.1924684261905957
0.1924684261905957
-0.1974024852893962
0.1974024852893962
-0.2023315488008121
0.2023315488008121
-0.2072554919869636
0.2072554919869636
-0.2121741902395488
0.2121741902395488
-0.2170875190829974
0.2170875190829974
-0.2219953541776207
0.2219953541776207
-0.226897571322758
0.226897571322758
-0.23179404645992
0.23179404645992
-0.2366846556759279
0.2366846556759279
-0.2415692752060497
0.2415692752060497
-0.246447781437132
0.246447781437132
-0.2513200509107282
0.2513200509107282
-0.2561859603262229
0.2561859603262229
-0.2610453865439523
0.2610453865439523
-0.2658982065883201
0.2658982065883201
-0.27074429765091
0.27074429765091
-0.2755835370935935
0.2755835370935935
-0.2804158024516332
0.2804158024516332
-0.2852409714367822
0.2852409714367822
-0.2900589219403788
0.2900589219403788
-0.2948695320364364
0.2948695320364364
-0.2996726799847293
0.2996726799847293
-0.3044682442338736
0.3044682442338736
-0.3092561034244029
0.3092561034244029
-0.3140361363918399
0.3140361363918399
-0.3188082221697621
0.3188082221697621
-0.3235722399928639
0.3235722399928639
-0.3283280693000118
0.3283280693000118
-0.3330755897372964
0.3330755897372964
-0.337814681161077
0.337814681161077
-0.3425452236410231
0.3425452236410231
-0.3472670974631489
0.3472670974631489
-0.3519801831328427
0.3519801831328427
-0.3566843613778914
0.3566843613778914
-0.3613795131514985
0.3613795131514985
-0.3660655196352968
0.3660655196352968
-0.3707422622423555
0.3707422622423555
-0.375409622620181
0.375409622620181
-0.3800674826537121
0.3800674826537121
-0.3847157244683092
0.3847157244683092
-0.3893542304327372
0.3893542304327372
-0.3939828831621422
0.3939828831621422
-0.3986015655210223
0.3986015655210223
-0.403210160626192
0.403210160626192
-0.4078085518497398
0.4078085518497398
-0.41239662282198
0.41239662282198
-0.4169742574343973
0.4169742574343973
-0.4215413398425854
0.4215413398425854
-0.4260977544691784
0.4260977544691784
-0.4306433860067758
0.4306433860067758
-0.4351781194208607
0.4351781194208607
-0.4397018399527103
0.4397018399527103
-0.444214433122301
0.444214433122301
-0.4487157847312047
0.4487157847312047
-0.4532057808654791
0.4532057808654791
-0.4576843078985505
0.4576843078985505
-0.4621512524940893
0.4621512524940893
-0.466606501608878
0.466606501608878
-0.4710499424956721
0.4710499424956721
-0.4754814627060533
0.4754814627060533
-0.4799009500932753
0.4799009500932753
-0.4843082928151015
0.4843082928151015
-0.4887033793366358
0.4887033793366358
-0.4930860984331448
0.4930860984331448
-0.497456339192873
0.497456339192873
-0.5018139910198488
0.5018139910198488
-0.5061589436366842
0.5061589436366842
-0.5104910870873649
0.5104910870873649
-0.5148103117400333
0.5148103117400333
-0.5191165082897627
0.5191165082897627
-0.5234095677613234
0.5234095677613234
-0.5276893815119408
0.5276893815119408
-0.5319558412340443
0.5319558412340443
-0.5362088389580088
0.5362088389580088
-0.5404482670548865
0.5404482670548865
-0.5446740182391308
0.5446740182391308
-0.5488859855713116
0.5488859855713116
-0.553084062460821
0.553084062460821
-0.5572681426685715
0.5572681426685715
-0.5614381203096838
0.5614381203096838
-0.5655938898561669
0.5655938898561669
-0.5697353461395885
0.5697353461395885
-0.5738623843537363
0.5738623843537363
-0.5779749000572706
0.5779749000572706
-0.5820727891763671
0.5820727891763671
-0.5861559480073507
0.5861559480073507
-0.5902242732193201
0.5902242732193201
-0.5942776618567625
0.5942776618567625
-0.598316011342159
0.598316011342159
-0.6023392194785808
0.6023392194785808
-0.6063471844522752
0.6063471844522752
-0.6103398048352424
0.6103398048352424
-0.614316979587802
0.614316979587802
-0.6182786080611501
0.6182786080611501
-0.6222245899999065
0.6222245899999065
-0.6261548255446516
0.6261548255446516
-0.6300692152344539
0.6300692152344539
-0.6339676600093864
0.6339676600093864
-0.637850061213034
0.637850061213034
-0.6417163205949899
0.6417163205949899
-0.6455663403133423
0.6455663403133423
-0.6494000229371497
0.6494000229371497
-0.6532172714489076
0.6532172714489076
-0.6570179892470029
0.6570179892470029
-0.6608020801481586
0.6608020801481586
-0.6645694483898685
0.6645694483898685
-0.6683199986328198
0.6683199986328198
-0.6720536359633065
0.6720536359633065
-0.6757702658956308
0.6757702658956308
-0.6794697943744946
0.6794697943744946
-0.6831521277773796
0.6831521277773796
-0.6868171729169166
0.6868171729169166
-0.6904648370432436
0.6904648370432436
-0.694095027846353
0.694095027846353
-0.697707653458428
0.697707653458428
-0.7013026224561671
0.7013026224561671
-0.7048798438630977
0.7048798438630977
-0.7084392271518788
0.7084392271518788
-0.7119806822465914
0.7119806822465914
-0.7155041195250184
0.7155041195250184
-0.7190094498209125
0.7190094498209125
-0.7224965844262528
0.7224965844262528
-0.7259654350934895
0.7259654350934895
-0.7294159140377774
0.7294159140377774
-0.7328479339391971
0.7328479339391971
-0.7362614079449651
0.7362614079449651
-0.7396562496716316
0.7396562496716316
-0.7430323732072667
0.7430323732072667
-0.7463896931136341
0.7463896931136341
-0.7497281244283539
0.7497281244283539
-0.7530475826670523
0.7530475826670523
-0.7563479838254997
0.7563479838254997
-0.7596292443817366
0.7596292443817366
-0.7628912812981871
0.7628912812981871
-0.7661340120237605
0.7661340120237605
-0.7693573544959403
0.7693573544959403
-0.7725612271428611
0.7725612271428611
-0.7757455488853725
0.7757455488853725
-0.7789102391390912
0.7789102391390912
-0.7820552178164405
0.7820552178164405
-0.7851804053286767
0.7851804053286767
-0.7882857225879034
0.7882857225879034
-0.7913710910090728
0.7913710910090728
-0.7944364325119747
0.7944364325119747
-0.7974816695232123
0.7974816695232123
-0.800506724978165
0.800506724978165
-0.8035115223229393
0.8035115223229393
-0.8064959855163055
0.8064959855163055
-0.8094600390316226
0.8094600390316226
-0.8124036078587489
0.8124036078587489
-0.8153266175059411
0.8153266175059411
-0.8182289940017388
0.8182289940017388
-0.8211106638968367
0.8211106638968367
-0.8239715542659433
0.8239715542659433
-0.8268115927096267
0.8268115927096267
-0.829630707356146
0.829630707356146
-0.8324288268632712
0.8324288268632712
-0.8352058804200877
0.8352058804200877
-0.8379617977487887
0.8379617977487887
-0.8406965091064538
0.8406965091064538
-0.8434099452868137
0.8434099452868137
-0.8461020376220016
0.8461020376220016
-0.8487727179842913
0.8487727179842913
-0.8514219187878208
0.8514219187878208
-0.8540495729903028
0.8540495729903028
-0.8566556140947217
0.8566556140947217
-0.8592399761510158
0.8592399761510158
-0.8618025937577467
0.8618025937577467
-0.8643434020637544
0.8643434020637544
-0.8668623367697981
0.8668623367697981
-0.8693593341301839
0.8693593341301839
-0.8718343309543774
0.8718343309543774
-0.8742872646086033
0.8742872646086033
-0.8767180730174305
0.8767180730174305
-0.8791266946653425
0.8791266946653425
-0.8815130685982947
0.8815130685982947
-0.8838771344252566
0.8838771344252566
-0.8862188323197402
0.8862188323197402
-0.888538103021314
0.888538103021314
-0.8908348878371029
0.8908348878371029
-0.893109128643273
0.893109128643273
-0.895360767886503
0.895360767886503
-0.8975897485854405
0.8975897485854405
-0.8997960143321439
0.8997960143321439
-0.9019795092935102
0.9019795092935102
-0.9041401782126876
0.9041401782126876
-0.906277966410474
0.906277966410474
-0.9083928197867008
0.9083928197867008
-0.9104846848216021
0.9104846848216021
-0.9125535085771687
0.9125535085771687
-0.9145992386984882
0.9145992386984882
-0.9166218234150697
0.9166218234150697
-0.9186212115421541
0.9186212115421541
-0.9205973524820091
0.9205973524820091
-0.9225501962252102
0.9225501962252102
-0.9244796933519055
0.9244796933519055
-0.9263857950330673
0.9263857950330673
-0.9282684530317268
0.9282684530317268
-0.9301276197041957
0.9301276197041957
-0.9319632480012713
0.9319632480012713
-0.9337752914694273
0.9337752914694273
-0.9355637042519896
0.9355637042519896
-0.9373284410902966
0.9373284410902966
-0.9390694573248445
0.9390694573248445
-0.9407867088964175
0.9407867088964175
-0.942480152347203
0.942480152347203
-0.944149744821891
0.944149744821891
-0.9457954440687591
0.9457954440687591
-0.9474172084407413
0.9474172084407413
-0.9490149968964822
0.9490149968964822
-0.9505887690013754
0.9505887690013754
-0.9521384849285872
0.9521384849285872
-0.9536641054600639
0.9536641054600639
-0.9551655919875248
0.9551655919875248
-0.9566429065134391
0.9566429065134391
-0.9580960116519871
0.9580960116519871
-0.9595248706300069
0.9595248706300069
-0.9609294472879247
0.9609294472879247
-0.96230970608067
0.96230970608067
-0.9636656120785748
0.9636656120785748
-0.9649971309682582
0.9649971309682582
-0.9663042290534941
0.9663042290534941
-0.9675868732560643
0.9675868732560643
-0.9688450311165957
0.9688450311165957
-0.9700786707953815
0.9700786707953815
-0.9712877610731869
0.9712877610731869
-0.9724722713520397
0.9724722713520397
-0.9736321716560041
0.9736321716560041
-0.9747674326319395
0.9747674326319395
-0.9758780255502433
0.9758780255502433
-0.9769639223055783
0.9769639223055783
-0.9780250954175835
0.9780250954175835
-0.9790615180315701
0.9790615180315701
-0.9800731639192006
0.9800731639192006
-0.9810600074791531
0.9810600074791531
-0.982022023737769
0.982022023737769
-0.9829591883496852
0.9829591883496852
-0.9838714775984502
0.9838714775984502
-0.9847588683971247
0.9847588683971247
-0.9856213382888656
0.9856213382888656
-0.9864588654474948
0.9864588654474948
-0.9872714286780518
0.9872714286780518
-0.9880590074173302
0.9880590074173302
-0.9888215817343986
0.9888215817343986
-0.9895591323311055
0.9895591323311055
-0.990271640542568
0.990271640542568
-0.9909590883376454
0.9909590883376454
-0.9916214583193958
0.9916214583193958
-0.9922587337255183
0.9922587337255183
-0.9928708984287781
0.9928708984287781
-0.9934579369374174
0.9934579369374174
-0.9940198343955498
0.9940198343955498
-0.9945565765835402
0.9945565765835402
-0.9950681499183697
0.9950681499183697
-0.9955545414539867
0.9955545414539867
-0.9960157388816442
0.9960157388816442
-0.9964517305302257
0.9964517305302257
-0.9968625053665612
0.9968625053665612
-0.9972480529957375
0.9972480529957375
-0.9976083636614083
0.9976083636614083
-0.9979434282461149
0.9979434282461149
-0.9982532382716363
0.9982532382716363
-0.9985377858994034
0.9985377858994034
-0.9987970639310473
0.9987970639310473
-0.9990310658092217
0.9990310658092217
-0.9992397856190164
0.9992397856190164
-0.9994232180907166
0.9994232180907166
-0.9995813586059094
0.9995813586059094
-0.9997142032129592
0.9997142032129592
-0.9998217486732922
0.9998217486732922
-0.9999039926352692
0.9999039926352692
-0.9999609345667901
0.9999609345667901
-0.999992585674521
0.999992585674521