-0.01562898442154308
0.01562898442154308
-0.04687168242159163
0.04687168242159163
-0.07806858281343664
0.07806858281343664
-0.1091892035800611
0.1091892035800611
-0.140203137236114
0.140203137236114
-0.1710800805386033
0.1710800805386033
-0.201789864095736
0.201789864095736
-0.232302481844974
0.232302481844974
-0.2625881203715035
0.2625881203715035
-0.292617188038472
0.292617188038472
-0.3223603439005292
0.3223603439005292
-0.3517885263724217
0.3517885263724217
-0.38087298162463
0.38087298162463
-0.4095852916783015
0.4095852916783015
-0.4378974021720315
0.4378974021720315
-0.465781649773358
0.465781649773358
-0.4932107892081909
0.4932107892081909
-0.5201580198817631
0.5201580198817631
-0.5465970120650942
0.5465970120650942
-0.5725019326213812
0.5725019326213812
-0.5978474702471787
0.5978474702471787
-0.6226088602037078
0.6226088602037078
-0.6467619085141293
0.6467619085141293
-0.670283015603141
0.670283015603141
-0.693149199355802
0.693149199355802
-0.7153381175730564
0.7153381175730564
-0.7368280898020207
0.7368280898020207
-0.7575981185197072
0.7575981185197072
-0.7776279096494955
0.7776279096494955
-0.7968978923903145
0.7968978923903145
-0.8153892383391763
0.8153892383391763
-0.8330838798884008
0.8330838798884008
-0.8499645278795913
0.8499645278795913
-0.8660146884971646
0.8660146884971646
-0.8812186793850184
0.8812186793850184
-0.895561644970727
0.895561644970727
-0.9090295709825297
0.9090295709825297
-0.921609298145334
0.921609298145334
-0.9332885350430795
0.9332885350430795
-0.944055870136256
0.944055870136256
-0.9539007829254917
0.9539007829254917
-0.9628136542558155
0.9628136542558155
-0.9707857757637063
0.9707857757637063
-0.9778093584869183
0.9778093584869183
-0.983877540706057
0.983877540706057
-0.9889843952429917
0.9889843952429917
-0.9931249370374435
0.9931249370374435
-0.9962951347331251
0.9962951347331251
-0.9984919506395958
0.9984919506395958
-0.9997137267734412
0.9997137267734412