0.00212917144914451116561715665056
0.0021291666229836656945946456317
0.0021291666229836656945946456317
0.00212915214452300805368117456664
0.00212915214452300805368117456664
0.00212912801382817446015436300435
0.00212912801382817446015436300435
0.00212909423100855827886213841478
0.00212909423100855827886213841478
0.0021290507962173095263021522605
0.0021290507962173095263021522605
0.00212899770965133417633610996779
0.00212899770965133417633610996779
0.00212893497155129326754216225103
0.00212893497155129326754216225103
0.00212886258220160181220940449208
0.00212886258220160181220940449208
0.00212878054193042750697943010617
0.00212878054193042750697943010617
0.00212868885110968924514078303297
0.00212868885110968924514078303297
0.00212858751015505543058305367245
0.00212858751015505543058305367245
0.00212847651952594209341826173512
0.00212847651952594209341826173512
0.00212835587972551080727806859196
0.00212835587972551080727806859196
0.00212822559130066640829626078614
0.00212822559130066640829626078614
0.00212808565484205451578684540253
0.00212808565484205451578684540253
0.00212793607098405885462899697828
0.00212793607098405885462899697828
0.00212777684040479837937099457389
0.00212777684040479837937099457389
0.00212760796382612420006618650531
0.00212760796382612420006618650531
0.00212742944201361630985491905964
0.00212742944201361630985491905964
0.00212724127577658011430726427605
0.00212724127577658011430726427605
0.00212704346596804276254228056493
0.00212704346596804276254228056493
0.00212683601348474928014043855865
0.00212683601348474928014043855865
0.00212661891926715850386674313233
0.00212661891926715850386674313233
0.0021263921842994388182229809983
0.0021263921842994388182229809983
0.0021261558096094636938484216598
0.0021261558096094636938484216598
0.00212590979626880702778919780375
0.00212590979626880702778919780375
0.00212565414539273828565748941512
0.00212565414539273828565748941512
0.00212538885814021744570253400195
0.00212538885814021744570253400195
0.0021251139357138897448163833272
0.0021251139357138897448163833272
0.00212482937936008022649822494672
0.00212482937936008022649822494672
0.00212453519036878809080198464754
0.00212453519036878809080198464754
0.00212423137007368084629282356386
0.00212423137007368084629282356386
0.00212391791985208826403904131483
0.00212391791985208826403904131483
0.0021235948411249961336667939553
0.0021235948411249961336667939553
0.0021232621353570398215059328527
0.0021232621353570398215059328527
0.00212291980405649763085616779785
0.00212291980405649763085616779785
0.00212256784877528396440365471882
0.00212256784877528396440365471882
0.00212220627110894228881900529269
0.00212220627110894228881900529269
0.00212183507269663790156861253445
0.00212183507269663790156861253445
0.00212145425522115049997208308278
0.00212145425522115049997208308278
0.00212106382040886655253946339374
0.00212106382040886655253946339374
0.0021206637700297714726228433925
0.0021206637700297714726228433925
0.00212025410589744159441781731495
0.00212025410589744159441781731495
0.00211983482986903595135117749267
0.00211983482986903595135117749267
0.00211940594384528785689211269046
0.00211940594384528785689211269046
0.00211896744977049628782507829364
0.00211896744977049628782507829364
0.00211851934963251707002340115593
0.00211851934963251707002340115593
0.00211806164546275386676357725666
0.00211806164546275386676357725666
0.00211759433933614896962111547142
0.00211759433933614896962111547142
0.00211711743337117389198967573169
0.00211711743337117389198967573169
0.0021166309297298197652661446304
0.0021166309297298197652661446304
0.00211613483061758753774518611844
0.00211613483061758753774518611844
0.00211562913828347797626769932858
0.00211562913828347797626769932858
0.00211511385501998147066850975215
0.00211511385501998147066850975215
0.00211458898316306764106951397839
0.00211458898316306764106951397839
0.00211405452509217474806539198046
0.00211405452509217474806539198046
0.00211351048323019890584989449317
0.00211351048323019890584989449317
0.0021129568600434830983316063708
0.0021129568600434830983316063708
0.00211239365804180599828897993486
0.00211239365804180599828897993486
0.00211182087977837058961532521743
0.00211182087977837058961532521743
0.00211123852784979259270533667193
0.00211123852784979259270533667193
0.00211064660489608869303562835536
0.00211064660489608869303562835536
0.00211004511360066457299264178019
0.00211004511360066457299264178019
0.00210943405669030274700218258689
0.00210943405669030274700218258689
0.00210881343693515020001573389422
0.00210881343693515020001573389422
0.00210818325714870582940958564106
0.00210818325714870582940958564106
0.00210754352018780769035371043586
0.00210754352018780769035371043586
0.00210689422895262004470820737428
0.00210689422895262004470820737428
0.00210623538638662021350602596757
0.00210623538638662021350602596757
0.00210556699547658523308157274052
0.00210556699547658523308157274052
0.00210488905925257831490569320341
0.00210488905925257831490569320341
0.00210420158078793510918841177422
0.00210420158078793510918841177422
0.00210350456319924977231170182056
0.00210350456319924977231170182056
0.00210279800964636083815544730183
0.00210279800964636083815544730183
0.00210208192333233689338064651679
0.00210208192333233689338064651679
0.00210135630750346205673479719624
0.00210135630750346205673479719624
0.00210062116544922126244529062009
0.00210062116544922126244529062009
0.00209987650050228534776753058003
0.00209987650050228534776753058003
0.00209912231603849594475538084772
0.00209912231603849594475538084772
0.00209835861547685017632243234131
0.00209835861547685017632243234131
0.00209758540227948515666346840501
0.00209758540227948515666346840501
0.00209680267995166229610639352399
0.00209680267995166229610639352399
0.00209601045204175141046577738623
0.00209601045204175141046577738623
0.00209520872214121463497005246901
0.00209520872214121463497005246901
0.00209439749388459014283528926797
0.00209439749388459014283528926797
0.00209357677094947566855935889578
0.00209357677094947566855935889578
0.00209274655705651183601117805244
0.00209274655705651183601117805244
0.00209190685596936529139061630486
0.00209190685596936529139061630486
0.0020910576714947116411355302074
0.0020910576714947116411355302074
0.00209019900748221819485327304143
0.00209019900748221819485327304143
0.00208933086782452651335491284832
0.00208933086782452651335491284832
0.00208845325645723476187127497177
0.00208845325645723476187127497177
0.00208756617735887986853080850821
0.00208756617735887986853080850821
0.00208666963455091948818015888429
0.00208666963455091948818015888429
0.00208576363209771377162921123365
0.00208576363209771377162921123365
0.00208484817410650694040325132861
0.00208484817410650694040325132861
0.00208392326472740866708577252988
0.00208392326472740866708577252988
0.00208298890815337526133633854751
0.00208298890815337526133633854751
0.00208204510862019066166879275275
0.00208204510862019066166879275275
0.00208109187040644723307598534091
0.00208109187040644723307598534091
0.00208012919783352637058806981468
0.00208012919783352637058806981468
0.00207915709526557890885230003249
0.00207915709526557890885230003249
0.00207817556710950533782313844256
0.00207817556710950533782313844256
0.00207718461781493582465236509716
0.00207718461781493582465236509716
0.00207618425187421004186975560844
0.00207618425187421004186975560844
0.00207517447382235680194577436401
0.00207517447382235680194577436401
0.00207415528823707349832860706209
0.00207415528823707349832860706209
0.00207312669973870535304873394963
0.00207312669973870535304873394963
0.00207208871299022447098512204761
0.00207208871299022447098512204761
0.0020710413326972087008879911221
0.0020710413326972087008879911221
0.00206998456360782030325398420376
0.00206998456360782030325398420376
0.00206891841051278442515044906767
0.00206891841051278442515044906767
0.00206784287824536738208641225669
0.00206784287824536738208641225669
0.0020667579716813547470287019602
0.0020667579716813547470287019602
0.00206566369573902924666255034242
0.00206566369573902924666255034242
0.00206456005537914846499687974654
0.00206456005537914846499687974654
0.00206344705560492235441535057883
0.00206344705560492235441535057883
0.0020623247014619905542751215964
0.0020623247014619905542751215964
0.00206119299803839951715614577958
0.00206119299803839951715614577958
0.00206005195046457944286469696138
0.00206005195046457944286469696138
0.00205890156391332102029569390761
0.00205890156391332102029569390761
0.00205774184359975197725925958804
0.00205774184359975197725925958804
0.00205657279478131343837782394886
0.00205657279478131343837782394886
0.00205539442275773609116094858301
0.00205539442275773609116094858301
0.00205420673287101616036592129717
0.00205420673287101616036592129717
0.00205300973050539119075303768495
0.00205300973050539119075303768495
0.00205180342108731563834535543425
0.00205180342108731563834535543425
0.00205058781008543627030357521619
0.00205058781008543627030357521619
0.00204936290301056737352756962194
0.00204936290301056737352756962194
0.0020481287054156657720969487264
0.0020481287054156657720969487264
0.00204688522289580565366391746095
0.00204688522289580565366391746095
0.00204563246108815320491254606766
0.00204563246108815320491254606766
0.00204437042567194105619944047967
0.00204437042567194105619944047967
0.00204309912236844253549166452403
0.00204309912236844253549166452403
0.00204181855694094573171863036902
0.00204181855694094573171863036902
0.00204052873519472736765553763529
0.00204052873519472736765553763529
0.00203922966297702648245680505389
0.00203922966297702648245680505389
0.00203792134617701792395880148142
0.00203792134617701792395880148142
0.00203660379072578565087204546839
0.00203660379072578565087204546839
0.00203527700259629584498390441854
0.00203527700259629584498390441854
0.00203394098780336983349368566941
0.00203394098780336983349368566941
0.0020325957524036568216028725645
0.0020325957524036568216028725645
0.00203124130249560643548411877102
0.00203124130249560643548411877102
0.00202987764421944107575347372059
0.00202987764421944107575347372059
0.00202850478375712808157117110887
0.00202850478375712808157117110887
0.00202712272733235170549717088122
0.00202712272733235170549717088122
0.00202573148121048489922850305003
0.00202573148121048489922850305003
0.00202433105169856091034631903205
0.00202433105169856091034631903205
0.00202292144514524469020141295702
0.00202292144514524469020141295702
0.00202150266794080411306783157817
0.00202150266794080411306783157817
0.00202007472651708100669504700651
0.00202007472651708100669504700651
0.00201863762734746199439002149109
0.00201863762734746199439002149109
0.00201719137694684914876134787202
0.00201719137694684914876134787202
0.00201573598187163045725850313858
0.00201573598187163045725850313858
0.00201427144871965009964010572709
0.00201427144871965009964010572709
0.00201279778413017853750591978851
0.00201279778413017853750591978851
0.00201131499478388241602820164055
0.00201131499478388241602820164055
0.0020098230874027942780188349886
0.0020098230874027942780188349886
0.00200832206875028209046955225128
0.00200832206875028209046955225128
0.00200681194563101858370338945522
0.00200681194563101858370338945522
0.00200529272489095040327637166628
0.00200529272489095040327637166628
0.00200376441341726707476927479688
0.00200376441341726707476927479688
0.00200222701813836978161015786756
0.00200222701813836978161015786756
0.0020006805460238399560692074017
0.0020006805460238399560692074017
0.00199912500408440768356828259113
0.00199912500408440768356828259113
0.00199756039937191992044839618419
0.00199756039937191992044839618419
0.00199598673897930852533921171154
0.00199598673897930852533921171154
0.00199440403004055810427548267656
0.00199440403004055810427548267656
0.00199281227973067366970620369071
0.00199281227973067366970620369071
0.00199121149526564811354308722758
0.00199121149526564811354308722758
0.00198960168390242949439582269813
0.00198960168390242949439582269813
0.00198798285293888813914241690919
0.00198798285293888813914241690919
0.00198635500971378355898375665532
0.00198635500971378355898375665532
0.00198471816160673118013237520598
0.00198471816160673118013237520598
0.0019830723160381688892862447811
0.0019830723160381688892862447811
0.00198141748046932339403925675675
0.00198141748046932339403925675675
0.00197975366240217639838089030268
0.00197975366240217639838089030268
0.00197808086937943059343840842263
0.00197808086937943059343840842263
0.00197639910898447546361575794259
0.00197639910898447546361575794259
0.00197470838884135290828418686668
0.00197470838884135290828418686668
0.00197300871661472267918042869326
0.00197300871661472267918042869326
0.00197130010000982763366913874893
0.00197130010000982763366913874893
0.00196958254677245880402710235435
0.00196958254677245880402710235435
0.00196785606468892028290756867631
0.00196785606468892028290756867631
0.00196612066158599392514389744476
0.00196612066158599392514389744476
0.00196437634533090386605253831473
0.00196437634533090386605253831473
0.00196262312383128085639619452991
0.00196262312383128085639619452991
0.00196086100503512641416885369153
0.00196086100503512641416885369153
0.00195908999693077679336519885071
0.00195908999693077679336519885071
0.00195731010754686676989774281965
0.00195731010754686676989774281965
0.00195552134495229324482585753442
0.00195552134495229324482585753442
0.00195372371725617866506169849442
0.00195372371725617866506169849442
0.00195191723260783426171885174877
0.00195191723260783426171885174877
0.00195010189919672310627035759249
0.00195010189919672310627035759249
0.00194827772525242298468359107321
0.00194827772525242298468359107321
0.00194644471904458908970030458702
0.00194644471904458908970030458702
0.00194460288888291653143096225769
0.00194460288888291653143096225769
0.00194275224311710266643331944155
0.00194275224311710266643331944155
0.00194089279013680924544602357899
0.00194089279013680924544602357899
0.00193902453837162437994883471677
0.00193902453837162437994883471677
0.00193714749629102432772188535189
0.00193714749629102432772188535189
0.00193526167240433509757721979145
0.00193526167240433509757721979145
0.00193336707526069387343667298259
0.00193336707526069387343667298259
0.00193146371344901025793096773576
0.00193146371344901025793096773576
0.00192955159559792733569572744223
0.00192955159559792733569572744223
0.00192763073037578255654091876702
0.00192763073037578255654091876702
0.00192570112649056843867105537879
0.00192570112649056843867105537879
0.00192376279268989309213430955494
0.00192376279268989309213430955494
0.00192181573776094056267949346884
0.00192181573776094056267949346884
0.00191985997053043099620068612362
0.00191985997053043099620068612362
0.0019178954998645806239500952398
0.0019178954998645806239500952398
0.00191592233466906156870055592759
0.00191592233466906156870055592759
0.00191394048388896147203987967657
0.00191394048388896147203987967657
0.0019119499565087429429800780706
0.0019119499565087429429800780706
0.00190995076155220282806529568195
0.00190995076155220282806529568195
0.00190794290808243130316309581069
0.00190794290808243130316309581069
0.00190592640520177078712455111099
0.00190592640520177078712455111099
0.00190390126205177467749939868038
0.00190390126205177467749939868038
0.00190186748781316590849332587842
0.00190186748781316590849332587842
0.00189982509170579533135525898316
0.00189982509170579533135525898316
0.0018977740829885999173833317847
0.0018977740829885999173833317847
0.00189571447095956078373901534969
0.00189571447095956078373901534969
0.00189364626495566104225969346742
0.00189364626495566104225969346742
0.00189156947435284347146077070121
0.00189156947435284347146077070121
0.00188948410856596801191920151628
0.00188948410856596801191920151628
0.00188739017704876908523112963254
0.00188739017704876908523112963254
0.00188528768929381273673712655478
0.00188528768929381273673712655478
0.0018831766548324536022093171591
0.0018831766548324536022093171591
0.00188105708323479169869547826055
0.00188105708323479169869547826055
0.00187892898410962903971599324843
0.00187892898410962903971599324843
0.00187679236710442607501034214906
0.00187679236710442607501034214906
0.00187464724190525795503060185779
0.00187464724190525795503060185779
0.00187249361823677062038022576873
0.00187249361823677062038022576873
0.00187033150586213671639716561834
0.00187033150586213671639716561834
0.00186816091458301133308119104454
0.00186816091458301133308119104454
0.0018659818542394875705660541423
0.0018659818542394875705660541423
0.00186379433471005193033793716648
0.00186379433471005193033793716648
0.0018615983659115395324024114893
0.0018615983659115395324024114893
0.00185939395779908915860292495944
0.00185939395779908915860292495944
0.00185718112036609812229462292946
0.00185718112036609812229462292946
0.00185495986364417696457809541359
0.00185495986364417696457809541359
0.00185273019770310397729842910601
0.00185273019770310397729842910601
0.00185049213265077955301572832679
0.00185049213265077955301572832679
0.00184824567863318036215405336478
0.00184824567863318036215405336478
0.00184599084583431335753650815132
0.00184599084583431335753650815132
0.00184372764447616960651499172065
0.00184372764447616960651499172065
0.00184145608481867795090390949047
0.00184145608481867795090390949047
0.00183917617715965849492792102416
0.00183917617715965849492792102416
0.00183688793183477592139458061246
0.00183688793183477592139458061246
0.00183459135921749263630350573229
0.00183459135921749263630350573229
0.00183228646971902174210448620125
0.00183228646971902174210448620125
0.0018299732737882798398177236441
0.0018299732737882798398177236441
0.00182765178191183966023016671866
0.00182765178191183966023016671866
0.00182532200461388252438268241019
0.00182532200461388252438268241019
0.00182298395245615063356357759063
0.00182298395245615063356357759063
0.00182063763603789918902475795053
0.00182063763603789918902475795053
0.0018182830659958483416375833412
0.0018182830659958483416375833412
0.00181592025300413497170624951125
0.00181592025300413497170624951125
0.00181354920777426429915729618041
0.00181354920777426429915729618041
0.00181116994105506132432461036131
0.00181116994105506132432461036131
0.0018087824636326220995500618131
0.0018087824636326220995500618131
0.00180638678633026483182067448637
0.00180638678633026483182067448637
0.00180398292000848081666400379258
0.00180398292000848081666400379258
0.00180157087556488520352415450021
0.00180157087556488520352415450021
0.00179915066393416759284163802065
0.00179915066393416759284163802065
0.00179672229608804246506103079535
0.00179672229608804246506103079535
0.00179428578303519944179115742956
0.00179428578303519944179115742956
0.00179184113582125337934328313242
0.00179184113582125337934328313242
0.00178938836552869429487355991591
0.00178938836552869429487355991591
0.00178692748327683712535672987199
0.00178692748327683712535672987199
0.00178445850022177131961884668491
0.00178445850022177131961884668491
0.00178198142755631026365753334123
0.00178198142755631026365753334123
0.0017794962765099405394790497691
0.0017794962765099405394790497691
0.00177700305834877101768219886841
0.00177700305834877101768219886841
0.00177450178437548178401985308067
0.00177450178437548178401985308067
0.00177199246592927290016963628814
0.00177199246592927290016963628814
0.00176947511438581299894604742321
0.00176947511438581299894604742321
0.0017669497411571877141870627071
0.0017669497411571877141870627071
0.00176441635769184794554900291897
0.00176441635769184794554900291897
0.00176187497547455795844420051825
0.00176187497547455795844420051825
0.00175932560602634331935674880187
0.00175932560602634331935674880187
0.00175676826090443866677236157013
0.00175676826090443866677236157013
0.00175420295170223531795911699711
0.00175420295170223531795911699711
0.00175162969004922871183660355006
0.00175162969004922871183660355006
0.00174904848761096568817172887452
0.00174904848761096568817172887452
0.00174645935608899160334019455335
0.00174645935608899160334019455335
0.00174386230722079728289338055659
0.00174386230722079728289338055659
0.00174125735277976581117112302024
0.00174125735277976581117112302024
0.00173864450457511915820160772372
0.00173864450457511915820160772372
0.00173602377445186464413033927318
0.00173602377445186464413033927318
0.00173339517429074124142088253894
0.00173339517429074124142088253894
0.00173075871600816571507080833595
0.00173075871600816571507080833595
0.00172811441155617860108700967312
0.00172811441155617860108700967312
0.00172546227292239002346528812763
0.00172546227292239002346528812763
0.00172280231212992534991984202039
0.00172280231212992534991984202039
0.00172013454123737068660901907503
0.00172013454123737068660901907503
0.00171745897233871821210442613253
0.00171745897233871821210442613253
0.00171477561756331135085121726304
0.00171477561756331135085121726304
0.00171208448907578978636810926222
0.00171208448907578978636810926222
0.00170938559907603431443640003884
0.00170938559907603431443640003884
0.00170667895979911153652799078931
0.00170667895979911153652799078931
0.00170396458351521839372313711079
0.00170396458351521839372313711079
0.00170124248252962654136937732355
0.00170124248252962654136937732355
0.00169851266918262656473380825252
0.00169851266918262656473380825252
0.00169577515584947203590159955418
0.00169577515584947203590159955418
0.00169302995494032341217435736443
0.00169302995494032341217435736443
0.00169027707890019177622266658305
0.00169027707890019177622266658305
0.00168751654020888241824785849738
0.00168751654020888241824785849738
0.00168474835138093826040876667845
0.00168474835138093826040876667845
0.00168197252496558312376994915427
0.00168197252496558312376994915427
0.00167918907354666483802856877339
0.00167918907354666483802856877339
0.00167639800974259819427783641451
0.00167639800974259819427783641451
0.0016735993462063077410656332714
0.0016735993462063077410656332714
0.00167079309562517042400763884352
0.00167079309562517042400763884352
0.00166797927072095806921500048792
0.00166797927072095806921500048792
0.00166515788424977971079728843495
0.00166515788424977971079728843495
0.00166232894900202376270218703452
0.00166232894900202376270218703452
0.00165949247780230003515407867921
0.00165949247780230003515407867921
0.00165664848350938159595438134122
0.00165664848350938159595438134122
0.00165379697901614647690720395954
0.00165379697901614647690720395954
0.00165093797724951922563458601793
0.00165093797724951922563458601793
0.00164807149117041230304628856074
0.00164807149117041230304628856074
0.00164519753377366732672980359887
0.00164519753377366732672980359887
0.00164231611808799616052694735887
0.00164231611808799616052694735887
0.00163942725717592185056410012148
0.00163942725717592185056410012148
0.00163653096413371940800385147873
0.00163653096413371940800385147873
0.00163362725209135643878650470707
0.00163362725209135643878650470707
0.00163071613421243362063058760618
0.00163071613421243362063058760618
0.00162779762369412502756220958457
0.00162779762369412502756220958457
0.00162487173376711830224379598127
0.00162487173376711830224379598127
0.00162193847769555467637342059519
0.00162193847769555467637342059519
0.00161899786877696883942664614579
0.00161899786877696883942664614579
0.00161604992034222865601346990872
0.00161604992034222865601346990872
0.0016130946457554747321236580538
0.0016130946457554747321236580538
0.00161013205841405983053443725798
0.00161013205841405983053443725798
0.0016071621717484881356551959689
0.0016071621717484881356551959689
0.00160418499922235436808453025271
0.00160418499922235436808453025271
0.00160120055433228274915565046942
0.00160120055433228274915565046942
0.00159820885060786581574684507798
0.00159820885060786581574684507798
0.00159520990161160308563437667689
0.00159520990161160308563437667689
0.00159220372093883957366586293346
0.00159220372093883957366586293346
0.00158919032221770415903287134047
0.00158919032221770415903287134047
0.00158616971910904780392213176216
0.00158616971910904780392213176216
0.00158314192530638162382544448708
0.00158314192530638162382544448708
0.00158010695453581480978903399195
0.00158010695453581480978903399195
0.00157706482055599240288376983395
0.00157706482055599240288376983395
0.0015740155371580329211783460271
0.0015740155371580329211783460271
0.00157095911816546583949817891693
0.00157095911816546583949817891693
0.00156789557743416892225345094509
0.00156789557743416892225345094509
0.00156482492885230540962039378783
0.00156482492885230540962039378783
0.00156174718634026105736056915635
0.00156174718634026105736056915635
0.00155866236385058103056356906098
0.00155866236385058103056356906098
0.00155557047536790665159921956031
0.00155557047536790665159921956031
0.00155247153490891200256603293935
0.00155247153490891200256603293935
0.00154936555652224038252331288325
0.00154936555652224038252331288325
0.00154625255428844061979497553331
0.00154625255428844061979497553331
0.00154313254231990323963380632571
0.00154313254231990323963380632571
0.0015400055347607964875355282186
0.0015400055347607964875355282186
0.00153687154578700220849271130645
0.00153687154578700220849271130645
0.00153373058960605158247920689913
0.00153373058960605158247920689913
0.00153058268045706071645644090363
0.00153058268045706071645644090363
0.00152742783261066609319355178678
0.00152742783261066609319355178678
0.00152426606036895987719400751322
0.00152426606036895987719400751322
0.00152109737806542507802198364285
0.00152109737806542507802198364285
0.00151792180006487057132243123222
0.00151792180006487057132243123222
0.00151473934076336597782940831187
0.00151473934076336597782940831187
0.00151155001458817640065789250413
0.00151155001458817640065789250413
0.00150835383599769702117493479977
0.00150835383599769702117493479977
0.00150515081948138755374665562489
0.00150515081948138755374665562489
0.00150194097955970655965822409779
0.00150194097955970655965822409779
0.00149872433078404562050459979758
0.00149872433078404562050459979758
0.00149550088773666337135045343759
0.00149550088773666337135045343759
0.00149227066503061939395831855599
0.00149227066503061939395831855599
0.00148903367730970797038466069881
0.00148903367730970797038466069881
0.00148578993924839169724418357548
0.00148578993924839169724418357548
0.00148253946555173496094332331015
0.00148253946555173496094332331015
0.00147928227095533727418451219087
0.00147928227095533727418451219087
0.00147601837022526647404342223055
0.00147601837022526647404342223055
0.00147274777815799178192202639543
0.00147274777815799178192202639543
0.00146947050958031672568094152546
0.00146947050958031672568094152546
0.0014661865793493119242551417645
0.0014661865793493119242551417645
0.00146289600235224773505775473267
0.00146289600235224773505775473267
0.00145959879350652676447727470676
0.00145959879350652676447727470676
0.00145629496775961624177414772363
0.00145629496775961624177414772363
0.0014529845400889802566833027838
0.0014529845400889802566833027838
0.0014496675255020118610298212049
0.0014496675255020118610298212049
0.00144634393903596503466555265443
0.00144634393903596503466555265443
0.00144301379575788651603510147581
0.00144301379575788651603510147581
0.001439677110764547497680220608
0.001439677110764547497680220608
0.00143633389918237518699226268425
0.00143633389918237518699226268425
0.00143298417616738423252294877737
0.00143298417616738423252294877737
0.00142962795690510801616432473393
0.00142962795690510801616432473393
0.00142626525661052981150938310573
0.00142626525661052981150938310573
0.00142289609052801380870543534085
0.00142289609052801380870543534085
0.00141952047393123600611292413584
0.00141952047393123600611292413584
0.00141613842212311496908296967191
0.00141613842212311496908296967191
0.00141274995043574245616754586
0.00141274995043574245616754586
0.0014093550742303139130767836976
0.0014093550742303139130767836976
0.00140595380889705883469849839317
0.00140595380889705883469849839317
0.00140254616985517099549563503858
0.00140254616985517099549563503858
0.0013991321725527385485979243029
0.0013991321725527385485979243029
0.00139571183246667399390463488089
0.00139571183246667399390463488089
0.00139228516510264401551590325195
0.00139228516510264401551590325195
0.00138885218599499918881071368959
0.00138885218599499918881071368959
0.00138541291070670355749019240298
0.00138541291070670355749019240298
0.00138196735482926408090546918982
0.00138196735482926408090546918982
0.00137851553398265995198994802972
0.00137851553398265995198994802972
0.00137505746381527178611641464743
0.00137505746381527178611641464743
0.00137159316000381068119999422331
0.00137159316000381068119999422331
0.00136812263825324714936855612042
0.00136812263825324714936855612042
0.00136464591429673992052274473278
0.00136464591429673992052274473278
0.00136116300389556461810839633311
0.00136116300389556461810839633311
0.00135767392283904230742468110969
0.00135767392283904230742468110969
0.00135417868694446791679188742721
0.00135417868694446791679188742721
0.00135067731205703853190334172361
0.00135067731205703853190334172361
0.00134716981404978156368653236066
0.00134716981404978156368653236066
0.00134365620882348278999907917892
0.00134365620882348278999907917892
0.00134013651230661427148576246373
0.00134013651230661427148576246373
0.00133661074045526214192339550662
0.00133661074045526214192339550662
0.00133307890925305427338089394274
0.00133307890925305427338089394274
0.00132954103471108781652246255732
0.00132954103471108781652246255732
0.00132599713286785661638238628003
0.00132599713286785661638238628003
0.00132244721978917850394047662301
0.00132244721978917850394047662301
0.0013188913115681224638277878635
0.0013188913115681224638277878635
0.00131532942432493567849277882342
0.00131532942432493567849277882342
0.00131176157420697044915865615234
0.00131176157420697044915865615234
0.00130818777738861099390319357591
0.00130818777738861099390319357591
0.00130460805007120012319287862517
0.00130460805007120012319287862517
0.00130102240848296579320379391136
0.00130102240848296579320379391136
0.00129743086887894753726219405364
0.00129743086887894753726219405364
0.00129383344754092277573829190009
0.00129383344754092277573829190009
0.00129023016077733300472731870398
0.00129023016077733300472731870398
0.00128662102492320986385247242448
0.00128662102492320986385247242448
0.00128300605634010108352491631149
0.00128300605634010108352491631149
0.00127938527141599631199653640544
0.00127938527141599631199653640544
0.00127575868656525282254171153248
0.00127575868656525282254171153248
0.00127212631822852110110489280096
0.00127212631822852110110489280096
0.00126848818287267031475133150379
0.00126848818287267031475133150379
0.00126484429699071366125883470111
0.00126484429699071366125883470111
0.00126119467710173360018896659578
0.00126119467710173360018896659578
0.00125753933975080696577665111866
0.00125753933975080696577665111866
0.00125387830150892996197766690858
0.00125387830150892996197766690858
0.00125021157897294304001406010098
0.00125021157897294304001406010098
0.00124653918876545565875803302719
0.00124653918876545565875803302719
0.00124286114753477092829539807092
0.00124286114753477092829539807092
0.0012391774719548101370102155267
0.0012391774719548101370102155267
0.00123548817872503716253276235501
0.00123548817872503716253276235501
0.00123179328457038276689350522861
0.00123179328457038276689350522861
0.0012280928062411687762262762099
0.0012280928062411687762262762099
0.0012243867605130321453643727907
0.0012243867605130321453643727907
0.00122067516418684890767382585793
0.00122067516418684890767382585793
0.00121695803408865801046859942165
0.00121695803408865801046859942165
0.00121323538706958503635300465192
0.00121323538706958503635300465192
0.001209507240005765810837127916
0.001209507240005765810837127916
0.00120577360979826989657158808556
0.00120577360979826989657158808556
0.00120203451337302397454845239175
0.00120203451337302397454845239175
0.00119828996768073511261565254294
0.00119828996768073511261565254294
0.00119453998969681392165275368208
0.00119453998969681392165275368208
0.00119078459642129759975643804684
0.00119078459642129759975643804684
0.00118702380487877286478457290297
0.00118702380487877286478457290297
0.00118325763211829877560823844757
0.00118325763211829877560823844757
0.00117948609521332944242159592217
0.00117948609521332944242159592217
0.00117570921126163662645997913278
0.00117570921126163662645997913278
0.00117192699738523222947709394395
0.00117192699738523222947709394395
0.00116813947073029067333271009367
0.00116813947073029067333271009367
0.00116434664846707117004272786309
0.00116434664846707117004272786309
0.00116054854778983988264399872824
0.00116054854778983988264399872824
0.00115674518591679197722677411697
0.00115674518591679197722677411697
0.00115293658008997356648814979177
0.00115293658008997356648814979177
0.00114912274757520354516036517517
0.00114912274757520354516036517517
0.0011453037056619953176683071273
0.0011453037056619953176683071273
0.00114147947166347841837105627268
0.00114147947166347841837105627268
0.00113765006291632002474280095271
0.00113765006291632002474280095271
0.00113381549678064636384892925045
0.00113381549678064636384892925045
0.00112997579063996401247359329194
0.00112997579063996401247359329194
0.00112613096190108109125552217201
0.00112613096190108109125552217201
0.00112228102799402835318934038007
0.00112228102799402835318934038007
0.00111842600637198016685012751028
0.00111842600637198016685012751028
0.00111456591451117539469943232887
0.00111456591451117539469943232887
0.00111070076991083816683142993765
0.00111070076991083816683142993765
0.00110683059009309855051838481336
0.00110683059009309855051838481336
0.00110295539260291311591505491724
0.00110295539260291311591505491724
0.00109907519500798539828214285448
0.00109907519500798539828214285448
0.00109519001489868625708936921768
0.00109519001489868625708936921768
0.00109129986988797413235921077003
0.00109129986988797413235921077003
0.00108740477761131519861281201036
0.00108740477761131519861281201036
0.00108350475572660341678004291143
0.00108350475572660341678004291143
0.00107959982191408048443613823342
0.00107959982191408048443613823342
0.00107568999387625568472781478336
0.00107568999387625568472781478336
0.00107177528933782563435222231773
0.00107177528933782563435222231773
0.00106785572604559393095254146609
0.00106785572604559393095254146609
0.00106393132176839070029449808792
0.00106393132176839070029449808792
0.00106000209429699204358851785945
0.00106000209429699204358851785945
0.0010560680614440393853226976216
0.0010560680614440393853226976216
0.00105212924104395872197222110099
0.00105212924104395872197222110099
0.00104818565095287977195129604248
0.00104818565095287977195129604248
0.00104423730904855502717413756146
0.00104423730904855502717413756146
0.00104028423323027870659196863475
0.00104028423323027870659196863475
0.00103632644141880561207345310018
0.00103632644141880561207345310018
0.00103236395155626988699641932272
0.00103236395155626988699641932272
0.00102839678160610367791917380954
0.00102839678160610367791917380954
0.00102442494955295569970014351441
0.00102442494955295569970014351441
0.00102044847340260970443502336236
0.00102044847340260970443502336236
0.00101646737118190285458104164654
0.00101646737118190285458104164654
0.00101248166093864400063839039852
0.00101248166093864400063839039852
0.00100849136074153186375930061006
0.00100849136074153186375930061006
0.0010044964886800731236556732859
0.0010044964886800731236556732859
0.0010004970628645004121766067328
0.0010004970628645004121766067328
0.0009964931014256902129275882356
0.0009964931014256902129275882356
0.0009924846225150806673035443416
0.0009924846225150806673035443416
0.0009884716443045892873083683552
0.0009884716443045892873083683552
0.0009844541849865305755339663528
0.0009844541849865305755339663528
0.0009804322627735335526722840419
0.0009804322627735335526722840419
0.0009764058958984591929341961214
0.0009764058958984591929341961214
0.0009723751026143177677495574449
0.0009723751026143177677495574449
0.000968339901194186098123131242
0.000968339901194186098123131242
0.0009643003099311247160215239164
0.0009643003099311247160215239164
0.0009602563471380949351666685134
0.0009602563471380949351666685134
0.0009562080311478758316118098241
0.0009562080311478758316118098241
0.0009521553803129811344763532798
0.0009521553803129811344763532798
0.0009480984130055760272163472752
0.0009480984130055760272163472752
0.0009440371476173938598077743481
0.0009440371476173938598077743481
0.0009399716025596527722202307337
0.0009399716025596527722202307337
0.000935901796262972229558976204
0.000935901796262972229558976204
0.0009318277471772894692537367864
0.0009318277471772894692537367864
0.0009277494737717758606730419494
0.0009277494737717758606730419494
0.0009236669945347531775432751197
0.0009236669945347531775432751197
0.0009195803279736097835520119786
0.0009195803279736097835520119786
0.0009154894926147167315156148561
0.0009154894926147167315156148561
0.00091139450700334377649144371
0.00091139450700334377649144371
0.0009072953897035753032154346354
0.0009072953897035753032154346354
0.0009031921592982261682461856046
0.0009031921592982261682461856046
0.0008990848343887574571970761779
0.0008990848343887574571970761779
0.0008949734335951921574383332627
0.0008949734335951921574383332627
0.0008908579755560307466513386217
0.0008908579755560307466513386217
0.0008867384789281666976178557451
0.0008867384789281666976178557451
0.0008826149623868018996272339074
0.0008826149623868018996272339074
0.0008784874446253619968850257196
0.0008784874446253619968850257196
0.0008743559443554116443068312738
0.0008743559443554116443068312738
0.0008702204803065696810815570441
0.0008702204803065696810815570441
0.0008660810712264242223886510717
0.0008660810712264242223886510717
0.0008619377358804476696542476105
0.0008619377358804476696542476105
0.0008577904930519116397315243469
0.0008577904930519116397315243469
0.000853639361541801813390943542
0.000853639361541801813390943542
0.0008494843601687327035064149575
0.0008494843601687327035064149575
0.0008453255077688623433237832465
0.0008453255077688623433237832465
0.0008411628231958068951984055878
0.0008411628231958068951984055878
0.0008369963253205551801889467437
0.0008369963253205551801889467437
0.0008328260330313831288948784161
0.0008328260330313831288948784161
0.0008286519652337681539255277605
0.0008286519652337681539255277605
0.0008244741408503034443888762113
0.0008244741408503034443888762113
0.000820292578820612182788664357
0.000820292578820612182788664357
0.0008161072981012616847187114972
0.0008161072981012616847187114972
0.0008119183176656774617437097102
0.0008119183176656774617437097102
0.0008077256565040572078561017667
0.0008077256565040572078561017667
0.0008035293336232847098990000404
0.0008035293336232847098990000404
0.0007993293680468436823454497015
0.0007993293680468436823454497015
0.0007951257788147315268246839305
0.0007951257788147315268246839305
0.000790918584983373016786361664
0.000790918584983373016786361664
0.0007867078056255339076941194924
0.0007867078056255339076941194924
0.0007824934598302344731401087639
0.0007824934598302344731401087639
0.0007782755667026629672725267312
0.0007782755667026629672725267312
0.0007740541453640890139284867009
0.0007740541453640890139284867009
0.0007698292149517769228649066218
0.0007698292149517769228649066218
0.0007656007946188989334804283931
0.0007656007946188989334804283931
0.0007613689035344483864217113755
0.0007613689035344483864217113755
0.0007571335608831528234677731821
0.0007571335608831528234677731821
0.0007528947858653870160863787977
0.0007528947858653870160863787977
0.0007486525976970859230568054543
0.0007486525976970859230568054543
0.0007444070156096575775536354754
0.0007444070156096575775536354754
0.0007401580588498959040865525157
0.0007401580588498959040865525157
0.000735905746679893465691438272
0.000735905746679893465691438272
0.0007316500983769541417683868463
0.0007316500983769541417683868463
0.0007273911332335057369625725152
0.0007273911332335057369625725152
0.0007231288705570125214842237254
0.0007231288705570125214842237254
0.0007188633296698877032642717059
0.0007188633296698877032642717059
0.0007145945299094058323425561882
0.0007145945299094058323425561882
0.000710322490627615137885783383
0.000710322490627615137885783383
0.0007060472311912497982327425932
0.0007060472311912497982327425932
0.0007017687709816421443645976832
0.0007017687709816421443645976832
0.000697487129394634797198378102
0.000697487129394634797198378102
0.000693202325840492739102101299
0.000693202325840492739102101299
0.0006889143797438153200302642237
0.0006889143797438153200302642237
0.0006846233105434481986787461912
0.0006846233105434481986787461912
0.0006803291376923952190584687733
0.0006803291376923952190584687733
0.0006760318806577302228874605837
0.0006760318806577302228874605837
0.0006717315589205087982012759171
0.0006717315589205087982012759171
0.0006674281919756799645820162269
0.0006674281919756799645820162269
0.0006631217993319977954065024474
0.0006631217993319977954065024474
0.0006588124005119329775144442484
0.0006588124005119329775144442484
0.0006545000150515843086977495229
0.0006545000150515843086977495229
0.0006501846625005901334124138263
0.0006501846625005901334124138263
0.0006458663624220397171147252024
0.0006458663624220397171147252024
0.0006415451343923845596238149226
0.0006415451343923845596238149226
0.0006372209980013496479128792552
0.0006372209980013496479128792552
0.0006328939728518446487316915497
0.0006328939728518446487316915497
0.0006285640785598750414633178246
0.0006285640785598750414633178246
0.0006242313347544531916182427793
0.0006242313347544531916182427793
0.0006198957610775093653694068914
0.0006198957610775093653694068914
0.0006155573771838026855319491396
0.0006155573771838026855319491396
0.0006112162027408320293917441046
0.0006112162027408320293917441046
0.0006068722574287468687871169191
0.0006068722574287468687871169191
0.0006025255609402580528484149884
0.0006025255609402580528484149884
0.0005981761329805485338004118008
0.0005981761329805485338004118008
0.0005938239932671840362328157537
0.0005938239932671840362328157537
0.0005894691615300236702444560112
0.0005894691615300236702444560112
0.0005851116575111304888670182887
0.0005851116575111304888670182887
0.0005807515009646819901745064632
0.0005807515009646819901745064632
0.0005763887116568805644849114142
0.0005763887116568805644849114142
0.000572023309365863887060876905
0.000572023309365863887060876905
0.0005676553138816152567164640833
0.0005676553138816152567164640833
0.0005632847450058738807374318033
0.0005632847450058738807374318033
0.0005589116225520451065227700026
0.0005589116225520451065227700026
0.0005545359663451106003555484177
0.0005545359663451106003555484177
0.0005501577962215384737114736639
0.0005501577962215384737114736639
0.0005457771320291933575138848911
0.0005457771320291933575138848911
0.0005413939936272464247442626766
0.0005413939936272464247442626766
0.0005370084008860853618176784652
0.0005370084008860853618176784652
0.0005326203736872242891329737187
0.0005326203736872242891329737187
0.00052822993192321363120783014
0.00052822993192321363120783014
0.000523837095497549936809276152
0.000523837095497549936809276152
0.0005194418843245856494905716409
0.0005194418843245856494905716409
0.000515044318329438828945824386
0.000515044318329438828945824386
0.0005106444174479028235941193468
0.0005106444174479028235941193468
0.0005062422016263558948053880046
0.0005062422016263558948053880046
0.0005018376908216707931807114513
0.0005018376908216707931807114513
0.0004974309050011242873002403121
0.0004974309050011242873002403121
0.0004930218641423066453524296164
0.0004930218641423066453524296164
0.0004886105882330310700588304545
0.0004886105882330310700588304545
0.0004841970972712430873092561015
0.0004841970972712430873092561015
0.0004797814112649298889227521153
0.0004797814112649298889227521153
0.0004753635502320296299504520555
0.0004753635502320296299504520555
0.0004709435342003406809370977905
0.0004709435342003406809370977905
0.0004665213832074308355587513713
0.0004665213832074308355587513713
0.0004620971173005464740550303222
0.0004620971173005464740550303222
0.0004576707565365216828750669503
0.0004576707565365216828750669503
0.0004532423209816873309573327875
0.0004532423209816873309573327875
0.0004488118307117801030644905123
0.0004488118307117801030644905123
0.0004443793058118514905955477775
0.0004443793058118514905955477775
0.0004399447663761767402988017951
0.0004399447663761767402988017951
0.0004355082325081637613103933486
0.0004355082325081637613103933486
0.0004310697243202619909447489727
0.0004310697243202619909447489727
0.0004266292619338712196647972506
0.0004266292619338712196647972506
0.0004221868654792503756616188123
0.0004221868654792503756616188123
0.000417742555095426269475151673
0.000417742555095426269475151673
0.0004132963509301022990897491703
0.0004132963509301022990897491703
0.0004088482731395671159408057559
0.0004088482731395671159408057559
0.0004043983418886032522713592582
0.0004043983418886032522713592582
0.0003999465773503957102805848731
0.0003999465773503957102805848731
0.0003954929997064405135094596234
0.0003954929997064405135094596234
0.0003910376291464532209126465328
0.0003910376291464532209126465328
0.0003865804858682774040698831626
0.0003865804858682774040698831626
0.0003821215900777930879949262975
0.0003821215900777930879949262975
0.0003776609619888251560054807929
0.0003776609619888251560054807929
0.0003731986218230517191236155441
0.0003731986218230517191236155441
0.0003687345898099124504830472706
0.0003687345898099124504830472706
0.0003642688861865168852274743365
0.0003642688861865168852274743365
0.0003598015311975526863930091323
0.0003598015311975526863930091323
0.0003553325450951938772778531676
0.0003553325450951938772778531676
0.0003508619481390090408138763448
0.0003508619481390090408138763448
0.0003463897605958694864679263064
0.0003463897605958694864679263064
0.0003419160027398573852157698203
0.0003419160027398573852157698203
0.0003374406948521738731488670604
0.0003374406948521738731488670604
0.0003329638572210471242940680827
0.0003329638572210471242940680827
0.000328485510141640393249231926
0.000328485510141640393249231926
0.0003240056739159600282642152341
0.0003240056739159600282642152341
0.0003195243688527634554272672588
0.0003195243688527634554272672588
0.0003150416152674671346523245968
0.0003150416152674671346523245968
0.0003105574334820544882038837334
0.0003105574334820544882038837334
0.0003060718438249838025440717817
0.0003060718438249838025440717817
0.0003015848666310961043424684403
0.0003015848666310961043424684403
0.0002970965222415230115546351814
0.0002970965222415230115546351814
0.0002926068310035945605519625817
0.0002926068310035945605519625817
0.0002881158132707470103755038644
0.0002881158132707470103755038644
0.0002836234894024306252925247378
0.0002836234894024306252925247378
0.0002791298797640174369597255412
0.0002791298797640174369597255412
0.0002746350047267089876453272032
0.0002746350047267089876453272032
0.0002701388846674440561381533837
0.0002701388846674440561381533837
0.0002656415399688063681812391228
0.0002656415399688063681812391228
0.0002611429910189322935174192803
0.0002611429910189322935174192803
0.0002566432582114185319335121809
0.0002566432582114185319335121809
0.0002521423619452297910488961112
0.0002521423619452297910488961112
0.0002476403226246064590268639211
0.0002476403226246064590268639211
0.0002431371606589722759098139096
0.0002431371606589722759098139096
0.0002386328964628420079129581188
0.0002386328964628420079129581188
0.00023412755045572912978200436
0.00023412755045572912978200436
0.0002296211430620535212612353369
0.0002296211430620535212612353369
0.0002251136947110491848714046159
0.0002251136947110491848714046159
0.0002206052258366719936151057226
0.0002206052258366719936151057226
0.0002160957568775074789787317237
0.0002160957568775074789787317237
0.0002115853082766786717720994009
0.0002115853082766786717720994009
0.0002070739004817540110518454104
0.0002070739004817540110518454104
0.0002025615539446553397587862472
0.0002025615539446553397587862472
0.0001980482891215660099528523932
0.0001980482891215660099528523932
0.0001935341264728391259013787171
0.0001935341264728391259013787171
0.000189019086462905960096286391
0.000189019086462905960096286391
0.0001845031895601845859791697028
0.0001845031895601845859791697028
0.0001799864562369887823226438155
0.0001799864562369887823226438155
0.0001754689069694372786336639257
0.0001754689069694372786336639257
0.000170950562237363429668043923
0.000170950562237363429668043923
0.0001664314425242254316170315664
0.0001664314425242254316170315664
0.0001619115683170172247264627665
0.0001619115683170172247264627665
0.0001573909601061802697771101966
0.0001573909601061802697771101966
0.0001528696383855164428162645172
0.0001528696383855164428162645172
0.0001483476236521023691713534052
0.0001483476236521023691713534052
0.0001438249364062056217518454865
0.0001438249364062056217518454865
0.0001393015971512033509443109148
0.0001393015971512033509443109148
0.000134777626393504109965556932
0.000134777626393504109965556932
0.000130253044642473913734603183
0.000130253044642473913734603183
0.0001257278724103679558403299205
0.0001257278724103679558403299205
0.0001212021302122699591312461501
0.0001212021302122699591312461501
0.0001166758385660419301858505755
0.0001166758385660419301858505755
0.0001121490179922882489841757967
0.0001121490179922882489841757967
0.0001076216890143397446604136496
0.0001076216890143397446604136496
0.0001030938721582659925740491139
0.0001030938721582659925740491139
0.0000985655879529280139774575244
0.0000985655879529280139774575244
0.0000940368569300896887834556897
0.0000940368569300896887834556897
0.000089507699624615890757796796
0.000089507699624615890757796796
0.000084978136574801015538885695
0.000084978136574801015538885695
0.000080448188322897426368665693
0.000080448188322897426368665693
0.000075917875415957075155056692
0.000075917875415957075155056692
0.000071387218407175541538082057
0.000071387218407175541538082057
0.000066856237858063744586093702
0.000066856237858063744586093702
0.00006232495434202426633458341
0.00006232495434202426633458341
0.00005779338845039267982203434
0.00005779338845039267982203434
0.000053261560802973047864500821
0.000053261560802973047864500821
0.000048729492067134186529939078
0.000048729492067134186529939078
0.000044197202994064161346078277
0.000044197202994064161346078277
0.000039664714491535655062926717
0.000039664714491535655062926717
0.000035132047780119567694984278
0.000035132047780119567694984278
0.000030599224757468111171577122
0.000030599224757468111171577122
0.000026066268940869485197555662
0.000026066268940869485197555662
0.000021533208257793487038764148
0.000021533208257793487038764148
0.000017000084960465391935282345
0.000017000084960465391935282345
0.000012467001458761733289580959
0.000012467001458761733289580959
7.9344435235158800134221e-6
7.9344435235158800134221e-6
3.40855126078413538065331e-6
3.40855126078413538065331e-6