0
-0.0025142769844569698024418365908
0.0025142769844569698024418365908
-0.0050285380746611644032940611735
0.0050285380746611644032940611735
-0.00754276737646028570545645023736
0.00754276737646028570545645023736
-0.0100569489959029891856315179205
0.0100569489959029891856315179205
-0.0125710670393393590932898017984
0.0125710670393393590932898017984
-0.015085105613521381744123091924
0.015085105613521381744123091924
-0.0175990488257034162728336556193
0.0175990488257034162728336556193
-0.0201128807837426622101235715779
0.0201128807837426622101235715779
-0.0226265855961996232487683629767
0.0226265855961996232487683629767
-0.0251401473724385665636832103739
0.0251401473724385665636832103739
-0.0276535502227279770509181310555
0.0276535502227279770509181310555
-0.0301667782583410058505506319859
0.0301667782583410058505506319859
-0.0326798155916559125184804784322
0.0326798155916559125184804784322
-0.0351926463362565002121713694309
0.0351926463362565002121713694309
-0.0377052546070325432554284742963
0.0377052546070325432554284742963
-0.0402176245202802064473489610562
0.0402176245202802064473489610562
-0.0427297401938024554806348377335
0.0427297401938024554806348377335
-0.0452415857470094578345136304467
0.0452415857470094578345136304467
-0.0477531453010189735075726380175
0.0477531453010189735075726380175
-0.0502644029787567349558767307756
0.0502644029787567349558767307756
-0.0527753429050568156018079011261
0.0527753429050568156018079011261
-0.0552859492067619862791370247683
0.0552859492067619862791370247683
-0.057796206012824058979914553768
0.057796206012824058979914553768
-0.0603060974544042172688471354996
0.0603060974544042172688471354996
-0.0628156076649733327309114342974
0.0628156076649733327309114342974
-0.0653247207804122668180447249362
0.0653247207804122668180447249362
-0.0678334209391121574608441282552
0.0678334209391121574608441282552
-0.0703416922820746898113026687588
0.0703416922820746898113026687588
-0.0728495189530123504827106512579
0.0728495189530123504827106512579
-0.0753568850984486646529551779356
0.0753568850984486646529551779356
-0.0778637748678184153975589579571
0.0778637748678184153975589579571
-0.0803701724135678446189118982188
0.0803701724135678446189118982188
-0.0828760618912548349382653053379
0.0828760618912548349382653053379
-0.0853814274596490719171788747766
0.0853814274596490719171788747766
-0.0878862532808321859752349923222
0.0878862532808321859752349923222
-0.0903905235202978733709632252182
0.0903905235202978733709632252182
-0.0928942223470519956130502342447
0.0928942223470519956130502342447
-0.0953973339337126566690466931491
0.0953973339337126566690466931491
-0.0978998424566102573389231571692
0.0978998424566102573389231571692
-0.100401732095887526160971177071
0.100401732095887526160971177071
-0.10290298703559952621769430825
0.10290298703559952621769430825
-0.10540359146381363720948601506
0.10540359146381363720948601506
-0.10790352957270951216404781768
0.10790352957270951216404781768
-0.11040278555867900814966137155
0.11040278555867900814966137155
-0.112901343622426090360592506606
0.112901343622426090360592506606
-0.115399187969066708943073584291
0.115399187969066708943073584291
-0.117896302808228647930482853474
0.117896302808228647930482853474
-0.120392672354151345656515800881
0.120392672354151345656515800881
-0.122888280825785686015323796395
0.122888280825785686015323796395
-0.125383112446893759937779627345
0.125383112446893759937779627345
-0.127877151446148596453217797675
0.127877151446148596453217797675
-0.130370382057233862706189736293
0.130370382057233862706189736293
-0.13286278851894353229797031292
0.13286278851894353229797031292
-0.135354355075281521322752297957
0.135354355075281521322752297957
-0.137845065975561291468669624169
0.137845065975561291468669624169
-0.140334905474505419553998510954
0.140334905474505419553998510954
-0.142823857832345132869097695327
0.142823857832345132869097695327
-0.145311907314919809694865176184
0.145311907314919809694865176184
-0.147799038193776444368709018544
0.147799038193776444368709018544
-0.150285234746269076269253880877
0.150285234746269076269253880877
-0.152770481255658182091233019963
0.152770481255658182091233019963
-0.155254762011210030782247592456
0.155254762011210030782247592456
-0.157738061308296000513311109072
0.157738061308296000513311109072
-0.160220363448491857055336904537
0.160220363448491857055336904537
-0.162701652739676992933970462606
0.162701652739676992933970462606
-0.165181913496133626735416379068
0.165181913496133626735416379068
-0.16766113003864596193616165513
0.16766113003864596193616165513
-0.170139286694599304629752887282
0.170139286694599304629752887282
-0.172616367798079139524044756126
0.172616367798079139524044756126
-0.175092357689970163582601014045
0.175092357689970163582601014045
-0.177567240718055276684196928279
0.177567240718055276684196928279
-0.180041001237114528674643850354
0.180041001237114528674643850354
-0.182513623609024022185432253089
0.182513623609024022185432253089
-0.184985092202854770593969200882
0.184985092202854770593969200882
-0.187455391394971510500469795844
0.187455391394971510500469795844
-0.189924505569131468096849669893
0.189924505569131468096849669893
-0.192392419116583078803257069204
0.192392419116583078803257069204
-0.194859116436164659548178500697
0.194859116436164659548178500697
-0.197324581934403033068351278641
0.197324581934403033068351278641
-0.199788800025612103605019620999
0.199788800025612103605019620999
-0.202251755131991383373378198025
0.202251755131991383373378198025
-0.204713431683724469182358227819
0.204713431683724469182358227819
-0.207173814119077468582226343127
0.207173814119077468582226343127
-0.209632886884497374917785518665
0.209632886884497374917785518665
-0.212090634434710390665290346538
0.212090634434710390665290346538
-0.214547041232820198431515877026
0.214547041232820198431515877026
-0.217002091750406178993750100897
0.217002091750406178993750100897
-0.219455770467621575759814935512
0.219455770467621575759814935512
-0.221908061873291605027559288116
0.221908061873291605027559288116
-0.22435895046501151142361040374
0.22435895046501151142361040374
-0.226808420749244567901516259956
0.226808420749244567901516259956
-0.229256457241420019679762244043
0.229256457241420019679762244043
-0.231703044466030971500499737811
0.231703044466030971500499737811
-0.234148166956732217590182539099
0.234148166956732217590182539099
-0.236591809256438013703669264585
0.236591809256438013703669264585
-0.239033955917419790633716003666
0.239033955917419790633716003666
-0.24147459150140380856815352557
0.24147459150140380856815352557
-0.243913700579668751677417279115
0.243913700579668751677417279115
-0.246351267733143262315476264299
0.246351267733143262315476264299
-0.248787277552503414217588594882
0.248787277552503414217588594882
-0.251221714638270124078697208693
0.251221714638270124078697208693
-0.253654563600906500896668715396
0.253654563600906500896668715396
-0.256085809060915132464971797163
0.256085809060915132464971797163
-0.258515435648935308399788893792
0.258515435648935308399788893792
-0.260943428005840179086956107747
0.260943428005840179086956107747
-0.263369770782833849934531353763
0.263369770782833849934531353763
-0.265794448641548410317199749604
0.265794448641548410317199749604
-0.268217446254140896599138096634
0.268217446254140896599138096634
-0.270638748303390188622377028435
0.270638748303390188622377028435
-0.273058339482793839048120010231
0.273058339482793839048120010231
-0.27547620449666483493890284859
0.27547620449666483493890284859
-0.277892328060228290969905717162
0.277892328060228290969905717162
-0.280306694899718073658161917368
0.280306694899718073658161917368
-0.28271928975247335599884367017
0.28271928975247335599884367017
-0.285130097367035101898245173688
0.285130097367035101898245173688
-0.287539102503242479793526958597
0.287539102503242479793526958597
-0.289946289932329204849733226195
0.289946289932329204849733226195
-0.292351644437019809125045359924
0.292351644437019809125045359924
-0.294755150811625839095690157125
0.294755150811625839095690157125
-0.297156793862141979932380530965
0.297156793862141979932380530965
-0.299556558406342105920629480014
0.299556558406342105920629480014
-0.301954429273875256417745011781
0.301954429273875256417745011781
-0.304350391306361536739784433858
0.304350391306361536739784433858
-0.306744429357487943372220989034
0.306744429357487943372220989034
-0.309136528293104112898554205986
0.309136528293104112898554205986
-0.311526672991317994041577561752
0.311526672991317994041577561752
-0.313914848342591442212503103203
0.313914848342591442212503103203
-0.316301039249835735963632549078
0.316301039249835735963632549078
-0.318685230628507014740758088615
0.318685230628507014740758088615
-0.321067407406701637331973604477
0.321067407406701637331973604477
-0.323447554525251460410078373182
0.323447554525251460410078373182
-0.32582565693781903656626043261
0.32582565693781903656626043261
-0.328201699610992731233255750039
0.328201699610992731233255750039
-0.330575667524381757896692072463
0.330575667524381757896692072463
-0.332947545670711130993842890304
0.332947545670711130993842890304
-0.33531731905591653589953729292
0.33531731905591653589953729292
-0.337684972699239115399495636093
0.337684972699239115399495636093
-0.340050491633320172051888874781
0.340050491633320172051888874781
-0.342413860904295785838451135374
0.342413860904295785838451135374
-0.344775065571891346507010607272
0.344775065571891346507010607272
-0.34713409070951600000784312028
0.34713409070951600000784312028
-0.349490921404357008426795838815
0.349490921404357008426795838815
-0.351845542757474022818675342696
0.351845542757474022818675342696
-0.354197939883893268344944973978
0.354197939883893268344944973978
-0.35654809791270164112033070634
0.35654809791270164112033070634
-0.358896001987140716173492934476
0.358896001987140716173492934476
-0.36124163726470066592748348226
0.36124163726470066592748348226
-0.363584988917214088606272786545
0.363584988917214088606272786545
-0.365926042130949745974201624788
0.365926042130949745974201624788
-0.368264782106706209815784915686
0.368264782106706209815784915686
-0.370601194059905416563872028944
0.370601194059905416563872028944
-0.372935263220686129484748689648
0.372935263220686129484748689648
-0.375266974833997307829349950728
0.375266974833997307829349950728
-0.377596314159691382360341830009
0.377596314159691382360341830009
-0.379923266472617436665421062645
0.379923266472617436665421062645
-0.382247817062714293667778001525
0.382247817062714293667778001525
-0.384569951235103506745267003889
0.384569951235103506745267003889
-0.386889654310182254870431667899
0.386889654310182254870431667899
-0.389206911623716141184139024716
0.389206911623716141184139024716
-0.391521708526931894416187245671
0.391521708526931894416187245671
-0.39383403038660997256686558668
0.39383403038660997256686558668
-0.396143862585177068264063159217
0.396143862585177068264063159217
-0.398451190520798515211144684952
0.398451190520798515211144684952
-0.400755999607470595141436655784
0.400755999607470595141436655784
-0.403058275275112744695796278377
0.403058275275112744695796278377
-0.405358002969659661640368228505
0.405358002969659661640368228505
-0.407655168153153309842270571606
0.407655168153153309842270571606
-0.409949756303834822421591217755
0.409949756303834822421591217755
-0.412241752916236302498719967911
0.412241752916236302498719967911
-0.414531143501272520956688569575
0.414531143501272520956688569575
-0.416817913586332510638842229928
0.416817913586332510638842229928
-0.419102048715371056402820728874
0.419102048715371056402820728874
-0.421383534449000080452485629184
0.421383534449000080452485629184
-0.423662356364579922370092091806
0.423662356364579922370092091806
-0.42593850005631051327166946736
0.42593850005631051327166946736
-0.428211951135322443509244145522
0.428211951135322443509244145522
-0.430482695229767923344211098254
0.430482695229767923344211098254
-0.432750717984911636016837146419
0.432750717984911636016837146419
-0.435016005063221482637559207909
0.435016005063221482637559207909
-0.437278542144459218326424644712
0.437278542144459218326424644712
-0.439538314925770979027708312114
0.439538314925770979027708312114
-0.44179530912177769842743202096
0.44179530912177769842743202096
-0.444049510464665414402206849408
0.444049510464665414402206849408
-0.44630090470427546442851707937
0.44630090470427546442851707937
-0.448549477608194569382266480462
0.448549477608194569382266480462
-0.450795214961844805159113216428
0.450795214961844805159113216428
-0.453038102568573461546828801027
0.453038102568573461546828801027
-0.45527812624974278778162927801
0.45527812624974278778162927801
-0.457515271844819624221143138354
0.457515271844819624221143138354
-0.459749525211464919567400412994
0.459749525211464919567400412994
-0.461980872225623133073950886239
0.461980872225623133073950886239
-0.464209298781611521171946459389
0.464209298781611521171946459389
-0.466434790792209307950753351101
0.466434790792209307950753351101
-0.468657334188746738929394046251
0.468657334188746738929394046251
-0.470876914921194017555856693709
0.470876914921194017555856693709
-0.473093518958250123872051000928
0.473093518958250123872051000928
-0.475307132287431514782934574873
0.475307132287431514782934574873
-0.477517740915160705369082109898
0.477517740915160705369082109898
-0.479725330866854730682721818886
0.479725330866854730682721818886
-0.481929888187013487468019039704
0.481929888187013487468019039704
-0.484131398939307955247146019858
0.484131398939307955247146019858
-0.486329849206668296214439483453
0.486329849206668296214439483453
-0.488525225091371833381713711364
0.488525225091371833381713711364
-0.490717512715130906418566512969
0.490717512715130906418566512969
-0.492906698219180604632288631125
0.492906698219180604632288631125
-0.495092767764366376532763796318
0.495092767764366376532763796318
-0.497275707531231515428526826238
0.497275707531231515428526826238
-0.499455503720104520500930848427
0.499455503720104520500930848427
-0.501632142551186332804161901212
0.501632142551186332804161901212
-0.503805610264637445639629836898
0.503805610264637445639629836898
-0.505975893120664888754058606087
0.505975893120664888754058606087
-0.508142977399609085811396638109
0.508142977399609085811396638109
-0.51030684940203058458946914472
0.51030684940203058458946914472
-0.512467495448796659353098757478
0.512467495448796659353098757478
-0.51462490188116778485622895846
0.51462490188116778485622895846
-0.516779055060883981426396274001
0.516779055060883981426396274001
-0.518929941370251030585712166999
0.518929941370251030585712166999
-0.521077547212226560663333979678
0.521077547212226560663333979678
-0.523221859010506001855226140492
0.523221859010506001855226140492
-0.525362863209608410187838150845
0.525362863209608410187838150845
-0.527500546274962159843154604299
0.527500546274962159843154604299
-0.529634894692990503303404657642
0.529634894692990503303404657642
-0.531765894971196998774553964442
0.531765894971196998774553964442
-0.533893533638250804348541092132
0.533893533638250804348541092132
-0.536017797244071838365062868003
0.536017797244071838365062868003
-0.538138672359915805434558932399
0.538138672359915805434558932399
-0.540256145578459087584895013569
0.540256145578459087584895013569
-0.542370203513883499995097072606
0.542370203513883499995097072606
-0.544480832801960910780344493433
0.544480832801960910780344493433
-0.546588020100137724293289906293
0.546588020100137724293289906293
-0.548691752087619227407636028413
0.548691752087619227407636028413
-0.550792015465453798250766076836
0.550792015465453798250766076836
-0.552888796956616976853093850481
0.552888796956616976853093850481
-0.554982083306095397182672485714
0.554982083306095397182672485714
-0.557071861280970580034477156691
0.557071861280970580034477156691
-0.559158117670502586244656612766
0.559158117670502586244656612766
-0.561240839286213529700931414954
0.561240839286213529700931414954
-0.563320012961970949621203046094
0.563320012961970949621203046094
-0.565395625554071041573327719416
0.565395625554071041573327719416
-0.567467663941321746709901692065
0.567467663941321746709901692065
-0.569536115025125698692801198115
0.569536115025125698692801198115
-0.571600965729563027783119744015
0.571600965729563027783119744015
-0.57366220300147402157304845265
0.57366220300147402157304845265
-0.575719813810541641837151394467
0.575719813810541641837151394467
-0.577773785149373896981397399752
0.577773785149373896981397399752
-0.579824104033586069569222699333
0.579824104033586069569222699333
-0.581870757501882798404814886045
0.581870757501882798404814886045
-0.583913732616140014654728120343
0.583913732616140014654728120343
-0.585953016461486731489862214716
0.585953016461486731489862214716
-0.58798859614638668673076421724
0.58798859614638668673076421724
-0.59002045880271983798014036877
0.59002045880271983798014036877
-0.592048591585863709727398825139
0.592048591585863709727398825139
-0.594072981674774591910979309335
0.594072981674774591910979309335
-0.596093616272068589425164883049
0.596093616272068589425164883049
-0.598110482604102522059013296399
0.598110482604102522059013296399
-0.600123567921054674355990882876
0.600123567921054674355990882876
-0.602132859497005394883840707921
0.602132859497005394883840707921
-0.604138344630017544405168647729
0.604138344630017544405168647729
-0.606140010642216792440186264147
0.606140010642216792440186264147
-0.608137844879871761714007745667
0.608137844879871761714007745667
-0.610131834713474019981859797491
0.610131834713474019981859797491
-0.612121967537817918726528179478
0.612121967537817918726528179478
-0.614108230772080278223332603212
0.614108230772080278223332603212
-0.616090611859899918468892902503
0.616090611859899918468892902503
-0.618069098269457035470923779068
0.618069098269457035470923779068
-0.620043677493552422397272990878
0.620043677493552422397272990878
-0.622014337049686535083398588485
0.622014337049686535083398588485
-0.623981064480138401398464708315
0.623981064480138401398464708315
-0.625943847352044373971222495301
0.625943847352044373971222495301
-0.627902673257476725777832944023
0.627902673257476725777832944023
-0.629857529813522088094781811472
0.629857529813522088094781811472
-0.631808404662359730321033259401
0.631808404662359730321033259401
-0.633755285471339681174568523689
0.633755285471339681174568523689
-0.635698159933060690769458675803
0.635698159933060690769458675803
-0.637637015765448033080626431121
0.637637015765448033080626431121
-0.639571840711831148304460964052
0.639571840711831148304460964052
-0.6415026225410211246244618043
0.6415026225410211246244618043
-0.643429349047388018892103105817
0.643429349047388018892103105817
-0.645352008050938015734127893528
0.645352008050938015734127893528
-0.647270587397390424598503296456
0.647270587397390424598503296456
-0.649185074958254514252292262833
0.649185074958254514252292262833
-0.651095458630906184245724816795
0.651095458630906184245724816795
-0.653001726338664472857782550745
0.653001726338664472857782550745
-0.654903866030867901039643746005
0.654903866030867901039643746005
-0.65680186568295065187337327028
0.65680186568295065187337327028
-0.658695713296518585064281207382
0.658695713296518585064281207382
-0.660585396899425085986417025823
0.660585396899425085986417025823
-0.662470904545846748801711981839
0.662470904545846748801711981839
-0.664352224316358893174331372485
0.664352224316358893174331372485
-0.666229344318010914102850198986
0.666229344318010914102850198986
-0.668102252684401464393920762979
0.668102252684401464393920762979
-0.669970937575753469302158691839
0.669970937575753469302158691839
-0.671835387178988972862034867412
0.671835387178988972862034867412
-0.67369558970780381543862470831
0.67369558970780381543862470831
-0.675551533402742142025133222887
0.675551533402742142025133222887
-0.677403206531270740816184201237
0.677403206531270740816184201237
-0.67925059738785321158693484337
0.67925059738785321158693484337
-0.681093694294023963409153020273
0.681093694294023963409153020273
-0.68293248559846204123647322809
0.68293248559846204123647322809
-0.684766959677064780892129116347
0.684766959677064780892129116347
-0.686597104933021291993545242113
0.686597104933021291993545242113
-0.68842290979688576834925841644
0.68842290979688576834925841644
-0.690244362726650625364729660408
0.690244362726650625364729660408
-0.69206145220781946399470136883
0.69206145220781946399470136883
-0.69387416675347986078085078307
0.69387416675347986078085078307
-0.695682494904375983514590293778
0.695682494904375983514590293778
-0.697486425228981032065967422478
0.697486425228981032065967422478
-0.699285946323569503920722561044
0.699285946323569503920722561044
-0.701081046812289283968670673151
0.701081046812289283968670673151
-0.702871715347233558087684174689
0.702871715347233558087684174689
-0.70465794060851255006866810402
0.70465794060851255006866810402
-0.706439711304325081428035460646
0.706439711304325081428035460646
-0.708217016171029953655310225366
0.708217016171029953655310225366
-0.709989843973217152444608069259
0.709989843973217152444608069259
-0.711758183503778873459870105661
0.711758183503778873459870105661
-0.713522023583980369184853231705
0.713522023583980369184853231705
-0.715281353063530616410011636742
0.715281353063530616410011636742
-0.717036160820652803909537916953
0.717036160820652803909537916953
-0.718786435762154639862968921524
0.718786435762154639862968921524
-0.720532166823498478576900958683
0.720532166823498478576900958683
-0.722273342968871266063501302517
0.722273342968871266063501302517
-0.724009953191254304033648056559
0.724009953191254304033648056559
-0.725741986512492831863678340393
0.725741986512492831863678340393
-0.727469431983365426095875463816
0.727469431983365426095875463816
-0.729192278683653217033979231975
0.729192278683653217033979231975
-0.730910515722208921996159777255
0.730910515722208921996159777255
-0.732624132237025694789054332104
0.732624132237025694789054332104
-0.734333117395305790967628134126
0.734333117395305790967628134126
-0.736037460393529048446785183382
0.736037460393529048446785183382
-0.737737150457521183031821844481
0.737737150457521183031821844481
-0.739432176842521898435986295331
0.739432176842521898435986295331
-0.741122528833252810354579563033
0.741122528833252810354579563033
-0.742808195743985184166209347872
0.742808195743985184166209347872
-0.744489166918607485832986011217
0.744489166918607485832986011217
-0.746165431730692745572630985065
0.746165431730692745572630985065
-0.747836979583565733876651442353
0.747836979583565733876651442353
-0.749503799910369949449921340601
0.749503799910369949449921340601
-0.751165882174134418648197909475
0.751165882174134418648197909475
-0.752823215867840305991294287833
0.752823215867840305991294287833
-0.754475790514487335330823320384
0.754475790514487335330823320384
-0.756123595667160021252624490504
0.756123595667160021252624490504
-0.757766620909093710295185586631
0.757766620909093710295185586631
-0.759404855853740431566572967275
0.759404855853740431566572967275
-0.761038290144834556343589196531
0.761038290144834556343589196531
-0.762666913456458266238084360386
0.762666913456458266238084360386
-0.764290715493106829516557536486
0.764290715493106829516557536486
-0.76590968598975368516039766869
0.76590968598975368516039766869
-0.76752381471191533425532848502
0.76752381471191533425532848502
-0.769133091455716038299840085893
0.769133091455716038299840085893
-0.770737506047952324023610410983
0.770737506047952324023610410983
-0.772337048346157294308142960119
0.772337048346157294308142960119
-0.773931708238664744803072888461
0.773931708238664744803072888461
-0.775521475644673085832821911072
0.775521475644673085832821911072
-0.777106340514309069189513329233
0.777106340514309069189513329233
-0.778686292828691319409291922501
0.778686292828691319409291922501
-0.780261322599993669130429428974
0.780261322599993669130429428974
-0.78183141987150829813283485352
0.78183141987150829813283485352
-0.783396574717708675659829892145
0.783396574717708675659829892145
-0.784956777244312305624293332295
0.784956777244312305624293332295
-0.78651201758834327430252437591
0.78651201758834327430252437591
-0.788062285918194600120423426522
0.788062285918194600120423426522
-0.789607572433690385137839975823
0.789607572433690385137839975823
-0.791147867366147767838190810915
0.791147867366147767838190810915
-0.792683160978438676831707833026
0.792683160978438676831707833026
-0.794213443565051385081933323911
0.794213443565051385081933323911
-0.795738705452151864266341509427
0.795738705452151864266341509427
-0.797258936997644938883228742972
0.797258936997644938883228742972
-0.798774128591235239718280556644
0.798774128591235239718280556644
-0.800284270654487956285492196976
0.800284270654487956285492196976
-0.801789353640889387858390067108
0.801789353640889387858390067108
-0.803289368035907292708774730081
0.803289368035907292708774730081
-0.80478430435705103517148178061
0.80478430435705103517148178061
-0.80627415315393153015493495713
0.80627415315393153015493495713
-0.807758905008320984718546334049
0.807758905008320984718546334049
-0.809238550534212436339301297861
0.809238550534212436339301297861
-0.810713080377879087491151262014
0.810713080377879087491151262014
-0.812182485217933436162124705996
0.812182485217933436162124705996
-0.813646755765386201935357125966
0.813646755765386201935357125966
-0.815105882763705047261532849123
0.815105882763705047261532849123
-0.816559856988873093551526383884
0.816559856988873093551526383884
-0.818008669249447231719328044443
0.818008669249447231719328044443
-0.819452310386616226806637993436
0.819452310386616226806637993436
-0.820890771274258616321814581823
0.820890771274258616321814581823
-0.822324042819000401927166922636
0.822324042819000401927166922636
-0.823752115960272534109888006648
0.823752115960272534109888006648
-0.825174981670368189473233344988
0.825174981670368189473233344988
-0.826592630954499840285861098082
0.826592630954499840285861098082
-0.828005054850856115928562913705
0.828005054850856115928562913705
-0.829412244430658455878930241058
0.829412244430658455878930241058
-0.830814190798217553875818704417
0.830814190798217553875818704417
-0.832210885090989592906793200612
0.832210885090989592906793200612
-0.833602318479632270663058721128
0.833602318479632270663058721128
-0.834988482168060615107706483545
0.834988482168060615107706483545
-0.836369367393502589804431780065
0.836369367393502589804431780065
-0.837744965426554488655209004553
0.837744965426554488655209004553
-0.839115267571236119696740595537
0.839115267571236119696740595537
-0.840480265165045777606830122421
0.840480265165045777606830122421
-0.841839949579015004573165437557
0.841839949579015004573165437557
-0.843194312217763139178335709122
0.843194312217763139178335709122
-0.844543344519551652956246230693
0.844543344519551652956246230693
-0.845887037956338274276437164447
0.845887037956338274276437164447
-0.847225384033830899214156807585
0.847225384033830899214156807585
-0.8485583742915412890653865674
0.8485583742915412890653865674
-0.849886000302838554167363580887
0.849886000302838554167363580887
-0.851208253675002423686497811386
0.851208253675002423686497811386
-0.852525126049276301036933488954
0.852525126049276301036933488954
-0.853836609100920104594359924448
0.853836609100920104594359924448
-0.855142694539262893371034011044
0.855142694539262893371034011044
-0.856443374107755277319336122694
0.856443374107755277319336122694
-0.857738639584021611932542618049
0.857738639584021611932542618049
-0.859028482779911976812861752294
0.859028482779911976812861752294
-0.860312895541553937878145479347
0.860312895541553937878145479347
-0.86159186974940409288005738445
0.86159186974940409288005738445
-0.86286539731829939990784681375
0.86286539731829939990784681375
-0.8641334701975082885532511542
0.8641334701975082885532511542
-0.865396080370781553413422155617
0.865396080370781553413422155617
-0.866653219856403029610148168099
0.866653219856403029610148168099
-0.867904880707240050005022183746
0.867904880707240050005022183746
-0.869151055010793683791585612932
0.869151055010793683791585612932
-0.870391734889248756146859783625
0.870391734889248756146859783625
-0.87162691249952364862606121867
0.87162691249952364862606121867
-0.872856580033319879985682811899
0.872856580033319879985682811899
-0.87408072971717146712151108059
0.87408072971717146712151108059
-0.875299353812494065809539710488
0.875299353812494065809539710488
-0.87651244461563389093913162154
0.87651244461563389093913162154
-0.877719994457916415929175758953
0.877719994457916415929175758953
-0.878921995705694851019380746331
0.878921995705694851019380746331
-0.880118440760398400130245416759
0.880118440760398400130245416759
-0.881309322058580295986646054947
0.881309322058580295986646054947
-0.882494632071965613201381930163
0.882494632071965613201381930163
-0.883674363307498859016424366783
0.883674363307498859016424366783
-0.884848508307391341401020178159
0.884848508307391341401020178159
-0.886017059649168314207207771236
0.886017059649168314207207771236
-0.887180009945715899084713605086
0.887180009945715899084713605086
-0.888337351845327783858607947565
0.888337351845327783858607947565
-0.889489078031751697074512011573
0.889489078031751697074512011573
-0.890635181224235658417563557231
0.890635181224235658417563557231
-0.891775654177574004712764909724
0.891775654177574004712764909724
-0.8929104896821531912157560557
0.8929104896821531912157560557
-0.894039680563997367904476035197
0.894039680563997367904476035197
-0.895163219684813730483598232017
0.895163219684813730483598232017
-0.896281099942037645815049374613
0.896281099942037645815049374613
-0.897393314268877551489348082774
0.897393314268877551489348082774
-0.898499855634359629253926623984
0.898499855634359629253926623984
-0.899600717043372252016029168222
0.899600717043372252016029168222
-0.900695891536710204139211242389
0.900695891536710204139211242389
-0.901785372191118674753898276467
0.901785372191118674753898276467
-0.902869152119337023803896094108
0.902869152119337023803896094108
-0.903947224470142320552182921654
0.903947224470142320552182921654
-0.905019582428392654270750962685
0.905019582428392654270750962685
-0.906086219215070216840705801219
0.906086219215070216840705801219
-0.907147128087324156990273846643
0.907147128087324156990273846643
-0.908202302338513205899811708515
0.908202302338513205899811708515
-0.909251735298248073904356780584
0.909251735298248073904356780584
-0.91029542033243361802570541182
0.91029542033243361802570541182
-0.911333350843310780067453839079
0.911333350843310780067453839079
-0.912365520269498295007887542311
0.912365520269498295007887542311
-0.913391922086034169427056850077
0.913391922086034169427056850077
-0.914412549804416929705830461737
0.914412549804416929705830461737
-0.91542739697264663973617405411
0.91542739697264663973617405411
-0.916436457175265687883358295844
0.916436457175265687883358295844
-0.917439724033399342942259393377
0.917439724033399342942259393377
-0.918437191204796078831375729352
0.918437191204796078831375729352
-0.919428852383867667769646218925
0.919428852383867667769646218925
-0.92041470130172904168261969279
0.92041470130172904168261969279
-0.921394731726237921585989909176
0.921394731726237921585989909176
-0.922368937462034214695977691876
0.922368937462034214695977691876
-0.923337312350579179017510178837
0.923337312350579179017510178837
-0.924299850270194355162617237303
0.924299850270194355162617237303
-0.925256545136100265152936748437
0.925256545136100265152936748437
-0.92620739090045487796169367807
0.92620739090045487796169367807
-0.927152381552391841551992622355
0.927152381552391841551992622355
-0.928091511118058481169739839023
0.928091511118058481169739839023
-0.929024773660653563650988638442
0.929024773660653563650988638442
-0.929952163280464827504981405195
0.929952163280464827504981405195
-0.930873674114906278535642442405
0.930873674114906278535642442405
-0.931789300338555250765758269118
0.931789300338555250765758269118
-0.932699036163189232429565947826
0.932699036163189232429565947826
-0.933602875837822456800955466463
0.933602875837822456800955466463
-0.934500813648742257625979139232
0.934500813648742257625979139232
-0.935392843919545188929849415471
0.935392843919545188929849415471
-0.936278961011172908970096387905
0.936278961011172908970096387905
-0.937159159321947828109047663454
0.937159159321947828109047663454
-0.938033433287608520380286093966
0.938033433287608520380286093966
-0.938901777381344898525235153636
0.938901777381344898525235153636
-0.939764186113833152277517487327
0.939764186113833152277517487327
-0.940620654033270449674229332907
0.940620654033270449674229332907
-0.941471175725409401174772134331
0.941471175725409401174772134331
-0.942315745813592286369382704195
0.942315745813592286369382704195
-0.943154358958785043061004758954
0.943154358958785043061004758954
-0.943987009859611018505647530932
0.943987009859611018505647530932
-0.944813693252384482597881453446
0.944813693252384482597881453446
-0.945634403911143902789626613567
0.945634403911143902789626613567
-0.946449136647684980531896766701
0.946449136647684980531896766701
-0.947257886311593449030670203982
0.947257886311593449030670203982
-0.948060647790277632109568653678
0.948060647790277632109568653678
-0.948857416009000763973536678294
0.948857416009000763973536678294
-0.949648185930913069669226697056
0.949648185930913069669226697056
-0.950432952557083606039308817162
0.950432952557083606039308817162
-0.951211710926531862969440095203
0.951211710926531862969440095203
-0.951984456116259124728144672217
0.951984456116259124728144672217
-0.952751183241279591201374432214
0.952751183241279591201374432214
-0.95351188745465125882503942632
0.95351188745465125882503942632
-0.954266563947506561020318285283
0.954266563947506561020318285283
-0.95501520794908276793808121588
0.95501520794908276793808121588
-0.955757814726752145320281946702
0.955757814726752145320281946702
-0.956494379586051872287700162536
0.956494379586051872287700162536
-0.957224897870713717864942552365
0.957224897870713717864942552365
-0.957949364962693476055138603902
0.957949364962693476055138603902
-0.958667776282200159278296719812
0.958667776282200159278296719812
-0.959380127287724949988817121759
0.959380127287724949988817121759
-0.960086413476069910289190365232
0.960086413476069910289190365232
-0.960786630382376449358444130624
0.960786630382376449358444130624
-0.961480773580153548515436307417
0.961480773580153548515436307417
-0.962168838681305743738629275274
0.962168838681305743738629275274
-0.962850821336160865465518739072
0.962850821336160865465518739072
-0.96352671723349753549643052973
0.96352671723349753549643052973
-0.964196522100572420828940479376
0.964196522100572420828940479376
-0.964860231703147244250715864034
0.964860231703147244250715864034
-0.965517841845515551520122031956
0.965517841845515551520122031956
-0.966169348370529234965484760673
0.966169348370529234965484760673
-0.966814747159624813335447678572
0.966814747159624813335447678572
-0.967454034132849467734414824209
0.967454034132849467734414824209
-0.968087205248886833478621186035
0.968087205248886833478621186035
-0.968714256505082547709928965781
0.968714256505082547709928965781
-0.969335183937469552606004452635
0.969335183937469552606004452635
-0.969949983620793154027089910134
0.969949983620793154027089910134
-0.970558651668535835441146907589
0.970558651668535835441146907589
-0.971161184232941826970712236995
0.971161184232941826970712236995
-0.971757577505041429406375130539
0.971757577505041429406375130539
-0.972347827714675093033355144265
0.972347827714675093033355144265
-0.97293193113051725111923404007
0.97293193113051725111923404007
-0.973509884060099907912472553598
0.973509884060099907912472553598
-0.974081682849835981002924390186
0.974081682849835981002924390186
-0.974647323885042397897145497877
0.974647323885042397897145497877
-0.975206803589962946662887028391
0.975206803589962946662887028391
-0.975760118427790880498755873094
0.975760118427790880498755873094
-0.976307264900691276086627776011
0.976307264900691276086627776011
-0.976848239549823145586005379465
0.976848239549823145586005379465
-0.977383038955361302131127836687
0.977383038955361302131127836687
-0.977911659736517978693260616378
0.977911659736517978693260616378
-0.978434098551564200172224730043
0.978434098551564200172224730043
-0.978950352097850908582864871586
0.978950352097850908582864871586
-0.979460417111829841203807064736
0.979460417111829841203807064736
-0.979964290369074161557519744072
0.979964290369074161557519744072
-0.980461968684298843092369339007
0.980461968684298843092369339007
-0.980953448911380805439054224705
0.980953448911380805439054224705
-0.981438727943378803115511477747
0.981438727943378803115511477747
-0.981917802712553066556121696535
0.981917802712553066556121696535
-0.982390670190384695342791086375
0.982390670190384695342791086375
-0.982857327387594803517270407994
0.982857327387594803517270407994
-0.983317771354163416855881143222
0.983317771354163416855881143222
-0.98377199917934812198966489773
0.98377199917934812198966489773
-0.984220007991702467254857972681
0.984220007991702467254857972681
-0.984661794959094115160525454907
0.984661794959094115160525454907
-0.985097357288722746362175460938
0.985097357288722746362175460938
-0.985526692227137715032223000561
0.985526692227137715032223000561
-0.985949797060255455520294550098
0.985949797060255455520294550098
-0.986366669113376640198570979273
0.986366669113376640198570979273
-0.986777305751203088389672360821
0.986777305751203088389672360821
-0.987181704377854426277010543676
0.987181704377854426277010543676
-0.987579862436884497700094626935
0.987579862436884497700094626935
-0.987971777411297525739995074484
0.987971777411297525739995074484
-0.988357446823564025003083468112
0.988357446823564025003083468112
-0.98873686823563646451430205295
0.98873686823563646451430205295
-0.989110039248964681134622783672
0.989110039248964681134622783672
-0.989476957504511043421080937793
0.989476957504511043421080937793
-0.989837620682765365851875889007
0.989837620682765365851875889007
-0.99019202650375957334359723171
0.99019202650375957334359723171
-0.990540172727082115992750799491
0.990540172727082115992750799491
-0.990882057151892133979539779024
0.990882057151892133979539779024
-0.991217677616933372578440699928
0.991217677616933372578440699928
-0.99154703200054784722767485899
0.99154703200054784722767485899
-0.991870118220689258618426098381
0.991870118220689258618426098381
-0.992186934234936157774861134051
0.992186934234936157774861134051
-0.992497478040504861108000082369
0.992497478040504861108000082369
-0.992801747674262115440677768879
0.992801747674262115440677768879
-0.993099741212737513017753777641
0.993099741212737513017753777641
-0.993391456772135656536032504724
0.993391456772135656536032504724
-0.993676892508348074252884394798
0.993676892508348074252884394798
-0.993956046616964885262389725354
0.993956046616964885262389725354
-0.994228917333286215064334991198
0.994228917333286215064334991198
-0.994495502932333361596357792123
0.994495502932333361596357792123
-0.994755801728859711955267370349
0.994755801728859711955267370349
-0.995009812077361410103077520189
0.995009812077361410103077520189
-0.995257532372087775940533276514
0.995257532372087775940533276514
-0.9954989610470514762411220407
0.9954989610470514762411220407
-0.995734096576038448078691380359
0.995734096576038448078691380359
-0.995962937472617575561171912493
0.995962937472617575561171912493
-0.996185482290150120914106971019
0.996185482290150120914106971019
-0.996401729621798911257836018861
0.996401729621798911257836018861
-0.996611678100537282814736197541
0.996611678100537282814736197541
-0.996815326399157784800359336324
0.996815326399157784800359336324
-0.997012673230280645939922007093
0.997012673230280645939922007093
-0.997203717346362007473269827783
0.997203717346362007473269827783
-0.997388457539701927758054442041
0.997388457539701927758054442041
-0.997566892642452165283265517667
0.997566892642452165283265517667
-0.99773902152662374925391559747
0.99773902152662374925391559747
-0.99790484310409435018327710415
0.99790484310409435018327710415
-0.998064356326615467550736721864
0.998064356326615467550736721864
-0.998217560185819458185700171836
0.998217560185819458185700171836
-0.998364453713226438596593426618
0.998364453713226438596593426618
-0.99850503598025110850290802663
0.99850503598025110850290802663
-0.998639306098209563770329575845
0.998639306098209563770329575845
-0.99876726321832619871972173136
0.99876726321832619871972173136
-0.998888906531740846871983009299
0.998888906531740846871983009299
-0.999004235269516386582105606651
0.999004235269516386582105606651
-0.999113248702647162738091203548
0.999113248702647162738091203548
-0.999215946142068781643153815107
0.999215946142068781643153815107
-0.999312326938670185540873642743
0.999312326938670185540873642743
-0.999402390483309523914523260026
0.999402390483309523914523260026
-0.999486136206836442842720652211
0.999486136206836442842720652211
-0.999563563580125487865779246705
0.999563563580125487865779246705
-0.999634672114129385959989037301
0.999634672114129385959989037301
-0.999699461359969371282771396407
0.999699461359969371282771396407
-0.99975793090909810029273515935
0.99975793090909810029273515935
-0.999810080393613826300901715379
0.999810080393613826300901715379
-0.999855909486914532283998020139
0.999855909486914532283998020139
-0.999895417905192024562900108123
0.999895417905192024562900108123
-0.99992860541127018893298448104
0.99992860541127018893298448104
-0.999955471826143139769447843703
0.999955471826143139769447843703
-0.999976017072388662090275512783
0.999976017072388662090275512783
-0.999990241407116591668721614619
0.999990241407116591668721614619
-0.999998147899778049771508820442
0.999998147899778049771508820442