0.007400633607047595
0.007400633607047595
0.007400228274687376
0.007400228274687376
0.007399417632166972
0.007399417632166972
0.007398201723885238
0.007398201723885238
0.007396580616437412
0.007396580616437412
0.007394554398611476
0.007394554398611476
0.007392123181383286
0.007392123181383286
0.007389287097910496
0.007389287097910496
0.007386046303525268
0.007386046303525268
0.00738240097572576
0.00738240097572576
0.007378351314166406
0.007378351314166406
0.007373897540646984
0.007373897540646984
0.007369039899100463
0.007369039899100463
0.007363778655579645
0.007363778655579645
0.007358114098242596
0.007358114098242596
0.007352046537336857
0.007352046537336857
0.007345576305182459
0.007345576305182459
0.007338703756153719
0.007338703756153719
0.007331429266659828
0.007331429266659828
0.007323753235124239
0.007323753235124239
0.007315676081962845
0.007315676081962845
0.00730719824956095
0.00730719824956095
0.007298320202249044
0.007298320202249044
0.007289042426277365
0.007289042426277365
0.007279365429789276
0.007279365429789276
0.007269289742793427
0.007269289742793427
0.007258815917134727
0.007258815917134727
0.007247944526464124
0.007247944526464124
0.007236676166207181
0.007236676166207181
0.00722501145353147
0.00722501145353147
0.007212951027312762
0.007212951027312762
0.007200495548100046
0.007200495548100046
0.00718764569807934
0.00718764569807934
0.007174402181036336
0.007174402181036336
0.007160765722317849
0.007160765722317849
0.007146737068792094
0.007146737068792094
0.007132316988807774
0.007132316988807774
0.007117506272152003
0.007117506272152003
0.007102305730007048
0.007102305730007048
0.007086716194905898
0.007086716194905898
0.007070738520686669
0.007070738520686669
0.007054373582445841
0.007054373582445841
0.007037622276490322
0.007037622276490322
0.007020485520288366
0.007020485520288366
0.007002964252419316
0.007002964252419316
0.006985059432522204
0.006985059432522204
0.006966772041243187
0.006966772041243187
0.006948103080181839
0.006948103080181839
0.006929053571836294
0.006929053571836294
0.006909624559547243
0.006909624559547243
0.006889817107440791
0.006889817107440791
0.006869632300370172
0.006869632300370172
0.006849071243856337
0.006849071243856337
0.0068281350640274
0.0068281350640274
0.006806824907556961
0.006806824907556961
0.006785141941601305
0.006785141941601305
0.006763087353735474
0.006763087353735474
0.006740662351888226
0.006740662351888226
0.006717868164275873
0.006717868164275873
0.006694706039335019
0.006694706039335019
0.006671177245654173
0.006671177245654173
0.006647283071904278
0.006647283071904278
0.006623024826768125
0.006623024826768125
0.006598403838868678
0.006598403838868678
0.006573421456696306
0.006573421456696306
0.006548079048534924
0.006548079048534924
0.006522378002387055
0.006522378002387055
0.006496319725897809
0.006496319725897809
0.006469905646277783
0.006469905646277783
0.006443137210224897
0.006443137210224897
0.006416015883845155
0.006416015883845155
0.006388543152572348
0.006388543152572348
0.006360720521086698
0.006360720521086698
0.006332549513232445
0.006332549513232445
0.006304031671934386
0.006304031671934386
0.006275168559113371
0.006275168559113371
0.006245961755600753
0.006245961755600753
0.00621641286105181
0.00621641286105181
0.00618652349385813
0.00618652349385813
0.006156295291058973
0.006156295291058973
0.006125729908251608
0.006125729908251608
0.006094829019500638
0.006094829019500638
0.006063594317246311
0.006063594317246311
0.006032027512211826
0.006032027512211826
0.006000130333309634
0.006000130333309634
0.005967904527546749
0.005967904527546749
0.005935351859929063
0.005935351859929063
0.005902474113364677
0.005902474113364677
0.00586927308856625
0.00586927308856625
0.005835750603952374
0.005835750603952374
0.005801908495547984
0.005801908495547984
0.005767748616883791
0.005767748616883791
0.005733272838894771
0.005733272838894771
0.005698483049817692
0.005698483049817692
0.005663381155087692
0.005663381155087692
0.005627969077233924
0.005627969077233924
0.005592248755774256
0.005592248755774256
0.005556222147109042
0.005556222147109042
0.005519891224413975
0.005519891224413975
0.005483257977532012
0.005483257977532012
0.005446324412864392
0.005446324412864392
0.005409092553260746
0.005409092553260746
0.005371564437908304
0.005371564437908304
0.005333742122220209
0.005333742122220209
0.005295627677722946
0.005295627677722946
0.005257223191942879
0.005257223191942879
0.00521853076829192
0.00521853076829192
0.005179552525952327
0.005179552525952327
0.005140290599760631
0.005140290599760631
0.005100747140090718
0.005100747140090718
0.005060924312736049
0.005060924312736049
0.005020824298791039
0.005020824298791039
0.004980449294531602
0.004980449294531602
0.004939801511294857
0.004939801511294857
0.004898883175358017
0.004898883175358017
0.004857696527816453
0.004857696527816453
0.004816243824460952
0.004816243824460952
0.004774527335654165
0.004774527335654165
0.00473254934620626
0.00473254934620626
0.004690312155249783
0.004690312155249783
0.004647818076113738
0.004647818076113738
0.004605069436196879
0.004605069436196879
0.004562068576840247
0.004562068576840247
0.004518817853198927
0.004518817853198927
0.004475319634113063
0.004475319634113063
0.004431576301978111
0.004431576301978111
0.00438759025261436
0.00438759025261436
0.00434336389513571
0.00434336389513571
0.004298899651817727
0.004298899651817727
0.004254199957964975
0.004254199957964975
0.004209267261777632
0.004209267261777632
0.004164104024217406
0.004164104024217406
0.004118712718872746
0.004118712718872746
0.004073095831823363
0.004073095831823363
0.004027255861504071
0.004027255861504071
0.003981195318567945
0.003981195318567945
0.003934916725748814
0.003934916725748814
0.003888422617723091
0.003888422617723091
0.003841715540970949
0.003841715540970949
0.003794798053636849
0.003794798053636849
0.003747672725389435
0.003747672725389435
0.003700342137280789
0.003700342137280789
0.00365280888160507
0.00365280888160507
0.003605075561756534
0.003605075561756534
0.003557144792086945
0.003557144792086945
0.00350901919776239
0.00350901919776239
0.003460701414619496
0.003460701414619496
0.00341219408902107
0.00341219408902107
0.003363499877711155
0.003363499877711155
0.003314621447669522
0.003314621447669522
0.0032655614759656
0.0032655614759656
0.003216322649611855
0.003216322649611855
0.003166907665416623
0.003166907665416623
0.003117319229836404
0.003117319229836404
0.003067560058827638
0.003067560058827638
0.003017632877697943
0.003017632877697943
0.002967540420956862
0.002967540420956862
0.00291728543216609
0.00291728543216609
0.002866870663789211
0.002866870663789211
0.002816298877040952
0.002816298877040952
0.002765572841735951
0.002765572841735951
0.002714695336137057
0.002714695336137057
0.002663669146803173
0.002663669146803173
0.002612497068436635
0.002612497068436635
0.002561181903730155
0.002561181903730155
0.002509726463213323
0.002509726463213323
0.002458133565098679
0.002458133565098679
0.002406406035127374
0.002406406035127374
0.002354546706414406
0.002354546706414406
0.00230255841929347
0.00230255841929347
0.002250444021161403
0.002250444021161403
0.00219820636632225
0.00219820636632225
0.002145848315830954
0.002145848315830954
0.002093372737336682
0.002093372737336682
0.002040782504925794
0.002040782504925794
0.001988080498964467
0.001988080498964467
0.00193526960594098
0.00193526960594098
0.001882352718307683
0.001882352718307683
0.001829332734322641
0.001829332734322641
0.001776212557890989
0.001776212557890989
0.001722995098405994
0.001722995098405994
0.001669683270589848
0.001669683270589848
0.001616279994334206
0.001616279994334206
0.001562788194540496
0.001562788194540496
0.001509210800960018
0.001509210800960018
0.001455550748033877
0.001455550748033877
0.001401810974732776
0.001401810974732776
0.001347994424396744
0.001347994424396744
0.001294104044574857
0.001294104044574857
0.001240142786865078
0.001240142786865078
0.001186113606754359
0.001186113606754359
0.001132019463459241
0.001132019463459241
0.001077863319767299
0.001077863319767299
0.001023648141879966
0.001023648141879966
0.0009693768992575855
0.0009693768992575855
0.0009150525644680773
0.0009150525644680773
0.0008606781130414955
0.0008606781130414955
0.0008062565233344341
0.0008062565233344341
0.0007517907764112495
0.0007517907764112495
0.0006972838559549233
0.0006972838559549233
0.0006427387482320892
0.0006427387482320892
0.0005881584421613644
0.0005881584421613644
0.0005335459295888651
0.0005335459295888651
0.0004789042060047253
0.0004789042060047253
0.0004242362722677063
0.0004242362722677063
0.0003695451388435274
0.0003695451388435274
0.0003148338370295541
0.0003148338370295541
0.0002601054525060715
0.0002601054525060715
0.0002053632449570212
0.0002053632449570212
0.0001506112016407285
0.0001506112016407285
0.00009585794203202409
0.00009585794203202409
0.00004118039929045829
0.00004118039929045829