-0.02991410979733877
0.02991410979733877
-0.08963524464890057
0.08963524464890057
-0.1490355086069492
0.1490355086069492
-0.2079022641563661
0.2079022641563661
-0.2660247836050018
0.2660247836050018
-0.3231950034348078
0.3231950034348078
-0.3792082691160937
0.3792082691160937
-0.4338640677187617
0.4338640677187617
-0.4869667456980961
0.4869667456980961
-0.5383262092858274
0.5383262092858274
-0.5877586049795791
0.5877586049795791
-0.6350869776952459
0.6350869776952459
-0.6801419042271677
0.6801419042271677
-0.7227620997499832
0.7227620997499832
-0.762794995193745
0.762794995193745
-0.8000972834304683
0.8000972834304683
-0.8345354323267345
0.8345354323267345
-0.8659861628460676
0.8659861628460676
-0.8943368905344953
0.8943368905344953
-0.9194861289164245
0.9194861289164245
-0.9413438536413591
0.9413438536413591
-0.9598318269330866
0.9598318269330866
-0.9748838842217445
0.9748838842217445
-0.9864461956515498
0.9864461956515498
-0.994477590929216
0.994477590929216
-0.9989511111039503
0.9989511111039503