-0.009434029688592496
0.009434029688592496
-0.0282987304863508
0.0282987304863508
-0.04715335674150642
0.04715335674150642
-0.0659911960774898
0.0659911960774898
-0.08480554209399006
0.08480554209399006
-0.1035896967544796
0.1035896967544796
-0.1223369727707614
0.1223369727707614
-0.141040695983689
0.141040695983689
-0.1596942077392138
0.1596942077392138
-0.1782908672589113
0.1782908672589113
-0.1968240540041438
0.1968240540041438
-0.2152871700330181
0.2152871700330181
-0.2336736423492978
0.2336736423492978
-0.2519769252424353
0.2519769252424353
-0.2701905026178898
0.2701905026178898
-0.2883078903169018
0.2883078903169018
-0.3063226384248983
0.3063226384248983
-0.3242283335677065
0.3242283335677065
-0.3420186011947595
0.3420186011947595
-0.3596871078484798
0.3596871078484798
-0.377227563419034
0.377227563419034
-0.3946337233836552
0.3946337233836552
-0.411899391029736
0.411899391029736
-0.4290184196609009
0.4290184196609009
-0.4459847147852724
0.4459847147852724
-0.4627922362851523
0.4627922362851523
-0.4794350005673452
0.4794350005673452
-0.4959070826933585
0.4959070826933585
-0.5122026184887219
0.5122026184887219
-0.5283158066306736
0.5283158066306736
-0.5442409107134713
0.5442409107134713
-0.5599722612905922
0.5599722612905922
-0.5755042578930952
0.5755042578930952
-0.5908313710234264
0.5908313710234264
-0.6059481441239585
0.6059481441239585
-0.6208491955195631
0.6208491955195631
-0.6355292203335244
0.6355292203335244
-0.6499829923761121
0.6499829923761121
-0.6642053660051409
0.6642053660051409
-0.6781912779578554
0.6781912779578554
-0.6919357491534869
0.6919357491534869
-0.7054338864658406
0.7054338864658406
-0.7186808844652832
0.7186808844652832
-0.7316720271295099
0.7316720271295099
-0.7444026895224809
0.7444026895224809
-0.7568683394409327
0.7568683394409327
-0.769064539027874
0.769064539027874
-0.7809869463524957
0.7809869463524957
-0.7926313169559294
0.7926313169559294
-0.803993505362307
0.803993505362307
-0.815069466554581
0.815069466554581
-0.8258552574145821
0.8258552574145821
-0.8363470381268008
0.8363470381268008
-0.8465410735453936
0.8465410735453936
-0.8564337345239269
0.8564337345239269
-0.866021499207387
0.866021499207387
-0.8753009542859953
0.8753009542859953
-0.8842687962103833
0.8842687962103833
-0.892921832367697
0.892921832367697
-0.9012569822182115
0.9012569822182115
-0.9092712783920541
0.9092712783920541
-0.9169618677456488
0.9169618677456488
-0.9243260123775076
0.9243260123775076
-0.9313610906030157
0.9313610906030157
-0.9380645978878692
0.9380645978878692
-0.944434147739848
0.944434147739848
-0.9504674725586246
0.9504674725586246
-0.9561624244433387
0.9561624244433387
-0.9615169759577006
0.9615169759577006
-0.9665292208524377
0.9665292208524377
-0.9711973747449728
0.9711973747449728
-0.9755197757563596
0.9755197757563596
-0.9794948851057409
0.9794948851057409
-0.9831212876630857
0.9831212876630857
-0.986397692462014
0.986397692462014
-0.9893229331769574
0.9893229331769574
-0.991895968575122
0.991895968575122
-0.9941158829712638
0.9941158829712638
-0.9959818867698573
0.9959818867698573
-0.9974933173961704
0.9974933173961704
-0.9986496419776561
0.9986496419776561
-0.9994504706546731
0.9994504706546731
-0.9998956962720713
0.9998956962720713