0.0024688330196571223114813629132
0.0024688330196571223114813629132
0.00246881797176531398287807397233
0.00246881797176531398287807397233
0.0024687878760734163872980555548
0.0024687878760734163872980555548
0.0024687427327648670889535740594
0.0024687427327648670889535740594
0.00246868254211482103656430519425
0.00246868254211482103656430519425
0.00246860730449014888624840610413
0.00246860730449014888624840610413
0.00246851702034943476539317946988
0.00246851702034943476539317946988
0.00246841169024297347751895910937
0.00246841169024297347751895910937
0.00246829131481276714815325383626
0.00246829131481276714815325383626
0.00246815589479252131173559345516
0.00246815589479252131173559345516
0.00246800543100764043957692777026
0.00246800543100764043957692777026
0.00246783992437522290890083633721
0.00246783992437522290890083633721
0.00246765937590405541299721337449
0.00246765937590405541299721337449
0.00246746378669460681252249875051
0.00246746378669460681252249875051
0.00246725315793902142798393225457
0.00246725315793902142798393225457
0.0024670274909211117734487144234
0.0024670274909211117734487144234
0.00246678678701635073152236300972
0.00246678678701635073152236300972
0.00246653104769186316964395972339
0.00246653104769186316964395972339
0.00246626027450641699774938712981
0.00246626027450641699774938712981
0.00246597446911041366735706053237
0.00246597446911041366735706053237
0.002465673633245878112134064276
0.002465673633245878112134064276
0.00246535776874644813000400616595
0.00246535776874644813000400616595
0.00246502687753736320686130757936
0.00246502687753736320686130757936
0.00246468096163545278196005033615
0.00246468096163545278196005033615
0.0024643200231491239550489044696
0.0024643200231491239550489044696
0.00246394406427834863532706367471
0.00246394406427834863532706367471
0.0024635530873146501322995173936
0.0024635530873146501322995173936
0.00246314709464108918861339020088
0.00246314709464108918861339020088
0.00246272608873224945496048035749
0.00246272608873224945496048035749
0.0024622900721542224071345300882
0.0024622900721542224071345300882
0.00246183904756459170533516028482
0.00246183904756459170533516028482
0.00246137301771241699581380192406
0.00246137301771241699581380192406
0.0024608919854382171549603554945
0.0024608919854382171549603554945
0.00246039595367395297593270813096
0.00246039595367395297593270813096
0.00245988492544300929793463593592
0.00245988492544300929793463593592
0.00245935890386017657825101610579
0.00245935890386017657825101610579
0.00245881789213163190715266995415
0.00245881789213163190715266995415
0.00245826189355491946578655371343
0.00245826189355491946578655371343
0.0024576909115189304271704090811
0.0024576909115189304271704090811
0.00245710494950388230041437983465
0.00245710494950388230041437983465
0.00245650401108129771829549445106
0.00245650401108129771829549445106
0.00245588809991398266831430751102
0.00245588809991398266831430751102
0.00245525721975600416736638472402
0.00245525721975600416736638472402
0.00245461137445266738016470765812
0.00245461137445266738016470765812
0.00245395056794049218155246467601
0.00245395056794049218155246467601
0.00245327480424718916284908414714
0.00245327480424718916284908414714
0.00245258408749163508237575470285
0.00245258408749163508237575470285
0.00245187842188384776031006510721
0.00245187842188384776031006510721
0.00245115781172496041802278321025
0.00245115781172496041802278321025
0.0024504222614071954620531794114
0.0024504222614071954620531794114
0.00244967177541383771288268506851
0.00244967177541383771288268506851
0.00244890635831920707867006032222
0.00244890635831920707867006032222
0.0024481260147886306741146288443
0.0024481260147886306741146288443
0.00244733074957841438461751904284
0.00244733074957841438461751904284
0.00244652056753581387591423224575
0.00244652056753581387591423224575
0.00244569547359900504935523831553
0.00244569547359900504935523831553
0.00244485547279705394301467800337
0.00244485547279705394301467800337
0.00244400057024988607881062910805
0.00244400057024988607881062910805
0.00244313077116825525582377014385
0.00244313077116825525582377014385
0.00244224608085371179000465072232
0.00244224608085371179000465072232
0.00244134650469857020046315219362
0.00244134650469857020046315219362
0.00244043204818587634253709525391
0.00244043204818587634253709525391
0.0024395027168893739878403231864
0.0024395027168893739878403231864
0.00243855851647347085149396014247
0.00243855851647347085149396014247
0.00243759945269320406674791336796
0.00243759945269320406674791336796
0.00243662553139420510720305651491
0.00243662553139420510720305651491
0.00243563675851266415684789813266
0.00243563675851266415684789813266
0.00243463314007529392812690508205
0.00243463314007529392812690508205
0.00243361468219929292826101494287
0.00243361468219929292826101494287
0.00243258139109230817404423446673
0.00243258139109230817404423446673
0.00243153327305239735534358274531
0.00243153327305239735534358274531
0.00243047033446799044753299799572
0.00243047033446799044753299799572
0.00242939258181785077309518569197
0.00242939258181785077309518569197
0.00242830002167103551262874317152
0.00242830002167103551262874317152
0.00242719266068685566550125180016
0.00242719266068685566550125180016
0.00242607050561483546039238226509
0.00242607050561483546039238226509
0.00242493356329467121597441156568
0.00242493356329467121597441156568
0.00242378184065618965198090176272
0.00242378184065618965198090176272
0.00242261534471930565091764051001
0.00242261534471930565091764051001
0.00242143408259397947067329180658
0.00242143408259397947067329180658
0.00242023806148017340829055225295
0.00242023806148017340829055225295
0.00241902728866780791516195335027
0.00241902728866780791516195335027
0.00241780177153671716391779402693
0.00241780177153671716391779402693
0.00241656151755660406727702959224
0.00241656151755660406727702959224
0.00241530653428699474913528368158
0.00241530653428699474913528368158
0.00241403682937719246816748845042
0.00241403682937719246816748845042
0.00241275241056623099422599527706
0.00241275241056623099422599527706
0.00241145328568282743781833352368
0.00241145328568282743781833352368
0.00241013946264533453295212846374
0.00241013946264533453295212846374
0.00240881094946169237363802128937
0.00240881094946169237363802128937
0.00240746775422937960434476414509
0.00240746775422937960434476414509
0.00240610988513536406470399137459
0.00240610988513536406470399137459
0.00240473735045605288876549459345
0.00240473735045605288876549459345
0.00240335015855724205910715379399
0.00240335015855724205910715379399
0.00240194831789406541610699942756
0.00240194831789406541610699942756
0.0024005318370109431226882012746
0.0024005318370109431226882012746
0.00239910072454152958485109888347
0.00239910072454152958485109888347
0.00239765498920866082830970541542
0.00239765498920866082830970541542
0.00239619463982430133155343185424
0.00239619463982430133155343185424
0.00239471968528949031565809170544
0.00239471968528949031565809170544
0.00239323013459428749117355750127
0.00239323013459428749117355750127
0.00239172599681771826241874962332
0.00239172599681771826241874962332
0.00239020728112771838951794513498
0.00239020728112771838951794513498
0.00238867399678107810851569946036
0.00238867399678107810851569946036
0.0023871261531233857099109768352
0.0023871261531233857099109768352
0.00238556375958897057595438646778
0.00238556375958897057595438646778
0.00238398682570084567705572026465
0.00238398682570084567705572026465
0.00238239536107064952765228477623
0.00238239536107064952765228477623
0.00238078937539858760189181468166
0.00238078937539858760189181468166
0.00237916887847337320948704763976
0.00237916887847337320948704763976
0.00237753388017216783210233066436
0.00237753388017216783210233066436
0.0023758843904605209206359163171
0.0023758843904605209206359163171
0.00237422041939230915376489292875
0.00237422041939230915376489292875
0.002372541977109675158122976742
0.002372541977109675158122976742
0.00237084907384296569048467529363
0.00237084907384296569048467529363
0.00236914171991066928233261050234
0.00236914171991066928233261050234
0.00236741992571935334718806678043
0.00236741992571935334718806678043
0.00236568370176360075108810402298
0.00236568370176360075108810402298
0.00236393305862594584659584752671
0.00236393305862594584659584752671
0.00236216800697680997073383673337
0.00236216800697680997073383673337
0.00236038855757443640723358215813
0.00236038855757443640723358215813
0.0023585947212648248134977449335
0.0023585947212648248134977449335
0.00235678650898166511267461605238
0.00235678650898166511267461605238
0.00235496393174627085124783261153
0.00235496393174627085124783261153
0.00235312700066751202254752611791
0.00235312700066751202254752611791
0.0023512757269417473565923532062
0.0023512757269417473565923532062
0.00234941012185275607667511190548
0.00234941012185275607667511190548
0.00234753019677166912310789686766
0.00234753019677166912310789686766
0.00234563596315689984454599470948
0.00234563596315689984454599470948
0.00234372743255407415731296580374
0.00234372743255407415731296580374
0.00234180461659596017315260146477
0.00234180461659596017315260146477
0.00233986752700239729583668548777
0.00233986752700239729583668548777
0.00233791617558022478706072640168
0.00233791617558022478706072640168
0.0023359505742232098020630615614
0.0023359505742232098020630615614
0.0023339707349119748954059663174
0.0023339707349119748954059663174
0.00233197666971392499736063093937
0.00233197666971392499736063093937
0.00232996839078317386134109471631
0.00232996839078317386134109471631
0.00232794591036046998283545068763
0.00232794591036046998283545068763
0.0023259092407731219902858557604
0.0023259092407731219902858557604
0.00232385839443492350837209951536
0.00232385839443492350837209951536
0.0023217933838460774941567007806
0.0023217933838460774941567007806
0.00231971422159312004655271403673
0.00231971422159312004655271403673
0.00231762092034884368957863789061
0.00231762092034884368957863789061
0.00231551349287222012986802519857
0.00231551349287222012986802519857
0.00231339195200832248890459891256
0.00231339195200832248890459891256
0.00231125631068824701045687934682
0.00231125631068824701045687934682
0.00230910658192903424368952729635
0.00230910658192903424368952729635
0.00230694277883358970243180326485
0.00230694277883358970243180326485
0.00230476491459060400108673595714
0.00230476491459060400108673595714
0.00230257300247447246766778314099
0.00230257300247447246766778314099
0.00230036705584521423445295496686
0.00230036705584521423445295496686
0.00229814708814839080674955383014
0.00229814708814839080674955383014
0.0022959131129150241102658658516
0.0022959131129150241102658658516
0.00229366514376151401758931701724
0.00229366514376151401758931701724
0.00229140319438955535427378193959
0.00229140319438955535427378193959
0.00228912727858605438504190505967
0.00228912727858605438504190505967
0.00228683741022304478061146288234
0.00228683741022304478061146288234
0.0022845336032576030656579615091
0.0022845336032576030656579615091
0.00228221587173176354842882628136
0.00228221587173176354842882628136
0.00227988422977243273252769975549
0.00227988422977243273252769975549
0.00227753869159130321139052047833
0.00227753869159130321139052047833
0.00227517927148476704597820810012
0.00227517927148476704597820810012
0.00227280598383382862621393023032
0.00227280598383382862621393023032
0.00227041884310401701669607309347
0.00227041884310401701669607309347
0.00226801786384529778722118145529
0.00226801786384529778722118145529
0.00226560306069198432865427344696
0.00226560306069198432865427344696
0.00226317444836264865468707279697
0.00226317444836264865468707279697
0.00226073204166003169002783456713
0.00226073204166003169002783456713
0.0022582758554709530455695707626
0.0022582758554709530455695707626
0.0022558059047662202810866091259
0.0022558059047662202810866091259
0.00225332220460053765601254201389
0.00225332220460053765601254201389
0.0022508247701124143688557424736
0.0022508247701124143688557424736
0.00224831361652407228581174146077
0.00224831361652407228581174146077
0.00224578875914135315913487356343
0.00224578875914135315913487356343
0.00224325021335362533583470858325
0.00224325021335362533583470858325
0.00224069799463368995726589287137
0.00224069799463368995726589287137
0.00223813211853768665018312739314
0.00223813211853768665018312739314
0.00223555260070499870983610908933
0.00223555260070499870983610908933
0.00223295945685815777568235819072
0.00223295945685815777568235819072
0.0022303527028027480002989467102
0.0022303527028027480002989467102
0.00222773235442730971207723236178
0.00222773235442730971207723236178
0.00222509842770324257228778762131
0.00222509842770324257228778762131
0.0022224509386847082271057955304
0.0022224509386847082271057955304
0.0022197899035085324551902621331
0.0022197899035085324551902621331
0.00221711533839410681141347010743
0.00221711533839410681141347010743
0.0022144272596432897673401691901
0.0022144272596432897673401691901
0.00221172568364030734905906637602
0.00221172568364030734905906637602
0.0022090106268516532729722425837
0.0022090106268516532729722425837
0.00220628210582598858015118249666
0.00220628210582598858015118249666
0.00220354013719404076987116059939
0.00220354013719404076987116059939
0.0022007847376685024329387790064
0.0022007847376685024329387790064
0.00219801592404392938543050151569
0.00219801592404392938543050151569
0.00219523371319663830346307338452
0.00219523371319663830346307338452
0.00219243812208460385961975760824
0.00219243812208460385961975760824
0.00218962916774735536165935596197
0.00218962916774735536165935596197
0.00218680686730587289413801672324
0.00218680686730587289413801672324
0.00218397123796248296357686081178
0.00218397123796248296357686081178
0.00218112229700075364781148404199
0.00218112229700075364781148404199
0.00217826006178538925016241526703
0.00217826006178538925016241526703
0.00217538454976212445906862838023
0.00217538454976212445906862838023
0.00217249577845761801382922041414
0.00217249577845761801382922041414
0.00216959376547934587710137831866
0.00216959376547934587710137831866
0.00216667852851549391480576339167
0.00216667852851549391480576339167
0.00216375008533485008409344475783
0.00216375008533485008409344475783
0.00216080845378669613003151172709
0.00216080845378669613003151172709
0.00215785365180069879166748929481
0.00215785365180069879166748929481
0.00215488569738680051813567145224
0.00215488569738680051813567145224
0.00215190460863510969547147334086
0.00215190460863510969547147334086
0.00214891040371579038480288558971
0.00214891040371579038480288558971
0.00214590310087895157259109240111
0.00214590310087895157259109240111
0.00214288271845453593359528908129
0.00214288271845453593359528908129
0.00213984927485220810723970472828
0.00213984927485220810723970472828
0.0021368027885612424880638016733
0.0021368027885612424880638016733
0.00213374327815041053093958500468
0.00213374327815041053093958500468
0.00213067076226786757174291306777
0.00213067076226786757174291306777
0.00212758525964103916416865321214
0.00212758525964103916416865321214
0.00212448678907650693338247622998
0.00212448678907650693338247622998
0.00212137536945989394720502788022
0.00212137536945989394720502788022
0.00211825101975574960552715660235
0.00211825101975574960552715660235
0.00211511375900743404865781297528
0.00211511375900743404865781297528
0.0021119636063370020853091686509
0.0021119636063370020853091686509
0.00210880058094508664092643037285
0.00210880058094508664092643037285
0.00210562470211078172707274825873
0.00210562470211078172707274825873
0.0021024359891915249325825367627
0.0021024359891915249325825367627
0.00209923446162297943719944162543
0.00209923446162297943719944162543
0.00209602013891891554841809664369
0.00209602013891891554841809664369
0.00209279304067109176225172023318
0.00209279304067109176225172023318
0.00208955318654913534865050349911
0.00208955318654913534865050349911
0.00208630059630042246229863885097
0.00208630059630042246229863885097
0.0020830352897499577795207310833
0.0020830352897499577795207310833
0.00207975728680025366203122127652
0.00207975728680025366203122127652
0.00207646660743120884826333783138
0.00207646660743120884826333783138
0.00207316327169998667301696842183
0.00207316327169998667301696842183
0.00206984729974089281616772161552
0.00206984729974089281616772161552
0.00206651871176525258118231735073
0.00206651871176525258118231735073
0.0020631775280612877041883113572
0.0020631775280612877041883113572
0.00205982376899399269434901994736
0.00205982376899399269434901994736
0.00205645745500501070629736836677
0.00205645745500501070629736836677
0.00205307860661250894538523806124
0.00205307860661250894538523806124
0.00204968724441105360650773577505
0.00204968724441105360650773577505
0.00204628338907148434726465032288
0.00204628338907148434726465032288
0.00204286706134078829622420116017
0.00204286706134078829622420116017
0.00203943828204197359705701649545
0.00203943828204197359705701649545
0.00203599707207394248931110762629
0.00203599707207394248931110762629
0.00203254345241136392660143042021
0.00203254345241136392660143042021
0.00202907744410454573299044438757
0.00202907744410454573299044438757
0.00202559906827930629833889458541
0.00202559906827930629833889458541
0.00202210834613684581340885163499
0.00202210834613684581340885163499
0.00201860529895361704550385041194
0.00201860529895361704550385041194
0.00201508994808119565543376846103
0.00201508994808119565543376846103
0.00201156231494615005659488087972
0.00201156231494615005659488087972
0.00200802242104991081695831928873
0.00200802242104991081695831928873
0.00200447028796863960476294854755
0.00200447028796863960476294854755
0.00200090593735309767871145606052
0.00200090593735309767871145606052
0.0019973293909285139234712248378
0.0019973293909285139234712248378
0.00199374067049445243128433290905
0.00199374067049445243128433290905
0.00199013979792467963049378821823
0.00199013979792467963049378821823
0.00198652679516703096179586973915
0.00198652679516703096179586973915
0.00198290168424327710303120222646
0.00198290168424327710303120222646
0.00197926448724898974332994373878
0.00197926448724898974332994373878
0.00197561522635340690742921182252
0.00197561522635340690742921182252
0.00197195392379929783098361601081
0.00197195392379929783098361601081
0.00196828060190282738769250105396
0.00196828060190282738769250105396
0.00196459528305342006907023704021
0.00196459528305342006907023704021
0.00196089798971362351768861927133
0.00196089798971362351768861927133
0.00195718874441897161472316240986
0.00195718874441897161472316240986
0.0019534675697778471226377899975
0.0019534675697778471226377899975
0.00194973448847134388384513194045
0.00194973448847134388384513194045
0.00194598952325312857618234895067
0.00194598952325312857618234895067
0.00194223269694930202604510420613
0.00194223269694930202604510420613
0.00193846403245826008002499863112
0.00193846403245826008002499863112
0.00193468355275055403589847718329
0.00193468355275055403589847718329
0.00193089128086875063381789935153
0.00193089128086875063381789935153
0.00192708723992729160855814770043
0.00192708723992729160855814770043
0.0019232714531123528036748237279
0.0019232714531123528036748237279
0.00191944394368170284843275051535
0.00191944394368170284843275051535
0.00191560473496456139836616662856
0.00191560473496456139836616662856
0.00191175385036145694033465545654
0.00191175385036145694033465545654
0.00190789131334408416294150863718
0.00190789131334408416294150863718
0.00190401714745516089318387139891
0.00190401714745516089318387139891
0.00190013137630828460020666152777
0.00190013137630828460020666152777
0.00189623402358778846703489223576
0.00189623402358778846703489223576
0.00189232511304859703116166244107
0.00189232511304859703116166244107
0.00188840466851608139487170585904
0.00188840466851608139487170585904
0.00188447271388591400618301282748
0.00188447271388591400618301282748
0.00188052927312392301129165593621
0.00188052927312392301129165593621
0.00187657437026594617940756228155
0.00187657437026594617940756228155
0.00187260802941768440087158150673
0.00187260802941768440087158150673
0.00186863027475455475944679970271
0.00186863027475455475944679970271
0.0018646411305215431796796447145
0.0018646411305215431796796447145
0.00186064062103305665022891841065
0.00186064062103305665022891841065
0.00185662877067277502406347601176
0.00185662877067277502406347601176
0.00185260560389350239643185162178
0.00185260560389350239643185162178
0.00184857114521701806150970264898
0.00184857114521701806150970264898
0.00184452541923392704863351382398
0.00184452541923392704863351382398
0.00184046845060351023903156400699
0.00184046845060351023903156400699
0.00183640026405357406396571590749
0.00183640026405357406396571590749
0.00183232088438029978520014020324
0.00183232088438029978520014020324
0.00182823033644809235871563132485
0.00182823033644809235871563132485
0.00182412864518942888259071235256
0.00182412864518942888259071235256
0.00182001583560470662997326103736
0.00182001583560470662997326103736
0.00181589193276209066806891789393
0.00181589193276209066806891789393
0.00181175696179736106407506060258
0.00181175696179736106407506060258
0.00180761094791375967899164658619
0.00180761094791375967899164658619
0.00180345391638183655024273758042
0.00180345391638183655024273758042
0.00179928589253929586404502627634
0.00179928589253929586404502627634
0.00179510690179084151846218566846
0.00179510690179084151846218566846
0.00179091696960802227808635657279
0.00179091696960802227808635657279
0.00178671612152907652129057787401
0.00178671612152907652129057787401
0.0017825043831587765809984474025
0.0017825043831587765809984474025
0.00177828178016827267991977891647
0.00177828178016827267991977891647
0.00177404833829493646120349245546
0.00177404833829493646120349245546
0.00176980408334220411546144132548
0.00176980408334220411546144132548
0.00176554904117941910511933915652
0.00176554904117941910511933915652
0.00176128323774167448705340482653
0.00176128323774167448705340482653
0.00175700669902965483447379155557
0.00175700669902965483447379155557
0.00175271945110947775901830912694
0.00175271945110947775901830912694
0.00174842152011253503402238497151
0.00174842152011253503402238497151
0.00174411293223533331993364074413
0.00174411293223533331993364074413
0.00173979371373933449284188601129
0.00173979371373933449284188601129
0.00173546389095079557709774974219
0.00173546389095079557709774974219
0.00173112349026060828299558343697
0.00173112349026060828299558343697
0.00172677253812413815049867692084
0.00172677253812413815049867692084
0.00172241106106106329998722906659
0.00172241106106106329998722906659
0.00171803908565521279101191096629
0.00171803908565521279101191096629
0.00171365663855440459003824834036
0.00171365663855440459003824834036
0.00170926374647028314816943323561
0.00170926374647028314816943323561
0.00170486043617815658983755230667
0.00170486043617815658983755230667
0.00170044673451683351345559018529
0.00170044673451683351345559018529
0.00169602266838845940502493160288
0.00169602266838845940502493160288
0.00169158826475835266569544503017
0.00169158826475835266569544503017
0.00168714355065484025427758361921
0.00168714355065484025427758361921
0.00168268855316909294570828616285
0.00168268855316909294570828616285
0.00167822329945496020647480161076
0.00167822329945496020647480161076
0.00167374781672880468800289538535
0.00167374781672880468800289538535
0.0016692621322693363390182243107
0.0016692621322693363390182243107
0.00166476627341744613789198938922
0.00166476627341744613789198938922
0.00166026026757603944598429191937
0.00166026026757603944598429191937
0.00165574414220986898300092853043
0.00165574414220986898300092853043
0.00165121792484536742538166460148
0.00165121792484536742538166460148
0.00164668164307047962874032321874
0.00164668164307047962874032321874
0.0016421353245344944753793182934
0.0016421353245344944753793182934
0.00163757899694787634790354569716
0.00163757899694787634790354569716
0.001633012688082096229960825262
0.001633012688082096229960825262
0.00162843642576946243513835921808
0.00162843642576946243513835921808
0.00162385023790295096504693909844
0.00162385023790295096504693909844
0.00161925415243603549762689330431
0.00161925415243603549762689330431
0.00161464819738251700671202138904
0.00161464819738251700671202138904
0.00161003240081635301389000866693
0.00161003240081635301389000866693
0.00160540679087148647370005597224
0.00160540679087148647370005597224
0.00160077139574167429321069426977
0.00160077139574167429321069426977
0.001596126243680315487022982338
0.001596126243680315487022982338
0.00159147136300027896874650789541
0.00159147136300027896874650789541
0.00158680678207373097999782830621
0.00158680678207373097999782830621
0.00158213252933196215797319637104
0.00158213252933196215797319637104
0.00157744863326521424264961966607
0.00157744863326521424264961966607
0.00157275512242250642467049842858
0.00157275512242250642467049842858
0.00156805202541146133497427708424
0.00156805202541146133497427708424
0.00156333937089813067722672815764
0.00156333937089813067722672815764
0.00155861718760682050411966449056
0.00155861718760682050411966449056
0.0015538855043199161386010463978
0.0015538855043199161386010463978
0.00154914434987770674110361460567
0.00154914434987770674110361460567
0.00154439375317820952384133753006
0.00154439375317820952384133753006
0.00153963374317699361324511264613
0.00153963374317699361324511264613
0.0015348643488870035616113063672
0.0015348643488870035616113063672
0.0015300855993783825090388549734
0.0015300855993783825090388549734
0.00152529752377829499673278069752
0.00152529752377829499673278069752
0.00152050015127074943275410207439
0.00152050015127074943275410207439
0.00151569351109642021129823607695
0.00151569351109642021129823607695
0.00151087763255246948658610138482
0.00151087763255246948658610138482
0.00150605254499236860245423734684
0.00150605254499236860245423734684
0.00150121827782571917873235179401
0.00150121827782571917873235179401
0.00149637486051807385549880282276
0.00149637486051807385549880282276
0.00149152232259075669630660498496
0.00149152232259075669630660498496
0.00148666069362068325147462898111
0.00148666069362068325147462898111
0.0014817900032401802825407359412
0.0014817900032401802825407359412
0.00147691028113680514897565268359
0.00147691028113680514897565268359
0.00147202155705316485825845295155
0.00147202155705316485825845295155
0.00146712386078673478041656152882
0.00146712386078673478041656152882
0.00146221722218967702813524331646
0.00146221722218967702813524331646
0.00145730167116865850354357790067
0.00145730167116865850354357790067
0.00145237723768466861278595184436
0.00145237723768466861278595184436
0.00144744395175283664949012587965
0.00144744395175283664949012587965
0.00144250184344224884824495235366
0.00144250184344224884824495235366
0.00143755094287576510920282967285
0.00143755094287576510920282967285
0.00143259128022983539492398508985
0.00143259128022983539492398508985
0.00142762288573431580058167496911
0.00142762288573431580058167496911
0.00142264578967228429864938264168
0.00142264578967228429864938264168
0.001417660022379856159193078103
0.001417660022379856159193078103
0.0014126656142459990468935811087
0.0014126656142459990468935811087
0.0014076625957123477959260396713
0.0014076625957123477959260396713
0.0014026509972730188638254995394
0.0014026509972730188638254995394
0.0013976308494744244654694969471
0.0013976308494744244654694969471
0.0013926021829150863883105567314
0.0013926021829150863883105567314
0.0013875650282454494899934208295
0.0013875650282454494899934208295
0.001382519416167694879493768166
0.001382519416167694879493768166
0.0013774653774355527829171160127
0.0013774653774355527829171160127
0.0013724029428541150950985150452
0.0013724029428541150950985150452
0.0013673321432796476181455655062
0.0013673321432796476181455655062
0.0013622530096194019880691901201
0.0013622530096194019880691901201
0.0013571655728314272906485006616
0.0013571655728314272906485006616
0.0013520698639243813676779893614
0.0013520698639243813676779893614
0.001346965913957341814747163616
0.001346965913957341814747163616
0.0013418537540396166717046227507
0.0013418537540396166717046227507
0.0013367334153305548069604488491
0.0013367334153305548069604488491
0.0013316049290393559967826499031
0.0013316049290393559967826499031
0.0013264683264248807007452527379
0.0013264683264248807007452527379
0.0013213236387954595344874953159
0.0013213236387954595344874953159
0.0013161708975087024409454131232
0.0013161708975087024409454131232
0.0013110101339713075612189523563
0.0013110101339713075612189523563
0.0013058413796388698062395735751
0.0013058413796388698062395735751
0.0013006646660156891304051333337
0.0013006646660156891304051333337
0.0012954800246545785083506480471
0.0012954800246545785083506480471
0.0012902874871566716160253539881
0.0012902874871566716160253539881
0.001285087085171230217248279815
0.001285087085171230217248279815
0.0012798788503954512569163434096
0.0012798788503954512569163434096
0.0012746628145742736620407730336
0.0012746628145742736620407730336
0.001269439009500184851789433891
0.001269439009500184851789433891
0.0012642074670130269577144150908
0.0012642074670130269577144150908
0.0012589682189998027553459987478
0.0012589682189998027553459987478
0.0012537212973944813083358925034
0.0012537212973944813083358925034
0.0012484667341778033263343591098
0.0012484667341778033263343591098
0.001243204561377086237787621871
0.001243204561377086237787621871
0.00123793481106602897884366267
0.00123793481106602897884366267
0.001232657515364516499556260025
0.001232657515364516499556260025
0.0012273727064384239885788380977
0.0012273727064384239885788380977
0.0012220804164994208175414138092
0.0012220804164994208175414138092
0.0012167806778047742063056382052
0.0012167806778047742063056382052
0.0012114735226571526102946299312
0.0012114735226571526102946299312
0.0012061589834044288310959931302
0.0012061589834044288310959931302
0.0012008370924394828515380992448
0.0012008370924394828515380992448
0.0011955078822000043964413920871
0.0011955078822000043964413920871
0.0011901713851682952202481481261
0.0011901713851682952202481481261
0.0011848276338710711227357892177
0.0011848276338710711227357892177
0.0011794766608792636940205029681
0.0011794766608792636940205029681
0.0011741184988078217900595765629
0.0011741184988078217900595765629
0.001168753180315512739862493203
0.001168753180315512739862493203
0.0011633807381047232856224762628
0.0011633807381047232856224762628
0.0011580012049212602569817949079
0.0011580012049212602569817949079
0.0011526146135541509806457661861
0.0011526146135541509806457661861
0.0011472209968354434265620025108
0.0011472209968354434265620025108
0.0011418203876400060918830600015
0.0011418203876400060918830600015
0.0011364128188853276239322423104
0.0011364128188853276239322423104
0.0011309983235313161833939063512
0.0011309983235313161833939063512
0.0011255769345800985489512007393
0.0011255769345800985489512007393
0.0011201486850758189645957447594
0.0011201486850758189645957447594
0.0011147136081044377308353252736
0.0011147136081044377308353252736
0.0011092717367935295410272511823
0.0011092717367935295410272511823
0.001103823104312081564066559834
0.001103823104312081564066559834
0.0010983677438702912746598171512
0.0010983677438702912746598171512
0.0010929056887193640324167931849
0.0010929056887193640324167931849
0.0010874369721513104109938273397
0.0010874369721513104109938273397
0.0010819616274987432785242226046
0.0010819616274987432785242226046
0.0010764796881346746305725257919
0.0010764796881346746305725257919
0.0010709911874723121768510610172
0.0010709911874723121768510610172
0.0010654961589648556829385864497
0.0010654961589648556829385864497
0.001059994636105293068242439719
0.001059994636105293068242439719
0.0010544866524261962614470252837
0.0010544866524261962614470252837
0.0010489722414995168146929775452
0.0010489722414995168146929775452
0.0010434514369363812777328065339
0.0010434514369363812777328065339
0.0010379242723868863333102985931
0.0010379242723868863333102985931
0.0010323907815398936950124026543
0.0010323907815398936950124026543
0.0010268509981228247688437834314
0.0010268509981228247688437834314
0.0010213049559014550797756661611
0.0010213049559014550797756661611
0.0010157526886797084645220333947
0.0010157526886797084645220333947
0.0010101942302994510317976628069
0.0010101942302994510317976628069
0.0010046296146402848913139160248
0.0010046296146402848913139160248
0.0009990588756193416527696021265
0.0009990588756193416527696021265
0.0009934820471910756960956456971
0.0009934820471910756960956456971
0.0009878991633470572142136881906
0.0009878991633470572142136881906
0.0009823102581157650295701428313
0.0009823102581157650295701428313
0.000976715365562379185708607416
0.000976715365562379185708607416
0.000971114519788573315144916164
0.000971114519788573315144916164
0.0009655077549323067848104812214
0.0009655077549323067848104812214
0.0009598951051676166203309365825
0.0009598951051676166203309365825
0.0009542766047044092104084520663
0.0009542766047044092104084520663
0.0009486522877882517925774326014
0.0009486522877882517925774326014
0.0009430221887001637216046584629
0.0009430221887001637216046584629
0.0009373863417564075218062552923
0.0009373863417564075218062552923
0.0009317447813082797245552087608
0.0009317447813082797245552087608
0.0009260975417419014922544576319
0.0009260975417419014922544576319
0.0009204446574780090300519107966
0.0009204446574780090300519107966
0.0009147861629717437865750386313
0.0009147861629717437865750386313
0.0009091220927124424449639868139
0.0009091220927124424449639868139
0.000903452481223426705483451592
0.000903452481223426705483451592
0.0008977773630617928609948394808
0.0008977773630617928609948394808
0.0008920967728182011665715115476
0.0008920967728182011665715115476
0.000886410745116665004541182895
0.000886410745116665004541182895
0.0008807193146143398462408117515
0.0008807193146143398462408117515
0.0008750225160013120117705698271
0.0008750225160013120117705698271
0.0008693203840003872290347363697
0.0008693203840003872290347363697
0.0008636129533668789933586027885
0.0008636129533668789933586027885
0.0008579002588883967289717129022
0.0008579002588883967289717129022
0.0008521823353846337536489959566
0.0008521823353846337536489959566
0.000846459217707155047802575681
0.000846459217707155047802575681
0.0008407309407391848293182589682
0.0008407309407391848293182589682
0.0008349975393953939354319224418
0.0008349975393953939354319224418
0.0008292590486216870129422244131
0.0008292590486216870129422244131
0.0008235155033949895180572737204
0.0008235155033949895180572737204
0.0008177669387230345271740859291
0.0008177669387230345271740859291
0.0008120133896441493598908515938
0.0008120133896441493598908515938
0.0008062548912270420155532310191
0.0008062548912270420155532310191
0.0008004914785705874246370755153
0.0008004914785705874246370755153
0.0007947231868036135162711568509
0.0007947231868036135162711568509
0.000788950051084687103204664834
0.000788950051084687103204664834
0.000783172106601899585525408113
0.000783172106601899585525408113
0.0007773893885726524744358258122
0.0007773893885726524744358258122
0.000771601932243442737395088021
0.000771601932243442737395088021
0.0007658097728896479659367319598
0.0007658097728896479659367319598
0.0007600129458153113674724484756
0.0007600129458153113674724484756
0.0007542114863529265823938010216
0.0007542114863529265823938010216
0.0007484054298632223277848271982
0.0007484054298632223277848271982
0.0007425948117349468690596420868
0.0007425948117349468690596420868
0.0007367796673846523208403338935
0.0007367796673846523208403338935
0.0007309600322564787783916168422
0.0007309600322564787783916168422
0.0007251359418219382809298849241
0.0007251359418219382809298849241
0.0007193074315796986081254942522
0.0007193074315796986081254942522
0.0007134745370553669111182927587
0.0007134745370553669111182927587
0.0007076372938012731793676153305
0.0007076372938012731793676153305
0.0007017957373962535446591718935
0.0007017957373962535446591718935
0.0006959499034454334235924773211
0.0006959499034454334235924773211
0.0006900998275800104998737074579
0.0006900998275800104998737074579
0.0006842455454570375477401173576
0.0006842455454570375477401173576
0.0006783870927592050978434286564
0.0006783870927592050978434286564
0.0006725245051946239469208857704
0.0006725245051946239469208857704
0.0006666578184966075125839985836
0.0006666578184966075125839985836
0.0006607870684234540345563361546
0.0006607870684234540345563361546
0.0006549122907582286236931158272
0.0006549122907582286236931158272
0.0006490335213085451601167495823
0.0006490335213085451601167495823
0.000643150795906348041803969707
0.000643150795906348041803969707
0.0006372641504076937849616646921
0.0006372641504076937849616646921
0.0006313736206925324775301202581
0.0006313736206925324775301202581
0.0006254792426644890871539869321
0.0006254792426644890871539869321
0.0006195810522506446249629929694
0.0006195810522506446249629929694
0.0006136790854013171665061990494
0.0006136790854013171665061990494
0.0006077733780898427311854596746
0.0006077733780898427311854596746
0.0006018639663123560215357276091
0.0006018639663123560215357276091
0.0005959508860875710237019256131
0.0005959508860875710237019256131
0.000590034173456561470464329622
0.000590034173456561470464329622
0.0005841138644825411681667769264
0.0005841138644825411681667769264
0.0005781899952506441889045517942
0.0005781899952506441889045517942
0.0005722626018677049293315320525
0.0005722626018677049293315320525
0.0005663317204620380374491293335
0.0005663317204620380374491293335
0.0005603973871832182087427525489
0.0005603973871832182087427525489
0.0005544596382018598530350025177
0.0005544596382018598530350025177
0.0005485185097093966334286042312
0.0005485185097093966334286042312
0.0005425740379178608787162463797
0.0005425740379178608787162463797
0.0005366262590596628706390764369
0.0005366262590596628706390764369
0.000530675209387370007380652379
0.000530675209387370007380652379
0.0005247209251734858446887464698
0.0005247209251734858446887464698
0.0005187634427102290160236102679
0.0005187634427102290160236102679
0.0005128027983093120331382329897
0.0005128027983093120331382329897
0.000506839028301719968503861567
0.000506839028301719968503861567
0.0005008721690374890210027207017
0.0005008721690374890210027207017
0.0004949022568854849663196148281
0.0004949022568854849663196148281
0.0004889293282331814934750738705
0.0004889293282331814934750738705
0.0004829534194864384289551105515
0.0004829534194864384289551105515
0.000476974567069279849906710001
0.000476974567069279849906710001
0.0004709928074236720878841311944
0.0004709928074236720878841311944
0.0004650081770093016246492673478
0.0004650081770093016246492673478
0.0004590207123033528815500445188
0.0004590207123033528815500445188
0.0004530304498002859040245526616
0.0004530304498002859040245526616
0.0004470374260116139428057943345
0.0004470374260116139428057943345
0.0004410416774656809334331855115
0.0004410416774656809334331855115
0.0004350432407074388757129397591
0.0004350432407074388757129397591
0.0004290421522982251148110290852
0.0004290421522982251148110290852
0.0004230384488155395257105141595
0.0004230384488155395257105141595
0.0004170321668528216028208319074
0.0004170321668528216028208319074
0.0004110233430192274565915036728
0.0004110233430192274565915036728
0.0004050120139394067190583396392
0.0004050120139394067190583396392
0.0003989982162532793603385549029
0.0003989982162532793603385549029
0.0003929819866158124181946748207
0.0003929819866158124181946748207
0.000386963361696796642908583152
0.000386963361696796642908583152
0.0003809423781806230598500553103
0.0003809423781806230598500553103
0.0003749190727660594522928680691
0.0003749190727660594522928680691
0.0003688934821660267672312568682
0.0003688934821660267672312568682
0.0003628656431073754471864159477
0.0003628656431073754471864159477
0.0003568355923306616912746381377
0.0003568355923306616912746381377
0.0003508033665899236491450730963
0.0003508033665899236491450730963
0.0003447690026524575517976613715
0.0003447690026524575517976613715
0.0003387325372985937837750718876
0.0003387325372985937837750718876
0.0003326940073214729018044289134
0.0003326940073214729018044289134
0.0003266534495268216056676875384
0.0003266534495268216056676875384
0.0003206109007327286679317568945
0.0003206109007327286679317568945
0.0003145663977694208302061068754
0.0003145663977694208302061068754
0.0003085199774790386748610488691
0.0003085199774790386748610488691
0.0003024716767154124826904048065
0.0003024716767154124826904048065
0.0002964215323438380889094139105
0.0002964215323438380889094139105
0.0002903695812408527522338783639
0.0002903695812408527522338783639
0.000284315860294011054707054287
0.000284315860294011054707054287
0.000278260406401660853578018607
0.000278260406401660853578018607
0.0002722032564727193110854494169
0.0002722032564727193110854494169
0.000266144447426449033719783944
0.000266144447426449033719783944
0.0002600840161922343597599097237
0.0002600840161922343597599097237
0.0002540219997093578430500128535
0.0002540219997093578430500128535
0.000247958434926776992684349895
0.000247958434926776992684349895
0.0002418933588029013432852175589
0.0002418933588029013432852175589
0.0002358268083053699499438686408
0.0002358268083053699499438686408
0.0002297588204108294270682552428
0.0002297588204108294270682552428
0.0002236894321047126832839794721
0.0002236894321047126832839794721
0.0002176186803810185478277198959
0.0002176186803810185478277198959
0.0002115466022420925412401515044
0.0002115466022420925412401515044
0.0002054732346984091197505948196
0.0002054732346984091197505948196
0.0001993986147683558257898456278
0.0001993986147683558257898456278
0.0001933227794780199168634922925
0.0001933227794780199168634922925
0.0001872457658609782363396417463
0.0001872457658609782363396417463
0.0001811676109580913539814126302
0.0001811676109580913539814126302
0.0001750883518173033727128153566
0.0001750883518173033727128153566
0.0001690080254934493177801515227
0.0001690080254934493177801515227
0.0001629266690480727652265262372
0.0001629266690480727652265262372
0.0001568443195492574351195350734
0.0001568443195492574351195350734
0.0001507610140714780360278023636
0.0001507610140714780360278023636
0.0001446767896954779592007023869
0.0001446767896954779592007023869
0.0001385916835081848955909875269
0.0001385916835081848955909875269
0.0001325057326026807543369379805
0.0001325057326026807543369379805
0.0001264189740782505021037459454
0.0001264189740782505021037459454
0.000120331445040547582811552892
0.000120331445040547582811552892
0.000114243182601934633696313354
0.000114243182601934633696313354
0.000108154223882092975165825992
0.000108154223882092975165825992
0.000102064606009053150857334185
0.000102064606009053150857334185
0.000095974366120900956691450361
0.000095974366120900956691450361
0.000089883541368596266659940653
0.000089883541368596266659940653
0.000083792168920680354621081884
0.000083792168920680354621081884
0.000077700285971297417621677799
0.000077700285971297417621677799
0.000071607929754258528549471973
0.000071607929754258528549471973
0.000065515137568615580518981704
0.000065515137568615580518981704
0.000059421946827304574558599605
0.000059421946827304574558599605
0.000053328395154877998056198655
0.000053328395154877998056198655
0.000047234520597433876353546171
0.000047234520597433876353546171
0.000041140362112295582038618038
0.000041140362112295582038618038
0.000035045960835181473571766122
0.000035045960835181473571766122
0.000028951363832010142603748715
0.000028951363832010142603748715
0.000022856637429007139656683208
0.000022856637429007139656683208
0.000016761928835224501109656821
0.000016761928835224501109656821
0.00001066790069134107252258571
0.00001066790069134107252258571
4.58281792786086834357889e-6
4.58281792786086834357889e-6