0
-0.01183244358677178
0.01183244358677178
-0.02366323048804861
0.02366323048804861
-0.03549070425029158
0.03549070425029158
-0.0473132088838414
0.0473132088838414
-0.05912908909477701
0.05912908909477701
-0.07093669051667681
0.07093669051667681
-0.08273435994224998
0.08273435994224998
-0.09452044555480556
0.09452044555480556
-0.1062932971595268
0.1062932971595268
-0.1180512664145184
0.1180512664145184
-0.1297927070615943
0.1297927070615943
-0.1415159751567742
0.1415159751567742
-0.1532194293004548
0.1532194293004548
-0.1649014308672264
0.1649014308672264
-0.1765603442353001
0.1765603442353001
-0.1881945370155146
0.1881945370155146
-0.1998023802798903
0.1998023802798903
-0.2113822487896992
0.2113822487896992
-0.2229325212230182
0.2229325212230182
-0.2344515804017333
0.2344515804017333
-0.2459378135179645
0.2459378135179645
-0.2573896123598785
0.2573896123598785
-0.2688053735368574
0.2688053735368574
-0.2801834987039933
0.2801834987039933
-0.291522394785876
0.291522394785876
-0.3028204741996422
0.3028204741996422
-0.3140761550772571
0.3140761550772571
-0.3252878614869947
0.3252878614869947
-0.3364540236540874
0.3364540236540874
-0.3475730781805135
0.3475730781805135
-0.358643468263892
0.358643468263892
-0.3696636439154536
0.3696636439154536
-0.3806320621770578
0.3806320621770578
-0.3915471873372264
0.3915471873372264
-0.4024074911461608
0.4024074911461608
-0.4132114530297162
0.4132114530297162
-0.4239575603023
0.4239575603023
-0.4346443083786664
0.4346443083786664
-0.4452702009845765
0.4452702009845765
-0.4558337503662944
0.4558337503662944
-0.4663334774988916
0.4663334774988916
-0.4767679122933277
0.4767679122933277
-0.4871355938022808
0.4871355938022808
-0.4974350704246981
0.4974350704246981
-0.5076649001090376
0.5076649001090376
-0.5178236505551724
0.5178236505551724
-0.5279098994149306
0.5279098994149306
-0.5379222344912409
0.5379222344912409
-0.5478592539358575
0.5478592539358575
-0.5577195664456359
0.5577195664456359
-0.5675017914573319
0.5675017914573319
-0.5772045593408975
0.5772045593408975
-0.5868265115912455
0.5868265115912455
-0.5963663010184569
0.5963663010184569
-0.6058225919364037
0.6058225919364037
-0.615194060349761
0.615194060349761
-0.6244793941393827
0.6244793941393827
-0.6336772932460137
0.6336772932460137
-0.6427864698523143
0.6427864698523143
-0.6518056485631703
0.6518056485631703
-0.6607335665842632
0.6607335665842632
-0.6695689738988774
0.6695689738988774
-0.6783106334429173
0.6783106334429173
-0.6869573212781115
0.6869573212781115
-0.6955078267633787
0.6955078267633787
-0.7039609527243325
0.7039609527243325
-0.7123155156208998
0.7123155156208998
-0.7205703457130316
0.7205703457130316
-0.7287242872244799
0.7287242872244799
-0.736776198504621
0.736776198504621
-0.7447249521883002
0.7447249521883002
-0.7525694353536767
0.7525694353536767
-0.7603085496780459
0.7603085496780459
-0.7679412115916184
0.7679412115916184
-0.7754663524292324
0.7754663524292324
-0.7828829185799804
0.7828829185799804
-0.7901898716347267
0.7901898716347267
-0.7973861885314983
0.7973861885314983
-0.8044708616987251
0.8044708616987251
-0.8114428991963128
0.8114428991963128
-0.8183013248545262
0.8183013248545262
-0.8250451784106653
0.8250451784106653
-0.8316735156435132
0.8316735156435132
-0.8381854085055392
0.8381854085055392
-0.8445799452528363
0.8445799452528363
-0.8508562305727767
0.8508562305727767
-0.8570133857093668
0.8570133857093668
-0.8630505485862832
0.8630505485862832
-0.8689668739275749
0.8689668739275749
-0.8747615333760113
0.8747615333760113
-0.8804337156090635
0.8804337156090635
-0.8859826264524988
0.8859826264524988
-0.8914074889915756
0.8914074889915756
-0.8967075436798207
0.8967075436798207
-0.901882048445376
0.901882048445376
-0.9069302787948977
0.9069302787948977
-0.911851527914995
0.911851527914995
-0.9166451067711931
0.9166451067711931
-0.9213103442044075
0.9213103442044075
-0.9258465870249156
0.9258465870249156
-0.9302532001038122
0.9302532001038122
-0.9345295664619374
0.9345295664619374
-0.9386750873562629
0.9386750873562629
-0.942689182363726
0.942689182363726
-0.9465712894624994
0.9465712894624994
-0.9503208651106849
0.9503208651106849
-0.9539373843224214
0.9539373843224214
-0.9574203407413961
0.9574203407413961
-0.9607692467117493
0.9607692467117493
-0.9639836333463643
0.9639836333463643
-0.9670630505925322
0.9670630505925322
-0.9700070672949862
0.9700070672949862
-0.9728152712562968
0.9728152712562968
-0.975487269294624
0.975487269294624
-0.9780226872988226
0.9780226872988226
-0.9804211702809014
0.9804211702809014
-0.9826823824258411
0.9826823824258411
-0.9848060071387832
0.9848060071387832
-0.9867917470896183
0.9867917470896183
-0.9886393242550249
0.9886393242550249
-0.9903484799580564
0.9903484799580564
-0.9919189749054659
0.9919189749054659
-0.9933505892231438
0.9933505892231438
-0.9946431224904502
0.9946431224904502
-0.9957963937751801
0.9957963937751801
-0.9968102416733382
0.9968102416733382
-0.997684524364793
0.997684524364793
-0.9984191197181223
0.9984191197181223
-0.9990139255632711
0.9990139255632711
-0.9994688606674676
0.9994688606674676
-0.9997838699063264
0.9997838699063264
-0.9999589791525252
0.9999589791525252