0.0023917719268941647267190312615
0.00239176508574354058153425158096
0.00239176508574354058153425158096
0.00239174456233080343420373451383
0.00239174456233080343420373451383
0.00239171035677335892552274906145
0.00239171035677335892552274906145
0.00239166246926688237723070118542
0.00239166246926688237723070118542
0.00239160090008531767263655268822
0.00239160090008531767263655268822
0.00239152564958087568950337250293
0.00239152564958087568950337250293
0.00239143671818403228520098518724
0.00239143671818403228520098518724
0.00239133410640352583413824269938
0.00239133410640352583413824269938
0.00239121781482635431748900674942
0.00239121781482635431748900674942
0.00239108784411777196522849015547
0.00239108784411777196522849015547
0.00239094419502128545049916667431
0.00239094419502128545049916667431
0.00239078686835864963632801970688
0.00239078686835864963632801970688
0.00239061586502986287471946108471
0.00239061586502986287471946108471
0.0023904311860131618581508118103
0.0023904311860131618581508118103
0.00239023283236501602349979713751
0.00239023283236501602349979713751
0.00239002080522012150843606872226
0.00239002080522012150843606872226
0.00238979510579139466031132673533
0.00238979510579139466031132673533
0.00238955573536996509758517479258
0.00238955573536996509758517479258
0.0023893026953251683238264003091
0.0023893026953251683238264003091
0.00238903598710453789433193240766
0.00238903598710453789433193240766
0.00238875561223379713540828879448
0.00238875561223379713540828879448
0.00238846157231685041636288204118
0.00238846157231685041636288204118
0.00238815386903577397425511446688
0.00238815386903577397425511446688
0.00238783250415080629145974928371
0.00238783250415080629145974928371
0.00238749747950033802609760383835
0.00238749747950033802609760383835
0.00238714879700090149539116863632
0.00238714879700090149539116863632
0.0023867864586471597120053133604
0.0023867864586471597120053133604
0.00238641046651189497343579827549
0.00238641046651189497343579827549
0.00238602082274599700451086623348
0.00238602082274599700451086623348
0.00238561752957845065307374694055
0.00238561752957845065307374694055
0.00238520058931632313891646120945
0.00238520058931632313891646120945
0.00238477000434475085603786857697
0.00238477000434475085603786857697
0.00238432577712692572830145690725
0.00238432577712692572830145690725
0.00238386791020408111857092741024
0.00238386791020408111857092741024
0.00238339640619547729140418286631
0.00238339640619547729140418286631
0.00238291126779838642938888074919
0.00238291126779838642938888074919
0.00238241249778807720320526636444
0.00238241249778807720320526636444
0.00238190009901779889550455405538
0.00238190009901779889550455405538
0.00238137407441876507869367695846
0.00238137407441876507869367695846
0.00238083442700013684671977770018
0.00238083442700013684671977770018
0.00238028115984900560095036380398
0.00238028115984900560095036380398
0.00237971427613037539024760240287
0.00237971427613037539024760240287
0.0023791337790871448053377791178
0.0023791337790871448053377791178
0.00237853967204008842757949564766
0.00237853967204008842757949564766
0.00237793195838783783223672971099
0.00237793195838783783223672971099
0.0023773106416068621463654294655
0.0023773106416068621463654294655
0.00237667572525144816142486239682
0.00237667572525144816142486239682
0.00237602721295368000072748589646
0.00237602721295368000072748589646
0.00237536510842341834184365332683
0.00237536510842341834184365332683
0.0023746894154482791940800152836
0.0023746894154482791940800152836
0.00237400013789361223115302099833
0.00237400013789361223115302099833
0.00237329727970247867918146936236
0.00237329727970247867918146936236
0.00237258084489562876012460288171
0.00237258084489562876012460288171
0.00237185083757147869079478097834
0.00237185083757147869079478097834
0.00237110726190608723757631142031
0.00237110726190608723757631142031
0.00237035012215313182698456027757
0.00237035012215313182698456027757
0.00236957942264388421220200164789
0.00236957942264388421220200164789
0.00236879516778718569573040846233
0.00236879516778718569573040846233
0.00236799736206942190830092494923
0.00236799736206942190830092494923
0.00236718601005449714418629979394
0.00236718601005449714418629979394
0.00236636111638380825306209666419
0.00236636111638380825306209666419
0.00236552268577621808856623556455
0.00236552268577621808856623556455
0.00236467072302802851370875442177
0.00236467072302802851370875442177
0.00236380523301295296328621537271
0.00236380523301295296328621537271
0.00236292622068208856345771441299
0.00236292622068208856345771441299
0.00236203369106388780864198635314
0.00236203369106388780864198635314
0.00236112764926412979589762940483
0.00236112764926412979589762940483
0.00236020810046589101695100516931
0.00236020810046589101695100516931
0.00235927504992951570803890030812
0.00235927504992951570803890030812
0.00235832850299258575773556572785
0.00235832850299258575773556572785
0.00235736846506989017293627769308
0.00235736846506989017293627769308
0.002356394941653394103172092878
0.002356394941653394103172092878
0.00235540793831220742343299596557
0.00235540793831220742343299596557
0.00235440746069255287567916398686
0.00235440746069255287567916398686
0.00235339351451773376922259614933
0.00235339351451773376922259614933
0.00235236610558810124016388141608
0.00235236610558810124016388141608
0.0023513252397810210700713985549
0.0023513252397810210700713985549
0.00235027092305084006409276476035
0.00235027092305084006409276476035
0.00234920316142885198869086925184
0.00234920316142885198869086925184
0.00234812196102326306919934744911
0.00234812196102326306919934744911
0.00234702732801915704739486941085
0.00234702732801915704739486941085
0.00234591926867845979928613317736
0.00234591926867845979928613317736
0.00234479778933990351332196946942
0.00234479778933990351332196946942
0.00234366289641899042922347884982
0.00234366289641899042922347884982
0.00234251459640795613764763593479
0.00234251459640795613764763593479
0.00234135289587573244089230753789
0.00234135289587573244089230753789
0.00234017780146790977485514272245
0.00234017780146790977485514272245
0.0023389893199066991924613026171
0.0023389893199066991924613026171
0.00233778745799089390877750649764
0.00233778745799089390877750649764
0.00233657222259583040803237804314
0.00233657222259583040803237804314
0.00233534362067334911276558182003
0.00233534362067334911276558182003
0.00233410165925175461533074492169
0.00233410165925175461533074492169
0.00233284634543577547197966227706
0.00233284634543577547197966227706
0.00233157768640652355975778642679
0.00233157768640652355975778642679
0.00233029568942145299644350353438
0.00233029568942145299644350353438
0.00232900036181431862376619703914
0.00232900036181431862376619703914
0.00232769171099513405414059865221
0.00232769171099513405414059865221
0.00232636974445012928115742333324
0.00232636974445012928115742333324
0.00232503446974170785407278044833
0.00232503446974170785407278044833
0.00232368589450840361654134748591
0.00232368589450840361654134748591
0.00232232402646483700984078548179
0.00232232402646483700984078548179
0.0023209488734016709408373666633
0.0023209488734016709408373666633
0.00231956044318556621494527475144
0.00231956044318556621494527475144
0.00231815874375913653433452684441
0.00231815874375913653433452684441
0.00231674378314090306164495283212
0.00231674378314090306164495283212
0.00231531556942524854946615384483
0.00231531556942524854946615384483
0.0023138741107823710358458453055
0.0023138741107823710358458453055
0.00231241941545823710609147272107
0.00231241941545823710609147272107
0.00231095149177453472113246939783
0.00231095149177453472113246939783
0.00230947034812862561271300478709
0.00230947034812862561271300478709
0.00230797599299349724568755014366
0.00230797599299349724568755014366
0.00230646843491771434769406459965
0.00230646843491771434769406459965
0.00230494768252537000648207960224
0.00230494768252537000648207960224
0.00230341374451603633517543292576
0.00230341374451603633517543292576
0.00230186662966471470575187512829
0.00230186662966471470575187512829
0.0023003063468217855510242413697
0.0023003063468217855510242413697
0.00229873290491295773541034992495
0.00229873290491295773541034992495
0.00229714631293921749478125550156
0.00229714631293921749478125550156
0.00229554657997677694567995058805
0.00229554657997677694567995058805
0.00229393371517702216420507150682
0.00229393371517702216420507150682
0.00229230772776646083485662760726
0.00229230772776646083485662760726
0.0022906686270466694696432320975
0.0022906686270466694696432320975
0.00228901642239424019775277136273
0.00228901642239424019775277136273
0.00228735112326072712609090624064
0.00228735112326072712609090624064
0.00228567273917259227099425360544
0.00228567273917259227099425360544
0.00228398127973115106142754973773
0.00228398127973115106142754973773
0.00228227675461251741397654831367
0.00228227675461251741397654831367
0.00228055917356754837995085542019
0.00228055917356754837995085542019
0.00227882854642178836491335177807
0.00227882854642178836491335177807
0.0022770848830754129209552983191
0.0022770848830754129209552983191
0.00227532819350317211203866540228
0.00227532819350317211203866540228
0.00227355848775433345272966825299
0.00227355848775433345272966825299
0.00227177577595262442064993165541
0.00227177577595262442064993165541
0.00226998006829617454297414550667
0.00226998006829617454297414550667
0.00226817137505745705730550953896
0.00226817137505745705730550953896
0.00226634970658323014726270031757
0.00226634970658323014726270031757
0.00226451507329447775311452651599
0.00226451507329447775311452651599
0.00226266748568634995780086943919
0.00226266748568634995780086943919
0.00226080695432810294868093479895
0.00226080695432810294868093479895
0.00225893348986303855535226882728
0.00225893348986303855535226882728
0.0022570471030084433638864169314
0.0022570471030084433638864169314
0.00225514780455552740782952623231
0.00225514780455552740782952623231
0.00225323560536936243631861447524
0.00225323560536936243631861447524
0.00225131051638881975966664694039
0.00225131051638881975966664694039
0.00224937254862650767277198010163
0.00224937254862650767277198010163
0.00224742171316870845671014586718
0.00224742171316870845671014586718
0.00224545802117531495886836327359
0.00224545802117531495886836327359
0.00224348148387976675198557548107
0.00224348148387976675198557548107
0.00224149211258898587246321881899
0.00224149211258898587246321881899
0.00223948991868331213831433744188
0.00223948991868331213831433744188
0.00223747491361643804712106186532
0.00223747491361643804712106186532
0.00223544710891534325437287224293
0.00223544710891534325437287224293
0.00223340651618022863256046770712
0.00223340651618022863256046770712
0.00223135314708444991140246141406
0.00223135314708444991140246141406
0.00222928701337445089958451709224
0.00222928701337445089958451709224
0.00222720812686969628839293688225
0.00222720812686969628839293688225
0.00222511649946260403762710205782
0.00222511649946260403762710205782
0.00222301214311847734417755782156
0.00222301214311847734417755782156
0.00222089506987543619365892075986
0.00222089506987543619365892075986
0.00221876529184434849548917270599
0.00221876529184434849548917270599
0.00221662282120876080180928768474
0.00221662282120876080180928768474
0.00221446767022482861063951928333
0.00221446767022482861063951928333
0.00221229985122124625367105419674
0.00221229985122124625367105419674
0.00221011937659917636909411381861
0.00221011937659917636909411381861
0.00220792625883217895986595957763
0.00220792625883217895986595957763
0.00220572051046614003782462923942
0.00220572051046614003782462923942
0.0022035021441191998540566005933
0.0022035021441191998540566005933
0.00220127117248168071592894580693
0.00220127117248168071592894580693
0.00219902760831601439119890424703
0.00219902760831601439119890424703
0.00219677146445666909961616371742
0.00219677146445666909961616371742
0.00219450275381007609243549984308
0.00219450275381007609243549984308
0.00219222148935455582025978071665
0.00219222148935455582025978071665
0.00218992768414024368963569890974
0.00218992768414024368963569890974
0.00218762135128901540882694552026
0.00218762135128901540882694552026
0.00218530250399441192319189106696
0.00218530250399441192319189106696
0.00218297115552156394059518573882
0.00218297115552156394059518573882
0.00218062731920711604728503674716
0.00218062731920711604728503674716
0.00217827100845915041467026329851
0.00217827100845915041467026329851
0.00217590223675711009743356999336
0.00217590223675711009743356999336
0.00217352101765172192341981724585
0.00217352101765172192341981724585
0.00217112736476491897574040260017
0.00217112736476491897574040260017
0.00216872129178976266753719957551
0.00216872129178976266753719957551
0.00216630281249036440985183089211
0.00216630281249036440985183089211
0.00216387194070180687304838060032
0.00216387194070180687304838060032
0.00216142869033006484223997474129
0.00216142869033006484223997474129
0.00215897307535192566717198269784
0.00215897307535192566717198269784
0.00215650510981490930701691133333
0.00215650510981490930701691133333
0.00215402480783718797053838135356
0.00215402480783718797053838135356
0.00215153218360750535208389004603
0.00215153218360750535208389004603
0.00214902725138509546386837664157
0.00214902725138509546386837664157
0.00214651002549960106501291599033
0.00214651002549960106501291599033
0.00214398052035099168780517303516
0.00214398052035099168780517303516
0.00214143875040948126165055468706
0.00214143875040948126165055468706
0.00213888473021544533518529714648
0.00213888473021544533518529714648
0.00213631847437933789702502545719
0.00213631847437933789702502545719
0.00213373999758160779562461811427
0.00213373999758160779562461811427
0.00213114931457261475872750285971
0.00213114931457261475872750285971
0.00212854644017254501288480037657
0.00212854644017254501288480037657
0.00212593138927132650352702042142
0.00212593138927132650352702042142
0.00212330417682854371607330000242
0.00212330417682854371607330000242
0.00212066481787335209856545550352
0.00212066481787335209856545550352
0.00211801332750439208631640016114
0.00211801332750439208631640016114
0.00211534972088970272906475500452
0.00211534972088970272906475500452
0.00211267401326663492112975526304
0.00211267401326663492112975526304
0.00210998621994176423506282530844
0.00210998621994176423506282530844
0.00210728635629080335929446342589
0.00210728635629080335929446342589
0.0021045744377585141402773430805
0.0021045744377585141402773430805
0.00210185047985861922962879985388
0.00210185047985861922962879985388
0.00209911449817371333677813285409
0.00209911449817371333677813285409
0.00209636650835517408762640614055
0.00209636650835517408762640614055
0.00209360652612307248972868953884
0.00209360652612307248972868953884
0.00209083456726608300451092913686
0.00209083456726608300451092913686
0.00208805064764139322703588574019
0.00208805064764139322703588574019
0.00208525478317461317383482460809
0.00208525478317461317383482460809
0.00208244698985968417932388187944
0.00208244698985968417932388187944
0.00207962728375878740132627221716
0.00207962728375878740132627221716
0.00207679568100225193622373833745
0.00207679568100225193622373833745
0.00207395219778846254426287623436
0.00207395219778846254426287623436
0.00207109685038376698554420004654
0.00207109685038376698554420004654
0.00206822965512238296722403763064
0.00206822965512238296722403763064
0.00206535062840630470246157199034
0.00206535062840630470246157199034
0.00206245978670520908164556474972
0.00206245978670520908164556474972
0.00205955714655636145643751584128
0.00205955714655636145643751584128
0.0020566427245645210371702284905
0.0020566427245645210371702284905
0.00205371653740184590414296040637
0.00205371653740184590414296040637
0.00205077860180779763335655081992
0.00205077860180779763335655081992
0.0020478289345890455372341186362
0.0020478289345890455372341186362
0.00204486755261937052087512946775
0.00204486755261937052087512946775
0.0020418944728395685543928286865
0.0020418944728395685543928286865
0.00203890971225735376188723385362
0.00203890971225735376188723385362
0.00203591328794726112760807295033
0.00203591328794726112760807295033
0.00203290521705054881986424472523
0.00203290521705054881986424472523
0.00202988551677510013323856418191
0.00202988551677510013323856418191
0.00202685420439532504966873974258
0.00202685420439532504966873974258
0.00202381129725206141895770892635
0.00202381129725206141895770892635
0.00202075681275247575927863646259
0.00202075681275247575927863646259
0.00201769076836996367824205260731
0.00201769076836996367824205260731
0.00201461318164404991509478003205
0.00201461318164404991509478003205
0.00201152407018028800462246499752
0.00201152407018028800462246499752
0.00200842345165015956332969259576
0.00200842345165015956332969259576
0.00200531134379097319847382663286
0.00200531134379097319847382663286
0.00200218776440576304053087221644
0.00200218776440576304053087221644
0.00199905273136318689967381329631
0.00199905273136318689967381329631
0.0019959062625974240468460282702
0.0019959062625974240468460282702
0.00199274837610807262001453429737
0.00199274837610807262001453429737
0.00198957908996004665618995514842
0.00198957908996004665618995514842
0.00198639842228347274980224824803
0.00198639842228347274980224824803
0.00198320639127358633802336402613
0.00198320639127358633802336402613
0.00198000301519062761363014476957
0.00198000301519062761363014476957
0.00197678831235973706600290084948
0.00197678831235973706600290084948
0.001973562301170850650857229476
0.001973562301170850650857229476
0.0019703250000785945893087649899
0.0019703250000785945893087649899
0.00196707642760217979687267012884
0.00196707642760217979687267012884
0.00196381660232529594300179469029
0.00196381660232529594300179469029
0.00196054554289600514176954154367
0.00196054554289600514176954154367
0.0019572632680266352743055900074
0.0019572632680266352743055900074
0.00195396979649367294359473319072
0.00195396979649367294359473319072
0.00195066514713765606225118899364
0.00195066514713765606225118899364
0.00194734933886306607388284404836
0.00194734933886306607388284404836
0.00194402239063821980866198596091
0.00194402239063821980866198596091
0.00194068432149516097372117175975
0.00194068432149516097372117175975
0.00193733515052955127899496946732
0.00193733515052955127899496946732
0.00193397489690056119913039516872
0.00193397489690056119913039516872
0.00193060357983076037209094984682
0.00193060357983076037209094984682
0.00192722121860600763508123857382
0.00192722121860600763508123857382
0.00192382783257534069842122938305
0.00192382783257534069842122938305
0.00192042344115086545800128027982
0.00192042344115086545800128027982
0.00191700806380764494695113037533
0.00191700806380764494695113037533
0.0019135817200835879271581150301
0.0019135817200835879271581150301
0.00191014442957933712127192516187
0.00191014442957933712127192516187
0.00190669621195815708583528749583
0.00190669621195815708583528749583
0.00190323708694582172618199550032
0.00190323708694582172618199550032
0.00189976707433050145374577004661
0.00189976707433050145374577004661
0.00189628619396264998642547444665
0.00189628619396264998642547444665
0.00189279446575489079265425044431
0.00189279446575489079265425044431
0.00188929190968190317982217995348
0.00188929190968190317982217995348
0.00188577854578030802770411183793
0.00188577854578030802770411183793
0.00188225439414855316754632380134
0.00188225439414855316754632380134
0.00187871947494679840746771649077
0.00187871947494679840746771649077
0.00187517380839680020483326019989
0.00187517380839680020483326019989
0.00187161741478179598625943407965
0.00187161741478179598625943407965
0.00186805031444638811591341351069
0.00186805031444638811591341351069
0.00186447252779642751276977325322
0.00186447252779642751276977325322
0.0018608840752988969174904821544
0.0018608840752988969174904821544
0.00185728497748179380959596954851
0.00185728497748179380959596954851
0.00185367525493401297559704402117
0.00185367525493401297559704402117
0.0018500549283052287287594419126
0.0018500549283052287287594419126
0.00184642401830577678117477579613
0.00184642401830577678117477579613
0.00184278254570653576881364217485
0.00184278254570653576881364217485
0.00183913053133880843023863278062
0.00183913053133880843023863278062
0.0018354679960942024396569751233
0.0018354679960942024396569751233
0.00183179496092451089499450531408
0.00183179496092451089499450531408
0.00182811144684159246167464966235
0.00182811144684159246167464966235
0.00182441747491725117278806111078
0.00182441747491725117278806111078
0.00182071306628311588634052221575
0.00182071306628311588634052221575
0.00181699824213051940026868808956
0.00181699824213051940026868808956
0.00181327302371037722591520048525
0.00181327302371037722591520048525
0.00180953743233306602065665801337
0.00180953743233306602065665801337
0.00180579148936830168037987732155
0.00180579148936830168037987732155
0.00180203521624501709250382593083
0.00180203521624501709250382593083
0.0017982686344512395502465492965
0.0017982686344512395502465492965
0.00179449176553396782883835253469
0.00179449176553396782883835253469
0.00179070463109904892438443111734
0.00179070463109904892438443111734
0.00178690725281105445608207467779
0.00178690725281105445608207467779
0.00178309965239315673249949387412
0.00178309965239315673249949387412
0.00177928185162700448262524201861
0.00177928185162700448262524201861
0.00177545387235259825239912088646
0.00177545387235259825239912088646
0.00177161573646816546743737375539
0.00177161573646816546743737375539
0.00176776746593003516266687828871
0.00176776746593003516266687828871
0.00176390908275251237958495734662
0.00176390908275251237958495734662
0.00176004060900775223186332718347
0.00176004060900775223186332718347
0.00175616206682563364001659975124
0.00175616206682563364001659975124
0.00175227347839363273585764897119
0.00175227347839363273585764897119
0.0017483748659566959374640398448
0.0017483748659566959374640398448
0.00174446625181711269538160414227
0.00174446625181711269538160414227
0.00174054765833438791079312711953
0.00174054765833438791079312711953
0.00173661910792511402638198626407
0.00173661910792511402638198626407
0.00173268062306284279062245544338
0.00173268062306284279062245544338
0.00172873222627795669623025601801
0.00172873222627795669623025601801
0.00172477394015754009350880047291
0.00172477394015754009350880047291
0.00172080578734524997932843390507
0.00172080578734524997932843390507
0.00171682779054118646247783427269
0.00171682779054118646247783427269
0.00171283997250176290612858364894
0.00171283997250176290612858364894
0.00170884235603957574815576982361
0.00170884235603957574815576982361
0.00170483496402327400005932044541
0.00170483496402327400005932044541
0.00170081781937742842523261048795
0.00170081781937742842523261048795
0.00169679094508240039732671814187
0.00169679094508240039732671814187
0.00169275436417421043946053427379
0.00169275436417421043946053427379
0.00168870809974440644502875633999
0.00168870809974440644502875633999
0.00168465217493993158086161908729
0.00168465217493993158086161908729
0.00168058661296299187349203150641
0.00168058661296299187349203150641
0.00167651143707092347928760231299
0.00167651143707092347928760231299
0.00167242667057605963920684470785
0.00167242667057605963920684470785
0.00166833233684559731894065530162
0.00166833233684559731894065530162
0.00166422845930146353520196186818
0.00166422845930146353520196186818
0.00166011506142018136892823000683
0.00166011506142018136892823000683
0.00165599216673273566616330983398
0.00165599216673273566616330983398
0.00165185979882443842738689048193
0.00165185979882443842738689048193
0.0016477179813347938860616124437
0.0016477179813347938860616124437
0.00164356673795736327716966565976
0.00164356673795736327716966565976
0.00163940609243962929651247468402
0.00163940609243962929651247468402
0.00163523606858286025154884128268
0.00163523606858286025154884128268
0.00163105669024197390454867940035
0.00163105669024197390454867940035
0.0016268679813254010088412375634
0.0016268679813254010088412375634
0.00162266996579494853893845947014
0.00162266996579494853893845947014
0.00161846266766566261531588473172
0.00161846266766566261531588473172
0.0016142461110056911246352384664
0.0016142461110056911246352384664
0.00161002031993614603619460070252
0.00161002031993614603619460070252
0.00160578531863096541539378430358
0.00160578531863096541539378430358
0.00160154113131677513500428338019
0.00160154113131677513500428338019
0.00159728778227275028503488289093
0.00159728778227275028503488289093
0.00159302529583047628198574434491
0.00159302529583047628198574434491
0.00158875369637380967828550219575
0.00158875369637380967828550219575
0.00158447300833873867270762064725
0.00158447300833873867270762064725
0.00158018325621324332256397116829
0.00158018325621324332256397116829
0.00157588446453715545847529702593
0.00157588446453715545847529702593
0.00157157665790201830251993258392
0.00157157665790201830251993258392
0.00156725986095094579056384196715
0.00156725986095094579056384196715
0.00156293409837848159957673395299
0.00156293409837848159957673395299
0.00155859939493045788074069760687
0.00155859939493045788074069760687
0.00155425577540385369915948622348
0.00155425577540385369915948622348
0.00154990326464665318097825555566
0.00154990326464665318097825555566
0.00154554188755770336872523610224
0.00154554188755770336872523610224
0.00154117166908657178568848837301
0.00154117166908657178568848837301
0.00153679263423340371014255454499
0.00153679263423340371014255454499
0.00153240480804877916024147975887
0.00153240480804877916024147975887
0.0015280082156335695903963314695
0.0015280082156335695903963314695
0.00152360288213879429995699574921
0.00152360288213879429995699574921
0.0015191888327654765550196752384
0.0015191888327654765550196752384
0.00151476609276449942418315453526
0.00151476609276449942418315453526
0.00151033468743646132907853520583
0.00151033468743646132907853520583
0.00150589464213153131049877426752
0.00150589464213153131049877426752
0.00150144598224930401095598694484
0.00150144598224930401095598694484
0.00149698873323865437449609670568
0.00149698873323865437449609670568
0.00149252292059759206460203305089
0.00149252292059759206460203305089
0.00148804856987311560101829024022
0.00148804856987311560101829024022
0.00148356570666106621633126808418
0.00148356570666106621633126808418
0.00147907435660598143314141910518
0.00147907435660598143314141910518
0.00147457454540094836266482476359
0.00147457454540094836266482476359
0.0014700662987874567256034170451
0.0014700662987874567256034170451
0.0014655496425552515961246505069
0.0014655496425552515961246505069
0.00146102460254218586979301387208
0.00146102460254218586979301387208
0.00145649120463407245629734943514
0.00145649120463407245629734943514
0.00145194947476453619781952288838
0.00145194947476453619781952288838
0.00144739943891486551389155568906
0.00144739943891486551389155568906
0.00144284112311386377358989675276
0.00144284112311386377358989675276
0.00143827455343770039591707006983
0.00143827455343770039591707006983
0.00143369975600976167922248979019
0.00143369975600976167922248979019
0.00142911675700050136051578439888
0.00142911675700050136051578439888
0.00142452558262729090552751680078
0.00142452558262729090552751680078
0.00141992625915426953037372744028
0.00141992625915426953037372744028
0.00141531881289219395568226299037
0.00141531881289219395568226299037
0.00141070327019828789404038364807
0.00141070327019828789404038364807
0.00140607965747609127162466765946
0.00140607965747609127162466765946
0.00140144800117530918487575236036
0.00140144800117530918487575236036
0.00139680832779166059308196674833
0.00139680832779166059308196674833
0.0013921606638667267477374213898
0.0013921606638667267477374213898
0.00138750503598779935954162730476
0.00138750503598779935954162730476
0.00138284147078772850390921635093
0.00138284147078772850390921635093
0.00137816999494477026585983154222
0.00137816999494477026585983154222
0.0013734906351824341251597466737
0.0013734906351824341251597466737
0.00136880341826933008258826057819
0.00136880341826933008258826057819
0.00136410837101901552820339230096
0.00136410837101901552820339230096
0.00135940552028984185248287943892
0.00135940552028984185248287943892
0.00135469489298480080121795284183
0.00135469489298480080121795284183
0.00134997651605137057503882680683
0.00134997651605137057503882680683
0.00134525041648136167445230480548
0.00134525041648136167445230480548
0.00134051662131076249127335665671
0.00134051662131076249127335665671
0.00133577515761958464733397389084
0.00133577515761958464733397389084
0.00133102605253170808135405583168
0.00133102605253170808135405583168
0.00132626933321472588486051964679
0.00132626933321472588486051964679
0.00132150502687978888804226327256
0.00132150502687978888804226327256
0.0013167331607814499964300407031
0.0013167331607814499964300407031
0.001311953762217508279291734631
0.001311953762217508279291734631
0.0013071668585288528106349318366
0.0013071668585288528106349318366
0.0013023724770993062637101220338
0.0013023724770993062637101220338
0.0012975706453554682599092510821
0.0012975706453554682599092510821
0.001292761390766558472955764566
0.001292761390766558472955764566
0.0012879447408442594892836777082
0.0012879447408442594892836777082
0.001283120723142559425504602421
0.001283120723142559425504602421
0.0012782893652575943038630520011
0.0012782893652575943038630520011
0.0012734506948274901865817285222
0.0012734506948274901865817285222
0.0012686047395322050699998773871
0.0012686047395322050699998773871
0.0012637515270933705394091677353
0.0012637515270933705394091677353
0.0012588910852741331854929264765
0.0012588910852741331854929264765
0.0012540234418789957832759176165
0.0012540234418789957832759176165
0.0012491486247536582344932172515
0.0012491486247536582344932172515
0.0012442666617848582742880881333
0.0012442666617848582742880881333
0.001239377580900211943150106025
0.001239377580900211943150106025
0.0012344814100680538250061331903
0.0012344814100680538250061331903
0.0012295781772972770523780722616
0.0012295781772972770523780722616
0.0012246679106371730795226664165
0.0012246679106371730795226664165
0.0012197506381772712244699392524
0.0012197506381772712244699392524
0.0012148263880471779808781899692
0.0012148263880471779808781899692
0.0012098951884164161006247764546
0.0012098951884164161006247764546
0.001204957067494263448053230598
0.001204957067494263448053230598
0.0012000120535295916267985566367
0.0012000120535295916267985566367
0.001195060174810704380113864556
0.001195060174810704380113864556
0.0011901014596651757656227865074
0.0011901014596651757656227865074
0.0011851359364596881054234148841
0.0011851359364596881054234148841
0.0011801636335998697124707860757
0.0011801636335998697124707860757
0.0011751845795301323941662140287
0.0011751845795301323941662140287
0.001170198802733508734083052536
0.001170198802733508734083052536
0.0011652063317314891527597346848
0.0011652063317314891527597346848
0.0011602071950838587484922020814
0.0011602071950838587484922020814
0.0011552014213885339190590953488
0.0011552014213885339190590953488
0.001150189039281398765314330951
0.001150189039281398765314330951
0.0011451700774361412775829376248
0.0011451700774361412775829376248
0.0011401445645640893057972685975
0.0011401445645640893057972685975
0.0011351125294140463143119433238
0.0011351125294140463143119433238
0.0011300740007721269223371046883
0.0011300740007721269223371046883
0.0011250290074615922309308044814
0.0011250290074615922309308044814
0.001119977578342684937492551459
0.001119977578342684937492551459
0.0011149197423124642387012724426
0.0011149197423124642387012724426
0.0011098555283046405228421476906
0.0011098555283046405228421476906
0.0011047849652894098524679871763
0.0011047849652894098524679871763
0.0010997080822732882383420144359
0.0010997080822732882383420144359
0.0010946249082989457056101192921
0.0010946249082989457056101192921
0.0010895354724450401531518300196
0.0010895354724450401531518300196
0.0010844398038260510070604393841
0.0010844398038260510070604393841
0.0010793379315921126692038974561
0.0010793379315921126692038974561
0.0010742298849288477618192571738
0.0010742298849288477618192571738
0.0010691156930572001690946262937
0.0010691156930572001690946262937
0.0010639953852332678766937416289
0.0010639953852332678766937416289
0.0010588689907481356101794383219
0.0010588689907481356101794383219
0.0010537365389277072732934383306
0.0010537365389277072732934383306
0.0010485980591325381870510283252
0.0010485980591325381870510283252
0.0010434535807576671306103377851
0.0010434535807576671306103377851
0.0010383031332324481848770632608
0.0010383031332324481848770632608
0.001033146746020382379806614511
0.001033146746020382379806614511
0.0010279844486189491463667825469
0.0010279844486189491463667825469
0.0010228162705594375741251485084
0.0010228162705594375741251485084
0.0010176422414067774754265657586
0.0010176422414067774754265657586
0.0010124623907593702571271556188
0.0010124623907593702571271556188
0.0010072767482489196008523597667
0.0010072767482489196008523597667
0.0010020853435402619527476894951
0.0010020853435402619527476894951
0.0009968882063311968236919037722
0.0009968882063311968236919037722
0.0009916853663523169009434343606
0.0009916853663523169009434343606
0.0009864768533668379721919571425
0.0009864768533668379721919571425
0.0009812626971704286629880842649
0.0009812626971704286629880842649
0.0009760429275910399885252217664
0.0009760429275910399885252217664
0.000970817574488734720748701977
0.000970817574488734720748701977
0.0009655866677555165717683592003
0.0009655866677555165717683592003
0.0009603502373151591945517710029
0.0009603502373151591945517710029
0.0009551083131230350018764358465
0.0009551083131230350018764358465
0.000949860925165943804520200822
0.000949860925165943804520200822
0.0009446081034619412696702908825
0.0009446081034619412696702908825
0.0009393498780601672005323232363
0.0009393498780601672005323232363
0.0009340862790406736381217174631
0.0009340862790406736381217174631
0.000928817336514252786220933468
0.000928817336514252786220933468
0.0009235430806222647604869856041
0.0009235430806222647604869856041
0.0009182635415364651626946921851
0.0009182635415364651626946921851
0.0009129787494588324811021252026
0.0009129787494588324811021252026
0.0009076887346213953179257253633
0.0009076887346213953179257253633
0.0009023935272860594449135426057
0.0009023935272860594449135426057
0.0008970931577444346880060520501
0.0008970931577444346880060520501
0.0008917876563176616420749799245
0.0008917876563176616420749799245
0.0008864770533562382167315534007
0.0008864770533562382167315534007
0.0008811613792398460141965625199
0.0008811613792398460141965625199
0.0008758406643771765402255915008
0.0008758406643771765402255915008
0.0008705149392057572490837407603
0.0008705149392057572490837407603
0.0008651842341917774235651199655
0.0008651842341917774235651199655
0.000859848579829913891053346427
0.000859848579829913891053346427
0.0008545080066431565766202321887
0.0008545080066431565766202321887
0.0008491625451826338941607873136
0.0008491625451826338941607873136
0.000843812226027437976563606184
0.000843812226027437976563606184
0.0008384570797844497459166381721
0.0008384570797844497459166381721
0.0008330971370881638247492738858
0.0008330971370881638247492738858
0.000827732428600513289312603418
0.000827732428600513289312603418
0.0008223629850106942659006237158
0.0008223629850106942659006237158
0.0008169888370349903712160884379
0.0008169888370349903712160884379
0.0008116100154165969977856055786
0.0008116100154165969977856055786
0.0008062265509254454454294958223
0.0008062265509254454454294958223
0.0008008384743580268997928281783
0.0008008384743580268997928281783
0.0007954458165372162589449490653
0.0007954458165372162589449490653
0.0007900486083120958090557168131
0.0007900486083120958090557168131
0.0007846468805577787501575457012
0.0007846468805577787501575457012
0.0007792406641752325730032523208
0.0007792406641752325730032523208
0.0007738299900911022880305824429
0.0007738299900911022880305824429
0.0007684148892575335074451789029
0.0007684148892575335074451789029
0.0007629953926519953814346305164
0.0007629953926519953814346305164
0.0007575715312771033895271189784
0.0007575715312771033895271189784
0.0007521433361604419881090553562
0.0007521433361604419881090553562
0.0007467108383543871151169704825
0.0007467108383543871151169704825
0.0007412740689359285529197946336
0.0007412740689359285529197946336
0.0007358330590064921504085317223
0.0007358330590064921504085317223
0.0007303878396917619053112022683
0.0007303878396917619053112022683
0.0007249384421415019077517980937
0.0007249384421415019077517980937
0.0007194848975293781460728605451
0.0007194848975293781460728605451
0.0007140272370527801759421636251
0.0007140272370527801759421636251
0.0007085654919326426537648543645
0.0007085654919326426537648543645
0.0007030996934132667354232757567
0.0007030996934132667354232757567
0.0006976298727621413413675733966
0.0006976298727621413413675733966
0.0006921560612697642890810664415
0.0006921560612697642890810664415
0.0006866782902494632939452476068
0.0006866782902494632939452476068
0.0006811965910372168395301666448
0.0006811965910372168395301666448
0.0006757109949914749183368483096
0.0006757109949914749183368483096
0.0006702215334929796440193004517
0.0006702215334929796440193004517
0.0006647282379445857361145820624
0.0006647282379445857361145820624
0.0006592311397710808783103263705
0.0006592311397710808783103263705
0.0006537302704190059512800522725
0.0006537302704190059512800522725
0.0006482256613564751411175504174
0.0006482256613564751411175504174
0.0006427173440729959244026003703
0.0006427173440729959244026003703
0.0006372053500792889309312649103
0.0006372053500792889309312649103
0.0006316897109071076851450194249
0.0006316897109071076851450194249
0.0006261704581090582272940116148
0.0006261704581090582272940116148
0.0006206476232584186153708127702
0.0006206476232584186153708127702
0.0006151212379489583088521205747
0.0006151212379489583088521205747
0.0006095913337947574352870090677
0.0006095913337947574352870090677
0.0006040579424300259407714989097
0.0006040579424300259407714989097
0.0005985210955089226253504459135
0.0005985210955089226253504459135
0.0005929808247053740643890240778
0.0005929808247053740643890240778
0.0005874371617128934169574180126
0.0005874371617128934169574180126
0.0005818901382443991222737464974
0.0005818901382443991222737464974
0.0005763397860320334852517227807
0.0005763397860320334852517227807
0.0005707861368269811522011280847
0.0005707861368269811522011280847
0.000565229222399287477730843908
0.000565229222399287477730843908
0.0005596690745376767839059689063
0.0005596690745376767839059689063
0.0005541057250493705127124518795
0.0005541057250493705127124518795
0.00054853920575990527288472017
0.00054853920575990527288472017
0.0005429695485129507821539913204
0.0005429695485129507821539913204
0.0005373967851701277059773464717
0.0005373967851701277059773464717
0.0005318209476108253938102410195
0.0005318209476108253938102410195
0.0005262420677320195139879592531
0.0005262420677320195139879592531
0.0005206601774480895882846168135
0.0005206601774480895882846168135
0.0005150753086906364272217141478
0.0005150753086906364272217141478
0.0005094874934082994672019873719
0.0005094874934082994672019873719
0.0005038967635665740105484378905
0.0005038967635665740105484378905
0.0004983031511476283695330037487
0.0004983031511476283695330037487
0.0004927066881501209154844273235
0.0004927066881501209154844273235
0.0004871074065890170340705486175
0.0004871074065890170340705486175
0.0004815053384954059878565954573
0.0004815053384954059878565954573
0.0004759005159163176872481489083
0.0004759005159163176872481489083
0.0004702929709145393709354473182
0.0004702929709145393709354473182
0.000464682735568432196964686896
0.000464682735568432196964686896
0.0004590698419717477455721333258
0.0004590698419717477455721333258
0.0004534543222334444349283555049
0.0004534543222334444349283555049
0.0004478362084775038509529367067
0.0004478362084775038509529367067
0.0004422155328427469923748530747
0.0004422155328427469923748530747
0.000436592327482650432230618762
0.000436592327482650432230618762
0.0004309666245651623970116150864
0.0004309666245651623970116150864
0.0004253384562725187646941404271
0.0004253384562725187646941404271
0.0004197078548010589829111010098
0.0004197078548010589829111010098
0.0004140748523610419085534567767
0.0004140748523610419085534567767
0.0004084394811764615701231881282
0.0004084394811764615701231881282
0.0004028017734848628541984258623
0.0004028017734848628541984258623
0.0003971617615371571174164005163
0.0003971617615371571174164005163
0.0003915194775974377254321058906
0.0003915194775974377254321058906
0.0003858749539427955203713337312
0.0003858749539427955203713337312
0.0003802282228631342183675779383
0.0003802282228631342183675779383
0.0003745793166609857388550948531
0.0003745793166609857388550948531
0.0003689282676513254673873892849
0.0003689282676513254673873892849
0.00036327510816138745386428744
0.00036327510816138745386428744
0.0003576198705304795481848419861
0.0003576198705304795481848419861
0.0003519625871097984755015774603
0.0003519625871097984755015774603
0.0003463032902622448534388788874
0.0003463032902622448534388788874
0.0003406420123622381538605783257
0.0003406420123622381538605783257
0.0003349787857955316120362611259
0.0003349787857955316120362611259
0.000329313642959027086371414789
0.000329313642959027086371414789
0.0003236466162605898722442747256
0.0003236466162605898722442747256
0.0003179777381188634739456871633
0.0003179777381188634739456871633
0.0003123070409630843392644005541
0.0003123070409630843392644005541
0.0003066345572328965619199611945
0.0003066345572328965619199611945
0.0003009603193781665578451551498
0.0003009603193781665578451551498
0.0002952843598587977222927710556
0.0002952843598587977222927710556
0.0002896067111445450759290489874
0.0002896067111445450759290489874
0.0002839274057148299095313232556
0.0002839274057148299095313232556
0.0002782464760585544386972073979
0.0002782464760585544386972073979
0.0002725639546739164821829960022
0.0002725639546739164821829960022
0.0002668798740682241802298960395
0.0002668798740682241802298960395
0.0002611942667577107726503137439
0.0002611942667577107726503137439
0.0002555071652673494607169142756
0.0002555071652673494607169142756
0.0002498186021306683822646548759
0.0002498186021306683822646548759
0.0002441286098895657361952049858
0.0002441286098895657361952049858
0.0002384372210941251011790510275
0.0002384372210941251011790510275
0.000232744468302431004333500201
0.000232744468302431004333500201
0.0002270503840803848097493374694
0.0002270503840803848097493374694
0.0002213550010015210149320293439
0.0002213550010015210149320293439
0.0002156583516468240668503680672
0.0002156583516468240668503680672
0.0002099604686045458401658767178
0.0002099604686045458401658767178
0.0002042613844700239608485792175
0.0002042613844700239608485792175
0.0001985611318455012122269249772
0.0001985611318455012122269249772
0.0001928597433399463323983176336
0.0001928597433399463323983176336
0.0001871572515688766086383373752
0.0001871572515688766086383373752
0.0001814536891541828056514812592
0.0001814536891541828056514812592
0.0001757490887239571440702614464
0.0001757490887239571440702614464
0.0001700434829123252936449536938
0.0001700434829123252936449536938
0.0001643369043592836915688538977
0.0001643369043592836915688538977
0.0001586293857105439841211814208
0.0001586293857105439841211814208
0.00015292095961738708504256118
0.00015292095961738708504256118
0.0001472116587365303469151242355
0.0001472116587365303469151242355
0.000141501515730012806941239781
0.000141501515730012806941239781
0.0001357905632651056383936803026
0.0001357905632651056383936803026
0.0001300788340142582001609841618
0.0001300788340142582001609841618
0.0001243663606550950562442194816
0.0001243663606550950562442194816
0.0001186531758704870714127939456
0.0001186531758704870714127939456
0.000112939312348731927982608725
0.000112939312348731927982608725
0.000107224802783899171090949557
0.000107224802783899171090949557
0.000101509679876427515113756159
0.000101509679876427515113756159
0.000095793976334117329366588178
0.000095793976334117329366588178
0.000090077724873757105300170632
0.000090077724873757105300170632
0.000084360958223794338260055636
0.000084360958223794338260055636
0.00007864370912877885279885457
0.00007864370912877885279885457
0.000072926010356916661091771574
0.000072926010356916661091771574
0.000067207894713294920687129646
0.000067207894713294920687129646
0.000061489395063909548515162437
0.000061489395063909548515162437
0.00005577054438134447056638126
0.00005577054438134447056638126
0.000050051375836523228945641838
0.000050051375836523228945641838
0.000044331922995762295790687003
0.000044331922995762295790687003
0.000038612220280383258446993735
0.000038612220280383258446993735
0.000032892304156034738428248556
0.000032892304156034738428248556
0.000027172216653958366228107876
0.000027172216653958366228107876
0.000021452017881928382474667969
0.000021452017881928382474667969
0.00001573184385982746985628981
0.00001573184385982746985628981
0.00001001231436357952669611193
0.00001001231436357952669611193
4.30118426548879740378814e-6
4.30118426548879740378814e-6