0.00570677305819752
0.00570677305819752
0.005706587203080651
0.005706587203080651
0.005706215498899742
0.005706215498899742
0.005705657957760256
0.005705657957760256
0.005704914597819892
0.005704914597819892
0.005703985443287997
0.005703985443287997
0.005702870524424777
0.005702870524424777
0.005701569877540309
0.005701569877540309
0.005700083544993362
0.005700083544993362
0.005698411575190016
0.005698411575190016
0.005696554022582084
0.005696554022582084
0.005694510947665341
0.005694510947665341
0.005692282416977552
0.005692282416977552
0.005689868503096307
0.005689868503096307
0.005687269284636654
0.005687269284636654
0.005684484846248545
0.005684484846248545
0.00568151527861407
0.00568151527861407
0.005678360678444513
0.005678360678444513
0.005675021148477195
0.005675021148477195
0.005671496797472133
0.005671496797472133
0.005667787740208496
0.005667787740208496
0.005663894097480867
0.005663894097480867
0.005659815996095309
0.005659815996095309
0.005655553568865235
0.005655553568865235
0.005651106954607083
0.005651106954607083
0.005646476298135797
0.005646476298135797
0.005641661750260107
0.005641661750260107
0.005636663467777619
0.005636663467777619
0.005631481613469711
0.005631481613469711
0.005626116356096227
0.005626116356096227
0.005620567870389985
0.005620567870389985
0.005614836337051085
0.005614836337051085
0.005608921942741023
0.005608921942741023
0.005602824880076613
0.005602824880076613
0.005596545347623715
0.005596545347623715
0.005590083549890764
0.005590083549890764
0.005583439697322116
0.005583439697322116
0.00557661400629119
0.00557661400629119
0.005569606699093421
0.005569606699093421
0.005562418003939022
0.005562418003939022
0.005555048154945553
0.005555048154945553
0.005547497392130293
0.005547497392130293
0.005539765961402427
0.005539765961402427
0.005531854114555034
0.005531854114555034
0.005523762109256888
0.005523762109256888
0.005515490209044067
0.005515490209044067
0.005507038683311371
0.005507038683311371
0.005498407807303546
0.005498407807303546
0.005489597862106322
0.005489597862106322
0.005480609134637256
0.005480609134637256
0.005471441917636394
0.005471441917636394
0.005462096509656729
0.005462096509656729
0.005452573215054486
0.005452573215054486
0.005442872343979201
0.005442872343979201
0.005432994212363629
0.005432994212363629
0.005422939141913451
0.005422939141913451
0.005412707460096793
0.005412707460096793
0.00540229950013357
0.00540229950013357
0.005391715600984626
0.005391715600984626
0.005380956107340697
0.005380956107340697
0.00537002136961119
0.00537002136961119
0.005358911743912762
0.005358911743912762
0.005347627592057731
0.005347627592057731
0.005336169281542289
0.005336169281542289
0.005324537185534532
0.005324537185534532
0.005312731682862308
0.005312731682862308
0.005300753158000883
0.005300753158000883
0.005288602001060413
0.005288602001060413
0.005276278607773247
0.005276278607773247
0.005263783379481029
0.005263783379481029
0.005251116723121639
0.005251116723121639
0.005238279051215931
0.005238279051215931
0.005225270781854301
0.005225270781854301
0.005212092338683072
0.005212092338683072
0.005198744150890698
0.005198744150890698
0.00518522665319378
0.00518522665319378
0.005171540285822918
0.005171540285822918
0.005157685494508366
0.005157685494508366
0.005143662730465518
0.005143662730465518
0.005129472450380215
0.005129472450380215
0.005115115116393871
0.005115115116393871
0.005100591196088419
0.005100591196088419
0.005085901162471087
0.005085901162471087
0.005071045493958993
0.005071045493958993
0.005056024674363563
0.005056024674363563
0.005040839192874773
0.005040839192874773
0.00502548954404522
0.00502548954404522
0.005009976227774016
0.005009976227774016
0.004994299749290504
0.004994299749290504
0.004978460619137808
0.004978460619137808
0.004962459353156203
0.004962459353156203
0.004946296472466317
0.004946296472466317
0.004929972503452159
0.004929972503452159
0.004913487977743976
0.004913487977743976
0.004896843432200938
0.004896843432200938
0.004880039408893657
0.004880039408893657
0.004863076455086529
0.004863076455086529
0.004845955123219914
0.004845955123219914
0.004828675970892145
0.004828675970892145
0.004811239560841364
0.004811239560841364
0.0047936464609272
0.0047936464609272
0.004775897244112272
0.004775897244112272
0.004757992488443531
0.004757992488443531
0.004739932777033435
0.004739932777033435
0.004721718698040955
0.004721718698040955
0.004703350844652424
0.004703350844652424
0.004684829815062215
0.004684829815062215
0.004666156212453264
0.004666156212453264
0.004647330644977421
0.004647330644977421
0.004628353725735647
0.004628353725735647
0.004609226072758045
0.004609226072758045
0.004589948308983734
0.004589948308983734
0.00457052106224056
0.00457052106224056
0.004550944965224652
0.004550944965224652
0.004531220655479813
0.004531220655479813
0.004511348775376757
0.004511348775376757
0.004491329972092194
0.004491329972092194
0.004471164897587746
0.004471164897587746
0.004450854208588718
0.004450854208588718
0.00443039856656271
0.00443039856656271
0.004409798637698076
0.004409798637698076
0.004389055092882223
0.004389055092882223
0.004368168607679766
0.004368168607679766
0.004347139862310528
0.004347139862310528
0.004325969541627382
0.004325969541627382
0.00430465833509395
0.00430465833509395
0.004283206936762151
0.004283206936762151
0.004261616045249592
0.004261616045249592
0.00423988636371682
0.00423988636371682
0.004218018599844422
0.004218018599844422
0.004196013465809976
0.004196013465809976
0.004173871678264856
0.004173871678264856
0.004151593958310895
0.004151593958310895
0.004129181031476901
0.004129181031476901
0.004106633627695024
0.004106633627695024
0.004083952481276991
0.004083952481276991
0.004061138330890184
0.004061138330890184
0.004038191919533587
0.004038191919533587
0.00401511399451359
0.00401511399451359
0.003991905307419648
0.003991905307419648
0.003968566614099806
0.003968566614099806
0.00394509867463608
0.00394509867463608
0.003921502253319706
0.003921502253319706
0.003897778118626249
0.003897778118626249
0.003873927043190572
0.003873927043190572
0.00384994980378168
0.00384994980378168
0.003825847181277414
0.003825847181277414
0.003801619960639027
0.003801619960639027
0.003777268930885616
0.003777268930885616
0.003752794885068427
0.003752794885068427
0.003728198620245028
0.003728198620245028
0.003703480937453348
0.003703480937453348
0.003678642641685592
0.003678642641685592
0.003653684541862025
0.003653684541862025
0.003628607450804624
0.003628607450804624
0.00360341218521061
0.00360341218521061
0.003578099565625848
0.003578099565625848
0.003552670416418125
0.003552670416418125
0.003527125565750303
0.003527125565750303
0.003501465845553345
0.003501465845553345
0.003475692091499225
0.003475692091499225
0.00344980514297371
0.00344980514297371
0.003423805843049023
0.003423805843049023
0.003397695038456387
0.003397695038456387
0.003371473579558451
0.003371473579558451
0.003345142320321592
0.003345142320321592
0.003318702118288107
0.003318702118288107
0.003292153834548281
0.003292153834548281
0.00326549833371235
0.00326549833371235
0.003238736483882335
0.003238736483882335
0.003211869156623776
0.003211869156623776
0.003184897226937345
0.003184897226937345
0.003157821573230349
0.003157821573230349
0.003130643077288125
0.003130643077288125
0.003103362624245318
0.003103362624245318
0.003075981102557061
0.003075981102557061
0.003048499403970033
0.003048499403970033
0.003020918423493423
0.003020918423493423
0.002993239059369776
0.002993239059369776
0.002965462213045748
0.002965462213045748
0.002937588789142739
0.002937588789142739
0.002909619695427437
0.002909619695427437
0.002881555842782254
0.002881555842782254
0.00285339814517566
0.00285339814517566
0.002825147519632416
0.002825147519632416
0.002796804886203714
0.002796804886203714
0.002768371167937205
0.002768371167937205
0.002739847290846946
0.002739847290846946
0.002711234183883237
0.002711234183883237
0.002682532778902369
0.002682532778902369
0.002653744010636276
0.002653744010636276
0.002624868816662094
0.002624868816662094
0.002595908137371624
0.002595908137371624
0.002566862915940708
0.002566862915940708
0.002537734098298512
0.002537734098298512
0.002508522633096719
0.002508522633096719
0.002479229471678634
0.002479229471678634
0.002449855568048202
0.002449855568048202
0.002420401878838935
0.002420401878838935
0.002390869363282765
0.002390869363282765
0.002361258983178794
0.002361258983178794
0.00233157170286198
0.00233157170286198
0.002301808489171724
0.002301808489171724
0.002271970311420389
0.002271970311420389
0.002242058141361725
0.002242058141361725
0.002212072953159229
0.002212072953159229
0.002182015723354413
0.002182015723354413
0.002151887430835006
0.002151887430835006
0.00212168905680307
0.00212168905680307
0.002091421584743046
0.002091421584743046
0.002061086000389727
0.002061086000389727
0.002030683291696154
0.002030683291696154
0.00200021444880144
0.00200021444880144
0.001969680463998525
0.001969680463998525
0.001939082331701862
0.001939082331701862
0.001908421048415029
0.001908421048415029
0.001877697612698277
0.001877697612698277
0.001846913025136011
0.001846913025136011
0.001816068288304203
0.001816068288304203
0.001785164406737744
0.001785164406737744
0.001754202386897727
0.001754202386897727
0.001723183237138671
0.001723183237138671
0.001692107967675685
0.001692107967675685
0.001660977590551567
0.001660977590551567
0.001629793119603847
0.001629793119603847
0.001598555570431772
0.001598555570431772
0.001567265960363232
0.001567265960363232
0.001535925308421631
0.001535925308421631
0.001504534635292706
0.001504534635292706
0.001473094963291287
0.001473094963291287
0.00144160731632801
0.00144160731632801
0.001410072719875974
0.001410072719875974
0.001378492200937356
0.001378492200937356
0.001346866788009965
0.001346866788009965
0.001315197511053765
0.001315197511053765
0.001283485401457338
0.001283485401457338
0.001251731492004311
0.001251731492004311
0.001219936816839739
0.001219936816839739
0.001188102411436448
0.001188102411436448
0.001156229312561338
0.001156229312561338
0.001124318558241652
0.001124318558241652
0.001092371187731213
0.001092371187731213
0.001060388241476628
0.001060388241476628
0.001028370761083471
0.001028370761083471
0.0009963197892824413
0.0009963197892824413
0.0009642363698955136
0.0009642363698955136
0.0009321215478020776
0.0009321215478020776
0.0008999763689050877
0.0008999763689050877
0.0008678018800972325
0.0008678018800972325
0.0008355991292271479
0.0008355991292271479
0.0008033691650657014
0.0008033691650657014
0.0007711130372723906
0.0007711130372723906
0.0007388317963619159
0.0007388317963619159
0.0007065264936710145
0.0007065264936710145
0.0006741981813256913
0.0006741981813256913
0.0006418479122090464
0.0006418479122090464
0.000609476739930015
0.000609476739930015
0.0005770857187935203
0.0005770857187935203
0.0005446759037728547
0.0005446759037728547
0.0005122483504856488
0.0005122483504856488
0.0004798041151757665
0.0004798041151757665
0.000447344254705272
0.000447344254705272
0.0004148698265640884
0.0004148698265640884
0.0003823818889119245
0.0003823818889119245
0.0003498815006816874
0.0003498815006816874
0.0003173697218061446
0.0003173697218061446
0.0002848476137068659
0.0002848476137068659
0.0002523162403826424
0.0002523162403826424
0.0002197766709926585
0.0002197766709926585
0.0001872299865939376
0.0001872299865939376
0.000154677300154681
0.000154677300154681
0.0001221198277463672
0.0001221198277463672
0.00008955921777177637
0.00008955921777177637
0.00005699987281169763
0.00005699987281169763
0.0000244868160604574
0.0000244868160604574