-0.00103172148664463039238225524659
0.00103172148664463039238225524659
-0.00309516006707286575871834197129
0.00309516006707286575871834197129
-0.0051585854689367287818602175853
0.0051585854689367287818602175853
-0.00722198890658898419367780774899
0.00722198890658898419367780774899
-0.00928536159447591588830934026798
0.00928536159447591588830934026798
-0.0113486947471747340296082917266
0.0113486947471747340296082917266
-0.0134119795794309816011328081619
0.0134119795794309816011328081619
-0.0154752073061959402394080898684
0.0154752073061959402394080898684
-0.0175383691426640351911952821038
0.0175383691426640351911952821038
-0.0196014563043102392355041432672
0.0196014563043102392355041432672
-0.0216644600069274754110911700328
0.0216644600069274754110911700328
-0.0237273714666640183901899449238
0.0237273714666640183901899449238
-0.0257901819000608943392262358798
0.0257901819000608943392262358798
-0.027852882524089279107276819482
0.027852882524089279107276819482
-0.0299154645561878945830381196312
0.0299154645561878945830381196312
-0.0319779192143004030610785515855
0.0319779192143004030610785515855
-0.0340402377169127994581569373328
0.0340402377169127994581569373328
-0.0361024112830908012203985122551
0.0361024112830908012203985122551
-0.0381644311325172357621298749026
0.0381644311325172357621298749026
-0.0402262884855294252771847413924
0.0402262884855294252771847413924
-0.0422879745631565687635035534305
0.0422879745631565687635035534305
-0.0443494805871571211018618541913
0.0443494805871571211018618541913
-0.0464107977800561690295748892049
0.0464107977800561690295748892049
-0.048471917365182803850039109971
0.048471917365182803850039109971
-0.0505328305667074907189851561576
0.0505328305667074907189851561576
-0.0525935286096794343483314679161
0.0525935286096794343483314679161
-0.0546540027200639409685429329727
0.0546540027200639409685429329727
-0.0567142441247797763904149036821
0.0567142441247797763904149036821
-0.0587742440517365200072195270908
0.0587742440517365200072195270908
-0.0608339937298719145781686161649
0.0608339937298719145781686161649
-0.0628934843891892116341652526441
0.0628934843891892116341652526441
-0.0649527072607945123468349513842
0.0649527072607945123468349513842
-0.0670116535769341037018465324928
0.0670116535769341037018465324928
-0.069070314571031789817552840941
0.069070314571031789817552840941
-0.0711286814777262182500021235808
0.0711286814777262182500021235808
-0.073186745532908201125392220516
0.073186745532908201125392220516
-0.0752444979737580309410617514726
0.0752444979737580309410617514726
-0.0773019300387827908761351781067
0.0773019300387827908761351781067
-0.0793590329678536594529619999655
0.0793590329678536594529619999655
-0.0814157980022432093905143949959
0.0814157980022432093905143949959
-0.0834722163846627004909323449537
0.0834722163846627004909323449537
-0.0855282793592993664004306917188
0.0855282793592993664004306917188
-0.0875839781718536950858086522484
0.0875839781718536950858086522484
-0.0896393040695767028678290775861
0.0896393040695767028678290775861
-0.091694248301307201852762174895
0.091694248301307201852762174895
-0.0937488021175090606034165207554
0.0937488021175090606034165207554
-0.0958029567703084578910089788628
0.0958029567703084578910089788628
-0.0978567035135311293692545956486
0.0978567035135311293692545956486
-0.0999100336027396070120876830983
0.0999100336027396070120876830983
-0.101962938295270451156456109032
0.101962938295270451156456109032
-0.104015408850271474991662301219
0.104015408850271474991662301219
-0.106067436528738961336756632757
0.106067436528738961336756632757
-0.108119012593554871547521692079
0.108119012593554871547521692079
-0.110170128309524046394619451534
0.110170128309524046394619451534
-0.11222077494341139875450753367
0.11222077494341139875450753367
-0.114270943763979097954765633899
0.114270943763979097954765633899
-0.11632062604202374561550869207
0.11632062604202374561550869207
-0.118369813050413542828599613414
0.118369813050413542828599613414
-0.120418496064125448516411221201
0.120418496064125448516411221201
-0.122466666360282328811924679161
0.122466666360282328811924679161
-0.124514315218190097301989851054
0.124514315218190097301989851054
-0.126561433919374845975611967554
0.126561433919374845975611967554
-0.128608013747619966719168546748
0.128608013747619966719168546748
-0.130654045989003263200500763805
0.130654045989003263200500763805
-0.132699521931934052983864387584
0.132699521931934052983864387584
-0.134744432867190259717766996981
0.134744432867190259717766996981
-0.136788770087955495237760457448
0.136788770087955495237760457448
-0.138832524889856131426300578195
0.138832524889856131426300578195
-0.140875688570998361671829482921
0.140875688570998361671829482921
-0.142918252432005251769280511313
0.142918252432005251769280511313
-0.144960207776053780104250424859
0.144960207776053780104250424859
-0.147001545908911866963129318455
0.147001545908911866963129318455
-0.149042258138975392811524938797
0.149042258138975392811524938797
-0.151082335777305205383365081281
0.151082335777305205383365081281
-0.153121770137664115423109379029
0.153121770137664115423109379029
-0.155160552536553880923550110391
0.155160552536553880923550110391
-0.157198674293252179701730634749
0.157198674293252179701730634749
-0.159236126729849570155559720369
0.159236126729849570155559720369
-0.161272901171286440043750352239
0.161272901171286440043750352239
-0.163308988945389943131762602125
0.163308988945389943131762602125
-0.165344381382910923546481807111
0.165344381382910923546481807111
-0.16737906981756082768241563668
0.16737906981756082768241563668
-0.16941304558604860350224663143
0.16941304558604860350224663143
-0.171446300028117587074630468859
0.171446300028117587074630468859
-0.17347882448658237619218455282
0.17347882448658237619218455282
-0.17551061030736569091266653324
0.17551061030736569091266653324
-0.177541648839535220866398041037
0.177541648839535220866398041037
-0.179571931435340459173045269876
0.179571931435340459173045269876
-0.181601449450249522810925051006
0.181601449450249522810925051006
-0.183630194242985959282062749851
0.183630194242985959282062749851
-0.18565815717556553941628666292
0.18565815717556553941628666292
-0.187685329613333036157702610781
0.187685329613333036157702610781
-0.189711702924998989176952107038
0.189711702924998989176952107038
-0.191737268482676455152717834183
0.191737268482676455152717834183
-0.193762017661917743566001174619
0.193762017661917743566001174619
-0.19578594184175113785075822888
0.19578594184175113785075822888
-0.197809032404717601744543102672
0.197809032404717601744543102672
-0.19983128073690747068287025977
0.19983128073690747068287025977
-0.201852678227997128081071418615
0.201852678227997128081071418615
-0.203873216271285666347486816415
0.203873216271285666347486816415
-0.205892886263731532471895675474
0.205892886263731532471895675474
-0.207911679605989158033156381957
0.207911679605989158033156381957
-0.209929587702445573470093227142
0.209929587702445573470093227142
-0.211946601961257006459733565141
0.211946601961257006459733565141
-0.213962713794385464247066908734
0.213962713794385464247066908734
-0.215977914617635299770565816127
0.215977914617635299770565816127
-0.217992195850689761427777415827
0.217992195850689761427777415827
-0.220005548917147526325364074065
0.220005548917147526325364074065
-0.222017965244559216858042029088
0.222017965244559216858042029088
-0.224029436264463900460937798807
0.224029436264463900460937798807
-0.226039953412425572379953812462
0.226039953412425572379953812462
-0.228049508128069621304807022851
0.228049508128069621304807022851
-0.23005809185511927770947722292
0.23005809185511927770947722292
-0.232065696041432044744875418879
0.232065696041432044744875418879
-0.234072312139036111528616901092
0.234072312139036111528616901092
-0.23607793160416674867685860358
0.23607793160416674867685860358
-0.238082545897302685923235952648
0.238082545897302685923235952648
-0.240086146483202471670010674647
0.240086146483202471670010674647
-0.242088724830940814316617961889
0.242088724830940814316617961889
-0.244090272413944905210878983833
0.244090272413944905210878983833
-0.246090780710030723068222977687
0.246090780710030723068222977687
-0.248090241201439319704342057956
0.248090241201439319704342057956
-0.250088645374873086926781448161
0.250088645374873086926781448161
-0.252085984721532004431048059323
0.252085984721532004431048059323
-0.254082250737149868546901218759
0.254082250737149868546901218759
-0.256077434922030501680570888773
0.256077434922030501680570888773
-0.258071528781083942298730907634
0.258071528781083942298730907634
-0.260064523823862615300137634525
0.260064523823862615300137634525
-0.262056411564597482620927885481
0.262056411564597482620927885481
-0.264047183522234173919654208397
0.264047183522234173919654208397
-0.266036831220469097188220361655
0.266036831220469097188220361655
-0.268025346187785529134965332339
0.268025346187785529134965332339
-0.270012719957489685186230356119
0.270012719957489685186230356119
-0.271998944067746768952830181256
0.271998944067746768952830181256
-0.273984010061617001007937253439
0.273984010061617001007937253439
-0.275967909487091626822975585989
0.275967909487091626822975585989
-0.277950633897128903708209820943
0.277950633897128903708209820943
-0.279932174849690066604804380271
0.279932174849690066604804380271
-0.281912523907775272575217652633
0.281912523907775272575217652633
-0.28389167263945952383888685928
0.28389167263945952383888685928
-0.285869612617928569200250592472
0.285869612617928569200250592472
-0.287846335421514783716248020859
0.287846335421514783716248020859
-0.289821832633733026450526408171
0.289821832633733026450526408171
-0.291796095843316476161681893903
0.291796095843316476161681893903
-0.293769116644252444772952437096
0.293769116644252444772952437096
-0.295740886635818168470876426423
0.295740886635818168470876426423
-0.297711397422616576280525711063
0.297711397422616576280525711063
-0.299680640614612035965017707087
0.299680640614612035965017707087
-0.301648607827166077097107782664
0.301648607827166077097107782664
-0.303615290681073091150760322062
0.303615290681073091150760322062
-0.305580680802596008460694712713
0.305580680802596008460694712713
-0.30754476982350195189800099105
0.30754476982350195189800099105
-0.309507549381097867110019021123
0.309507549381097867110019021123
-0.311469011118266129172774864572
0.311469011118266129172774864572
-0.313429146683500125504368431137
0.313429146683500125504368431137
-0.315387947730939814887807574903
0.315387947730939814887807574903
-0.317345405920407262451885522631
0.317345405920407262451885522631
-0.319301512917442150458800886313
0.319301512917442150458800886313
-0.321256260393337264747322522061
0.321256260393337264747322522061
-0.323209640025173956680405151207
0.323209640025173956680405151207
-0.325161643495857580446265956577
0.325161643495857580446265956577
-0.327112262494152905562037306865
0.327112262494152905562037306865
-0.329061488714719504429216344439
0.329061488714719504429216344439
-0.331009313858147114790238396317
0.331009313858147114790238396317
-0.33295572963099097693560803396
0.33295572963099097693560803396
-0.334900727745807145511129114563
0.334900727745807145511129114563
-0.33684429992118777577488328412
0.33684429992118777577488328412
-0.338786437881796384153715210389
0.338786437881796384153715210389
-0.340727133358403082949092241307
0.340727133358403082949092241307
-0.342666378087919789042316251193
0.342666378087919789042316251193
-0.344604163813435406449176142524
0.344604163813435406449176142524
-0.346540482284250982574240814878
0.346540482284250982574240814878
-0.348475325255914838015104394223
0.348475325255914838015104394223
-0.350408684490257669767008134683
0.350408684490257669767008134683
-0.352340551755427627678376660713
0.352340551755427627678376660713
-0.35427091882592536400792010982
0.35427091882592536400792010982
-0.356199777482639055934068264011
0.356199777482639055934068264011
-0.358127119512879400867617921677
0.358127119512879400867617921677
-0.36005293671041458441859056002
0.36005293671041458441859056002
-0.361977220875505220868413770932
0.361977220875505220868413770932
-0.363899963814939265998657020047
0.363899963814939265998657020047
-0.365821157342066902127669978829
0.365821157342066902127669978829
-0.367740793276835395206590012704
0.367740793276835395206590012704
-0.369658863445823923826304373794
0.369658863445823923826304373794
-0.371575359682278379987072244242
0.371575359682278379987072244242
-0.373490273826146141482632005034
0.373490273826146141482632005034
-0.375403597724110815750739964956
0.375403597724110815750739964956
-0.377315323229626955042208274497
0.377315323229626955042208274497
-0.379225442202954742760631869531
0.379225442202954742760631869531
-0.381133946511194650825117038949
0.381133946511194650825117038949
-0.383040828028322067908447588644
0.383040828028322067908447588644
-0.384946078635221898403248580688
0.384946078635221898403248580688
-0.386849690219723131968832260838
0.386849690219723131968832260838
-0.388751654676633383511536048967
0.388751654676633383511536048967
-0.390651963907773403451488355246
0.390651963907773403451488355246
-0.392550609822011558128864499246
0.392550609822011558128864499246
-0.394447584335298280202822149156
0.394447584335298280202822149156
-0.396342879370700488896433463372
0.396342879370700488896433463372
-0.398236486858435979941059506383
0.398236486858435979941059506383
-0.400128398735907785073741524484
0.400128398735907785073741524484
-0.402018606947738500941313303956
0.402018606947738500941313303956
-0.403907103445804587265069094317
0.403907103445804587265069094317
-0.405793880189270634119952461574
0.405793880189270634119952461574
-0.407678929144623598182362940552
0.407678929144623598182362940552
-0.409562242285707007800809480646
0.409562242285707007800809480646
-0.411443811593755136743772425426
0.411443811593755136743772425426
-0.413323629057427146479269132544
0.413323629057427146479269132544
-0.415201686672841196840752326091
0.415201686672841196840752326091
-0.417077976443608524934104878089
0.417077976443608524934104878089
-0.418952490380867492140629938805
0.418952490380867492140629938805
-0.420825220503317599071071176366
0.420825220503317599071071176366
-0.422696158837253468325834344158
0.422696158837253468325834344158
-0.424565297416598794916718469159
0.424565297416598794916718469159
-0.426432628282940264205602645136
0.426432628282940264205602645136
-0.428298143485561437215672720788
0.428298143485561437215672720788
-0.430161835081476603170911094117
0.430161835081476603170911094117
-0.43202369513546459911971235963
0.43202369513546459911971235963
-0.433883715720102596498627704189
0.433883715720102596498627704189
-0.435741888915799854492381709488
0.435741888915799854492381709488
-0.437598206810831440046446593918
0.437598206810831440046446593918
-0.43945266150137191438860091323
0.43945266150137191438860091323
-0.441305245091528985916042337347
0.441305245091528985916042337347
-0.443155949693377129304767329359
0.443155949693377129304767329359
-0.445004767426991170698074371445
0.445004767426991170698074371445
-0.446851690420479838831191810726
0.446851690420479838831191810726
-0.448696710810019281949176435083
0.448696710810019281949176435083
-0.45053982073988655037537453435
0.45053982073988655037537453435
-0.452381012362493044587883455186
0.452381012362493044587883455186
-0.454220277838417928661598517914
0.454220277838417928661598517914
-0.45605760933644150893357762992
0.45605760933644150893357762992
-0.457892999033578577749604002258
0.457892999033578577749604002258
-0.459726439115111722149976053318
0.459726439115111722149976053318
-0.461557921774624597352702865063
0.461557921774624597352702865063
-0.463387439214035164892433442858
0.463387439214035164892433442858
-0.465214983643628895273598518636
0.465214983643628895273598518636
-0.467040547282091934996394728448
0.467040547282091934996394728448
-0.468864122356544237814392688652
0.468864122356544237814392688652
-0.470685701102572660082702789507
0.470685701102572660082702789507
-0.472505275764264020055785420044
0.472505275764264020055785420044
-0.474322838594238120994145833226
0.474322838594238120994145833226
-0.476138381853680737939307954824
0.476138381853680737939307954824
-0.477951897812376568016616132546
0.477951897812376568016616132546
-0.47976337874874214412556911308
0.47976337874874214412556911308
-0.481572816949858711877546423188
0.481572816949858711877546423188
-0.483380204711505069640943816113
0.483380204711505069640943816113
-0.485185534338190371553891525795
0.485185534338190371553891525795
-0.486988798143186893364886747848
0.486988798143186893364886747848
-0.488789988448562760961830037534
0.488789988448562760961830037534
-0.490589097585214641450114180127
0.490589097585214641450114180127
-0.492386117892900396640573547644
0.492386117892900396640573547644
-0.494181041720271698808262007095
0.494181041720271698808262007095
-0.495973861424906608583188088592
0.495973861424906608583188088592
-0.497764569373342114834297356086
0.497764569373342114834297356086
-0.499553157941106636408153748579
0.499553157941106636408153748579
-0.501339619512752485583934074603
0.501339619512752485583934074603
-0.503123946481888293106512846949
0.503123946481888293106512846949
-0.504906131251211394659578237329
0.504906131251211394659578237329
-0.506686166232540178640884111201
0.506686166232540178640884111201
-0.50846404384684639510190787063
0.50846404384684639510190787063
-0.510239756524287425714349187178
0.510239756524287425714349187178
-0.512013296704238514626070646598
0.512013296704238514626070646598
-0.513784656835324960069247851976
0.513784656835324960069247851976
-0.51555382937545426658366364107
0.51555382937545426658366364107
-0.517320806791848257718248766354
0.517320806791848257718248766354
-0.519085581561075149074139661891
0.519085581561075149074139661891
-0.520848146169081581552692778936
0.520848146169081581552692778936
-0.522608493111224614672064411408
0.522608493111224614672064411408
-0.524366614892303679816134952329
0.524366614892303679816134952329
-0.526122504026592493279727122291
0.526122504026592493279727122291
-0.527876153037870928974238890222
0.527876153037870928974238890222
-0.529627554459456850657983564551
0.529627554459456850657983564551
-0.531376700834237903555701868416
0.531376700834237903555701868416
-0.533123584714703265231883725273
0.533123584714703265231883725273
-0.534868198662975355582710970276
0.534868198662975355582710970276
-0.536610535250841505811606267416
0.536610535250841505811606267416
-0.538350587059785586253548151925
0.538350587059785586253548151925
-0.540088346681019592913487331049
0.540088346681019592913487331049
-0.541823806715515192584375163288
0.541823806715515192584375163288
-0.543556959774035226410491595838
0.543556959774035226410491595838
-0.545287798477165171761936771433
0.545287798477165171761936771433
-0.547016315455344562286328018449
0.547016315455344562286328018449
-0.548742503348898366003922011064
0.548742503348898366003922011064
-0.550466354808068321312560528921
0.550466354808068321312560528921
-0.552187862493044230769017457142
0.552187862493044230769017457142
-0.553907019073995212513504447074
0.553907019073995212513504447074
-0.555623817231100909204273005041
0.555623817231100909204273005041
-0.557338249654582654329431689703
0.557338249654582654329431689703
-0.559050309044734595763278577882
0.559050309044734595763278577882
-0.56075998811195477643463120285
0.56075998811195477643463120285
-0.562467279576776171974818777533
0.562467279576776171974818777533
-0.564172176169897685213184686954
0.564172176169897685213184686954
-0.5658746706322150973881309688
0.5658746706322150973881309688
-0.567574755714851975941920797448
0.567574755714851975941920797448
-0.569272424179190538767639844357
0.569272424179190538767639844357
-0.570967668796902474776902805607
0.570967668796902474776902805607
-0.572660482349979720657077364794
0.572660482349979720657077364794
-0.574350857630765193686984395642
0.574350857630765193686984395642
-0.576038787441983480480220302799
0.576038787441983480480220302799
-0.577724264596771481525435050554
0.577724264596771481525435050554
-0.5794072819187090113930876368
0.5794072819187090113930876368
-0.581087832241849354478389532743
0.581087832241849354478389532743
-0.582765908410749776150335926747
0.582765908410749776150335926747
-0.584441503280501989176914482561
0.584441503280501989176914482561
-0.586114609716762575296771747149
0.586114609716762575296771747149
-0.587785220595783361807808320627
0.587785220595783361807808320627
-0.589453328804441753043365429639
0.589453328804441753043365429639
-0.591118927240271016606857624978
0.591118927240271016606857624978
-0.592782008811490524235898953645
0.592782008811490524235898953645
-0.594442566437035947167163133965
0.594442566437035947167163133965
-0.596100593046589405873411989022
0.596100593046589405873411989022
-0.597756081580609574044320667756
0.597756081580609574044320667756
-0.59940902499036173668292300371
0.59940902499036173668292300371
-0.601059416237947802189695727785
0.601059416237947802189695727785
-0.602707248296336268306496162714
0.602707248296336268306496162714
-0.604352514149392141792764482325
0.604352514149392141792764482325
-0.605995206791906811706598617341
0.605995206791906811706598617341
-0.607635319229627876163507430484
0.607635319229627876163507430484
-0.609272844479288922445845866317
0.609272844479288922445845866317
-0.610907775568639260336134404559
0.610907775568639260336134404559
-0.612540105536473608547664308866
0.612540105536473608547664308866
-0.614169827432661734125989865319
0.614169827432661734125989865319
-0.615796934318178044695109045284
0.615796934318178044695109045284
-0.617421419265131133422334805102
0.617421419265131133422334805102
-0.61904327535679327657606054927
0.61904327535679327657606054927
-0.620662495687629883550825133667
0.620662495687629883550825133667
-0.622279073363328899234285169955
0.622279073363328899234285169955
-0.623893001500830158590905310815
0.623893001500830158590905310815
-0.625504273228354693337380647209
0.625504273228354693337380647209
-0.627112881685433990585009332539
0.627112881685433990585009332539
-0.62871882002293920332443806362
0.62871882002293920332443806362
-0.630322081403110312628408093747
0.630322081403110312628408093747
-0.63192265899958524144833502816
0.63192265899958524144833502816
-0.633520545997428919880761755839
0.633520545997428919880761755839
-0.635115735593162301779930503005
0.635115735593162301779930503005
-0.63670822099479133259292715211
0.63670822099479133259292715211
-0.638297995421835868294058654458
0.638297995421835868294058654458
-0.639885052105358545295332574209
0.639885052105358545295332574209
-0.641469384287993601210116535301
0.641469384287993601210116535301
-0.64305098522397564634726460008
0.64305098522397564634726460008
-0.64462984817916838581320738808
0.64462984817916838581320738808
-0.646205966431093292099713044703
0.646205966431093292099713044703
-0.64777933326895822803523699154
0.64777933326895822803523699154
-0.649349941993686019977989731845
0.649349941993686019977989731845
-0.650917785917942981129063845374
0.650917785917942981129063845374
-0.652482858366167384844173685487
0.652482858366167384844173685487
-0.654045152674597887822774187187
0.654045152674597887822774187187
-0.65560466219130190305353860675
0.65560466219130190305353860675
-0.657161380276203922395388940834
0.657161380276203922395388940834
-0.658715300301113788673487214598
0.658715300301113788673487214598
-0.660266415649754917169810783399
0.660266415649754917169810783399
-0.6618147197177924663881502603
0.6618147197177924663881502603
-0.663360205912861457973584660806
0.663360205912861457973584660806
-0.664902867654594845666704846222
0.664902867654594845666704846222
-0.666442698374651533173073346743
0.666442698374651533173073346743
-0.667979691516744340828626153958
0.667979691516744340828626153958
-0.669513840536667920941940088954
0.669513840536667920941940088954
-0.671045138902326621694507875764
0.671045138902326621694507875764
-0.672573580093762299480382079425
0.672573580093762299480382079425
-0.674099157603182079566768602708
0.674099157603182079566768602708
-0.675621864934986064957370474458
0.675621864934986064957370474458
-0.677141695605794993340503204739
0.677141695605794993340503204739
-0.678658643144477842004224026463
0.678658643144477842004224026463
-0.680172701092179380600938889135
0.680172701092179380600938889135
-0.681683863002347671644173116706
0.681683863002347671644173116706
-0.683192122440761518620414187382
0.683192122440761518620414187382
-0.684697472985557861599158137675
0.684697472985557861599158137675
-0.686199908227259120224514634978
0.686199908227259120224514634978
-0.687699421768800483971949801651
0.687699421768800483971949801651
-0.689196007225557149553970407937
0.689196007225557149553970407937
-0.690689658225371505358778080176
0.690689658225371505358778080176
-0.692180368408580262806147693645
0.692180368408580262806147693645
-0.693668131428041534505010135095
0.693668131428041534505010135095
-0.695152940949161859097446127606
0.695152940949161859097446127606
-0.696634790649923172674024808876
0.696634790649923172674024808876
-0.698113674220909726645648242456
0.698113674220909726645648242456
-0.699589585365334951957291018784
0.699589585365334951957291018784
-0.701062517799068269529252568268
0.701062517799068269529252568268
-0.70253246525066184681176876098
0.70253246525066184681176876098
-0.703999421461377300339058805992
0.703999421461377300339058805992
-0.705463380185212344169113386825
0.705463380185212344169113386825
-0.706924335188927384095760377056
0.706924335188927384095760377056
-0.708382280252072057519775370809
0.708382280252072057519775370809
-0.709837209167011718866035635642
0.709837209167011718866035635642
-0.711289115738953870433947949255
0.711289115738953870433947949255
-0.71273799378597453856861311557
0.71273799378597453856861311557
-0.714183837139044595040422768915
0.714183837139044595040422768915
-0.71562663964205602352101736652
0.71562663964205602352101736652
-0.71706639515184813104376803806
0.71706639515184813104376803806
-0.7185030975382337043371792058
0.7185030975382337043371792058
-0.71993674068402511091984360882
0.71993674068402511091984360882
-0.721367318485060344845816558947
0.721367318485060344845816558947
-0.722794824850229016989511923339
0.722794824850229016989511923339
-0.72421925370149828975945846817
0.72421925370149828975945846817
-0.725640598973938756130491808533
0.725640598973938756130491808533
-0.727058854615750262884194290535
0.727058854615750262884194290535
-0.728474014588287677947632681529
0.728474014588287677947632681529
-0.729886072866086601720681562615
0.729886072866086601720681562615
-0.731295023436889022282458802768
0.731295023436889022282458802768
-0.732700860301668914367638445404
0.732700860301668914367638445404
-0.73410357747465778200364575463
0.73410357747465778200364575463
-0.735503168983370144699979049058
0.735503168983370144699979049058
-0.736899628868628967081143294643
0.736899628868628967081143294643
-0.738292951184591031854921233722
0.738292951184591031854921233722
-0.739683129998772256007949094076
0.739683129998772256007949094076
-0.741070159392072950120805648522
0.741070159392072950120805648522
-0.74245403345880302069506558116
0.74245403345880302069506558116
-0.743834746306707115385010759923
0.743834746306707115385010759923
-0.745212292056989711026936115528
0.745212292056989711026936115528
-0.746586664844340144359230383206
0.746586664844340144359230383206
-0.747957858816957585326655974691
0.747957858816957585326655974691
-0.749325868136575952862496712829
0.749325868136575952862496712829
-0.750690686978488773042487078789
0.750690686978488773042487078789
-0.75205230953157397950468199118
0.75205230953157397950468199118
-0.753410729998318656029671956342
0.753410729998318656029671956342
-0.754765942594843721175794698633
0.754765942594843721175794698633
-0.756117941550928554864241097689
0.756117941550928554864241097689
-0.757466721110035566809200425249
0.757466721110035566809200425249
-0.758812275529334706688437486201
0.758812275529334706688437486201
-0.76015459907972791594994232604
0.76015459907972791594994232604
-0.761493686045873521150541668685
0.761493686045873521150541668685
-0.762829530726210568722610193769
0.762829530726210568722610193769
-0.764162127432983101065269149816
0.764162127432983101065269149816
-0.765491470492264373856709628226
0.765491470492264373856709628226
-0.766817554243981014484528091567
0.766817554243981014484528091567
-0.768140373041937121491212457337
0.768140373041937121491212457337
-0.769459921253838304932168183908
0.769459921253838304932168183908
-0.770776193261315667543925387881
0.770776193261315667543925387881
-0.772089183459949726620420040393
0.772089183459949726620420040393
-0.773398886259294276495494742976
0.773398886259294276495494742976
-0.774705296082900191530017470328
0.774705296082900191530017470328
-0.776008407368339169502269986681
0.776008407368339169502269986681
-0.77730821456722741530051139335
0.77730821456722741530051139335
-0.778604712145249264816876446321
0.778604712145249264816876446321
-0.779897894582180748942022893451
0.779897894582180748942022893451
-0.781187756371913097560197119756
0.781187756371913097560197119756
-0.782474292022476183444642855433
0.782474292022476183444642855433
-0.783757496056061905953533593494
0.783757496056061905953533593494
-0.78503736300904751442686568112
0.78503736300904751442686568112
-0.786313887432018871185005790058
0.786313887432018871185005790058
-0.787587063889793654029843635355
0.787587063889793654029843635355
-0.788856886961444498149758397472
0.788856886961444498149758397472
-0.790123351240322077329865309191
0.790123351240322077329865309191
-0.791386451334078124369267294653
0.791386451334078124369267294653
-0.7926461818646883906072953922
0.7926461818646883906072953922
-0.793902537468475544460980954388
0.793902537468475544460980954388
-0.795155512796132008876262296473
0.795155512796132008876262296473
-0.796405102512742737595688557686
0.796405102512742737595688557686
-0.797651301297807930145644046725
0.797651301297807930145644046725
-0.798894103845265685446377262831
0.798894103845265685446377262831
-0.800133504863514593948380115613
0.800133504863514593948380115613
-0.80136949907543626819892460926
0.80136949907543626819892460926
-0.802602081218417811742826408793
0.802602081218417811742826408793
-0.803831246044374226261767266532
0.803831246044374226261767266532
-0.805056988319770756856771254765
0.805056988319770756856771254765
-0.806279302825645175378693124688
0.806279302825645175378693124688
-0.80749818435763000171184089081
0.80749818435763000171184089081
-0.808713627725974662916118923164
0.808713627725974662916118923164
-0.809925627755567590133342415645
0.809925627755567590133342415645
-0.811134179285958253163639086499
0.811134179285958253163639086499
-0.812339277171379132618119355265
0.812339277171379132618119355265
-0.813540916280767629554262028299
0.813540916280767629554262028299
-0.814739091497787912500728711031
0.814739091497787912500728711031
-0.815933797720852701778586748492
0.815933797720852701778586748492
-0.817125029863144991026187474955
0.817125029863144991026187474955
-0.818312782852639705835213927874
0.818312782852639705835213927874
-0.819497051632125299405679949401
0.819497051632125299405679949401
-0.82067783115922528512793075948
0.82067783115922528512793075948
-0.821855116406419705999963636807
0.821855116406419705999963636807
-0.823028902361066540788656286558
0.823028902361066540788656286558
-0.824199184025423046843759805637
0.824199184025423046843759805637
-0.82536595641666703947378287613
0.82536595641666703947378287613
-0.826529214566918107793163924495
0.826529214566918107793163924495
-0.827688953523258766950398476664
0.827688953523258766950398476664
-0.828845168347755546647059816485
0.828845168347755546647059816485
-0.829997854117480015857922315676
0.829997854117480015857922315676
-0.831147005924529743662668446514
0.831147005924529743662668446514
-0.832292618876049196099932512693
0.832292618876049196099932512693
-0.833434688094250568954706538036
0.833434688094250568954706538036
-0.834573208716434556390406535782
0.834573208716434556390406535782
-0.835708175895011055337170541949
0.835708175895011055337170541949
-0.83683958479751980554823333355
0.83683958479751980554823333355
-0.837967430606650965236496665073
0.837967430606650965236496665073
-0.839091708520265622203688143451
0.839091708520265622203688143451
-0.840212413751416240374776521633
0.840212413751416240374776521633
-0.841329541528367041650586222559
0.841329541528367041650586222559
-0.842443087094614322991829307733
0.842443087094614322991829307733
-0.843553045708906708648048876512
0.843553045708906708648048876512
-0.844659412645265337445244022476
0.844659412645265337445244022476
-0.845762183193003985046222980657
0.845762183193003985046222980657
-0.846861352656749121098007972805
0.846861352656749121098007972805
-0.847956916356459901180892496097
0.847956916356459901180892496097
-0.84904886962744809347402940251
0.84904886962744809347402940251
-0.850137207820397940052706080424
0.850137207820397940052706080424
-0.851221926301385952732741375508
0.851221926301385952732741375508
-0.852303020451900643377717573656
0.852303020451900643377717573656
-0.853380485668862188585039813224
0.853380485668862188585039813224
-0.854454317364642028667094696104
0.854454317364642028667094696104
-0.855524510967082400844059625902
0.855524510967082400844059625902
-0.856591061919515806565194515616
0.856591061919515806565194515616
-0.857653965680784412875727975431
0.857653965680784412875727975431
-0.85871321772525938774673091242
0.85871321772525938774673091242
-0.859768813542860169285651646894
0.859768813542860169285651646894
-0.860820748639073668745468173611
0.860820748639073668745468173611
-0.861869018534973407250695068899
0.861869018534973407250695068899
-0.862913618767238586158764765761
0.862913618767238586158764765761
-0.863954544888173090975585486976
0.863954544888173090975585486976
-0.864991792465724428744361039929
0.864991792465724428744361039929
-0.866025357083502598827040935178
0.866025357083502598827040935178
-0.867055234340798896998052892367
0.867055234340798896998052892367
-0.868081419852604652770253740871
0.868081419852604652770253740871
-0.869103909249629899873319007235
0.869103909249629899873319007235
-0.8701226981783219798050761059
0.8701226981783219798050761059
-0.871137782300884078376571012644
0.871137782300884078376571012644
-0.872149157295293695171943600399
0.872149157295293695171943600399
-0.873156818855321045844472453448
0.873156818855321045844472453448
-0.874160762690547397170435947208
0.874160762690547397170435947208
-0.875160984526383334782722685689
0.875160984526383334782722685689
-0.876157480104086963506411026013
0.876157480104086963506411026013
-0.87715024518078204021882438797
0.87715024518078204021882438797
-0.878139275529476039156856345075
0.878139275529476039156856345075
-0.879124566939078149594647121011
0.879124566939078149594647121011
-0.880106115214417205814981070176
0.880106115214417205814981070176
-0.88108391617625954929806300236
0.88108391617625954929806300236
-0.88205796566132682305161981791
0.88205796566132682305161981791
-0.883028259522313698006562850022
0.883028259522313698006562850022
-0.883994793627905531402735563721
0.883994793627905531402735563721
-0.884957563862795957089560835446
0.884957563862795957089560835446
-0.885916566127704407666691931751
0.885916566127704407666691931751
-0.886871796339393568390061519153
0.886871796339393568390061519153
-0.887823250430686762769013568493
0.887823250430686762769013568493
-0.888770924350485269780493864952
0.888770924350485269780493864952
-0.889714814063785572626565997982
0.889714814063785572626565997982
-0.890654915551696538961811182533
0.890654915551696538961811182533
-0.891591224811456532517462052915
0.891591224811456532517462052915
-0.892523737856450456049412672133
0.892523737856450456049412672133
-0.893452450716226725537539411408
0.893452450716226725537539411408
-0.894377359436514175564060075527
0.894377359436514175564060075527
-0.89529846007923889579895167847
0.89529846007923889579895167847
-0.896215748722540998520740609181
0.896215748722540998520740609181
-0.897129221460791317101272568126
0.897129221460791317101272568126
-0.898038874404608035383363600212
0.898038874404608035383363600212
-0.898944703680873247880527797422
0.898944703680873247880527797422
-0.899846705432749450728271793974
0.899846705432749450728271793974
-0.900744875819695963316741026634
0.900744875819695963316741026634
-0.901639211017485280534797881806
0.901639211017485280534797881806
-0.902529707218219355555907297898
0.902529707218219355555907297898
-0.903416360630345813096501134995
0.903416360630345813096501134995
-0.904299167478674093077788662816
0.904299167478674093077788662816
-0.905178124004391524622276851019
0.905178124004391524622276851019
-0.90605322646507933031656077193
0.90605322646507933031656077193
-0.906924471134728560672241343405
0.906924471134728560672241343405
-0.907791854303755958717124847622
0.907791854303755958717124847622
-0.908655372279019754649156158775
0.908655372279019754649156158775
-0.909515021383835390485835397791
0.909515021383835390485835397791
-0.910370797957991174642165803909
0.910370797957991174642165803909
-0.911222698357763866370478970164
0.911222698357763866370478970164
-0.912070718955934189995782231066
0.912070718955934189995782231066
-0.912914856141802278880571914991
0.912914856141802278880571914991
-0.91375510632120304905335537961
0.91375510632120304905335537961
-0.914591465916521502435424234895
0.914591465916521502435424234895
-0.915423931366707959600720923578
0.915423931366707959600720923578
-0.916252499127293222003940872169
0.916252499127293222003940872169
-0.917077165670403663612312745467
0.917077165670403663612312745467
-0.917897927484776251876799932738
0.917897927484776251876799932738
-0.918714781075773497978767263046
0.918714781075773497978767263046
-0.919527722965398336288458089467
0.919527722965398336288458089467
-0.920336749692308932971928295715
0.920336749692308932971928295715
-0.921141857811833423683385462926
0.921141857811833423683385462926
-0.921943043895984580280183387674
0.921943043895984580280183387674
-0.922740304533474406498024363455
0.922740304533474406498024363455
-0.923533636329728662524224125745
0.923533636329728662524224125745
-0.924323035906901318407197113898
0.924323035906901318407197113898
-0.92510849990388893624062272052
0.92510849990388893624062272052
-0.925890024976344981061056479177
0.925890024976344981061056479177
-0.926667607796694060398053683208
0.926667607796694060398053683208
-0.927441245054146092416176730707
0.927441245054146092416176730707
-0.928210933454710402588561552264
0.928210933454710402588561552264
-0.928976669721209748842022797482
0.928976669721209748842022797482
-0.929738450593294275113982032497
0.929738450593294275113982032497
-0.930496272827455393261808032352
0.930496272827455393261808032352
-0.931250133197039593265463338084
0.931250133197039593265463338084
-0.932000028492262181664656587332
0.932000028492262181664656587332
-0.932745955520220948172005718172
0.932745955520220948172005718172
-0.933487911104909760404022987326
0.933487911104909760404022987326
-0.934225892087232086672038834825
0.934225892087232086672038834825
-0.934959895325014446775487966354
0.934959895325014446775487966354
-0.93568991769301979074028761067
0.93568991769301979074028761067
-0.936415956082960805445344741536
0.936415956082960805445344741536
-0.937138007403513149080536130314
0.937138007403513149080536130314
-0.937856068580328613379812415592
0.937856068580328613379812415592
-0.938570136556048213573384938759
0.938570136556048213573384938759
-0.939280208290315206003261898212
0.939280208290315206003261898212
-0.939986280759788033346708418679
0.939986280759788033346708418679
-0.940688350958153197392513414847
0.940688350958153197392513414847
-0.941386415896138059315254649027
0.941386415896138059315254649027
-0.942080472601523567393062139776
0.942080472601523567393062139776
-0.942770518119156912114689071246
0.942770518119156912114689071246
-0.943456549510964108622008580335
0.943456549510964108622008580335
-0.944138563855962506434364259547
0.944138563855962506434364259547
-0.944816558250273226401511906705
0.944816558250273226401511906705
-0.945490529807133524832199977274
0.945490529807133524832199977274
-0.946160475656909084745746350111
0.946160475656909084745746350111
-0.946826392947106234194279401926
0.946826392947106234194279401926
-0.947488278842384091603621998646
0.947488278842384091603621998646
-0.948146130524566638081107852401
0.948146130524566638081107852401
-0.948799945192654716638930759963
0.948799945192654716638930759963
-0.949449720062837958281938531415
0.949449720062837958281938531415
-0.95009545236850663490909493571
0.95009545236850663490909493571
-0.950737139360263438978144731874
0.950737139360263438978144731874
-0.951374778305935189883328820088
0.951374778305935189883328820088
-0.952008366490584466996308735114
0.952008366490584466996308735114
-0.952637901216521169320772114839
0.952637901216521169320772114839
-0.953263379803314001711503408478
0.953263379803314001711503408478
-0.953884799587801887609016941691
0.953884799587801887609016941691
-0.954502157924105308241162529041
0.954502157924105308241162529041
-0.955115452183637568243427117427
0.955115452183637568243427117427
-0.955724679755115987649969457103
0.955724679755115987649969457103
-0.956329838044573020207738529274
0.956329838044573020207738529274
-0.956930924475367297966340411043
0.956930924475367297966340411043
-0.957527936488194602096632429431
0.957527936488194602096632429431
-0.958120871541098759891337846582
0.958120871541098759891337846582
-0.958709727109482467901288927978
0.958709727109482467901288927978
-0.959294500686118041161221075161
0.959294500686118041161221075161
-0.95987518978115808845935575419
0.95987518978115808845935575419
-0.960451791922146113605325221778
0.960451791922146113605325221778
-0.96102430465402704265130754321
0.96102430465402704265130754321
-0.961592725539157677021556111003
0.961592725539157677021556111003
-0.962157052157317072505823811722
0.962157052157317072505823811722
-0.962717282105716844072498152001
0.962717282105716844072498152001
-0.963273412999011396457580045197
0.963273412999011396457580045197
-0.963825442469308080485955579084
0.963825442469308080485955579084
-0.96437336816617727508172693495
0.96437336816617727508172693495
-0.964917187756662394924685711736
0.964917187756662394924685711736
-0.965456898925289823710329228569
0.965456898925289823710329228569
-0.965992499374078772971137938311
0.965992499374078772971137938311
-0.966523986822551066417149887544
0.966523986822551066417149887544
-0.967051359007740849754186208803
0.967051359007740849754186208803
-0.967574613684204225938399933776
0.967574613684204225938399933776
-0.968093748624028815826138977004
0.968093748624028815826138977004
-0.968608761616843244178432964364
0.968608761616843244178432964364
-0.969119650469826550979732676129
0.969119650469826550979732676129
-0.969626413007717528030850248387
0.969626413007717528030850248387
-0.970129047072823980776367937445
0.970129047072823980776367937445
-0.97062755052503191532710320931
0.97062755052503191532710320931
-0.971121921241814650638538180914
0.971121921241814650638538180914
-0.971612157118241855806442023509
0.971612157118241855806442023509
-0.972098256066988512441235854869
0.972098256066988512441235854869
-0.972580216018343802082970910511
0.972580216018343802082970910511
-0.973058034920219918619112411651
0.973058034920219918619112411651
-0.973531710738160805667643557746
0.973531710738160805667643557746
-0.974001241455350818888326484747
0.974001241455350818888326484747
-0.974466625072623313185279870002
0.974466625072623313185279870002
-0.974927859608469154764356156752
0.974927859608469154764356156752
-0.975384943099045158009125144427
0.975384943099045158009125144427
-0.975837873598182447139594977727
0.975837873598182447139594977727
-0.976286649177394742618126403936
0.976286649177394742618126403936
-0.976731267925886572267321594622
0.976731267925886572267321594622
-0.977171727950561407064994890101
0.977171727950561407064994890101
-0.977608027376029721581659573642
0.977608027376029721581659573642
-0.978040164344616979026292274466
0.978040164344616979026292274466
-0.978468137016371540866464897975
0.978468137016371540866464897975
-0.978891943569072500989263160477
0.978891943569072500989263160477
-0.979311582198237444369740944566
0.979311582198237444369740944566
-0.97972705111713013021399088147
0.97972705111713013021399088147
-0.980138348556768099544243910483
0.980138348556768099544243910483
-0.980545472765930207193744178673
0.980545472765930207193744178673
-0.980948422011164078179480656919
0.980948422011164078179480656919
-0.981347194576793488421193408385
0.981347194576793488421193408385
-0.981741788764925669775410719561
0.981741788764925669775410719561
-0.982132202895458539353613480978
0.982132202895458539353613480978
-0.98251843530608785309396549872
0.98251843530608785309396549872
-0.982900484352314283556393072167
0.982900484352314283556393072167
-0.983278348407450421911144464369
0.983278348407450421911144464369
-0.983652025862627704091310133699
0.983652025862627704091310133699
-0.984021515126803261080138147505
0.984021515126803261080138147505
-0.984386814626766693304336469567
0.984386814626766693304336469567
-0.984747922807146769104915270957
0.984747922807146769104915270957
-0.985104838130418047257488593553
0.985104838130418047257488593553
-0.985457559076907423514326210636
0.985457559076907423514326210636
-0.985806084144800601140824083769
0.985806084144800601140824083769
-0.986150411850148485419446219521
0.986150411850148485419446219521
-0.986490540726873502094582915893
0.986490540726873502094582915893
-0.986826469326775839732171432389
0.986826469326775839732171432389
-0.987158196219539615968336262424
0.987158196219539615968336262424
-0.987485719992738967621728870923
0.987485719992738967621728870923
-0.987809039251844064644682651786
0.987809039251844064644682651786
-0.988128152620227047888749897374
0.988128152620227047888749897374
-0.9884430587391678906606560109
0.9884430587391678906606560109
-0.988753756267860184045194662778
0.988753756267860184045194662778
-0.989060243883416845972099166967
0.989060243883416845972099166967
-0.989362520280875754004463631296
0.989362520280875754004463631296
-0.989660584173205301826856638439
0.989660584173205301826856638439
-0.989954434291309879411875305426
0.989954434291309879411875305426
-0.990244069384035276844534398815
0.990244069384035276844534398815
-0.990529488218174011784580658354
0.990529488218174011784580658354
-0.990810689578470580547574783053
0.990810689578470580547574783053
-0.99108767226762663278640236555
0.99108767226762663278640236555
-0.991360435106306069755771969917
0.991360435106306069755771969917
-0.991628976933140066143247305508
0.991628976933140066143247305508
-0.991893296604732015451457522824
0.991893296604732015451457522824
-0.992153392995662398917354792349
0.992153392995662398917354792349
-0.992409264998493577955765266415
0.992409264998493577955765266415
-0.992660911523774510116036898132
0.992660911523774510116036898132
-0.992908331500045388542360028297
0.992908331500045388542360028297
-0.993151523873842204930366161337
0.993151523873842204930366161337
-0.99339048760970123597494806311
0.99339048760970123597494806311
-0.99362522169016345330695265622
0.99362522169016345330695265622
-0.993855725115778856919553649616
0.993855725115778856919553649616
-0.994081996905110732088807458129
0.994081996905110732088807458129
-0.994304036094739829797249784271
0.994304036094739829797249784271
-0.994521841739268470674544975854
0.994521841739268470674544975854
-0.994735412911324572475334653404
0.994735412911324572475334653404
-0.99494474870156560112176924045
0.99494474870156560112176924045
-0.99514984821868244534702565618
0.99514984821868244534702565618
-0.995350710589403214986768775673
0.995350710589403214986768775673
-0.995547334958496962978448868746
0.995547334958496962978448868746
-0.995739720488777331144108323988
0.995739720488777331144108323988
-0.995927866361106119851721698893
0.995927866361106119851721698893
-0.996111771774396781673941798363
0.996111771774396781673941798363
-0.996291435945617839192669060723
0.996291435945617839192669060723
-0.996466858109796227134656694532
0.996466858109796227134656694532
-0.9966380375200205590694390753
0.9966380375200205590694390753
-0.99680497344744431895889089714
0.99680497344744431895889089714
-0.996967665181288977921211691466
0.996967665181288977921211691466
-0.997126112028847036665770846946
0.997126112028847036665770846946
-0.997280313315484994175321039575
0.997280313315484994175321039575
-0.997430268384646243367067738864
0.997430268384646243367067738864
-0.997575976597853894665496590808
0.997575976597853894665496590808
-0.997717437334713528683516917549
0.997717437334713528683516917549
-0.997854649992915879556243391894
0.997854649992915879556243391894
-0.997987613988239450934128095851
0.997987613988239450934128095851
-0.998116328754553067262180697861
0.998116328754553067262180697861
-0.998240793743818363810906305226
0.998240793743818363810906305226
-0.998361008426092220070468867463
0.998361008426092220070468867463
-0.998476972289529142700736919804
0.998476972289529142700736919804
-0.998588684840383606435344476625
0.998588684840383606435344476625
-0.998696145603012364449992493687
0.998696145603012364449992493687
-0.998799354119876744151373785166
0.998799354119876744151373785166
-0.998898309951544950780385747579
0.998898309951544950780385747579
-0.9989930126766944106781918516
0.9989930126766944106781918516
-0.999083461892114200168104787295
0.999083461892114200168104787295
-0.999169657212707627404106804363
0.999169657212707627404106804363
-0.999251598271495067600574780994
0.999251598271495067600574780994
-0.999329284719617204182514592988
0.999329284719617204182514592988
-0.999402716226338912399272853438
0.999402716226338912399272853438
-0.999471892479054160652884787353
0.999471892479054160652884787353
-0.999536813183292540083780005608
0.999536813183292540083780005608
-0.999597478062728444262323613245
0.999597478062728444262323613245
-0.999653886859194664514307311708
0.999653886859194664514307311708
-0.99970603933270356342798767046
0.99970603933270356342798767046
-0.999753935261481730458766161695
0.999753935261481730458766161695
-0.999797574442029680581807243668
0.999797574442029680581807243668
-0.99983695668923053708414985543
0.99983695668923053708414985543
-0.999872081836560685262244950113
0.999872081836560685262244950113
-0.999902949736529491631034023885
0.999902949736529491631034023885
-0.999929560261684856133701822911
0.999929560261684856133701822911
-0.999951913307197724448580759283
0.999951913307197724448580759283
-0.999970008798632813408885610478
0.999970008798632813408885610478
-0.999983846721188442138155375238
0.999983846721188442138155375238
-0.999993427276594201989965074115
0.999993427276594201989965074115
-0.999998752551993190704937141937
0.999998752551993190704937141937