0.005338284330976664
0.005338284330976664
0.005338132203563155
0.005338132203563155
0.005337827953071379
0.005337827953071379
0.005337371588171695
0.005337371588171695
0.00533676312186933
0.00533676312186933
0.005336002571504016
0.005336002571504016
0.005335089958749487
0.005335089958749487
0.005334025309612865
0.005334025309612865
0.005332808654433922
0.005332808654433922
0.005331440027884209
0.005331440027884209
0.005329919468966073
0.005329919468966073
0.005328247021011545
0.005328247021011545
0.005326422731681102
0.005326422731681102
0.005324446652962311
0.005324446652962311
0.005322318841168348
0.005322318841168348
0.005320039356936394
0.005320039356936394
0.005317608265225901
0.005317608265225901
0.005315025635316751
0.005315025635316751
0.005312291540807272
0.005312291540807272
0.005309406059612147
0.005309406059612147
0.005306369273960189
0.005306369273960189
0.005303181270392002
0.005303181270392002
0.005299842139757511
0.005299842139757511
0.005296351977213378
0.005296351977213378
0.005292710882220284
0.005292710882220284
0.005288918958540098
0.005288918958540098
0.005284976314232922
0.005284976314232922
0.005280883061654007
0.005280883061654007
0.005276639317450555
0.005276639317450555
0.005272245202558392
0.005272245202558392
0.005267700842198525
0.005267700842198525
0.00526300636587357
0.00526300636587357
0.005258161907364062
0.005258161907364062
0.005253167604724647
0.005253167604724647
0.005248023600280141
0.005248023600280141
0.00524273004062148
0.00524273004062148
0.005237287076601538
0.005237287076601538
0.005231694863330832
0.005231694863330832
0.005225953560173099
0.005225953560173099
0.005220063330740755
0.005220063330740755
0.005214024342890234
0.005214024342890234
0.005207836768717203
0.005207836768717203
0.005201500784551657
0.005201500784551657
0.005195016570952898
0.005195016570952898
0.005188384312704383
0.005188384312704383
0.005181604198808465
0.005181604198808465
0.005174676422481003
0.005174676422481003
0.005167601181145855
0.005167601181145855
0.005160378676429255
0.005160378676429255
0.005153009114154066
0.005153009114154066
0.005145492704333914
0.005145492704333914
0.005137829661167202
0.005137829661167202
0.005130020203031009
0.005130020203031009
0.005122064552474865
0.005122064552474865
0.005113962936214409
0.005113962936214409
0.005105715585124928
0.005105715585124928
0.005097322734234777
0.005097322734234777
0.005088784622718684
0.005088784622718684
0.00508010149389093
0.00508010149389093
0.005071273595198421
0.005071273595198421
0.00506230117821363
0.00506230117821363
0.00505318449862743
0.00505318449862743
0.005043923816241812
0.005043923816241812
0.005034519394962474
0.005034519394962474
0.005024971502791305
0.005024971502791305
0.005015280411818746
0.005015280411818746
0.005005446398216038
0.005005446398216038
0.00499546974222735
0.00499546974222735
0.004985350728161791
0.004985350728161791
0.004975089644385314
0.004975089644385314
0.00496468678331249
0.00496468678331249
0.004954142441398184
0.004954142441398184
0.004943456919129098
0.004943456919129098
0.004932630521015215
0.004932630521015215
0.004921663555581117
0.004921663555581117
0.004910556335357194
0.004910556335357194
0.004899309176870738
0.004899309176870738
0.004887922400636924
0.004887922400636924
0.004876396331149672
0.004876396331149672
0.004864731296872404
0.004864731296872404
0.004852927630228684
0.004852927630228684
0.004840985667592739
0.004840985667592739
0.004828905749279881
0.004828905749279881
0.004816688219536801
0.004816688219536801
0.004804333426531768
0.004804333426531768
0.004791841722344697
0.004791841722344697
0.004779213462957123
0.004779213462957123
0.004766449008242054
0.004766449008242054
0.004753548721953715
0.004753548721953715
0.004740512971717182
0.004740512971717182
0.004727342129017909
0.004727342129017909
0.004714036569191135
0.004714036569191135
0.004700596671411193
0.004700596671411193
0.004687022818680704
0.004687022818680704
0.004673315397819661
0.004673315397819661
0.004659474799454406
0.004659474799454406
0.004645501418006498
0.004645501418006498
0.004631395651681475
0.004631395651681475
0.004617157902457503
0.004617157902457503
0.004602788576073922
0.004602788576073922
0.004588288082019685
0.004588288082019685
0.004573656833521685
0.004573656833521685
0.004558895247532984
0.004558895247532984
0.004544003744720926
0.004544003744720926
0.004528982749455153
0.004528982749455153
0.004513832689795509
0.004513832689795509
0.004498553997479842
0.004498553997479842
0.004483147107911701
0.004483147107911701
0.004467612460147928
0.004467612460147928
0.004451950496886147
0.004451950496886147
0.004436161664452145
0.004436161664452145
0.004420246412787157
0.004420246412787157
0.004404205195435042
0.004404205195435042
0.004388038469529355
0.004388038469529355
0.004371746695780327
0.004371746695780327
0.00435533033846173
0.00435533033846173
0.004338789865397647
0.004338789865397647
0.004322125747949143
0.004322125747949143
0.004305338461000832
0.004305338461000832
0.00428842848294734
0.00428842848294734
0.004271396295679676
0.004271396295679676
0.0042542423845715
0.0042542423845715
0.004236967238465287
0.004236967238465287
0.004219571349658399
0.004219571349658399
0.004202055213889056
0.004202055213889056
0.004184419330322208
0.004184419330322208
0.00416666420153531
0.00416666420153531
0.004148790333504
0.004148790333504
0.004130798235587679
0.004130798235587679
0.004112688420514998
0.004112688420514998
0.004094461404369244
0.004094461404369244
0.004076117706573635
0.004076117706573635
0.004057657849876515
0.004057657849876515
0.004039082360336462
0.004039082360336462
0.004020391767307291
0.004020391767307291
0.004001586603422971
0.004001586603422971
0.003982667404582448
0.003982667404582448
0.003963634709934371
0.003963634709934371
0.003944489061861728
0.003944489061861728
0.003925231005966392
0.003925231005966392
0.003905861091053569
0.003905861091053569
0.00388637986911616
0.00388637986911616
0.003866787895319032
0.003866787895319032
0.003847085727983194
0.003847085727983194
0.00382727392856989
0.00382727392856989
0.003807353061664596
0.003807353061664596
0.003787323694960934
0.003787323694960934
0.003767186399244488
0.003767186399244488
0.003746941748376547
0.003746941748376547
0.003726590319277743
0.003726590319277743
0.003706132691911614
0.003706132691911614
0.003685569449268078
0.003685569449268078
0.003664901177346816
0.003664901177346816
0.003644128465140575
0.003644128465140575
0.003623251904618382
0.003623251904618382
0.003602272090708675
0.003602272090708675
0.003581189621282347
0.003581189621282347
0.003560005097135714
0.003560005097135714
0.003538719121973385
0.003538719121973385
0.003517332302391067
0.003517332302391067
0.00349584524785827
0.00349584524785827
0.003474258570700948
0.003474258570700948
0.00345257288608404
0.00345257288608404
0.003430788811993947
0.003430788811993947
0.003408906969220916
0.003408906969220916
0.00338692798134135
0.00338692798134135
0.00336485247470004
0.00336485247470004
0.003342681078392314
0.003342681078392314
0.003320414424246109
0.003320414424246109
0.003298053146803966
0.003298053146803966
0.003275597883304949
0.003275597883304949
0.003253049273666481
0.003253049273666481
0.003230407960466112
0.003230407960466112
0.003207674588923207
0.003207674588923207
0.003184849806880556
0.003184849806880556
0.003161934264785914
0.003161934264785914
0.003138928615673465
0.003138928615673465
0.003115833515145213
0.003115833515145213
0.003092649621352297
0.003092649621352297
0.003069377594976235
0.003069377594976235
0.003046018099210101
0.003046018099210101
0.00302257179973962
0.00302257179973962
0.002999039364724201
0.002999039364724201
0.002975421464777893
0.002975421464777893
0.00295171877295028
0.00295171877295028
0.002927931964707295
0.002927931964707295
0.002904061717911974
0.002904061717911974
0.002880108712805136
0.002880108712805136
0.002856073631986003
0.002856073631986003
0.002831957160392743
0.002831957160392743
0.00280775998528295
0.00280775998528295
0.002783482796214064
0.002783482796214064
0.002759126285023719
0.002759126285023719
0.002734691145810023
0.002734691145810023
0.002710178074911783
0.002710178074911783
0.002685587770888658
0.002685587770888658
0.002660920934501255
0.002660920934501255
0.002636178268691156
0.002636178268691156
0.002611360478560888
0.002611360478560888
0.002586468271353828
0.002586468271353828
0.002561502356434049
0.002561502356434049
0.002536463445266105
0.002536463445266105
0.002511352251394757
0.002511352251394757
0.002486169490424638
0.002486169490424638
0.002460915879999859
0.002460915879999859
0.002435592139783558
0.002435592139783558
0.002410198991437397
0.002410198991437397
0.002384737158600986
0.002384737158600986
0.002359207366871273
0.002359207366871273
0.002333610343781856
0.002333610343781856
0.002307946818782258
0.002307946818782258
0.002282217523217134
0.002282217523217134
0.002256423190305434
0.002256423190305434
0.002230564555119506
0.002230564555119506
0.002204642354564146
0.002204642354564146
0.002178657327355603
0.002178657327355603
0.002152610214000526
0.002152610214000526
0.002126501756774858
0.002126501756774858
0.002100332699702689
0.002100332699702689
0.002074103788535047
0.002074103788535047
0.002047815770728653
0.002047815770728653
0.002021469395424613
0.002021469395424613
0.001995065413427075
0.001995065413427075
0.001968604577181834
0.001968604577181834
0.001942087640754882
0.001942087640754882
0.001915515359810927
0.001915515359810927
0.001888888491591855
0.001888888491591855
0.001862207794895153
0.001862207794895153
0.001835474030052282
0.001835474030052282
0.001808687958907011
0.001808687958907011
0.001781850344793711
0.001781850344793711
0.001754961952515594
0.001754961952515594
0.001728023548322927
0.001728023548322927
0.00170103589989119
0.00170103589989119
0.001673999776299204
0.001673999776299204
0.00164691594800721
0.00164691594800721
0.001619785186834918
0.001619785186834918
0.001592608265939512
0.001592608265939512
0.001565385959793616
0.001565385959793616
0.001538119044163224
0.001538119044163224
0.001510808296085598
0.001510808296085598
0.001483454493847121
0.001483454493847121
0.00145605841696112
0.00145605841696112
0.001428620846145658
0.001428620846145658
0.00140114256330128
0.00140114256330128
0.001373624351488741
0.001373624351488741
0.001346066994906688
0.001346066994906688
0.001318471278869316
0.001318471278869316
0.001290837989783995
0.001290837989783995
0.001263167915128861
0.001263167915128861
0.001235461843430383
0.001235461843430383
0.001207720564240895
0.001207720564240895
0.001179944868116103
0.001179944868116103
0.001152135546592571
0.001152135546592571
0.001124293392165165
0.001124293392165165
0.001096419198264492
0.001096419198264492
0.001068513759234298
0.001068513759234298
0.001040577870308853
0.001040577870308853
0.001012612327590312
0.001012612327590312
0.0009846179280260587
0.0009846179280260587
0.0009565954693860293
0.0009565954693860293
0.0009285457502400246
0.0009285457502400246
0.0009004695699350096
0.0009004695699350096
0.0008723677285724075
0.0008723677285724075
0.0008442410269853912
0.0008442410269853912
0.0008160902667161816
0.0008160902667161816
0.000787916249993361
0.000787916249993361
0.000759719779709215
0.000759719779709215
0.000731501659397121
0.000731501659397121
0.0007032626932090084
0.0007032626932090084
0.0006750036858929279
0.0006750036858929279
0.00064672544277078
0.00064672544277078
0.0006184287697162822
0.0006184287697162822
0.0005901144731332893
0.0005901144731332893
0.0005617833599346443
0.0005617833599346443
0.0005334362375218344
0.0005334362375218344
0.0005050739137658899
0.0005050739137658899
0.0004766971969902397
0.0004766971969902397
0.0004483068959567118
0.0004483068959567118
0.0004199038198567258
0.0004199038198567258
0.0003914887783113031
0.0003914887783113031
0.0003630625813865638
0.0003630625813865638
0.0003346260396374629
0.0003346260396374629
0.0003061799642053339
0.0003061799642053339
0.0002777251670232823
0.0002777251670232823
0.0002492624612510851
0.0002492624612510851
0.0002207926622346528
0.0002207926622346528
0.0001923165897734449
0.0001923165897734449
0.0001638350740229902
0.0001638350740229902
0.0001353489730141812
0.0001353489730141812
0.0001068592349553876
0.0001068592349553876
0.0000783671863230798
0.0000783671863230798
0.00004987656354847111
0.00004987656354847111
0.00002142664719627071
0.00002142664719627071