0
-0.011743981111782
0.011743981111782
-0.02348634241934827
0.02348634241934827
-0.03522546434189671
0.03522546434189671
-0.04695972774542172
0.04695972774542172
-0.0586875141660354
0.0586875141660354
-0.07040720603319634
0.07040720603319634
-0.08211718689281516
0.08211718689281516
-0.09381584163020615
0.09381584163020615
-0.105501556692854
0.105501556692854
-0.1171727203129654
0.1171727203129654
-0.128827722729774
0.128827722729774
-0.1404649564115689
0.1404649564115689
-0.1520828162774156
0.1520828162774156
-0.163679699918539
0.163679699918539
-0.1752540078193377
0.1752540078193377
-0.1868041435779994
0.1868041435779994
-0.1983285141266864
0.1983285141266864
-0.209825529951262
0.209825529951262
-0.2212936053105264
0.2212936053105264
-0.2327311584549317
0.2327311584549317
-0.2441366118447472
0.2441366118447472
-0.2555083923676435
0.2555083923676435
-0.2668449315556663
0.2668449315556663
-0.2781446658015692
0.2781446658015692
-0.2894060365744763
0.2894060365744763
-0.300627490634845
0.300627490634845
-0.3118074802486982
0.3118074802486982
-0.3229444634010978
0.3229444634010978
-0.334036904008829
0.334036904008829
-0.3450832721322669
0.3450832721322669
-0.3560820441863951
0.3560820441863951
-0.3670317031509487
0.3670317031509487
-0.3779307387796506
0.3779307387796506
-0.3887776478085149
0.3887776478085149
-0.3995709341631864
0.3995709341631864
-0.4103091091652883
0.4103091091652883
-0.4209906917377507
0.4209906917377507
-0.4316142086090896
0.4316142086090896
-0.4421781945166103
0.4421781945166103
-0.4526811924085053
0.4526811924085053
-0.4631217536448205
0.4631217536448205
-0.4734984381972604
0.4734984381972604
-0.4838098148478062
0.4838098148478062
-0.4940544613861183
0.4940544613861183
-0.5042309648056967
0.5042309648056967
-0.5143379214987717
0.5143379214987717
-0.5243739374498982
0.5243739374498982
-0.5343376284282276
0.5343376284282276
-0.5442276201784293
0.5442276201784293
-0.5540425486102367
0.5540425486102367
-0.5637810599865913
0.5637810599865913
-0.5734418111103589
0.5734418111103589
-0.5830234695095912
0.5830234695095912
-0.5925247136213095
0.5925247136213095
-0.6019442329737826
0.6019442329737826
-0.6112807283672754
0.6112807283672754
-0.620532912053243
0.620532912053243
-0.6296995079119449
0.6296995079119449
-0.6387792516284554
0.6387792516284554
-0.6477708908670464
0.6477708908670464
-0.656673185443917
0.656673185443917
-0.6654849074982477
0.6654849074982477
-0.6742048416615547
0.6742048416615547
-0.6828317852253214
0.6828317852253214
-0.6913645483068834
0.6913645483068834
-0.6998019540135445
0.6998019540135445
-0.7081428386049015
0.7081428386049015
-0.7163860516533548
0.7163860516533548
-0.7245304562027819
0.7245304562027819
-0.7325749289253546
0.7325749289253546
-0.7405183602764748
0.7405183602764748
-0.74835965464781
0.74835965464781
-0.7560977305184071
0.7560977305184071
-0.7637315206038618
0.7637315206038618
-0.771259972003526
0.771259972003526
-0.7786820463457301
0.7786820463457301
-0.7859967199310019
0.7859967199310019
-0.793202983873262
0.793202983873262
-0.8002998442389753
0.8002998442389753
-0.8072863221842411
0.8072863221842411
-0.8141614540898015
0.8141614540898015
-0.8209242916939494
0.8209242916939494
-0.8275739022233195
0.8275739022233195
-0.8341093685215419
0.8341093685215419
-0.8405297891757422
0.8405297891757422
-0.8468342786408707
0.8468342786408707
-0.8530219673618417
0.8530219673618417
-0.8590920018934688
0.8590920018934688
-0.8650435450181773
0.8650435450181773
-0.8708757758614788
0.8708757758614788
-0.8765878900051914
0.8765878900051914
-0.882179099598391
0.882179099598391
-0.887648633466076
0.887648633466076
-0.8929957372155337
0.8929957372155337
-0.8982196733403911
0.8982196733403911
-0.9033197213223368
0.9033197213223368
-0.9082951777305
0.9082951777305
-0.9131453563184726
0.9131453563184726
-0.9178695881189619
0.9178695881189619
-0.9224672215360591
0.9224672215360591
-0.9269376224351132
0.9269376224351132
-0.9312801742301957
0.9312801742301957
-0.9354942779691462
0.9354942779691462
-0.9395793524161856
0.9395793524161856
-0.9435348341320859
0.9435348341320859
-0.9473601775518875
0.9473601775518875
-0.9510548550601504
0.9510548550601504
-0.9546183570637314
0.9546183570637314
-0.958050192062078
0.958050192062078
-0.9613498867150272
0.9613498867150272
-0.9645169859081035
0.9645169859081035
-0.9675510528153064
0.9675510528153064
-0.970451668959381
0.970451668959381
-0.973218434269565
0.973218434269565
-0.9758509671368076
0.9758509671368076
-0.9783489044664585
0.9783489044664585
-0.9807119017284252
0.9807119017284252
-0.9829396330048068
0.9829396330048068
-0.9850317910350149
0.9850317910350149
-0.9869880872584102
0.9869880872584102
-0.9888082518545051
0.9888082518545051
-0.99049203378083
0.99049203378083
-0.9920392008086492
0.9920392008086492
-0.9934495395568955
0.9934495395568955
-0.994722855525096
0.994722855525096
-0.9958589731270001
0.9958589731270001
-0.9968577357290237
0.9968577357290237
-0.9977190057044164
0.9977190057044164
-0.9984426645359667
0.9984426645359667
-0.9990286130840984
0.9990286130840984
-0.9994767725478289
0.9994767725478289
-0.9997870895584967
0.9997870895584967
-0.9999595902504792
0.9999595902504792