0
-0.00182916493076041405917683711553
0.00182916493076041405917683711553
-0.0036583237414140525077586527143
0.0036583237414140525077586527143
-0.00548747031187461667865345119742
0.00548747031187461667865345119742
-0.00731659852209676172326256008735
0.00731659852209676172326256008735
-0.00914570225209657334944569903556
0.00914570225209657334944569903556
-0.0109747753819720443539487796187
0.0109747753819720443539487796187
-0.0128038117919235508807830826039
0.0128038117919235508807830826039
-0.0146328053622743283370453762881
0.0146328053622743283370453762881
-0.0164617499734909468976696856684
0.0164617499734909468976696856684
-0.0182906395062037865306027975695
0.0182906395062037865306027975695
-0.0201194678412275114738971914463
0.0201194678412275114738971914463
-0.0219482288595815440962169193787
0.0219482288595815440962169193787
-0.0237769164425105380722540217824
0.0237769164425105380722540217824
-0.0256055244715048508045553575633
0.0256055244715048508045553575633
-0.0274340468283210150232622488409
0.0274340468283210150232622488409
-0.0292624773950022094952680909427
0.0292624773950022094952680909427
-0.0310908100538987287743020581237
0.0310908100538987287743020581237
-0.0329190386876884519234502443799
0.0329190386876884519234502443799
-0.0347471571793973101416290167929
0.0347471571793973101416290167929
-0.0365751594124197532255290260509
0.0365751594124197532255290260509
-0.0384030392705392147985522151283
0.0384030392705392147985522151283
-0.0402307906379485762382682925608
0.0402307906379485762382682925608
-0.0420584073992706292339214913073
0.0420584073992706292339214913073
-0.0438858834395785369055230178319
0.0438858834395785369055230178319
-0.0457132126444162934160694087564
0.0457132126444162934160694087564
-0.047540388899819182008432054202
0.047540388899819182008432054202
-0.0493674060923342313984684177505
0.0493674060923342313984684177505
-0.0511942581090406704559109827855
0.0511942581090406704559109827855
-0.05302093883757038110459568381
0.05302093883757038110459568381
-0.0548474421661283493735975391541
0.0548474421661283493735975391541
-0.0566737619835131145308473882685
0.0566737619835131145308473882685
-0.0584998921791372162308100525273
0.0584998921791372162308100525273
-0.0603258266430476396078108831083
0.0603258266430476396078108831083
-0.0621515592659462582466045330683
0.0621515592659462582466045330683
-0.0639770839392102749617868931526
0.0639770839392102749617868931526
-0.0658023945549126603176584621571
0.0658023945549126603176584621571
-0.0676274850058425888201549827626
0.0676274850058425888201549827626
-0.0694523491855258727124689626719
0.0694523491855258727124689626719
-0.0712769809882453933059937185627
0.0712769809882453933059937185627
-0.0731013743090615297782298268056
0.0731013743090615297782298268056
-0.0749255230438325853693023400529
0.0749255230438325853693023400529
-0.0767494210892352109087458326559
0.0767494210892352109087458326559
-0.0785730623427848256042232703843
0.0785730623427848256042232703843
-0.0803964407028560350238538610742
0.0803964407028560350238538610742
-0.0822195500687030462038344325853
0.0822195500687030462038344325853
-0.08404238434048007981304850278
0.08404238434048007981304850278
-0.085864937419261779306367053104
0.085864937419261779306367053104
-0.0876872032070636169983550927289
0.0876872032070636169983550927289
-0.0895091756068622969891084040687
0.0895091756068622969891084040687
-0.0913308485226161548739553927729
0.0913308485226161548739553927729
-0.093152215859285554168769725998
0.093152215859285554168769725998
-0.0949732715228532793826504318224
0.0949732715228532793826504318224
-0.0967940094203449256697373500677
0.0967940094203449256697373500677
-0.0986144234598492849919412704805
0.0986144234598492849919412704805
-0.100434507550538728724379768175
0.100434507550538728724379768175
-0.102254255602689586635321648402
0.102254255602689586635321648402
-0.104073661527702522172455043051
0.104073661527702522172455043051
-0.105892719238122903987306559767
0.105892719238122903987306559767
-0.107711422647661173629651471138
0.107711422647661173629651471138
-0.109529765671213209343767746044
0.109529765671213209343767746044
-0.111347742224880685898399767862
0.111347742224880685898399767862
-0.113165346225991430382310854883
0.113165346225991430382310854883
-0.114982571593119773897317196744
0.114982571593119773897317196744
-0.116799412246106899080709547154
0.116799412246106899080709547154
-0.118615862106081183388982967375
0.118615862106081183388982967375
-0.12043191509547853807480909695
0.12043191509547853807480909695
-0.122247565138062742789199837945
0.122247565138062742789199837945
-0.12406280615894577574082597636
0.12406280615894577574082597636
-0.125877632084608139344469129523
0.125877632084608139344469129523
-0.127692036842919181290600500874
0.127692036842919181290600500874
-0.129506014363157410968095243809
0.129506014363157410968095243809
-0.131319558576030811172106783944
0.131319558576030811172106783944
-0.133132663413697145029141224269
0.133132663413697145029141224269
-0.134945322809784258071387960217
0.134945322809784258071387960217
-0.136757530699410375392378861498
0.136757530699410375392378861498
-0.138569281019204393816064834669
0.138569281019204393816064834669
-0.140380567707326169011415264787
0.140380567707326169011415264787
-0.142191384703486797484662745956
0.142191384703486797484662745956
-0.144001725948968893381332649236
0.144001725948968893381332649236
-0.145811585386646860030214442024
0.145811585386646860030214442024
-0.147620956961007156161449265691
0.147620956961007156161449265691
-0.149429834618168556730926097855
0.149429834618168556730926097855
-0.151238212305902408283196872122
0.151238212305902408283196872122
-0.153046083973652878785139201429
0.153046083973652878785139201429
-0.15485344357255720186261385115
0.15485344357255720186261385115
-0.156660285055465915372382834846
0.156660285055465915372382834846
-0.158466602376963094241572958899
0.158466602376963094241572958899
-0.160272389493386577506988822197
0.160272389493386577506988822197
-0.162077640362848189486598683435
0.162077640362848189486598683435
-0.163882348945253955015536241475
0.163882348945253955015536241475
-0.165686509202324308678981233404
0.165686509202324308678981233404
-0.167490115097614297974301840494
0.167490115097614297974301840494
-0.169293160596533780334862203996
0.169293160596533780334862203996
-0.171095639666367613947918890649
0.171095639666367613947918890649
-0.172897546276295842299050911816
0.172897546276295842299050911816
-0.174698874397413872375588890226
0.174698874397413872375588890226
-0.176499618002752646461530184299
0.176499618002752646461530184299
-0.178299771067298807456448221973
0.178299771067298807456448221973
-0.180099327568014857650925963655
0.180099327568014857650925963655
-0.181898281483859310891065307399
0.181898281483859310891065307399
-0.18369662679580683806464636857
0.18369662679580683806464636857
-0.185494357486868405841532910955
0.185494357486868405841532910955
-0.187291467542111408600942776595
0.187291467542111408600942776595
-0.189087950948679793478224957288
0.189087950948679793478224957288
-0.190883801695814178463807971803
0.190883801695814178463807971803
-0.192679013774871963487007459221
0.192679013774871963487007459221
-0.194473581179347434417404370415
0.194473581179347434417404370415
-0.196267497904891859916528836391
0.196267497904891859916528836391
-0.198060757949333581072608714035
0.198060757949333581072608714035
-0.199853355312698093751165956518
0.199853355312698093751165956518
-0.201645283997228123594268327337
0.201645283997228123594268327337
-0.2034365380074036936012685734
0.2034365380074036936012685734
-0.205227111349962184223887993796
0.205227111349962184223887993796
-0.207016998033918385908526386746
0.207016998033918385908526386746
-0.208806192070584544018705627665
0.208806192070584544018705627665
-0.210594687473590396070579626166
0.210594687473590396070579626166
-0.212382478258903201214469129151
0.212382478258903201214469129151
-0.21416955844484776189540578075
0.21416955844484776189540578075
-0.215955922052126437625696017715
0.215955922052126437625696017715
-0.217741563103839150802541770839
0.217741563103839150802541770839
-0.219526475625503384503781559024
0.219526475625503384503781559024
-0.221310653645074172194842402571
0.221310653645074172194842402571
-0.223094091192964079280020046156
0.223094091192964079280020046156
-0.224876782302063176431232269559
0.224876782302063176431232269559
-0.226658721007759004627417575556
0.226658721007759004627417575556
-0.228439901347956531837779279289
0.228439901347956531837779279289
-0.230220317363098101282102981837
0.230220317363098101282102981837
-0.231999963096183371201403592574
0.231999963096183371201403592574
-0.233778832592789246072186469989
0.233778832592789246072186469989
-0.235556919901089799197635879062
0.235556919901089799197635879062
-0.237334219071876186609072814721
0.237334219071876186609072814721
-0.239110724158576552211053315476
0.239110724158576552211053315476
-0.240886429217275924103507688696
0.240886429217275924103507688696
-0.242661328306736102014350589357
0.242661328306736102014350589357
-0.244435415488415535776021637012
0.244435415488415535776021637012
-0.246208684826489194779446221442
0.246208684826489194779446221442
-0.247981130387868428338936335582
0.247981130387868428338936335582
-0.249752746242220816901581684946
0.249752746242220816901581684946
-0.251523526461990014034711955695
0.251523526461990014034711955695
-0.253293465122415579125041978687
0.253293465122415579125041978687
-0.255062556301552800723142604102
0.255062556301552800723142604102
-0.256830794080292510466911400584
0.256830794080292510466911400584
-0.258598172542380887517748814045
0.258598172542380887517748814045
-0.260364685774439253443177164337
0.260364685774439253443177164337
-0.262130327865983857479671822722
0.262130327865983857479671822722
-0.263895092909445652109506099427
0.263895092909445652109506099427
-0.265658975000190058885443778402
0.265658975000190058885443778402
-0.267421968236536724437145865602
0.267421968236536724437145865602
-0.26918406671977926659319096762
0.26918406671977926659319096762
-0.270945264554205010552641789116
0.270945264554205010552641789116
-0.272705555847114715040123530232
0.272705555847114715040123530232
-0.27446493470884228837841347877
0.27446493470884228837841347877
-0.27622339525277449441257482643
0.27622339525277449441257482643
-0.277980931595370648219701693557
0.277980931595370648219701693557
-0.279737537856182301538376522641
0.279737537856182301538376522641
-0.281493208157872917851975397098
0.281493208157872917851975397098
-0.283247936626237537059991458486
0.283247936626237537059991458486
-0.285001717390222429671581432238
0.285001717390222429671581432238
-0.286754544581944740455575329009
0.286754544581944740455575329009
-0.288506412336712121481224665835
0.288506412336712121481224665835
-0.290257314793042354484000048221
0.290257314793042354484000048221
-0.292007246092682962490784671095
0.292007246092682962490784671095
-0.293756200380630810638846232929
0.293756200380630810638846232929
-0.295504171805151696123005913338
0.295504171805151696123005913338
-0.29725115451779992720545943983
0.29725115451779992720545943983
-0.298997142673437891222741864111
0.298997142673437891222741864111
-0.300742130430255611524364482196
0.300742130430255611524364482196
-0.302486111949790293277689365534
0.302486111949790293277689365534
-0.304229081396945858073644222213
0.304229081396945858073644222213
-0.305971032940012467267917778005
0.305971032940012467267917778005
-0.307711960750686033992313556346
0.307711960750686033992313556346
-0.309451859004087723770977844317
0.309451859004087723770977844317
-0.311190721878783443676255757984
0.311190721878783443676255757984
-0.312928543556803319958967665155
0.312928543556803319958967665155
-0.314665318223661164087936786436
0.314665318223661164087936786436
-0.316401040068373927133637576323
0.316401040068373927133637576323
-0.318135703283481142430873484879
0.318135703283481142430873484879
-0.319869302065064356455431917136
0.319869302065064356455431917136
-0.321601830612766547849703641564
0.321601830612766547849703641564
-0.323333283129811534532293550724
0.323333283129811534532293550724
-0.325063653823023368826689546379
0.325063653823023368826689546379
-0.326792936902845720544096407728
0.326792936902845720544096407728
-0.328521126583361247955581804938
0.328521126583361247955581804938
-0.330248217082310956588722140706
0.330248217082310956588722140706
-0.331974202621113545783976639902
0.331974202621113545783976639902
-0.333699077424884742946059061467
0.333699077424884742946059061467
-0.335422835722456625425617577357
0.335422835722456625425617577357
-0.337145471746396929966574750473
0.337145471746396929966574750473
-0.338866979733028349654521146881
0.338866979733028349654521146881
-0.340587353922447818301597937222
0.340587353922447818301597937222
-0.342306588558545782203345877782
0.342306588558545782203345877782
-0.344024677889025459203040313176
0.344024677889025459203040313176
-0.345741616165422084999074309823
0.345741616165422084999074309823
-0.34745739764312214663099471219
0.34745739764312214663099471219
-0.349172016581382603079838812047
0.349172016581382603079838812047
-0.350885467243350092918462434598
0.350885467243350092918462434598
-0.352597743896080128947593574052
0.352597743896080128947593574052
-0.354308840810556279753389255022
0.354308840810556279753389255022
-0.356018752261709338122317054759
0.356018752261709338122317054759
-0.357727472528436476249226694643
0.357727472528436476249226694643
-0.359434995893620387674521297309
0.359434995893620387674521297309
-0.361141316644148415886382308188
0.361141316644148415886382308188
-0.362846429070931669524046696954
0.362846429070931669524046696954
-0.364550327468924124118179885197
0.364550327468924124118179885197
-0.366253006137141710304432891464
0.366253006137141710304432891464
-0.367954459378681388446317443462
0.367954459378681388446317443462
-0.369654681500740209603578279599
0.369654681500740209603578279599
-0.37135366681463436278228754787
0.37135366681463436278228754787
-0.373051409635818208402932109415
0.373051409635818208402932109415
-0.374747904283903297922810666526
0.374747904283903297922810666526
-0.376443145082677379549103960474
0.376443145082677379549103960474
-0.378137126360123389979027822996
0.378137126360123389979027822996
-0.379829842448438432103525616541
0.379829842448438432103525616541
-0.381521287684052738611003562228
0.381521287684052738611003562228
-0.383211456407648621427659630764
0.383211456407648621427659630764
-0.384900342964179406931004060195
0.384900342964179406931004060195
-0.386587941702888356873217165046
0.386587941702888356873217165046
-0.388274246977327574951037914161
0.388274246977327574951037914161
-0.389959253145376898958924779045
0.389959253145376898958924779045
-0.391642954569262778462278590675
0.391642954569262778462278590675
-0.393325345615577137927565590429
0.393325345615577137927565590429
-0.395006420655296225246227519774
0.395006420655296225246227519774
-0.396686174063799445589314463493
0.396686174063799445589314463493
-0.398364600220888180529825242414
0.398364600220888180529825242414
-0.400041693510804592369789443612
0.400041693510804592369789443612
-0.401717448322250413609174678706
0.401717448322250413609174678706
-0.403391859048405721493752374086
0.403391859048405721493752374086
-0.405064920086947697579105320419
0.405064920086947697579105320419
-0.406736625840069372248010342484
0.406736625840069372248010342484
-0.408406970714498354118479794117
0.408406970714498354118479794117
-0.410075949121515544279796136569
0.410075949121515544279796136569
-0.411743555476973835293924621821
0.411743555476973835293924621821
-0.413409784201316794899740075116
0.413409784201316794899740075116
-0.415074629719597334357554953012
0.415074629719597334357554953012
-0.416738086461496361371487244477
0.416738086461496361371487244477
-0.418400148861341417527258382735
0.418400148861341417527258382735
-0.420060811358125300183063144586
0.420060811358125300183063144586
-0.42172006839552466875120553157
0.42172006839552466875120553157
-0.423377914421918635308246853453
0.423377914421918635308246853453
-0.425034343890407339471464668948
0.425034343890407339471464668948
-0.426689351258830507479473881054
0.426689351258830507479473881054
-0.42834293098978599541491413493
0.42834293098978599541491413493
-0.42999507755064831650716072438
0.42999507755064831650716072438
-0.431645785413587152453069478886
0.431645785413587152453069478886
-0.433295049055585848693819576319
0.433295049055585848693819576319
-0.434942862958459893585971906922
0.434942862958459893585971906922
-0.436589221608875381404914501639
0.436589221608875381404914501639
-0.43823411949836745911892063226
0.43823411949836745911892063226
-0.439877551123358756872099491863
0.439877551123358756872099491863
-0.44151951098517780211457387164
0.44151951098517780211457387164
-0.443159993590077417318273964043
0.443159993590077417318273964043
-0.444798993449253101216791342226
0.444798993449253101216791342226
-0.44643650507886139350779229174
0.44643650507886139350779229174
-0.448072523000038222956545002182
0.448072523000038222956545002182
-0.449707041738917238839170663849
0.449707041738917238839170663849
-0.451340055826648125664284257194
0.451340055826648125664284257194
-0.452971559799414901111746770815
0.452971559799414901111746770815
-0.454601548198454197127306736724
0.454601548198454197127306736724
-0.456230015570073524111965329441
0.456230015570073524111965329441
-0.457856956465669518144955837953
0.457856956465669518144955837953
-0.4594823654417461711792850865
0.4594823654417461711792850865
-0.461106237059933044148841351375
0.461106237059933044148841351375
-0.462728565887003462926130496203
0.462728565887003462926130496203
-0.464349346494892697069759427354
0.464349346494892697069759427354
-0.465968573460716121300843554025
0.465968573460716121300843554025
-0.4675862413667873596475727239
0.4675862413667873596475727239
-0.469202344800636412197228095016
0.469202344800636412197228095016
-0.470816878355027764395000597252
0.470816878355027764395000597252
-0.472429836627978478829020032625
0.472429836627978478829020032625
-0.474041214222776269441062462019
0.474041214222776269441062462019
-0.475651005747997558102462326983
0.475651005747997558102462326983
-0.477259205817525513494814758589
0.477259205817525513494814758589
-0.478865809050568072235112730757
0.478865809050568072235112730757
-0.480470810071675942185023122942
0.480470810071675942185023122942
-0.482074203510760587884065366163
0.482074203510760587884065366163
-0.483675984003112198046516157093
0.483675984003112198046516157093
-0.485276146189417635061923736938
0.485276146189417635061923736938
-0.486874684715778366439175445036
0.486874684715778366439175445036
-0.488471594233728378134122671196
0.488471594233728378134122671196
-0.490066869400252069700827945664
0.490066869400252069700827945664
-0.491660504877802131206559721
0.491660504877802131206559721
-0.493252495334317401850721415836
0.493252495334317401850721415836
-0.494842835443240710227962506377
0.494842835443240710227962506377
-0.496431519883536696175780867222
0.496431519883536696175780867222
-0.498018543339709614146987178605
0.498018543339709614146987178605
-0.49960390050182111804746403213
0.49960390050182111804746403213
-0.501187586065508027479714381371
0.501187586065508027479714381371
-0.502769594732000075332756197106
0.502769594732000075332756197106
-0.504349921208137636658982599234
0.504349921208137636658982599234
-0.505928560206389438778669348366
0.505928560206389438778669348366
-0.507505506444870252552874389547
0.507505506444870252552874389547
-0.509080754647358564765537148195
0.509080754647358564765537148195
-0.510654299543314231555648484151
0.510654299543314231555648484151
-0.51222613586789611284042561323
0.51222613586789611284042561323
-0.513796258361979687670489906931
0.513796258361979687670489906931
-0.515364661772174650458109279517
0.515364661772174650458109279517
-0.516931340850842488019630867517
0.516931340850842488019630867517
-0.518496290356114037373293899491
0.518496290356114037373293899491
-0.520059505051907024233677043442
0.520059505051907024233677043442
-0.521620979707943582144099105393
0.521620979707943582144099105393
-0.523180709099767752188356735106
0.523180709099767752188356735106
-0.524738688008762963223247773466
0.524738688008762963223247773466
-0.526294911222169492573394050573
0.526294911222169492573394050573
-0.527849373533101907129942813713
0.527849373533101907129942813713
-0.529402069740566484794791530038
0.529402069740566484794791530038
-0.530952994649478616212046569656
0.530952994649478616212046569656
-0.532502143070680186728492230731
0.532502143070680186728492230731
-0.534049509820956938524912718927
0.534049509820956938524912718927
-0.535595089723055812860176038814
0.535595089723055812860176038814
-0.537138877605702272370055294531
0.537138877605702272370055294531
-0.538680868303617603362829630792
0.538680868303617603362829630792
-0.540221056657536198053773973073
0.540221056657536198053773973073
-0.541759437514222816680713847187
0.541759437514222816680713847187
-0.543296005726489829442888873408
0.543296005726489829442888873408
-0.544830756153214438205436038359
0.544830756153214438205436038359
-0.546363683659355877911871549109
0.546363683659355877911871549109
-0.547894783115972597647017967784
0.547894783115972597647017967784
-0.549424049400239421292891411579
0.549424049400239421292891411579
-0.55095147739546468772013188184
0.55095147739546468772013188184
-0.552477061991107370457628256868
0.552477061991107370457628256868
-0.554000798082794176783058145925
0.554000798082794176783058145925
-0.555522680572336626177131656389
0.555522680572336626177131656389
-0.55704270436774810808439717191
0.55704270436774810808439717191
-0.558560864383260918923536476508
0.558560864383260918923536476508
-0.560077155539343278290145987602
0.560077155539343278290145987602
-0.561591572762716324295070479699
0.561591572762716324295070479699
-0.563104110986371087981425489783
0.563104110986371087981425489783
-0.56461476514958544676351459489
0.56461476514958544676351459489
-0.566123530197941056830917941966
0.566123530197941056830917941966
-0.567630401083340264461098789381
0.567630401083340264461098789381
-0.569135372764022996183945388376
0.569135372764022996183945388376
-0.570638440204583627741736290913
0.570638440204583627741736290913
-0.572139598375987831788088117684
0.572139598375987831788088117684
-0.573638842255589404269515956141
0.573638842255589404269515956141
-0.57513616682714706943330788315
0.57513616682714706943330788315
-0.576631567080841263405486619954
0.576631567080841263405486619954
-0.578125038013290896282703028362
0.578125038013290896282703028362
-0.579616574627570092681978046172
0.579616574627570092681978046172
-0.581106171933224910692281736595
0.581106171933224910692281736595
-0.582593824946290039172010390615
0.582593824946290039172010390615
-0.584079528689305473336495072525
0.584079528689305473336495072525
-0.585563278191333168579747637138
0.585563278191333168579747637138
-0.58704506848797367247472307208
0.58704506848797367247472307208
-0.588524894621382734896450029933
0.588524894621382734896450029933
-0.59000275164028789621245461255
0.59000275164028789621245461255
-0.591478634600005053484975853336
0.591478634600005053484975853336
-0.592952538562455004629544912502
0.592952538562455004629544912502
-0.594424458596179970474573754926
0.594424458596179970474573754926
-0.595894389776360094666673020111
0.595894389776360094666673020111
-0.597362327184829921366492918554
0.597362327184829921366492918554
-0.598828265910094850679955298333
0.598828265910094850679955298333
-0.600292201047347571769819519738
0.600292201047347571769819519738
-0.601754127698484473592599453947
0.601754127698484473592599453947
-0.603214040972122033205923783911
0.603214040972122033205923783911
-0.604671935983613181591506831513
0.604671935983613181591506831513
-0.606127807855063646938972364352
0.606127807855063646938972364352
-0.607581651715348275335848248124
0.607581651715348275335848248124
-0.609033462700127328809125405993
0.609033462700127328809125405993
-0.610483235951862760663850324639
0.610483235951862760663850324639
-0.611930966619834468064296307268
0.611930966619834468064296307268
-0.613376649860156521803334816763
0.613376649860156521803334816763
-0.614820280835793373205704576955
0.614820280835793373205704576955
-0.616261854716576038110952606469
0.616261854716576038110952606469
-0.617701366679218257881898047541
0.617701366679218257881898047541
-0.619138811907332637384546521276
0.619138811907332637384546521276
-0.620574185591446759885459790857
0.620574185591446759885459790857
-0.622007482929019278812662744862
0.622007482929019278812662744862
-0.623438699124455986326247123944
0.623438699124455986326247123944
-0.624867829389125858644909005334
0.624867829389125858644909005334
-0.626294868941377078074734830727
0.626294868941377078074734830727
-0.627719813006553031686628713834
0.627719813006553031686628713834
-0.629142656817008286588851893989
0.629142656817008286588851893989
-0.630563395612124541741223511338
0.630563395612124541741223511338
-0.631982024638326556257610367213
0.631982024638326556257610367213
-0.633398539149098054143411999854
0.633398539149098054143411999854
-0.634812934404997605414826250579
0.634812934404997605414826250579
-0.636225205673674483546759518438
0.636225205673674483546759518438
-0.637635348229884499196325102163
0.637635348229884499196325102163
-0.639043357355505810148952406449
0.639043357355505810148952406449
-0.640449228339554707434209345165
0.640449228339554707434209345165
-0.641852956478201377558520006558
0.641852956478201377558520006558
-0.643254537074785640802039554768
0.643254537074785640802039554768
-0.644653965439832665527028427625
0.644653965439832665527028427625
-0.646051236891068658445148152599
0.646051236891068658445148152599
-0.647446346753436530791181540518
0.647446346753436530791181540518
-0.648839290359111540350760630122
0.648839290359111540350760630122
-0.650230063047516909289766545322
0.650230063047516909289766545322
-0.651618660165339417733146390955
0.651618660165339417733146390955
-0.653005077066544973040973451555
0.653005077066544973040973451555
-0.654389309112394154729658271012
0.654389309112394154729658271012
-0.655771351671457734986299678576
0.655771351671457734986299678576
-0.657151200119632174724246488306
0.657151200119632174724246488306
-0.65852884984015509512802243443
0.65852884984015509512802243443
-0.659904296223620724635848913966
0.659904296223620724635848913966
-0.661277534667995321308082289957
0.661277534667995321308082289957
-0.662648560578632570529964863706
0.662648560578632570529964863706
-0.664017369368288957997171151966
0.664017369368288957997171151966
-0.665383956457139117932713805084
0.665383956457139117932713805084
-0.666748317272791156483856374167
0.666748317272791156483856374167
-0.668110447250301950247763179248
0.668110447250301950247763179248
-0.669470341832192419874699745901
0.669470341832192419874699745901
-0.670827996468462778697680664453
0.670827996468462778697680664453
-0.672183406616607756337545283652
0.672183406616607756337545283652
-0.673536567741631797232525379029
0.673536567741631797232525379029
-0.674887475316064234041452835066
0.674887475316064234041452835066
-0.676236124819974435869839449188
0.676236124819974435869839449188
-0.677582511740986931268145204484
0.677582511740986931268145204484
-0.678926631574296505951635766439
0.678926631574296505951635766439
-0.680268479822683275191314536682
0.680268479822683275191314536682
-0.681608051996527730825499343464
0.681608051996527730825499343464
-0.682945343613825762841698764057
0.682945343613825762841698764057
-0.684280350200203655478528158142
0.684280350200203655478528158142
-0.68561306728893305779749074332
0.68561306728893305779749074332
-0.686943490420945928674534463835
0.686943490420945928674534463835
-0.688271615144849456161380991114
0.688271615144849456161380991114
-0.689597437016940951166708949558
0.689597437016940951166708949558
-0.690920951601222715407359382892
0.690920951601222715407359382892
-0.692242154469416883579817564947
0.692242154469416883579817564947
-0.693561041200980239702311513776
0.693561041200980239702311513776
-0.694877607383119007577953989189
0.694877607383119007577953989189
-0.696191848610803615329441340833
0.696191848610803615329441340833
-0.697503760486783433955909326558
0.697503760486783433955909326558
-0.698813338621601489862632938719
0.698813338621601489862632938719
-0.700120578633609151314344358956
0.700120578633609151314344358956
-0.701425476148980788763030409588
0.701425476148980788763030409588
-0.702728026801728409001158281782
0.702728026801728409001158281782
-0.704028226233716263091365896769
0.704028226233716263091365896769
-0.70532607009467542802374099633
0.70532607009467542802374099633
-0.706621554042218362051900962281
0.706621554042218362051900962281
-0.707914673741853433659173431381
0.707914673741853433659173431381
-0.709205424866999424106266001759
0.709205424866999424106266001759
-0.710493803099000003511901719273
0.710493803099000003511901719273
-0.71177980412713818041798558688
0.71177980412713818041798558688
-0.713063423648650724790956056785
0.713063423648650724790956056785
-0.714344657368742564411064343655
0.714344657368742564411064343655
-0.715623501000601154601413437096
0.715623501000601154601413437096
-0.71689995026541082124867789269
0.71689995026541082124867789269
-0.718174000892367077067514842871
0.718174000892367077067514842871
-0.719445648618690911060766191442
0.719445648618690911060766191442
-0.720714889189643051127641638329
0.720714889189643051127641638329
-0.721981718358538199772162023938
0.721981718358538199772162023938
-0.723246131886759242864232484914
0.723246131886759242864232484914
-0.724508125543771431405805074885
0.724508125543771431405805074885
-0.725767695107136536254680824645
0.725767695107136536254680824645
-0.727024836362526975758591695835
0.727024836362526975758591695835
-0.728279545103739916252293520267
0.728279545103739916252293520267
-0.729531817132711345370491813258
0.729531817132711345370491813258
-0.730781648259530118129513303436
0.730781648259530118129513303436
-0.732029034302451975730727133095
0.732029034302451975730727133095
-0.733273971087913537038810952045
0.733273971087913537038810952045
-0.734516454450546262688048553728
0.734516454450546262688048553728
-0.735756480233190391769937284784
0.735756480233190391769937284784
-0.736994044286908851055475198036
0.736994044286908851055475198036
-0.738229142471001136705589813606
0.738229142471001136705589813606
-0.739461770653017168423262403417
0.739461770653017168423262403417
-0.740691924708771116000993920157
0.740691924708771116000993920157
-0.74191960052235519821735105283
0.74191960052235519821735105283
-0.743144793986153454036423406733
0.743144793986153454036423406733
-0.744367501000855486064115475979
0.744367501000855486064115475979
-0.745587717475470176215289901058
0.745587717475470176215289901058
-0.746805439327339373545871482219
0.746805439327339373545871482219
-0.748020662482151554204114551238
0.748020662482151554204114551238
-0.749233382873955453455329589181
0.749233382873955453455329589181
-0.750443596445173669734458415715
0.750443596445173669734458415715
-0.751651299146616240680980866097
0.751651299146616240680980866097
-0.752856486937494191110729614808
0.752856486937494191110729614808
-0.754059155785433052879283699637
0.754059155785433052879283699637
-0.755259301666486356591705346528
0.755259301666486356591705346528
-0.756456920565149095113478893336
0.756456920565149095113478893336
-0.757652008474371158837604959545
0.757652008474371158837604959545
-0.758844561395570742662897508584
0.758844561395570742662897508584
-0.760034575338647724638626099406
0.760034575338647724638626099406
-0.761222046321997016230740424084
0.761222046321997016230740424084
-0.762406970372521884165009178045
0.762406970372521884165009178045
-0.763589343525647243802500408885
0.763589343525647243802500408885
-0.76476916182533292400292573816
0.76476916182533292400292573816
-0.765946421324086903431466247823
0.765946421324086903431466247823
-0.767121118082978518264793368736
0.767121118082978518264793368736
-0.768293248171651641252093802637
0.768293248171651641252093802637
-0.769462807668337832087003350732
0.769462807668337832087003350732
-0.770629792659869459046450511425
0.770629792659869459046450511425
-0.771794199241692791852506846251
0.771794199241692791852506846251
-0.772956023517881065713437396509
0.772956023517881065713437396509
-0.774115261601147516500240863121
0.774115261601147516500240863121
-0.775271909612858387015065838494
0.775271909612858387015065838494
-0.776425963683045904307986101354
0.776425963683045904307986101354
-0.777577419950421227998714853322
0.777577419950421227998714853322
-0.778726274562387369559934789036
0.778726274562387369559934789036
-0.779872523675052082519018049693
0.779872523675052082519018049693
-0.781016163453240723535007412482
0.781016163453240723535007412482
-0.782157190070509084307827515369
0.782157190070509084307827515369
-0.783295599709156194276792507598
0.783295599709156194276792507598
-0.784431388560237094065574250855
0.784431388560237094065574250855
-0.785564552823575579630893073947
0.785564552823575579630893073947
-0.78669508870777691707229110474
0.78669508870777691707229110474
-0.78782299243024052806044636665
0.78782299243024052806044636665
-0.788948260217172645841584132907
0.788948260217172645841584132907
-0.79007088830359894177564047969
0.79007088830359894177564047969
-0.791190872933377122365931568869
0.791190872933377122365931568869
-0.792308210359209496738180921971
0.792308210359209496738180921971
-0.793422896842655514526855819014
0.793422896842655514526855819014
-0.794534928654144274126862968467
0.794534928654144274126862968467
-0.7956443020729870012687527476
0.7956443020729870012687527476
-0.796751013387389497875680605577
0.796751013387389497875680605577
-0.797855058894464561160473654298
0.797855058894464561160473654298
-0.798956434900244372921250044179
0.798956434900244372921250044179
-0.800055137719692858994138433109
0.800055137719692858994138433109
-0.80115116367671801882174470668
0.80115116367671801882174470668
-0.802244509104184225096113095969
0.802244509104184225096113095969
-0.803335170343924493435028965329
0.803335170343924493435028965329
-0.804423143746752722050610806576
0.804423143746752722050610806576
-0.805508425672475901369239377191
0.805508425672475901369239377191
-0.806591012489906293561972458439
0.806591012489906293561972458439
-0.807670900576873581944694384273
0.807670900576873581944694384273
-0.808748086320236990207350303173
0.808748086320236990207350303173
-0.809822566115897371431716082425
0.809822566115897371431716082425
-0.810894336368809266857255847287
0.810894336368809266857255847287
-0.81196339349299293435472036584
0.81196339349299293435472036584
-0.813029733911546346567240843645
0.813029733911546346567240843645
-0.814093354056657158678774180263
0.814093354056657158678774180263
-0.815154250369614645769857362031
0.815154250369614645769857362031
-0.816212419300821609720730421722
0.816212419300821609720730421722
-0.817267857309806255621989285625
0.817267857309806255621989285625
-0.818320560865234037653031851801
0.818320560865234037653031851801
-0.81937052644491947438866279939
0.81937052644491947438866279939
-0.820417750535837933494324917634
0.820417750535837933494324917634
-0.821462229634137385770527164313
0.821462229634137385770527164313
-0.822503960245150128507142216243
0.822503960245150128507142216243
-0.82354293888340447810834895904
0.82354293888340447810834895904
-0.824579162072636431949098179146
0.824579162072636431949098179146
-0.825612626345801299424082667795
0.825612626345801299424082667795
-0.826643328245085302150296023824
0.826643328245085302150296023824
-0.827671264321917143284367649702
0.827671264321917143284367649702
-0.828696431136979545915964772444
0.828696431136979545915964772444
-0.829718825260220760498655787899
0.829718825260220760498655787899
-0.830738443270866041279732822915
0.830738443270866041279732822915
-0.83175528175742909169059513468
0.83175528175742909169059513468
-0.832769337317723478659398819859
0.832769337317723478659398819859
-0.833780606558874015807782287556
0.833780606558874015807782287556
-0.834789086097328115493581059362
0.834789086097328115493581059362
-0.835794772558867109661549696351
0.835794772558867109661549696351
-0.836797662578617539464213016678
0.836797662578617539464213016678
-0.83779775280106241361507325783
0.83779775280106241361507325783
-0.838795039880052435436504454486
0.838795039880052435436504454486
-0.839789520478817198564770045788
0.839789520478817198564770045788
-0.840781191269976351274704594432
0.840781191269976351274704594432
-0.841770048935550729386705493877
0.841770048935550729386705493877
-0.842756090166973457718785658856
0.842756090166973457718785658856
-0.843739311665101020046543437936
0.843739311665101020046543437936
-0.844719710140224297534011354624
0.844719710140224297534011354624
-0.845697282312079575598450775306
0.845697282312079575598450775306
-0.846672024909859519172265217571
0.846672024909859519172265217571
-0.847643934672224116325310751042
0.847643934672224116325310751042
-0.848613008347311590210987804192
0.848613008347311590210987804192
-0.84957924269274927929960467459
0.84957924269274927929960467459
-0.850542634475664485862609146042
0.850542634475664485862609146042
-0.851503180472695292671390844017
0.851503180472695292671390844017
-0.852460877470001347874463310047
0.852460877470001347874463310047
-0.853415722263274618016941246222
0.853415722263274618016941246222
-0.854367711657750109166334972071
0.854367711657750109166334972071
-0.855316842468216556108790847644
0.855316842468216556108790847644
-0.856263111519027079580013248196
0.856263111519027079580013248196
-0.857206515644109811495210627093
0.857206515644109811495210627093
-0.858147051686978488142515274113
0.858147051686978488142515274113
-0.859084716500743011304433565811
0.859084716500743011304433565811
-0.860019506948119977271990812696
0.860019506948119977271990812696
-0.86095141990144317371634223431
0.86095141990144317371634223431
-0.861880452242674044382729137473
0.861880452242674044382729137473
-0.862806600863412121571767034699
0.862806600863412121571767034699
-0.863729862664905426373160218631
0.863729862664905426373160218631
-0.864650234558060836617045204039
0.864650234558060836617045204039
-0.865567713463454422508273460988
0.865567713463454422508273460988
-0.866482296311341749909051990993
0.866482296311341749909051990993
-0.867393980041668151235468541837
0.867393980041668151235468541837
-0.868302761604078963933536615973
0.868302761604078963933536615973
-0.869208637957929736500503901657
0.869208637957929736500503901657
-0.870111606072296402017276344804
0.870111606072296402017276344804
-0.871011662925985419157918782655
0.871011662925985419157918782655
-0.871908805507543880642301877398
0.871908805507543880642301877398
-0.872803030815269589098074018362
0.872803030815269589098074018362
-0.873694335857221100298245905182
0.873694335857221100298245905182
-0.874582717651227733740784680821
0.874582717651227733740784680821
-0.875468173224899550536723752305
0.875468173224899550536723752305
-0.876350699615637298573403818071
0.876350699615637298573403818071
-0.877230293870642324919570113585
0.877230293870642324919570113585
-0.878106953046926455439160490967
0.878106953046926455439160490967
-0.878980674211321841580728663462
0.878980674211321841580728663462
-0.879851454440490774309556771254
0.879851454440490774309556771254
-0.88071929082093546514962136109
0.88071929082093546514962136109
-0.881584180449007794302686917956
0.881584180449007794302686917956
-0.882446120430919025811911242399
0.882446120430919025811911242399
-0.88330510788274948973745723155
0.88330510788274948973745723155
-0.884161139930458231311715995124
0.884161139930458231311715995124
-0.885014213709892627041856719352
0.885014213709892627041856719352
-0.88586432636679796772752928145
0.88586432636679796772752928145
-0.886711475056827008361656314611
0.886711475056827008361656314611
-0.88755565694554948488236222813
0.88755565694554948488236222813
-0.888396869208461597744197598872
0.888396869208461597744197598872
-0.889235109030995462276928368403
0.889235109030995462276928368403
-0.890070373608528525800270404455
0.890070373608528525800270404455
-0.890902660146392951463061215509
0.890902660146392951463061215509
-0.89173196585988496877547194288
0.89173196585988496877547194288
-0.892558287974274190802974195343
0.892558287974274190802974195343
-0.89338162372481289799088783669
0.89338162372481289799088783669
-0.89420197035674528858844748631
0.89420197035674528858844748631
-0.895019325125316695641437246529
0.895019325125316695641437246529
-0.895833685295782770522555027663
0.895833685295782770522555027663
-0.896645048143418632968779802206
0.896645048143418632968779802206
-0.897453410953527987595127182834
0.897453410953527987595127182834
-0.898258771021452206854290884673
0.898258771021452206854290884673
-0.899061125652579380411779900093
0.899061125652579380411779900093
-0.899860472162353330906273583877
0.899860472162353330906273583877
-0.900656807876282596065029317476
0.900656807876282596065029317476
-0.901450130129949377144289992965
0.901450130129949377144289992965
-0.902240436269018453664751229731
0.902240436269018453664751229731
-0.903027723649246064412261009655
0.903027723649246064412261009655
-0.903811989636488754674037289009
0.903811989636488754674037289009
-0.904593231606712189680802117336
0.904593231606712189680802117336
-0.90537144694599993422534386461
0.90537144694599993422534386461
-0.906146633050562198428132327808
0.906146633050562198428132327808
-0.906918787326744549620724756124
0.906918787326744549620724756124
-0.907687907191036590317814200177
0.907687907191036590317814200177
-0.90845399007008060224888505424
0.90845399007008060224888505424
-0.909217033400680156420554221395
0.909217033400680156420554221395
-0.909977034629808689180789989263
0.909977034629808689180789989263
-0.910733991214618044256314458117
0.910733991214618044256314458117
-0.911487900622446980734609213456
0.911487900622446980734609213456
-0.912238760330829646962057881069
0.912238760330829646962057881069
-0.912986567827504020329873243885
0.912986567827504020329873243885
-0.913731320610420312919570736146
0.913731320610420312919570736146
-0.914473016187749342979864361214
0.914473016187749342979864361214
-0.915211652077890872206975404311
0.915211652077890872206975404311
-0.915947225809481908800458730266
0.915947225809481908800458730266
-0.916679734921404976266765968579
0.916679734921404976266765968579
-0.917409176962796347942879493372
0.917409176962796347942879493372
-0.918135549493054247212465803761
0.918135549493054247212465803761
-0.918858850081847013387111700405
0.918858850081847013387111700405
-0.9195790763091212332253215362
0.9195790763091212332253215362
-0.920296225765109838062068792735
0.920296225765109838062068792735
-0.921010296050340166521810299044
0.921010296050340166521810299044
-0.921721284775641992787986564819
0.921721284775641992787986564819
-0.922429189562155520402146946306
0.922429189562155520402146946306
-0.923134008041339341565953699216
0.923134008041339341565953699216
-0.923835737854978361919434398681
0.923835737854978361919434398681
-0.924534376655191690768967721332
0.924534376655191690768967721332
-0.925229922104440496738603188465
0.925229922104440496738603188465
-0.925922371875535828818431161662
0.925922371875535828818431161662
-0.926611723651646402783835162827
0.926611723651646402783835162827
-0.9272979751263063529595744589
0.9272979751263063529595744589
-0.92798112400342294930276080721
0.92798112400342294930276080721
-0.928661167997284279778909300176
0.928661167997284279778909300176
-0.929338104832566898005359377377
0.929338104832566898005359377377
-0.930011932244343436136478288664
0.930011932244343436136478288664
-0.930682647978090182965175593442
0.930682647978090182965175593442
-0.93135024978969462721537366827
0.93135024978969462721537366827
-0.93201473544546296600019566707
0.93201473544546296600019566707
-0.932676102722127578420748935104
0.932676102722127578420748935104
-0.93333434940685446428049851921
0.93333434940685446428049851921
-0.933989473297250647890342142039
0.933989473297250647890342142039
-0.934641472201371546939614817033
0.934641472201371546939614817033
-0.935290343937728306408368173074
0.935290343937728306408368173074
-0.935936086335295097496386532894
0.935936086335295097496386532894
-0.936578697233516381544518846985
0.936578697233516381544518846985
-0.937218174482314138924022724606
0.937218174482314138924022724606
-0.937854515942095062869734025142
0.937854515942095062869734025142
-0.938487719483757718232992776136
0.938487719483757718232992776136
-0.939117782988699665130373568529
0.939117782988699665130373568529
-0.93974470434882454746438604449
0.93974470434882454746438604449
-0.940368481466549146292428638513
0.940368481466549146292428638513
-0.940989112254810398020396357675
0.940989112254810398020396357675
-0.941606594637072377397461091887
0.941606594637072377397461091887
-0.942220926547333245288660729113
0.942220926547333245288660729113
-0.942832105930132161202051213729
0.942832105930132161202051213729
-0.943440130740556160547293627871
0.943440130740556160547293627871
-0.944044998944246996602666395628
0.944044998944246996602666395628
-0.944646708517407947167610807823
0.944646708517407947167610807823
-0.945245257446810585878036240544
0.945245257446810585878036240544
-0.945840643729801518161729693314
0.945840643729801518161729693314
-0.946432865374309081811332602335
0.946432865374309081811332602335
-0.947021920398850012152466290392
0.947021920398850012152466290392
-0.947607806832536071784705897422
0.947607806832536071784705897422
-0.94819052271508064487322119405
0.94819052271508064487322119405
-0.948770066096805295969021314338
0.948770066096805295969021314338
-0.949346435038646293335859153229
0.949346435038646293335859153229
-0.949919627612161096761969958419
0.949919627612161096761969958419
-0.95048964189953480983493750531
0.95048964189953480983493750531
-0.951056475993586596658100177069
0.951056475993586596658100177069
-0.951620127997776062987028279312
0.951620127997776062987028279312
-0.952180596026209601764723000261
0.952180596026209601764723000261
-0.952737878203646703034306582169
0.952737878203646703034306582169
-0.953291972665506228208092498082
0.953291972665506228208092498082
-0.953842877557872648672043729359
0.953842877557872648672043729359
-0.954390591037502248704746613588
0.954390591037502248704746613588
-0.954935111271829292690147179367
0.954935111271829292690147179367
-0.95547643643897215660341640368
0.95547643643897215660341640368
-0.956014564727739423749430419062
0.956014564727739423749430419062
-0.956549494337635944733471361274
0.956549494337635944733471361274
-0.95708122347886886164387428354
0.95708122347886886164387428354
-0.957609750372353596426465370551
0.957609750372353596426465370551
-0.958135073249719803430756564055
0.958135073249719803430756564055
-0.958657190353317286107981662053
0.958657190353317286107981662053
-0.959176099936221877841178975145
0.959176099936221877841178975145
-0.959691800262241286887645716429
0.959691800262241286887645716429
-0.960204289605920905414209465504
0.960204289605920905414209465504
-0.96071356625254958260588228256
0.96071356625254958260588228256
-0.96121962849816536182858335524
0.96121962849816536182858335524
-0.961722474649561181826736439005
0.961722474649561181826736439005
-0.962222103024290541936668801265
0.962222103024290541936668801265
-0.962718511950673131296858900547
0.962718511950673131296858900547
-0.963211699767800422036200624808
0.963211699767800422036200624808
-0.963701664825541226421572577719
0.963701664825541226421572577719
-0.964188405484547217946121638735
0.964188405484547217946121638735
-0.964671920116258416339790832261
0.964671920116258416339790832261
-0.965152207102908636483742423698
0.965152207102908636483742423698
-0.965629264837530901210448115951
0.965629264837530901210448115951
-0.966103091723962817971339249737
0.966103091723962817971339249737
-0.966573686176851919354031015256
0.966573686176851919354031015256
-0.967041046621660967431255862207
0.967041046621660967431255862207
-0.96750517149467322192376255054
0.96750517149467322192376255054
-0.967966059242997672159558616568
0.967966059242997672159558616568
-0.968423708324574232811995439183
0.968423708324574232811995439183
-0.968878117208178903399316579947
0.968878117208178903399316579947
-0.969329284373428891528411640142
0.969329284373428891528411640142
-0.969777208310787699865639528757
0.969777208310787699865639528757
-0.970221887521570176817706769461
0.970221887521570176817706769461
-0.970663320517947530905708293645
0.970663320517947530905708293645
-0.971101505822952308815560072479
0.971101505822952308815560072479
-0.971536441970483337108174935836
0.971536441970483337108174935836
-0.971968127505310627572855012226
0.971968127505310627572855012226
-0.972396560983080246207496404279
0.972396560983080246207496404279
-0.972821740970319145809323991655
0.972821740970319145809323991655
-0.973243666044439962159996630951
0.973243666044439962159996630951
-0.973662334793745773789045503631
0.973662334793745773789045503631
-0.974077745817434825299730952447
0.974077745817434825299730952447
-0.974489897725605214241525848494
0.974489897725605214241525848494
-0.97489878913925954151355634992
0.97489878913925954151355634992
-0.975304418690309525283453854875
0.975304418690309525283453854875
-0.975706785021580578406195021421
0.975706785021580578406195021421
-0.976105886786816349327629932594
0.976105886786816349327629932594
-0.97650172265068322645752183294
0.97650172265068322645752183294
-0.976894291288774805997045361789
0.976894291288774805997045361789
-0.977283591387616323205813867389
0.977283591387616323205813867389
-0.977669621644669047093630214759
0.977669621644669047093630214759
-0.978052380768334638522279509949
0.978052380768334638522279509949
-0.978431867477959471702806366597
0.978431867477959471702806366597
-0.978808080503838919073843751042
0.978808080503838919073843751042
-0.979181018587221599546685074942
0.979181018587221599546685074942
-0.979550680480313590102916076404
0.979550680480313590102916076404
-0.979917064946282600730548160838
0.979917064946282600730548160838
-0.980280170759262112684720282098
0.980280170759262112684720282098
-0.980639996704355480059162156403
0.980639996704355480059162156403
-0.980996541577639994654737642019
0.980996541577639994654737642019
-0.981349804186170914131513515917
0.981349804186170914131513515917
-0.981699783347985453430925666966
0.981699783347985453430925666966
-0.982046477892106739454741940107
0.982046477892106739454741940107
-0.982389886658547728987648547862
0.982389886658547728987648547862
-0.982730008498315089850415160034
0.982730008498315089850415160034
-0.983066842273413045270722540442
0.983066842273413045270722540442
-0.983400386856847181458865978218
0.983400386856847181458865978218
-0.983730641132628218375677824761
0.983730641132628218375677824761
-0.984057603995775743680143268031
0.984057603995775743680143268031
-0.984381274352321909844315134769
0.984381274352321909844315134769
-0.98470165111931509442326609987
0.98470165111931509442326609987
-0.985018733224823523467950303738
0.985018733224823523467950303738
-0.985332519607938858068981149569
0.985332519607938858068981149569
-0.985643009218779744019468104843
0.985643009218779744019468104843
-0.985950201018495324585192813953
0.985950201018495324585192813953
-0.986254093979268716370543910905
0.986254093979268716370543910905
-0.986554687084320448268770794053
0.986554687084320448268770794053
-0.986851979327911863485259506849
0.986851979327911863485259506849
-0.987145969715348484622679007383
0.987145969715348484622679007383
-0.987436657262983341816993787581
0.987436657262983341816993787581
-0.987724040998220263913489342454
0.987724040998220263913489342454
-0.98800811995951713267211075898
0.98800811995951713267211075898
-0.98828889319638909999157211425
0.98828889319638909999157211425
-0.988566359769411768141855926277
0.988566359769411768141855926277
-0.988840518750224332994888142354
0.988840518750224332994888142354
-0.989111369221532690243345716172
0.989111369221532690243345716172
-0.989378910277112504597731449416
0.989378910277112504597731449416
-0.989643141021812241952035302359
0.989643141021812241952035302359
-0.989904060571556164508493788356
0.989904060571556164508493788356
-0.990161668053347288852160490427
0.990161668053347288852160490427
-0.990415962605270306966212485881
0.990415962605270306966212485881
-0.990666943376494470179141060738
0.990666943376494470179141060738
-0.990914609527276436035212312769
0.990914609527276436035212312769
-0.991158960228963078079836147705
0.991158960228963078079836147705
-0.991399994663994258551753183473
0.991399994663994258551753183473
-0.991637712025905563974241020248
0.991637712025905563974241020248
-0.991872111519331003637857527907
0.991872111519331003637857527907
-0.992103192360005670967583148516
0.992103192360005670967583148516
-0.992330953774768367767601306884
0.992330953774768367767601306884
-0.992555395001564191337371296668
0.992555395001564191337371296668
-0.99277651528944708445310789057
0.99277651528944708445310789057
-0.992994313898582348209294038416
0.992994313898582348209294038416
-0.993208790100249117715426440291
0.993208790100249117715426440291
-0.993419943176842800643839335516
0.993419943176842800643839335516
-0.993627772421877478625182473398
0.993627772421877478625182473398
-0.99383227713998827148896044548
0.99383227713998827148896044548
-0.994033456646933664347491019437
0.994033456646933664347491019437
-0.994231310269597797522732320962
0.994231310269597797522732320962
-0.994425837345992719316689873942
0.994425837345992719316689873942
-0.99461703722526060162757764399
0.99461703722526060162757764399
-0.994804909267675918415612514236
0.994804909267675918415612514236
-0.994989452844647587024318113865
0.994989452844647587024318113865
-0.995170667338721072365561724824
0.995170667338721072365561724824
-0.995348552143580453979321008931
0.995348552143580453979321008931
-0.995523106664050455982466712954
0.995523106664050455982466712954
-0.995694330316098439924766266865
0.995694330316098439924766266865
-0.995862222526836360575001727732
0.995862222526836360575001727732
-0.996026782734522684665729170369
0.996026782734522684665729170369
-0.996188010388564272632005201981
0.996188010388564272632005201981
-0.99634590494951822338764657176
0.99634590494951822338764657176
-0.996500465889093682192620971964
0.996500465889093682192620971964
-0.996651692690153611677436037357
0.996651692690153611677436037357
-0.996799584846716526105467508283
0.996799584846716526105467508283
-0.996944141863958188972775993805
0.996944141863958188972775993805
-0.997085363258213274068046154985
0.997085363258213274068046154985
-0.99722324855697699014406411175
0.99722324855697699014406411175
-0.997357797298906669388223129134
0.997357797298906669388223129134
-0.997489009033823319925008375945
0.997489009033823319925008375945
-0.997616883322713142641026582877
0.997616883322713142641026582877
-0.997741419737729012696598309539
0.997741419737729012696598309539
-0.997862617862191926182153282763
0.997862617862191926182153282763
-0.99798047729059241249932247451
0.99798047729059241249932247451
-0.998094997628591913204762663566
0.998094997628591913204762663566
-0.998206178493024128261802300237
0.998206178493024128261802300237
-0.998314019511896330918143502352
0.998314019511896330918143502352
-0.998418520324390652791076249525
0.998418520324390652791076249525
-0.998519680580865341228754522301
0.998519680580865341228754522301
-0.998617499942855991675166517503
0.998617499942855991675166517503
-0.998711978083076758666748461642
0.998711978083076758666748461642
-0.998803114685421550330951690065
0.998803114685421550330951690065
-0.998890909444965212990039271677
0.998890909444965212990039271677
-0.998975362067964714918789245887
0.998975362067964714918789245887
-0.999056472271860341798512365571
0.999056472271860341798512365571
-0.999134239785276921468180964911
0.999134239785276921468180964911
-0.999208664348025103003145781874
0.999208664348025103003145781874
-0.999279745711102726235263200911
0.999279745711102726235263200911
-0.999347483636696334642898568894
0.999347483636696334642898568894
-0.999411877898182910521177425454
0.999411877898182910521177425454
-0.999472928280131952303197540588
0.999472928280131952303197540588
-0.999530634578308079914239302774
0.999530634578308079914239302774
-0.999584996599674463040051928831
0.999584996599674463040051928831
-0.999636014162397552086131994806
0.999636014162397552086131994806
-0.999683687095853914815591221819
0.999683687095853914815591221819
-0.999728015240640566048742105464
0.999728015240640566048742105464
-0.999768998448591275608235143224
0.999768998448591275608235143224
-0.999806636582803493905807201149
0.999806636582803493905807201149
-0.999840929517684979956892152505
0.999840929517684979956892152505
-0.999871877139038945127412033577
0.999871877139038945127412033577
-0.999899479344229350484605170384
0.999899479344229350484605170384
-0.999923736042526230780846659152
0.999923736042526230780846659152
-0.999944647155895682492500017956
0.999944647155895682492500017956
-0.999962212621030647818108174517
0.999962212621030647818108174517
-0.999976432395457133275538342158
0.999976432395457133275538342158
-0.999987306480511227250810035847
0.999987306480511227250810035847
-0.999994835044631766845692428994
0.999994835044631766845692428994
-0.999999019734795340120745754016
0.999999019734795340120745754016