0.0020580352582914154479583011816
0.0020580352582914154479583011816
0.00205802654145721210011334275554
0.00205802654145721210011334275554
0.00205800910782572566525112897898
0.00205800910782572566525112897898
0.0020579829574707965086508372302
0.0020579829574707965086508372302
0.00205794809050318478729132397787
0.00205794809050318478729132397787
0.00205790450707056998072508779361
0.00205790450707056998072508779361
0.00205785220735755026557997757847
0.00205785220735755026557997757847
0.00205779119158564173369129530927
0.00205779119158564173369129530927
0.00205772146001327745386760491617
0.00205772146001327745386760491617
0.00205764301293580637729422119414
0.00205764301293580637729422119414
0.00205755585068549208657901492552
0.00205755585068549208657901492552
0.00205745997363151138844583264612
0.00205745997363151138844583264612
0.00205735538217995275008149171925
0.00205735538217995275008149171925
0.00205724207677381457914297358999
0.00205724207677381457914297358999
0.00205712005789300334743210027061
0.00205712005789300334743210027061
0.00205698932605433155824564125663
0.00205698932605433155824564125663
0.00205684988181151555740946018798
0.00205684988181151555740946018798
0.00205670172575517318800597264722
0.00205670172575517318800597264722
0.00205654485851282128880484852655
0.00205654485851282128880484852655
0.0020563792807488730364075543916
0.0020563792807488730364075543916
0.00205620499316463513111699322223
0.00205620499316463513111699322223
0.0020560219964983048265441608149
0.0020560219964983048265441608149
0.00205583029152496680296439998501
0.00205583029152496680296439998501
0.00205562987905658988443649550796
0.00205562987905658988443649550796
0.00205542075994202359969851448237
0.00205542075994202359969851448237
0.0020552029350669945868549584844
0.0020552029350669945868549584844
0.00205497640535410284187045550581
0.00205497640535410284187045550581
0.00205474117176281781088588122805
0.00205474117176281781088588122805
0.00205449723528947432637346067639
0.00205449723528947432637346067639
0.00205424459696726838714806272046
0.00205424459696726838714806272046
0.00205398325786625278225256123618
0.00205398325786625278225256123618
0.00205371321909333255873579801789
0.00205371321909333255873579801789
0.00205343448179226033334234372388
0.00205343448179226033334234372388
0.00205314704714363144813391425243
0.00205314704714363144813391425243
0.00205285091636487897006296097469
0.00205285091636487897006296097469
0.00205254609071026853451961419328
0.00205254609071026853451961419328
0.0020522325714708930328738200485
0.0020522325714708930328738200485
0.00205191035997466714403517185402
0.00205191035997466714403517185402
0.00205157945758632171005359750932
0.00205157945758632171005359750932
0.00205123986570739795578472520274
0.00205123986570739795578472520274
0.00205089158577624155264441008526
0.00205089158577624155264441008526
0.00205053461926799652647756495718
0.00205053461926799652647756495718
0.00205016896769459900956709826611
0.00205016896769459900956709826611
0.0020497946326047708368094228607
0.0020497946326047708368094228607
0.00204941161558401298608365897945
0.00204941161558401298608365897945
0.00204901991825459886284231487315
0.00204901991825459886284231487315
0.00204861954227556742895188826165
0.00204861954227556742895188826165
0.00204821048934271617581249150701
0.00204821048934271617581249150701
0.00204779276118859394178626294303
0.00204779276118859394178626294303
0.00204736635958249357396498623361
0.00204736635958249357396498623361
0.00204693128633044443430799893534
0.00204693128633044443430799893534
0.00204648754327520475018213061143
0.00204648754327520475018213061143
0.00204603513229625380933606988127
0.00204603513229625380933606988127
0.00204557405530978399934221868978
0.00204557405530978399934221868978
0.00204510431426869269153975084072
0.00204510431426869269153975084072
0.00204462591116257396951325045507
0.00204462591116257396951325045507
0.00204413884801771020214196448728
0.00204413884801771020214196448728
0.00204364312689706346125536175518
0.00204364312689706346125536175518
0.00204313874990026678393134911136
0.00204313874990026678393134911136
0.00204262571916361527947415340176
0.00204262571916361527947415340176
0.00204210403686005708110953571841
0.00204210403686005708110953571841
0.00204157370519918414243566215511
0.00204157370519918414243566215511
0.00204103472642722287866861281398
0.00204103472642722287866861281398
0.0020404871028270246527221681852
0.0020404871028270246527221681852
0.00203993083671805610616216922873
0.00203993083671805610616216922873
0.0020393659304563893350764045222
0.0020393659304563893350764045222
0.00203879238643469191090163470177
0.00203879238643469191090163470177
0.00203821020708221674625002110829
0.00203821020708221674625002110829
0.00203761939486479180577788205873
0.00203761939486479180577788205873
0.00203701995228480966214035648713
0.00203701995228480966214035648713
0.00203641188188121689707621084084
0.00203641188188121689707621084084
0.00203579518622950334766768107033
0.00203579518622950334766768107033
0.0020351698679416911978208973143
0.0020351698679416911978208973143
0.0020345359296663239150130944519
0.0020345359296663239150130944519
0.0020338933740884550323534670683
0.0020338933740884550323534670683
0.00203324220392963677600518255596
0.00203324220392963677600518255596
0.00203258242194790853801672104858
0.00203258242194790853801672104858
0.00203191403093778519461136565554
0.00203191403093778519461136565554
0.00203123703373024526998432102855
0.00203123703373024526998432102855
0.00203055143319271894565759264665
0.00203055143319271894565759264665
0.0020298572322290759154434133477
0.0020298572322290759154434133477
0.00202915443377961308606765756143
0.00202915443377961308606765756143
0.00202844304082104212350533740832
0.00202844304082104212350533740832
0.00202772305636647684508092831667
0.00202772305636647684508092831667
0.00202699448346542045738692507579
0.00202699448346542045738692507579
0.00202625732520375264007468228129
0.00202625732520375264007468228129
0.00202551158470371647557224593917
0.00202551158470371647557224593917
0.00202475726512390522478453557285
0.00202475726512390522478453557285
0.00202399436965924894883188852144
0.00202399436965924894883188852144
0.00202322290154100097688363022385
0.00202322290154100097688363022385
0.00202244286403672422014398614962
0.00202244286403672422014398614962
0.00202165426045027733204830266149
0.00202165426045027733204830266149
0.00202085709412180071472819547237
0.00202085709412180071472819547237
0.00202005136842770237180489548962
0.00202005136842770237180489548962
0.00201923708678064360757071271826
0.00201923708678064360757071271826
0.00201841425262952457261918951993
0.00201841425262952457261918951993
0.00201758286945946965598516489258
0.00201758286945946965598516489258
0.00201674294079181272385662154559
0.00201674294079181272385662154559
0.00201589447018408220492083739163
0.00201589447018408220492083739163
0.00201503746122998602240801265941
0.00201503746122998602240801265941
0.00201417191755939637289619314571
0.00201417191755939637289619314571
0.00201329784283833435194195917006
0.00201329784283833435194195917006
0.00201241524076895442660199856637
0.00201241524076895442660199856637
0.00201152411508952875491133054189
0.00201152411508952875491133054189
0.00201062446957443135238459545025
0.00201062446957443135238459545025
0.00200971630803412210560747346188
0.00200971630803412210560747346188
0.00200879963431513063298594276596
0.00200879963431513063298594276596
0.00200787445230003999272173530363
0.00200787445230003999272173530363
0.00200694076590747023808299510711
0.00200694076590747023808299510711
0.00200599857909206182003979110259
0.00200599857909206182003979110259
0.00200504789584445883733478272301
0.00200504789584445883733478272301
0.00200408872019129213405998286693
0.00200408872019129213405998286693
0.00200312105619516224481120862954
0.00200312105619516224481120862954
0.00200214490795462218749245581876
0.00200214490795462218749245581876
0.00200116027960416010384307854977
0.00200116027960416010384307854977
0.00200016717531418174776130018327
0.00200016717531418174776130018327
0.0019991655992909928214982265336
0.0019991655992909928214982265336
0.00199815555577678115979717661892
0.00199815555577678115979717661892
0.00199713704904959876205379025543
0.00199713704904959876205379025543
0.00199611008342334367257301550737
0.00199611008342334367257301550737
0.00199507466324774170899972239207
0.00199507466324774170899972239207
0.00199403079290832803900033230219
0.00199403079290832803900033230219
0.00199297847682642860527349534138
0.00199297847682642860527349534138
0.00199191771945914139896849017458
0.00199191771945914139896849017458
0.00199084852529931758159066306446
0.00199084852529931758159066306446
0.00198977089887554245547386450111
0.00198977089887554245547386450111
0.00198868484475211628290048322816
0.00198868484475211628290048322816
0.00198759036752903495395031852362
0.00198759036752903495395031852362
0.00198648747184197050316017230452
0.00198648747184197050316017230452
0.00198537616236225147507668298891
0.00198537616236225147507668298891
0.00198425644379684313878556306271
0.00198425644379684313878556306271
0.00198312832088832755150104196188
0.00198312832088832755150104196188
0.00198199179841488347129995518744
0.00198199179841488347129995518744
0.00198084688119026611908555952059
0.00198084688119026611908555952059
0.00197969357406378678986679279482
0.00197969357406378678986679279482
0.00197853188192029231343933490796
0.00197853188192029231343933490796
0.00197736180968014436455546461784
0.00197736180968014436455546461784
0.00197618336229919862267034415732
0.00197618336229919862267034415732
0.00197499654476878378135300082536
0.00197499654476878378135300082536
0.00197380136211568040745091145778
0.00197380136211568040745091145778
0.00197259781940209965009773205205
0.00197259781940209965009773205205
0.00197138592172566179965435081158
0.00197138592172566179965435081158
0.00197016567421937469667407848418
0.00197016567421937469667407848418
0.00196893708205161199098342509434
0.00196893708205161199098342509434
0.00196770015042609125097054700585
0.00196770015042609125097054700585
0.001966454884581851923174082699
0.001966454884581851923174082699
0.00196520128979323314226572970093
0.00196520128979323314226572970093
0.00196393937136985139152054876694
0.00196393937136985139152054876694
0.00196266913465657801386961467172
0.00196266913465657801386961467172
0.00196139058503351657363026582986
0.00196139058503351657363026582986
0.00196010372791598006900983742176
0.00196010372791598006900983742176
0.00195880856875446799547939475201
0.00195880856875446799547939475201
0.00195750511303464326011461520912
0.00195750511303464326011461520912
0.00195619336627730894700159842626
0.00195619336627730894700159842626
0.00195487333403838493380601505878
0.00195487333403838493380601505878
0.0019535450219088843596046349939
0.0019535450219088843596046349939
0.00195220843551488994407890578822
0.00195220843551488994407890578822
0.00195086358051753015817088168628
0.00195086358051753015817088168628
0.00194951046261295524630243270676
0.00194951046261295524630243270676
0.00194814908753231310025929198835
0.00194814908753231310025929198835
0.00194677946104172498484212786284
0.00194677946104172498484212786284
0.0019454015889422611153874549656
0.0019454015889422611153874549656
0.00194401547706991608726182610069
0.00194401547706991608726182610069
0.00194262113129558415743337354707
0.00194262113129558415743337354707
0.00194121855752503437822539502039
0.00194121855752503437822539502039
0.00193980776169888558335730558989
0.00193980776169888558335730558989
0.0019383887497925812263789024884
0.0019383887497925812263789024884
0.00193696152781636407160451494374
0.00193696152781636407160451494374
0.00193552610181525073765423589805
0.00193552610181525073765423589805
0.00193408247786900609371005676636
0.00193408247786900609371005676636
0.00193263066209211750859535021372
0.00193263066209211750859535021372
0.00193117066063376895278676929831
0.00193117066063376895278676929831
0.00192970247967781495346825423513
0.00192970247967781495346825423513
0.00192822612544275440273746047636
0.00192822612544275440273746047636
0.00192674160418170421907554377971
0.00192674160418170421907554377971
0.0019252489221823728621918594405
0.0019252489221823728621918594405
0.00192374808576703370135575389606
0.00192374808576703370135575389606
0.00192223910129249823732824746802
0.00192223910129249823732824746802
0.00192072197515008917800702708762
0.00192072197515008917800702708762
0.00191919671376561336789878744838
0.00191919671376561336789878744838
0.00191766332359933457153357814645
0.00191766332359933457153357814645
0.00191612181114594611093643299959
0.00191612181114594611093643299959
0.00191457218293454335727217587775
0.00191457218293454335727217587775
0.0019130144455285960767799150297
0.0019130144455285960767799150297
0.00191144860552592063111435504807
0.00191144860552592063111435504807
0.00190987466955865203221167227681
0.00190987466955865203221167227681
0.001908292644293215851798315628
0.001908292644293215851798315628
0.00190670253643029998566171043716
0.00190670253643029998566171043716
0.0019051043527048262728024581433
0.0019051043527048262728024581433
0.00190349809988592196958823923177
0.00190349809988592196958823923177
0.00190188378477689107903024101986
0.00190188378477689107903024101986
0.00190026141421518553530354549539
0.00190026141421518553530354549539
0.0018986309950723762436335255348
0.0018986309950723762436335255348
0.00189699253425412397567091042602
0.00189699253425412397567091042602
0.00189534603870015012047879370139
0.00189534603870015012047879370139
0.00189369151538420729125546784285
0.00189369151538420729125546784285
0.00189202897131404978791758145473
0.00189202897131404978791758145473
0.00189035841353140391566872500476
0.00189035841353140391566872500476
0.00188867984911193815967916120937
0.00188867984911193815967916120937
0.00188699328516523321600302558252
0.00188699328516523321600302558252
0.0018852987288347518788599315753
0.0018852987288347518788599315753
0.00188359618729780878440852310383
0.00188359618729780878440852310383
0.00188188566776554001114012509329
0.00188188566776554001114012509329
0.0018801671774828725370212499532
0.0018801671774828725370212499532
0.001878440723728493553514324641
0.001878440723728493553514324641
0.00187670631381481963660660916542
0.00187670631381481963660660916542
0.00187496395508796577497788302434
0.00187496395508796577497788302434
0.00187321365492771425543808116262
0.00187321365492771425543808116262
0.00187145542074748340576666557031
0.00187145542074748340576666557031
0.00186968925999429619508612261827
0.00186968925999429619508612261827
0.00186791518014874869190257964436
0.00186791518014874869190257964436
0.00186613318872497837994713715607
0.00186613318872497837994713715607
0.00186434329327063233195211530214
0.00186434329327063233195211530214
0.00186254550136683524149701498454
0.00186254550136683524149701498454
0.00186073982062815731305959512926
0.00186073982062815731305959512926
0.00185892625870258201040806820879
0.00185892625870258201040806820879
0.00185710482327147366347101610681
0.00185710482327147366347101610681
0.00185527552204954493382222783534
0.00185527552204954493382222783534
0.00185343836278482413891825945252
0.00185343836278482413891825945252
0.00185159335325862243522711478417
0.00185159335325862243522711478417
0.00184974050128550086038704322045
0.00184974050128550086038704322045
0.00184787981471323723453504793891
0.00184787981471323723453504793891
0.00184601130142279292094529439334
0.00184601130142279292094529439334
0.00184413496932827944611820480296
0.00184413496932827944611820480296
0.00184225082637692497946161967457
0.00184225082637692497946161967457
0.00184035888054904067270600208984
0.00184035888054904067270600208984
0.00183845913985798685919625458854
0.00183845913985798685919625458854
0.00183655161235013911320331197226
0.00183655161235013911320331197226
0.00183463630610485416939926624185
0.00183463630610485416939926624185
0.00183271322923443570264037216043
0.00183271322923443570264037216043
0.00183078238988409996820287360178
0.00183078238988409996820287360178
0.00182884379623194130261718189784
0.00182884379623194130261718189784
0.00182689745648889748524652783615
0.00182689745648889748524652783615
0.00182494337889871496075679877712
0.00182494337889871496075679877712
0.00182298157173791392262486155769
0.00182298157173791392262486155769
0.00182101204331575325783326042143
0.00182101204331575325783326042143
0.001819034801974195352899767162
0.001819034801974195352899767162
0.00181704985608787076139084798476
0.00181704985608787076139084798476
0.00181505721406404273306869827805
0.00181505721406404273306869827805
0.00181305688434257160482208253846
0.00181305688434257160482208253846
0.00181104887539587905353180211065
0.00181104887539587905353180211065
0.00180903319572891221102219818018
0.00180903319572891221102219818018
0.00180700985387910764125068159403
0.00180700985387910764125068159403
0.00180497885841635517988786457594
0.00180497885841635517988786457594
0.00180294021794296163644145225043
0.00180294021794296163644145225043
0.00180089394109361435907763408646
0.00180089394109361435907763408646
0.00179884003653534466229429691873
0.00179884003653534466229429691873
0.00179677851296749111760096209714
0.00179677851296749111760096209714
0.00179470937912166270736092955161
0.00179470937912166270736092955161
0.00179263264376170184195169113807
0.00179263264376170184195169113807
0.00179054831568364724040025454821
0.00179054831568364724040025454821
0.0017884564037156966746505973195
0.0017884564037156966746505973195
0.00178635691671816957762104807
0.00178635691671816957762104807
0.00178424986358346951520996900161
0.00178424986358346951520996900161
0.00178213525323604652240868996439
0.00178213525323604652240868996439
0.00178001309463235930368121995007
0.00178001309463235930368121995007
0.00177788339676083729777083678232
0.00177788339676083729777083678232
0.00177574616864184260709422999348
0.00177574616864184260709422999348
0.00177360141932763179188444541825
0.00177360141932763179188444541825
0.00177144915790231752924445289316
0.00177144915790231752924445289316
0.00176928939348183013727373062336
0.00176928939348183013727373062336
0.00176712213521387896443083126336
0.00176712213521387896443083126336
0.00176494739227791364429546555278
0.00176494739227791364429546555278
0.00176276517388508521589420945056
0.00176276517388508521589420945056
0.00176057548927820710975451011781
0.00176057548927820710975451011781
0.00175837834773171599985223480908
0.00175837834773171599985223480908
0.0017561737585516325216185747416
0.0017561737585516325216185747416
0.00175396173107552185617268331885
0.00175396173107552185617268331885
0.00175174227467245418094699468814
0.00175174227467245418094699468814
0.00174951539874296498687273450677
0.00174951539874296498687273450677
0.00174728111271901526229369997761
0.00174728111271901526229369997761
0.00174503942606395154377695068917
0.00174503942606395154377695068917
0.00174279034827246583398961555476
0.00174279034827246583398961555476
0.00174053388887055538681158418882
0.00174053388887055538681158418882
0.00173827005741548235985441338234
0.00173827005741548235985441338234
0.00173599886349573333455734094217
0.00173599886349573333455734094217
0.00173372031673097870403186003774
0.00173372031673097870403186003774
0.00173143442677203192882686735145
0.00173143442677203192882686735145
0.00172914120330080866078695775303
0.00172914120330080866078695775303
0.00172684065603028573517699691141
0.00172684065603028573517699691141
0.00172453279470446003124666121744
0.00172453279470446003124666121744
0.00172221762909830720140919161501
0.00172221762909830720140919161501
0.00171989516901774026920916442441
0.00171989516901774026920916442441
0.00171756542429956809625463798737
0.00171756542429956809625463798737
0.00171522840481145371828958896647
0.00171522840481145371828958896647
0.00171288412045187255058310638955
0.00171288412045187255058310638955
0.00171053258115007046281236504021
0.00171053258115007046281236504021
0.00170817379686602172361695255643
0.00170817379686602172361695255643
0.00170580777759038681500267660773
0.00170580777759038681500267660773
0.00170343453334447011677352977591
0.00170343453334447011677352977591
0.00170105407418017746117104026139
0.00170105407418017746117104026139
0.00169866641017997355790078627564
0.00169866641017997355790078627564
0.00169627155145683928972640095725
0.00169627155145683928972640095725
0.00169386950815422887881194286172
0.00169386950815422887881194286172
0.00169146029044602692399405452261
0.00169146029044602692399405452261
0.00168904390853650530916587825986
0.00168904390853650530916587825986
0.00168662037266027998295524431894
0.00168662037266027998295524431894
0.0016841896930822676098801915595
0.0016841896930822676098801915595
0.00168175188009764209316542527128
0.00168175188009764209316542527128
0.00167930694403179096940386027717
0.00167930694403179096940386027717
0.00167685489524027167524794028465
0.00167685489524027167524794028465
0.00167439574410876768631596646699
0.00167439574410876768631596646699
0.00167192950105304452849920948988
0.00167192950105304452849920948988
0.00166945617651890566185611964794
0.00166945617651890566185611964794
0.00166697578098214823728048943413
0.00166697578098214823728048943413
0.00166448832494851872613096173287
0.00166448832494851872613096173287
0.00166199381895366842300981490145
0.00166199381895366842300981490145
0.00165949227356310882187949328233
0.00165949227356310882187949328233
0.00165698369937216686570588816836
0.00165698369937216686570588816836
0.00165446810700594006981790992233
0.00165446810700594006981790992233
0.00165194550711925151917342682824
0.00165194550711925151917342682824
0.0016494159103966047397221803232
0.0016494159103966047397221803232
0.00164687932755213844405681952259
0.00164687932755213844405681952259
0.00164433576932958115154373040552
0.00164433576932958115154373040552
0.00164178524650220568312586667009
0.00164178524650220568312586667009
0.00163922776987278353099032009629
0.00163922776987278353099032009629
0.00163666335027353910329389826646
0.00163666335027353910329389826646
0.00163409199856610384414050668682
0.00163409199856610384414050668682
0.00163151372564147022900466072581
0.00163151372564147022900466072581
0.00162892854241994563579598033509
0.00162892854241994563579598033509
0.00162633645985110609176004724285
0.00162633645985110609176004724285
0.00162373748891374989641153020602
0.00162373748891374989641153020602
0.00162113164061585112069600897506
0.00162113164061585112069600897506
0.00161851892599451298257745185956
0.00161851892599451298257745185956
0.0016158993561159210992488251843
0.0016158993561159210992488251843
0.0016132729420752966161638354892
0.0016132729420752966161638354892
0.00161063969499684921308832705274
0.00161063969499684921308832705274
0.00160799962603372998737037820301
0.00160799962603372998737037820301
0.00160535274636798421462865992271
0.00160535274636798421462865992271
0.00160269906721050398705913945071
0.00160269906721050398705913945071
0.0016000385998009807295607299322
0.0016000385998009807295607299322
0.0015973713554078575938810046686
0.0015973713554078575938810046686
0.00159469734532828173098361116657
0.00159469734532828173098361116657
0.00159201658088805644183953597861
0.00159201658088805644183953597861
0.00158932907344159320684488626531
0.00158932907344159320684488626531
0.00158663483437186359406836808865
0.00158663483437186359406836808865
0.00158393387509035104653215466368
0.00158393387509035104653215466368
0.00158122620703700254873035015206
0.00158122620703700254873035015206
0.00157851184168018017258976607158
0.00157851184168018017258976607158
0.00157579079051661250307823801951
0.00157579079051661250307823801951
0.00157306306507134594366622016218
0.00157306306507134594366622016218
0.00157032867689769590184790382616
0.00157032867689769590184790382616
0.00156758763757719785492861453623
0.00156758763757719785492861453623
0.00156483995871955829628574897868
0.00156483995871955829628574897868
0.00156208565196260556231101962498
0.00156208565196260556231101962498
0.00155932472897224054024228012648
0.00155932472897224054024228012648
0.00155655720144238725709370908477
0.00155655720144238725709370908477
0.00155378308109494334989363341189
0.00155378308109494334989363341189
0.0015510023796797304174397752176
0.0015510023796797304174397752176
0.00154821510897444425378220799588
0.00154821510897444425378220799588
0.00154542128078460496364480882627
0.00154542128078460496364480882627
0.00154262090694350695999649335728
0.00154262090694350695999649335728
0.00153981399931216884398401949514
0.00153981399931216884398401949514
0.0015370005697792831674386439804
0.0015370005697792831674386439804
0.00153418063026116607816941339511
0.00153418063026116607816941339511
0.00153135419270170684825636760208
0.00153135419270170684825636760208
0.00152852126907231728555742917345
0.00152852126907231728555742917345
0.00152568187137188102864324701557
0.00152568187137188102864324701557
0.00152283601162670272537475614021
0.00152283601162670272537475614021
0.0015199837018904570953387083648
0.0015199837018904570953387083648
0.00151712495424413787635692064559
0.00151712495424413787635692064559
0.00151425978079600665528547875538
0.00151425978079600665528547875538
0.00151138819368154158332062410888
0.00151138819368154158332062410888
0.00150851020506338597602854071222
0.00150851020506338597602854071222
0.00150562582713129679831674746724
0.00150562582713129679831674746724
0.00150273507210209303456528839223
0.00150273507210209303456528839223
0.00149983795221960394413639972843
0.00149983795221960394413639972843
0.00149693447975461720248181838285
0.00149693447975461720248181838285
0.00149402466700482692806738071065
0.00149402466700482692806738071065
0.00149110852629478159533504426312
0.00149110852629478159533504426312
0.00148818606997583183392294781739
0.00148818606997583183392294781739
0.00148525731042607811436460675997
0.00148525731042607811436460675997
0.00148232226005031832048882171542
0.00148232226005031832048882171542
0.00147938093127999520874235819244
0.00147938093127999520874235819244
0.00147643333657314375465793396005
0.00147643333657314375465793396005
0.00147347948841433838669052886417
0.00147347948841433838669052886417
0.0014705193993146401076455088485
0.0014705193993146401076455088485
0.00146755308181154350392253204976
0.00146755308181154350392253204976
0.00146458054846892364279967999597
0.00146458054846892364279967999597
0.00146160181187698285798273114329
0.00146160181187698285798273114329
0.00145861688465219742364496724222
0.00145861688465219742364496724222
0.00145562577943726411718337532377
0.00145562577943726411718337532377
0.00145262850890104667091757944007
0.00145262850890104667091757944007
0.00144962508573852211295830667833
0.00144962508573852211295830667833
0.00144661552267072699747266139195
0.00144661552267072699747266139195
0.00144359983244470352457395005358
0.00144359983244470352457395005358
0.00144057802783344555006426663262
0.00144057802783344555006426663262
0.00143755012163584448525851492973
0.00143755012163584448525851492973
0.00143451612667663508711900986303
0.00143451612667663508711900986303
0.00143147605580634113893026429218
0.00143147605580634113893026429218
0.00142842992190122102174403158538
0.00142842992190122102174403158538
0.00142537773786321317682513677885
0.00142537773786321317682513677885
0.00142231951661988145932909084646
0.00142231951661988145932909084646
0.00141925527112436038344294328696
0.00141925527112436038344294328696
0.00141618501435530025922128794558
0.00141618501435530025922128794558
0.00141310875931681222134979571405
0.00141310875931681222134979571405
0.00141002651903841315006910549584
0.00141002651903841315006910549584
0.00140693830657497048449236158058
0.00140693830657497048449236158058
0.00140384413500664692855014133995
0.00140384413500664692855014133995
0.00140074401743884504979697193634
0.00140074401743884504979697193634
0.00139763796700215177131408852239
0.00139763796700215177131408852239
0.0013945259968522827569435392022
0.0013945259968522827569435392022
0.00139140812017002669008919382258
0.00139140812017002669008919382258
0.00138828435016118944632066446183
0.00138828435016118944632066446183
0.00138515470005653816001659528375
0.00138515470005653816001659528375
0.00138201918311174518528422822277
0.00138201918311174518528422822277
0.00137887781260733195139259876132
0.00137887781260733195139259876132
0.00137573060184861271295716285006
0.00137573060184861271295716285006
0.00137257756416563819511410180441
0.00137257756416563819511410180441
0.00136941871291313913392299678405
0.00136941871291313913392299678405
0.00136625406147046971223700822468
0.00136625406147046971223700822468
0.00136308362324155089128013834117
0.00136308362324155089128013834117
0.00135990741165481363817159655601
0.00135990741165481363817159655601
0.00135672544016314204963772842543
0.00135672544016314204963772842543
0.00135353772224381637215240833574
0.00135353772224381637215240833574
0.00135034427139845591874723492184
0.00135034427139845591874723492184
0.00134714510115296188273330581748
0.00134714510115296188273330581748
0.00134394022505746004857678498058
0.00134394022505746004857678498058
0.00134072965668624340017091144408
0.00134072965668624340017091144408
0.00133751340963771462674753292324
0.00133751340963771462674753292324
0.00133429149753432852667168126045
0.00133429149753432852667168126045
0.00133106393402253430936313920765
0.00133106393402253430936313920765
0.00132783073277271779558937953236
0.00132783073277271779558937953236
0.00132459190747914351637468788414
0.00132459190747914351637468788414
0.00132134747185989671077071027205
0.00132134747185989671077071027205
0.00131809743965682522273409437917
0.00131809743965682522273409437917
0.00131484182463548129735732127498
0.00131484182463548129735732127498
0.0013115806405850632766992503786
0.0013115806405850632766992503786
0.00130831390131835719546232577483
0.00130831390131835719546232577483
0.00130504162067167827676381618684
0.00130504162067167827676381618684
0.00130176381250481232824888406464
0.00130176381250481232824888406464
0.0012984804907009570387937013535
0.0012984804907009570387937013535
0.00129519166916666317604725056057
0.00129519166916666317604725056057
0.00129189736183177568506086973929
0.00129189736183177568506086973929
0.00128859758264937468825501895683
0.00128859758264937468825501895683
0.00128529234559571638697316369987
0.00128529234559571638697316369987
0.00128198166467017386487308750506
0.00128198166467017386487308750506
0.00127866555389517779340636187159
0.00127866555389517779340636187159
0.00127534402731615703963711622267
0.00127534402731615703963711622267
0.00127201709900147917665166432804
0.00127201709900147917665166432804
0.00126868478304239089681095618023
0.00126868478304239089681095618023
0.00126534709355295832809823582999
0.00126534709355295832809823582999
0.00126200404467000725381469613066
0.00126200404467000725381469613066
0.00125865565055306323587633071497
0.00125865565055306323587633071497
0.0012553019253842916419655918288
0.0012553019253842916419655918288
0.00125194288336843757679186987374
0.00125194288336843757679186987374
0.00124857853873276571771521666182
0.00124857853873276571771521666182
0.00124520890572700005498813945935
0.00124520890572700005498813945935
0.00124183399862326353687069689208
0.00124183399862326353687069689208
0.00123845383171601761987453069707
0.00123845383171601761987453069707
0.00123506841932200172439186913828
0.00123506841932200172439186913828
0.00123167777578017259596593864958
0.00123167777578017259596593864958
0.00122828191545164357245961992972
0.00122828191545164357245961992972
0.00122488085271962375737958328696
0.00122488085271962375737958328696
0.00122147460198935709961353551495
0.00122147460198935709961353551495
0.001218063177688061379838606974
0.001218063177688061379838606974
0.00121464659426486710385930285198
0.00121464659426486710385930285198
0.00121122486619075630313383678463
0.00121122486619075630313383678463
0.00120779800795850124274805812464
0.00120779800795850124274805812464
0.00120436603408260303709657616064
0.00120436603408260303709657616064
0.00120092895909923017353107549962
0.00120092895909923017353107549962
0.00119748679756615694423620663789
0.00119748679756615694423620663789
0.00119403956406270178659382445419
0.00119403956406270178659382445419
0.00119058727318966553229673496323
0.00119058727318966553229673496323
0.00118712993956926956547349716626
0.00118712993956926956547349716626
0.00118366757784509389008621222649
0.00118366757784509389008621222649
0.00118020020268201510686361647843
0.00118020020268201510686361647843
0.00117672782876614430003217795184
0.00117672782876614430003217795184
0.00117325047080476483410827814883
0.00117325047080476483410827814883
0.00116976814352627006101494175769
0.00116976814352627006101494175769
0.00116628086168010093778695681541
0.00116628086168010093778695681541
0.00116278864003668355512860654296
0.00116278864003668355512860654296
0.00115929149338736657708861166979
0.00115929149338736657708861166979
0.00115578943654435859211725853668
0.00115578943654435859211725853668
0.00115228248434066537577106361625
0.00115228248434066537577106361625
0.00114877065163002706533069931761
0.00114877065163002706533069931761
0.00114525395328685524659827904287
0.00114525395328685524659827904287
0.00114173240420616995314047143867
0.00114173240420616995314047143867
0.00113820601930353657824428463226
0.00113820601930353657824428463226
0.0011346748135150026998527309588
0.0011346748135150026998527309588
0.00113113880179703481874795127196
0.00113113880179703481874795127196
0.00112759799912645501024974538256
0.00112759799912645501024974538256
0.00112405242050037748969782148805
0.00112405242050037748969782148805
0.00112050208093614509198644263809
0.00112050208093614509198644263809
0.00111694699547126566542051232575
0.00111694699547126566542051232575
0.0011133871791633483801625041998
0.0011133871791633483801625041998
0.00110982264709003995154000265851
0.00110982264709003995154000265851
0.00110625341434896077848398170844
0.00110625341434896077848398170844
0.00110267949605764099736830895109
0.00110267949605764099736830895109
0.00109910090735345645152131989473
0.00109910090735345645152131989473
0.00109551766339356457668066497661
0.00109551766339356457668066497661
0.00109192977935484020266298772049
0.00109192977935484020266298772049
0.00108833727043381127152034734472
0.00108833727043381127152034734472
0.00108474015184659447245565287545
0.00108474015184659447245565287545
0.00108113843882883079376972840633
0.00108113843882883079376972840633
0.00107753214663562099211298057909
0.00107753214663562099211298057909
0.00107392129054146097931498963672
0.00107392129054146097931498963672
0.00107030588584017712706569452198
0.00107030588584017712706569452198
0.00106668594784486148972219045625
0.00106668594784486148972219045625
0.00106306149188780694551550423659
0.00106306149188780694551550423659
0.00105943253332044225643205813039
0.00105943253332044225643205813039
0.00105579908751326704704487772645
0.00105579908751326704704487772645
0.00105216116985578670256994241606
0.00105216116985578670256994241606
0.00104851879575644718642341932778
0.00104851879575644718642341932778
0.00104487198064256977755586252248
0.00104487198064256977755586252248
0.00104122073996028572783979907023
0.00104122073996028572783979907023
0.00103756508917447083978746227589
0.00103756508917447083978746227589
0.00103390504376867996487576979479
0.00103390504376867996487576979479
0.00103024061924508142275598068197
0.00103024061924508142275598068197
0.00102657183112439134162580054721
0.00102657183112439134162580054721
0.00102289869494580792004203794134
0.00102289869494580792004203794134
0.00101922122626694561045224787693
0.00101922122626694561045224787693
0.00101553944066376922472412998574
0.00101553944066376922472412998574
0.00101185335373052796195177923609
0.00101185335373052796195177923609
0.00100816298107968935881821637355
0.00100816298107968935881821637355
0.00100446833834187316279395330709
0.00100446833834187316279395330709
0.00100076944116578512845167553855
0.00100076944116578512845167553855
0.00099706630521815073717744942506
0.00099706630521815073717744942506
0.00099335894618364884055918657002
0.00099335894618364884055918657002
0.00098964737976484522773342095779
0.00098964737976484522773342095779
0.00098593162168212611697177657859
0.00098593162168212611697177657859
0.00098221168767363157178882423251
0.00098221168767363157178882423251
0.00097848759349518884185334595299
0.00097848759349518884185334595299
0.00097475935492024562898534405055
0.00097475935492024562898534405055
0.00097102698773980327852144914445
0.00097102698773980327852144914445
0.00096729050776234989633169772335
0.00096729050776234989633169772335
0.00096354993081379339177096475364
0.00096354993081379339177096475364
0.00095980527273739444684865063577
0.00095980527273739444684865063577
0.00095605654939369941190053439265
0.00095605654939369941190053439265
0.00095230377666047312804701635935
0.00095230377666047312804701635935
0.0009485469704326316767222838286
0.0009485469704326316767222838286
0.00094478614662217505655924209102
0.00094478614662217505655924209102
0.00094102132115811978791536109129
0.00094102132115811978791536109129
0.00093725250998643144532489450066
0.00093725250998643144532489450066
0.0009334797290699571181632333812
0.0009334797290699571181632333812
0.0009297029943883577998094607874
0.0009297029943883577998094607874
0.0009259223219380407055934766134
0.0009259223219380407055934766134
0.0009221377277320915198143637523
0.0009221377277320915198143637523
0.00091834922780020657211696718
0.00091834922780020657211696718
0.0009145568381886249435139569179
0.0009145568381886249435139569179
0.0009107605749600605023409439543
0.0009107605749600605023409439543
0.0009069604541936338704325151269
0.0009069604541936338704325151269
0.0009031564919848043198073486709
0.0009031564919848043198073486709
0.0008993487044453016001508666337
0.0008993487044453016001508666337
0.0008955371077030576973841736362
0.0008955371077030576973841736362
0.0008917217179021385236083235267
0.0008917217179021385236083235267
0.0008879025512026755387132463249
0.0008879025512026755387132463249
0.0008840796237807973039409574874
0.0008840796237807973039409574874
0.0008802529518285609676929599468
0.0008802529518285609676929599468
0.0008764225515538836838720365759
0.0008764225515538836838720365759
0.0008725884391804739630489167147
0.0008725884391804739630489167147
0.0008687506309477629567445851626
0.0008687506309477629567445851626
0.0008649091431108356751192855847
0.0008649091431108356751192855847
0.0008610639919403621383595526115
0.0008610639919403621383595526115
0.0008572151937225284620548880158
0.0008572151937225284620548880158
0.0008533627647589678768559762438
0.0008533627647589678768559762438
0.0008495067213666916827066132398
0.0008495067213666916827066132398
0.0008456470798780201379417999581
0.0008456470798780201379417999581
0.0008417838566405132835447281755
0.0008417838566405132835447281755
0.0008379170680169017028556612307
0.0008379170680169017028556612307
0.0008340467303850172170259860975
0.0008340467303850172170259860975
0.0008301728601377235165109857654
0.0008301728601377235165109857654
0.0008262954736828467288951522448
0.0008262954736828467288951522448
0.0008224145874431059233441306379
0.0008224145874431059233441306379
0.0008185302178560435519776536188
0.0008185302178560435519776536188
0.0008146423813739558284580933519
0.0008146423813739558284580933519
0.0008107510944638230440895243404
0.0008107510944638230440895243404
0.0008068563736072398217224559446
0.0008068563736072398217224559446
0.0008029582353003453077596573365
0.0008029582353003453077596573365
0.0007990566960537533025587604712
0.0007990566960537533025587604712
0.0007951517723924823295275882476
0.0007951517723924823295275882476
0.0007912434808558856432084154171
0.0007912434808558856432084154171
0.0007873318379975811766476289617
0.0007873318379975811766476289617
0.0007834168603853814283475126236
0.0007834168603853814283475126236
0.0007794985646012232890971370112
0.0007794985646012232890971370112
0.0007755769672410978089795922481
0.0007755769672410978089795922481
0.0007716520849149799048530544591
0.0007716520849149799048530544591
0.0007677239342467580086034305212
0.0007677239342467580086034305212
0.0007637925318741636564665774311
0.0007637925318741636564665774311
0.0007598578944487010197183433723
0.0007598578944487010197183433723
0.0007559200386355763770309270988
0.0007559200386355763770309270988
0.0007519789811136275287943005964
0.0007519789811136275287943005964
0.0007480347385752531537016871362
0.0007480347385752531537016871362
0.0007440873277263421078983328099
0.0007440873277263421078983328099
0.0007401367652862026669930544263
0.0007401367652862026669930544263
0.0007361830679874917112322902705
0.0007361830679874917112322902705
0.0007322262525761438541366226766
0.0007322262525761438541366226766
0.0007282663358113005148999826517
0.0007282663358113005148999826517
0.0007243033344652389348519869233
0.0007243033344652389348519869233
0.0007203372653233011382840967624
0.0007203372653233011382840967624
0.0007163681451838228379405257778
0.0007163681451838228379405257778
0.0007123959908580622854750605822
0.0007123959908580622854750605822
0.000708420819170129067175193816
0.000708420819170129067175193816
0.0007044426469569128452552034839
0.0007044426469569128452552034839
0.0007004614910680120450200459206
0.0007004614910680120450200459206
0.0006964773683656624882021619786
0.0006964773683656624882021619786
0.0006924902957246659727735272198
0.0006924902957246659727735272198
0.0006885002900323187995355070201
0.0006885002900323187995355070201
0.0006845073681883402457893065684
0.0006845073681883402457893065684
0.0006805115471048009863900337812
0.0006805115471048009863900337812
0.0006765128437060514624876201725
0.0006765128437060514624876201725
0.000672511274928650198258070738
0.000672511274928650198258070738
0.0006685068577212920659287389545
0.0006685068577212920659287389545
0.0006644996090447364994015470772
0.0006644996090447364994015470772
0.0006604895458717356567782950702
0.0006604895458717356567782950702
0.0006564766851869625320924237459
0.0006564766851869625320924237459
0.0006524610439869390165518190581
0.0006524610439869390165518190581
0.0006484426392799639095974650073
0.0006484426392799639095974650073
0.0006444214880860408800829723242
0.0006444214880860408800829723242
0.0006403976074368063778802290201
0.0006403976074368063778802290201
0.0006363710143754574962166370852
0.0006363710143754574962166370852
0.0006323417259566797850496171075
0.0006323417259566797850496171075
0.0006283097592465750157842794332
0.0006283097592465750157842794332
0.0006242751313225888976403767422
0.0006242751313225888976403767422
0.0006202378592734387459748686186
0.0006202378592734387459748686186
0.0006161979601990411028666439358
0.0006161979601990411028666439358
0.0006121554512104393102701616867
0.0006121554512104393102701616867
0.0006081103494297310360449853752
0.0006081103494297310360449853752
0.0006040626719899957531684002986
0.0006040626719899957531684002986
0.0006000124360352221724385170976
0.0006000124360352221724385170976
0.0005959596587202356289754789106
0.0005959596587202356289754789106
0.000591904357210625422828603456
0.000591904357210625422828603456
0.0005878465486826721139975054903
0.0005878465486826721139975054903
0.0005837862503232747721754594666
0.0005837862503232747721754594666
0.0005797234793298781815234769998
0.0005797234793298781815234769998
0.0005756582529104000007837890596
0.0005756582529104000007837890596
0.000571590588283157879041638839
0.000571590588283157879041638839
0.0005675205026767965274445081554
0.0005675205026767965274445081554
0.0005634480133302147471881182278
0.0005634480133302147471881182278
0.0005593731374924924140787649578
0.0005593731374924924140787649578
0.0005552958924228174199817696545
0.0005552958924228174199817696545
0.0005512162953904125714660487487
0.0005512162953904125714660487487
0.0005471343636744624459550307212
0.0005471343636744624459550307212
0.0005430501145640402056943755413
0.0005430501145640402056943755413
0.0005389635653580343698471817243
0.0005389635653580343698471817243
0.0005348747333650755450275990447
0.0005348747333650755450275990447
0.000530783635903463114584001418
0.000530783635903463114584001418
0.0005266902903010918869431149474
0.0005266902903010918869431149474
0.0005225947138953787033267411399
0.0005225947138953787033267411399
0.0005184969240331890051529654017
0.0005184969240331890051529654017
0.0005143969380707633614339967496
0.0005143969380707633614339967496
0.000510294773373643956483046934
0.000510294773373643956483046934
0.0005061904473166010382429266198
0.0005061904473166010382429266198
0.0005020839772835593275493137904
0.0005020839772835593275493137904
0.0004979753806675243886419360647
0.0004979753806675243886419360647
0.0004938646748705089612372052266
0.0004938646748705089612372052266
0.000489751877303459254476150126
0.000489751877303459254476150126
0.0004856370053861812030618145416
0.0004856370053861812030618145416
0.0004815200765472666859006210656
0.0004815200765472666859006210656
0.0004774011082240197075625522035
0.0004774011082240197075625522035
0.0004732801178623825428753675127
0.0004732801178623825428753675127
0.0004691571229168618449684627558
0.0004691571229168618449684627558
0.0004650321408504547170823860158
0.0004650321408504547170823860158
0.0004609051891345747484604590382
0.0004609051891345747484604590382
0.0004567762852489780146394126123
0.0004567762852489780146394126123
0.0004526454466816890424564357699
0.0004526454466816890424564357699
0.000448512690928926740090563575
0.000448512690928926740090563575
0.0004443780354950302924568913485
0.0004443780354950302924568913485
0.0004402414978923850222727088727
0.0004402414978923850222727088727
0.0004361030956413482171153015826
0.0004361030956413482171153015826
0.0004319628462701749227918727641
0.0004319628462701749227918727641
0.0004278207673149437033428078748
0.0004278207673149437033428078748
0.0004236768763194823680003366656
0.0004236768763194823680003366656
0.0004195311908352936654255591716
0.0004195311908352936654255591716
0.0004153837284214809455477973205
0.0004153837284214809455477973205
0.0004112345066446737893313256237
0.0004112345066446737893313256237
0.000407083543078953606795734358
0.000407083543078953606795734358
0.0004029308553057792036175006916
0.0004029308553057792036175006916
0.0003987764609139123166418031495
0.0003987764609139123166418031495
0.0003946203774993431186352306485
0.0003946203774993431186352306485
0.0003904626226652156926118296288
0.0003904626226652156926118296288
0.0003863032140217534760669250566
0.0003863032140217534760669250566
0.0003821421691861846754553701789
0.0003821421691861846754553701789
0.0003779795057826676512533567123
0.0003779795057826676512533567123
0.0003738152414422162739456870583
0.0003738152414422162739456870583
0.0003696493938026252512835138586
0.0003696493938026252512835138586
0.0003654819805083954271610366261
0.0003654819805083954271610366261
0.0003613130192106590524635643696
0.0003613130192106590524635643696
0.0003571425275671050282437695353
0.0003571425275671050282437695353
0.0003529705232419041215879444754
0.0003529705232419041215879444754
0.0003487970239056341545397107722
0.0003487970239056341545397107722
0.0003446220472352051664550213197
0.0003446220472352051664550213197
0.0003404456109137845501695481567
0.0003404456109137845501695481567
0.0003362677326307221623677973703
0.0003362677326307221623677973703
0.00033208843008147540855268968
0.00033208843008147540855268968
0.0003279077209675343030250713111
0.0003279077209675343030250713111
0.000323725622996346504294885061
0.000323725622996346504294885061
0.0003195421538812423263597832254
0.0003195421538812423263597832254
0.0003153573313413597263030930065
0.0003153573313413597263030930065
0.0003111711731015692686815938079
0.0003111711731015692686815938079
0.0003069836968923990671949391046
0.0003069836968923990671949391046
0.0003027949204499597041532323433
0.0003027949204499597041532323433
0.0002986048615158691282878147521
0.0002986048615158691282878147521
0.0002944135378371775314834185858
0.0002944135378371775314834185858
0.0002902209671662922050482872442
0.0002902209671662922050482872442
0.0002860271672609023761836256413
0.0002860271672609023761836256413
0.0002818321558839040253659718906
0.0002818321558839040253659718906
0.0002776359508033246854171575966
0.0002776359508033246854171575966
0.0002734385697922482231081133155
0.0002734385697922482231081133155
0.0002692400306287396042268871176
0.0002692400306287396042268871176
0.0002650403510957696431403092746
0.0002650403510957696431403092746
0.0002608395489811397379957063645
0.0002608395489811397379957063645
0.0002566376420774065928475365623
0.0002566376420774065928475365623
0.0002524346481818069281581717955
0.0002524346481818069281581717955
0.0002482305850961821813176656406
0.0002482305850961821813176656406
0.00024402547062690319906082182
0.00024402547062690319906082182
0.0002398193225847949239393585674
0.0002398193225847949239393585674
0.000235612158785061077342521532
0.000235612158785061077342521532
0.0002314039970472088419636381242
0.0002314039970472088419636381242
0.0002271948551949735470984132626
0.0002271948551949735470984132626
0.0002229847510562433607527342071
0.0002229847510562433607527342071
0.0002187737024629839932578611962
0.0002187737024629839932578611962
0.0002145617272511634179699997405
0.0002145617272511634179699997405
0.0002103488432606766157084682901
0.0002103488432606766157084682901
0.0002061350683352703509117062683
0.0002061350683352703509117062683
0.0002019204203224679891267297506
0.0002019204203224679891267297506
0.0001977049170734943674768724875
0.0001977049170734943674768724875
0.0001934885764432007322799324451
0.0001934885764432007322799324451
0.0001892714162899897611505621673
0.0001892714162899897611505621673
0.0001850534544757406908946758048
0.0001850534544757406908946758048
0.0001808347088657345775228279561
0.0001808347088657345775228279561
0.0001766151973285797210811727843
0.0001766151973285797210811727843
0.0001723949377361372961302235484
0.0001723949377361372961302235484
0.0001681739479634472391370938527
0.0001681739479634472391370938527
0.0001639522458886544575169700787
0.0001639522458886544575169700787
0.0001597298493929354425528670701
0.0001597298493929354425528670701
0.0001555067763604253912864634311
0.0001555067763604253912864634311
0.0001512830446781459725568365005
0.0001512830446781459725568365005
0.0001470586722359339122285578247
0.0001470586722359339122285578247
0.0001428336769263706258694622788
0.0001428336769263706258694622788
0.000138608076644713198743602341
0.000138608076644713198743602341
0.0001343818892888271101287938623
0.0001343818892888271101287938623
0.0001301551327591212319172773001
0.0001301551327591212319172773001
0.0001259278249584858151034027344
0.0001259278249584858151034027344
0.0001216999837922344339425017278
0.0001216999837922344339425017278
0.000117471627168051218685774554
0.000117471627168051218685774554
0.000113242772995945222546402716
0.000113242772995945222546402716
0.0001090134391882145110675762873
0.0001090134391882145110675762873
0.0001047836436594236468395937679
0.0001047836436594236468395937679
0.0001005534043263998490917303687
0.0001005534043263998490917303687
0.0000963227391082555222412160993
0.0000963227391082555222412160993
0.0000920916659264485342542134882
0.0000920916659264485342542134882
0.0000878602027048973521887366225
0.0000878602027048973521887366225
0.000083628367370177203866159334
0.000083628367370177203866159334
0.000079396177851838066710448379
0.000079396177851838066710448379
0.000075163652082909440550613307
0.000075163652082909440550613307
0.000070930808000697720532265083
0.000070930808000697720532265083
0.000066697663548052978865681015
0.000066697663548052978865681015
0.000062464236675409039654957865
0.000062464236675409039654957865
0.000058230545344135879125790156
0.000058230545344135879125790156
0.000053996607532195072514777796
0.000053996607532195072514777796
0.000049762441243994130828675109
0.000049762441243994130828675109
0.000045528064528239132634587259
0.000045528064528239132634587259
0.000041293495511818236643368116
0.000041293495511818236643368116
0.000037058752467797181203581057
0.000037058752467797181203581057
0.000032823853961380190910794334
0.000032823853961380190910794334
0.00002858881919026952189488489
0.00002858881919026952189488489
0.000024353668865302226216763632
0.000024353668865302226216763632
0.000020118427817658711817527679
0.000020118427817658711817527679
0.000015883134262027271551961614
0.000015883134262027271551961614
0.00001164788261813758532923454
0.00001164788261813758532923454
7.41312547854825609316231e-6
7.41312547854825609316231e-6
3.18459826245303480403233e-6
3.18459826245303480403233e-6