-0.000882221882109493106945713952154
0.000882221882109493106945713952154
-0.00264666289974058059600637701796
0.00264666289974058059600637701796
-0.00441109567761652275842652143601
0.00441109567761652275842652143601
-0.00617551472259572550933069095165
0.00617551472259572550933069095165
-0.0079399145415793488699972412837
0.0079399145415793488699972412837
-0.00970428964152840842397311869064
0.00970428964152840842397311869064
-0.0114686345294808765868425884894
0.0114686345294808765868425884894
-0.0132329437125687836364091794757
0.0132329437125687836364091794757
-0.0149972116980353184500508560923
0.0149972116980353184500508560923
-0.0167614329932519288960093418366
0.0167614329932519288960093418366
-0.0185256021057354218253755947936
0.0185256021057354218253755947936
-0.0202897135431650626115346793184
0.0202897135431650626115346793184
-0.0220537618133996741838346867678
0.0220537618133996741838346867678
-0.0238177414244947355022459327959
0.0238177414244947355022459327959
-0.0255816468847194794197783990711
0.0255816468847194794197783990711
-0.0273454727025739898794272933411
0.0273454727025739898794272933411
-0.029109213386806298392418673561
0.029109213386806298392418673561
-0.0308728634464294797445293193005
0.0308728634464294797445293193005
-0.0326364173907387468772574368547
0.0326364173907387468772574368547
-0.034399869729328544890623353386
0.034399869729328544890623353386
-0.0361632149721096441143820900231
0.0361632149721096441143820900231
-0.0379264476293262321944326041198
0.0379264476293262321944326041198
-0.0396895622115730051412115568275
0.0396895622115730051412115568275
-0.0414525532298122572868626937492
0.0414525532298122572868626937492
-0.0432154151953909700979763237107
0.0432154151953909700979763237107
-0.0449781426200578997906969435937
0.0449781426200578997906969435937
-0.04674073001598066369500078572
0.04674073001598066369500078572
-0.0485031718957628253149489584344
0.0485031718957628253149489584344
-0.0502654627724609780317259103052
0.0502654627724609780317259103052
-0.0520275971596018273962771737277
0.0520275971596018273962771737277
-0.0537895695711992719583647346597
0.0537895695711992719583647346597
-0.055551374521771482578862931737
0.055551374521771482578862931737
-0.0573130065263579801721225100825
0.0573130065263579801721225100825
-0.0590744601005367118252353427377
0.0590744601005367118252353427377
-0.0608357297604411252410373857717
0.0608357297604411252410373857717
-0.0625968100227772414516926517713
0.0625968100227772414516926517713
-0.0643576954048407257497063705457
0.0643576954048407257497063705457
-0.0661183804245339567832210554931
0.0661183804245339567832210554931
-0.0678788596003830937624549091408
0.0678788596003830937624549091408
-0.0696391274515551417241478818835
0.0696391274515551417241478818835
-0.0713991784978750148008867438724
0.0713991784978750148008867438724
-0.0731590072598425974421867413434
0.0731590072598425974421867413434
-0.0749186082586498035342137853908
0.0749186082586498035342137853908
-0.0766779760161976333650376632767
0.0766779760161976333650376632767
-0.0784371050551132283823134697912
0.0784371050551132283823134697912
-0.0801959898987669236902953289281
0.0801959898987669236902953289281
-0.0819546250712892982330935141942
0.0819546250712892982330935141942
-0.083713005097588222611093279196
0.083713005097588222611093279196
-0.085471124503365904477461078742
0.085471124503365904477461078742
-0.0872289778151359314616713945145
0.0872289778151359314616713945145
-0.088986559560240311566995078401
0.088986559560240311566995078401
-0.0907438642668665109888979907964
0.0907438642668665109888979907964
-0.0925008864640644893013067405645
0.0925008864640644893013067405645
-0.094257620681763731957706527872
0.094257620681763731957706527872
-0.0960140614507902800540444507363
0.0960140614507902800540444507363
-0.0977702033028837573004201608451
0.0977702033028837573004201608451
-0.0995260407707143941485544439866
0.0995260407707143941485544439866
-0.101281568387900049022035155231
0.101281568387900049022035155231
-0.103036780689023226596348958824
0.103036780689023226596348958824
-0.104791672209648093075716507535
0.104791672209648093075716507535
-0.106546237486337488413758045956
0.106546237486337488413758045956
-0.108300471056669935425025936875
0.108300471056669935425025936875
-0.110054367459256645734450289435
0.110054367459256645734450289435
-0.111807921233758522511753712148
0.111807921233758522511753712148
-0.113561126920903159937901223112
0.113561126920903159937901223112
-0.115313979062501839350661523774
0.115313979062501839350661523774
-0.117066472201466522016366181398
0.117066472201466522016366181398
-0.118818600881826838474963768926
0.118818600881826838474963768926
-0.120570359648747074405476679142
0.120570359648747074405476679142
-0.122321743048543152958979162948
0.122321743048543152958979162948
-0.124072745628699613506226139117
0.124072745628699613506226139117
-0.12582336193788658674707348497
0.12582336193788658674707348497
-0.127573586525976766128841844179
0.127573586525976766128841844179
-0.129323413944062375520787479074
0.129323413944062375520787479074
-0.131072838744472133091855350593
0.131072838744472133091855350593
-0.132821855480788211338901429149
0.132821855480788211338901429149
-0.134570458707863193212583224329
0.134570458707863193212583224329
-0.136318642981837024288129670295
0.136318642981837024288129670295
-0.13806640286015396092821381708
0.13806640286015396092821381708
-0.13981373290157951438516425563
0.13981373290157951438516425563
-0.14156062766621739078976384633
0.14156062766621739078976384633
-0.143307081715526426973897126875
0.143307081715526426973897126875
-0.145053089612337522074320745687
0.145053089612337522074320745687
-0.146798645920870564864844401545
0.146798645920870564864844401545
-0.148543745206751356764223068652
0.148543745206751356764223068652
-0.150288382037028530467074749039
0.150288382037028530467074749039
-0.152032550980190464145151620841
0.152032550980190464145151620841
-0.153776246606182191166306241666
0.153776246606182191166306241666
-0.155519463486422305278508420831
0.155519463486422305278508420831
-0.157262196193819861206282492756
0.157262196193819861206282492756
-0.159004439302791270606949006127
0.159004439302791270606949006127
-0.160746187389277193334069289583
0.160746187389277193334069289583
-0.162487435030759423955505964607
0.162487435030759423955505964607
-0.164228176806277773473527249895
0.164228176806277773473527249895
-0.165968407296446946194397838803
0.165968407296446946194397838803
-0.16770812108347341169491423238
0.16770812108347341169491423238
-0.169447312751172271833357674967
0.169447312751172271833357674967
-0.171185976884984122752353267423
0.171185976884984122752353267423
-0.172924108071991911821139424484
0.172924108071991911821139424484
-0.174661700900937789464767597764
0.174661700900937789464767597764
-0.176398749962239955827768104175
0.176398749962239955827768104175
-0.17813524984800950221983398125
0.17813524984800950221983398125
-0.179871195152067247291091035775
0.179871195152067247291091035775
-0.181606580469960567884538660317
0.181606580469960567884538660317
-0.183341400398980224513262563607
0.183341400398980224513262563607
-0.185075649538177181410037295208
0.185075649538177181410037295208
-0.186809322488379421096953342517
0.186809322488379421096953342517
-0.188542413852208753422720638681
0.188542413852208753422720638681
-0.19027491823409761901531754365
0.19027491823409761901531754365
-0.192006830240305887097671747037
0.192006830240305887097671747037
-0.193738144478937647614077090824
0.193738144478937647614077090824
-0.195468855559957997615068022138
0.195468855559957997615068022138
-0.197198958095209821848491261233
0.197198958095209821848491261233
-0.198928446698430567504532307432
0.198928446698430567504532307432
-0.200657315985269013062472606082
0.200657315985269013062472606082
-0.202385560573302031186971562402
0.202385560573302031186971562402
-0.204113175082051345621686113516
0.204113175082051345621686113516
-0.2058401541330002820280592578
0.2058401541330002820280592578
-0.207566492349610512717127790988
0.207566492349610512717127790988
-0.20929218435733879522221851105
0.20929218435733879522221851105
-0.211017224783653704660421328862
0.211017224783653704660421328862
-0.212741608258052359830747058777
0.212741608258052359830747058777
-0.214465329412077142996897162606
0.214465329412077142996897162606
-0.216188382879332413302592381935
0.216188382879332413302592381935
-0.217910763295501213767427017252
0.217910763295501213767427017252
-0.21963246529836197181123559783
0.21963246529836197181123559783
-0.221353483527805193254978833774
0.221353483527805193254978833774
-0.223073812625850149746176050934
0.223073812625850149746176050934
-0.224793447236661559556931780497
0.224793447236661559556931780497
-0.226512382006566261702624807922
0.226512382006566261702624807922
-0.228230611584069883329348780408
0.228230611584069883329348780408
-0.229948130619873500318214428241
0.229948130619873500318214428241
-0.231664933766890291054644573019
0.231664933766890291054644573019
-0.233381015680262183310814374965
0.233381015680262183310814374965
-0.235096371017376494189410712084
0.235096371017376494189410712084
-0.236810994437882563076906185881
0.236810994437882563076906185881
-0.238524880603708377554565011543
0.238524880603708377554565011543
-0.240238024179077192215419974948
0.240238024179077192215419974948
-0.241950419830524140335481724387
0.241950419830524140335481724387
-0.243662062226912838347463911592
0.243662062226912838347463911592
-0.245372946039451983065330104259
0.245372946039451983065330104259
-0.247083065941711941607990960883
0.247083065941711941607990960883
-0.248792416609641333970502888182
0.248792416609641333970502888182
-0.250500992721583608191142291603
0.250500992721583608191142291603
-0.252208788958293608062752580436
0.252208788958293608062752580436
-0.253915800002954133336784300654
0.253915800002954133336784300654
-0.255622020541192492368472140823
0.255622020541192492368472140823
-0.25732744526109704715161608916
0.25732744526109704715161608916
-0.25903206885323375069145771295
0.25903206885323375069145771295
-0.260735886010662676664166385076
0.260735886010662676664166385076
-0.262438891428954541311474296193
0.262438891428954541311474296193
-0.264141079806207217519023265128
0.264141079806207217519023265128
-0.265842445843062241027010694198
0.265842445843062241027010694198
-0.267542984242721308721746510398
0.267542984242721308721746510398
-0.269242689710962768956757587577
0.269242689710962768956757587577
-0.270941556956158103852100958841
0.270941556956158103852100958841
-0.272639580689288403520572102355
0.272639580689288403520572102355
-0.274336755623960832169519717419
0.274336755623960832169519717419
-0.27603307647642508602700370104
0.27603307647642508602700370104
-0.277728537965589843041058488203
0.277728537965589843041058488203
-0.279423134813039204300849531498
0.279423134813039204300849531498
-0.281116861743049127128536467722
0.281116861743049127128536467722
-0.282809713482603849790682450276
0.282809713482603849790682450276
-0.284501684761412307778075216811
0.284501684761412307778075216811
-0.286192770311924541602851711238
0.286192770311924541602851711238
-0.287882964869348096061844488143
0.287882964869348096061844488143
-0.289572263171664410915094695487
0.289572263171664410915094695487
-0.291260659959645202928503158337
0.291260659959645202928503158337
-0.292948149976868839229617972051
0.292948149976868839229617972051
-0.294634727969736701925584057857
0.294634727969736701925584057857
-0.296320388687489543932307336894
0.296320388687489543932307336894
-0.298005126882223835963913540634
0.298005126882223835963913540634
-0.299688937308908104631609195875
0.299688937308908104631609195875
-0.301371814725399261601080001283
0.301371814725399261601080001283
-0.303053753892458923757589649562
0.303053753892458923757589649562
-0.304734749573769724327970144736
0.304734749573769724327970144736
-0.30641479653595161490872281756
0.30641479653595161490872281756
-0.308093889548578158349477553782
0.308093889548578158349477553782
-0.309772023384192812441086219597
0.309772023384192812441086219597
-0.311449192818325204357654896255
0.311449192818325204357654896255
-0.313125392629507395801848321177
0.313125392629507395801848321177
-0.314800617599290138802828876083
0.314800617599290138802828876083
-0.316474862512259122116221563454
0.316474862512259122116221563454
-0.318148122156051208175525670961
0.318148122156051208175525670961
-0.319820391321370660544423239383
0.319820391321370660544423239383
-0.321491664802005361819464022662
0.321491664802005361819464022662
-0.323161937394843021932636359282
0.323161937394843021932636359282
-0.324831203899887376803363261788
0.324831203899887376803363261788
-0.326499459120274377289493076061
0.326499459120274377289493076061
-0.328166697862288368386884263711
0.328166697862288368386884263711
-0.329832914935378258627214219651
0.329832914935378258627214219651
-0.3314981051521736796236725524
0.3314981051521736796236725524
-0.333162263328501135714229926887
0.333162263328501135714229926887
-0.334825384283400143652204398365
0.334825384283400143652204398365
-0.336487462839139362293878151428
0.336487462839139362293878151428
-0.338148493821232712232948699895
0.338148493821232712232948699895
-0.33980847205845548533162990152
0.33980847205845548533162990152
-0.341467392382860444098249595788
0.341467392382860444098249595788
-0.343125249629793910861222283661
0.343125249629793910861222283661
-0.344782038637911846689307034606
0.344782038637911846689307034606
-0.346437754249195920008092728818
0.346437754249195920008092728818
-0.348092391308969564862684820837
0.348092391308969564862684820837
-0.349745944665914028776600044888
0.349745944665914028776600044888
-0.351398409172084410156907871961
0.351398409172084410156907871961
-0.353049779682925685195690073971
0.353049779682925685195690073971
-0.354700051057288724217922451006
0.354700051057288724217922451006
-0.356349218157446297425915633757
0.356349218157446297425915633757
-0.357997275849109069990484884493
0.357997275849109069990484884493
-0.359644219001441586439051986388
0.359644219001441586439051986388
-0.361290042487078244290915632433
0.361290042487078244290915632433
-0.362934741182139256889960201592
0.362934741182139256889960201592
-0.364578309966246605385106441014
0.364578309966246605385106441014
-0.366220743722539979808841359081
0.366220743722539979808841359081
-0.36786203733769270920419857458
0.36786203733769270920419857458
-0.369502185701927680750594462351
0.369502185701927680750594462351
-0.371141183709033247838959685179
0.371141183709033247838959685179
-0.372779026256379127046640105478
0.372779026256379127046640105478
-0.374415708244932283962575628197
0.374415708244932283962575628197
-0.376051224579272807813300238428
0.376051224579272807813300238428
-0.377685570167609774840341363132
0.377685570167609774840341363132
-0.379318739921797100379631706281
0.379318739921797100379631706281
-0.380950728757349379593581880272
0.380950728757349379593581880272
-0.382581531593457716806497483744
0.382581531593457716806497483744
-0.384211143353005543394059756675
0.384211143353005543394059756675
-0.385839558962584424177624577863
0.385839558962584424177624577863
-0.38746677335250985227413035737
0.38746677335250985227413035737
-0.389092781456837032352441317276
0.389092781456837032352441317276
-0.390717578213376652246988747835
0.390717578213376652246988747835
-0.392341158563710642879609072963
0.392341158563710642879609072963
-0.393963517453207926440513958584
0.393963517453207926440513958584
-0.395584649831040152779364249808
0.395584649831040152779364249808
-0.397204550650197423957456227905
0.397204550650197423957456227905
-0.398823214867504006912065535642
0.398823214867504006912065535642
-0.400440637443634034184031129473
0.400440637443634034184031129473
-0.402056813343127192659698779382
0.402056813343127192659698779382
-0.403671737534404400278380951573
0.403671737534404400278380951573
-0.405285404989783470656527375744
0.405285404989783470656527375744
-0.406897810685494765579838217087
0.406897810685494765579838217087
-0.408508949601696835314589543465
0.408508949601696835314589543465
-0.410118816722492046689478700179
0.410118816722492046689478700179
-0.411727407035942198899335278327
0.411727407035942198899335278327
-0.413334715534084126982081587796
0.413334715534084126982081587796
-0.414940737212945292920364922339
0.414940737212945292920364922339
-0.416545467072559364319322431832
0.416545467072559364319322431832
-0.418148900116981780611978095553
0.418148900116981780611978095553
-0.419751031354305306743810120075
0.419751031354305306743810120075
-0.421351855796675574288066065996
0.421351855796675574288066065996
-0.422951368460306609943442139106
0.422951368460306609943442139106
-0.424549564365496351365782363573
0.424549564365496351365782363573
-0.42614643853664215028549278729
0.42614643853664215028549278729
-0.427741986002256262862405452382
0.427741986002256262862405452382
-0.429336201794981327229866597059
0.429336201794981327229866597059
-0.430929080951605828179863438302
0.430929080951605828179863438302
-0.432520618513079548941043918175
0.432520618513079548941043918175
-0.434110809524529010001523979771
0.434110809524529010001523979771
-0.435699649035272894928417271775
0.435699649035272894928417271775
-0.437287132098837463136062663221
0.437287132098837463136062663221
-0.438873253772971949554965582162
0.438873253772971949554965582162
-0.440458009119663951153509973471
0.440458009119663951153509973471
-0.442041393205154800264538601775
0.442041393205154800264538601775
-0.443623401099954924668940505396
0.443623401099954924668940505396
-0.445204027878859194388425636129
0.445204027878859194388425636129
-0.446783268620962255139708097413
0.446783268620962255139708097413
-0.448361118409673848402360920039
0.448361118409673848402360920039
-0.449937572332734118052646989631
0.449937572332734118052646989631
-0.451512625482228903515672563823
0.451512625482228903515672563823
-0.453086272954605019388251789017
0.453086272954605019388251789017
-0.454658509850685521484912746838
0.454658509850685521484912746838
-0.456229331275684959259517828721
0.456229331275684959259517828721
-0.457798732339224614555013653363
0.457798732339224614555013653363
-0.459366708155347726633868305846
0.459366708155347726633868305846
-0.460933253842534703441796389105
0.460933253842534703441796389105
-0.462498364523718319057415237763
0.462498364523718319057415237763
-0.464062035326298897280518651178
0.464062035326298897280518651178
-0.465624261382159481311697656672
0.465624261382159481311697656672
-0.467185037827680989476081115188
0.467185037827680989476081115188
-0.468744359803757356944012429921
0.468744359803757356944012429921
-0.470302222455810663401522213706
0.470302222455810663401522213706
-0.471858620933806246623500512882
0.471858620933806246623500512882
-0.473413550392267801902516073957
0.473413550392267801902516073957
-0.474967005990292467286274174479
0.474967005990292467286274174479
-0.476518982891565894576748720931
0.476518982891565894576748720931
-0.478069476264377306044068644127
0.478069476264377306044068644127
-0.479618481281634536808283096276
0.479618481281634536808283096276
-0.481165993120879062842174573557
0.481165993120879062842174573557
-0.48271200696430101454833385346
0.48271200696430101454833385346
-0.484256517998754175863755547295
0.484256517998754175863755547295
-0.485799521415770968845258124842
0.485799521415770968845258124842
-0.487341012411577423689077470153
0.487341012411577423689077470153
-0.488880986187108134138028374746
0.488880986187108134138028374746
-0.490419437948021198229673866722
0.490419437948021198229673866722
-0.491956362904713144338987911685
0.491956362904713144338987911685
-0.493491756272333842469042803386
0.493491756272333842469042803386
-0.4950256132708014007432984888
0.4950256132708014007432984888
-0.496557929124817047053117143642
0.496557929124817047053117143642
-0.498088699063879995814172529978
0.498088699063879995814172529978
-0.499617918322302299785470027532
0.499617918322302299785470027532
-0.501145582139223686904739734272
0.501145582139223686904739734272
-0.502671685758626382094011679816
0.502671685758626382094011679816
-0.504196224429349913989228986983
0.504196224429349913989228986983
-0.505719193405105906547801752218
0.505719193405105906547801752218
-0.507240587944492855488051494535
0.507240587944492855488051494535
-0.508760403311010889514543244973
0.508760403311010889514543244973
-0.510278634773076516283349714019
0.510278634773076516283349714019
-0.51179527760403735306133948309
0.51179527760403735306133948309
-0.513310327082186842033628817655
0.513310327082186842033628817655
-0.514823778490778950213384493862
0.514823778490778950213384493862
-0.516335627118042853908212967489
0.516335627118042853908212967489
-0.517845868257197607697419293373
0.517845868257197607697419293373
-0.519354497206466797874467425258
0.519354497206466797874467425258
-0.520861509269093180309021889842
0.520861509269093180309021889842
-0.522366899753353302682999334771
0.522366899753353302682999334771
-0.523870663972572111055107098117
0.523870663972572111055107098117
-0.525372797245137540708394736385
0.525372797245137540708394736385
-0.526873294894515091235393379238
0.526873294894515091235393379238
-0.528372152249262385815466851589
0.528372152249262385815466851589
-0.529869364643043714639047717562
0.529869364643043714639047717562
-0.531364927414644562433480755661
0.531364927414644562433480755661
-0.532858835907986120045245870405
0.532858835907986120045245870405
-0.534351085472139780033382082309
0.534351085472139780033382082309
-0.535841671461341616228984015453
0.535841671461341616228984015453
-0.537330589235006847215692219663
0.537330589235006847215692219663
-0.538817834157744283686148722517
0.538817834157744283686148722517
-0.540303401599370759629439404713
0.540303401599370759629439404713
-0.541787286934925547304595130725
0.541787286934925547304595130725
-0.543269485544684755955274044916
0.543269485544684755955274044916
-0.544749992814175714220798061234
0.544749992814175714220798061234
-0.546228804134191336198767332166
0.546228804134191336198767332166
-0.547705914900804471114527379496
0.547705914900804471114527379496
-0.549181320515382236552814605639
0.549181320515382236552814605639
-0.550655016384600335206957079514
0.550655016384600335206957079514
-0.552126997920457355101058805128
0.552126997920457355101058805128
-0.553597260540289053240647133954
0.553597260540289053240647133954
-0.55506579966678262264731457373
0.55506579966678262264731457373
-0.556532610727990942732937976293
0.556532610727990942732937976293
-0.557997689157346812969109955306
0.557997689157346812969109955306
-0.559461030393677169807469391139
0.559461030393677169807469391139
-0.560922629881217286806670024486
0.560922629881217286806670024486
-0.562382483069624957921778422454
0.562382483069624957921778422454
-0.563840585413994663911945020616
0.563840585413994663911945020616
-0.565296932374871721822244501766
0.565296932374871721822244501766
-0.566751519418266417495634466663
0.566751519418266417495634466663
-0.56820434201566812107103418373
0.56820434201566812107103418373
-0.56965539564405938542357817336
0.56965539564405938542357817336
-0.571104675785930027503152487932
0.571104675785930027503152487932
-0.572552177929291192527374790803
0.572552177929291192527374790803
-0.57399789756768940098523271611
0.57399789756768940098523271611
-0.575441830200220578407648506192
0.575441830200220578407648506192
-0.576883971331544067861291574465
0.576883971331544067861291574465
-0.57832431647189662512201442868
0.57832431647189662512201442868
-0.579762861137106396484341312334
0.579762861137106396484341312334
-0.581199600848606879163492980561
0.581199600848606879163492980561
-0.582634531133450864246485220778
0.582634531133450864246485220778
-0.584067647524324362148893057708
0.584067647524324362148893057708
-0.585498945559560510533927046839
0.585498945559560510533927046839
-0.586928420783153464650522659776
0.586928420783153464650522659776
-0.588356068744772270047198499194
0.588356068744772270047198499194
-0.58978188499977471761849394993
0.58978188499977471761849394993
-0.591205865109221180940851876067
0.591205865109221180940851876067
-0.592628004639888435854867111462
0.592628004639888435854867111462
-0.59404829916428346225087676289
0.59404829916428346225087676289
-0.595466744260657228014923750627
0.595466744260657228014923750627
-0.596883335513018455092180550748
0.596883335513018455092180550748
-0.598298068511147367624975776414
0.598298068511147367624975776414
-0.599710938850609422122622041926
0.599710938850609422122622041926
-0.601121942132769019620299492997
0.601121942132769019620299492997
-0.602531073964803199784305459503
0.602531073964803199784305459503
-0.603938329959715316921036892661
0.603938329959715316921036892661
-0.60534370573634869784712858701
0.60534370573634869784712858701
-0.60674719691940028157822665854
0.60674719691940028157822665854
-0.608148799139434240793933353667
0.608148799139434240793933353667
-0.609548508032895585036515999316
0.609548508032895585036515999316
-0.610946319242123745601029771942
0.610946319242123745601029771942
-0.612342228415366142074560962758
0.612342228415366142074560962758
-0.613736231206791730482354547514
0.613736231206791730482354547514
-0.615128323276504532998647131797
0.615128323276504532998647131797
-0.616518500290557149180083736688
0.616518500290557149180083736688
-0.617906757920964248679654414672
0.617906757920964248679654414672
-0.619293091845716045399144341691
0.619293091845716045399144341691
-0.620677497748791753038148817993
0.620677497748791753038148817993
-0.622059971320173021997762527816
0.622059971320173021997762527816
-0.623440508255857357597110455701
0.623440508255857357597110455701
-0.624819104257871519560946035291
0.624819104257871519560946035291
-0.626195755034284902736600414507
0.626195755034284902736600414507
-0.627570456299222898998625158982
0.627570456299222898998625158982
-0.628943203772880240299529283228
0.628943203772880240299529283228
-0.630313993181534322825070196221
0.630313993181534322825070196221
-0.631682820257558512212616974491
0.631682820257558512212616974491
-0.633049680739435429791163331498
0.633049680739435429791163331498
-0.634414570371770219801626736595
0.634414570371770219801626736595
-0.635777484905303797556129350268
0.635777484905303797556129350268
-0.637138420096926078495015784269
0.637138420096926078495015784269
-0.63849737170968918810042216562
0.63849737170968918810042216562
-0.639854335512820652625270582037
0.639854335512820652625270582037
-0.641209307281736570596622712929
0.641209307281736570596622712929
-0.642562282798054765052386304591
0.642562282798054765052386304591
-0.643913257849607916470428130316
0.643913257849607916470428130316
-0.645262228230456676349207185787
0.645262228230456676349207185787
-0.646609189740902761399102106946
0.646609189740902761399102106946
-0.647954138187502028303667161579
0.647954138187502028303667161579
-0.649297069383077529010111656721
0.649297069383077529010111656721
-0.650637979146732546508358221645
0.650637979146732546508358221645
-0.651976863303863611058096170346
0.651976863303863611058096170346
-0.65331371768617349682330701796
0.65331371768617349682330701796
-0.654648538131684198873800222224
0.654648538131684198873800222224
-0.65598132048474989051335834373
0.65598132048474989051335834373
-0.65731206059606986089415206715
0.65731206059606986089415206715
-0.658640754322701432877146899609
0.658640754322701432877146899609
-0.659967397528072861098284861799
0.659967397528072861098284861799
-0.661291986081996210200286112033
0.661291986081996210200286112033
-0.662614515860680213189977193052
0.662614515860680213189977193052
-0.663934982746743109881114465865
0.663934982746743109881114465865
-0.665253382629225465382733293956
0.665253382629225465382733293956
-0.666569711403602968593115664707
0.666569711403602968593115664707
-0.667883964971799210659531182633
0.667883964971799210659531182633
-0.66919613924219844336396874084
0.66919613924219844336396874084
-0.670506230129658317395138672742
0.670506230129658317395138672742
-0.671814233555522600467087805404
0.671814233555522600467087805404
-0.673120145447633875244832578661
0.673120145447633875244832578661
-0.674423961740346217037478260179
0.674423961740346217037478260179
-0.675725678374537851219355275781
0.675725678374537851219355275781
-0.677025291297623790339766786324
0.677025291297623790339766786324
-0.678322796463568450882004877114
0.678322796463568450882004877114
-0.679618189832898249632356082994
0.679618189832898249632356082994
-0.680911467372714179619880451692
0.680911467372714179619880451692
-0.68220262505670436558781194955
0.68220262505670436558781194955
-0.683491658865156598957491737193
0.683491658865156598957491737193
-0.684778564784970852245809687806
0.684778564784970852245809687806
-0.686063338809671772897193487299
0.686063338809671772897193487299
-0.687345976939421156491248743577
0.687345976939421156491248743577
-0.688626475181030399287217741089
0.688626475181030399287217741089
-0.689904829547972930066488806781
0.689904829547972930066488806781
-0.691181036060396621234452704138
0.691181036060396621234452704138
-0.692455090745136179143067043101
0.692455090745136179143067043101
-0.693726989635725513595554385035
0.693726989635725513595554385035
-0.694996728772410086494724533383
0.694996728772410086494724533383
-0.696264304202159239596476432027
0.696264304202159239596476432027
-0.697529711978678501330100144406
0.697529711978678501330100144406
-0.698792948162421872647064557002
0.698792948162421872647064557002
-0.700054008820604091860041740617
0.700054008820604091860041740617
-0.701312890027212878433984311762
0.701312890027212878433984311762
-0.702569587863021155691137664257
0.702569587863021155691137664257
-0.703824098415599252391934587605
0.703824098415599252391934587605
-0.705076417779327083153785553589
0.705076417779327083153785553589
-0.706326542055406307669843835746
0.706326542055406307669843835746
-0.7075744673518724686898906276
0.7075744673518724686898906276
-0.708820189783607108725551444618
0.708820189783607108725551444618
-0.710063705472349865442121331603
0.710063705472349865442121331603
-0.711305010546710545699342751379
0.711305010546710545699342751379
-0.712544101142181178203546502088
0.712544101142181178203546502088
-0.713780973401148044733632598793
0.713780973401148044733632598793
-0.715015623472903689903434760368
0.715015623472903689903434760368
-0.716248047513658909423078964525
0.716248047513658909423078964525
-0.717478241686554716822013472072
0.717478241686554716822013472072
-0.718706202161674288596454775987
0.718706202161674288596454775987
-0.719931925116054887744061101322
0.719931925116054887744061101322
-0.721155406733699765648712368186
0.721155406733699765648712368186
-0.722376643205590042278342931862
0.722376643205590042278342931862
-0.723595630729696564658840931247
0.723595630729696564658840931247
-0.724812365510991743587095709115
0.724812365510991743587095709115
-0.726026843761461368546342514947
0.726026843761461368546342514947
-0.727239061700116400787021563016
0.727239061700116400787021563016
-0.728449015553004744536436494921
0.728449015553004744536436494921
-0.729656701553222996300565386522
0.729656701553222996300565386522
-0.730862115940928172221445644122
0.730862115940928172221445644122
-0.732065254963349413453622453479
0.732065254963349413453622453479
-0.733266114874799669523218877652
0.733266114874799669523218877652
-0.73446469193668735963325424558
0.73446469193668735963325424558
-0.735660982417528011878906132369
0.735660982417528011878906132369
-0.736854982592955880336480004426
0.736854982592955880336480004426
-0.73804668874573553998991948753
0.73804668874573553998991948753
-0.739236097165773459458759213462
0.739236097165773459458759213462
-0.740423204150129551491491310757
0.740423204150129551491491310757
-0.741608006003028701188385827243
0.741608006003028701188385827243
-0.742790499035872271917874706084
0.742790499035872271917874706084
-0.743970679567249588890678382802
0.743970679567249588890678382802
-0.745148543922949400355923628119
0.745148543922949400355923628119
-0.746324088435971316383570930007
0.746324088435971316383570930007
-0.747497309446537225197539488066
0.747497309446537225197539488066
-0.748668203302102687023987783926
0.748668203302102687023987783926
-0.749836766357368305419277692549
0.749836766357368305419277692549
-0.751002994974291076042220210996
0.751002994974291076042220210996
-0.752166885522095712835271103077
0.752166885522095712835271103077
-0.753328434377285951579415090168
0.753328434377285951579415090168
-0.754487637923655830787547660112
0.754487637923655830787547660112
-0.75564449255230094990123411735
0.75564449255230094990123411735
-0.756798994661629704755796157937
0.756798994661629704755796157937
-0.757951140657374500278747022787
0.757951140657374500278747022787
-0.759100926952602940386667161012
0.759100926952602940386667161012
-0.760248349967728995045683322512
0.760248349967728995045683322512
-0.761393406130524144460785094607
0.761393406130524144460785094607
-0.762536091876128500359284101475
0.762536091876128500359284101475
-0.76367640364706190433379239709
0.76367640364706190433379239709
-0.764814337893235003210168002078
0.764814337893235003210168002078
-0.765949891071960301405947062237
0.765949891071960301405947062237
-0.767083059647963190244853741107
0.767083059647963190244853741107
-0.768213840093392954193050700751
0.768213840093392954193050700751
-0.769342228887833753982864873594
0.769342228887833753982864873594
-0.770468222518315586589795183514
0.770468222518315586589795183514
-0.771591817479325222028680936197
0.771591817479325222028680936197
-0.772713010272817116934981766797
0.772713010272817116934981766797
-0.773831797408224304897192306976
0.773831797408224304897192306976
-0.774948175402469263506487113241
0.774948175402469263506487113241
-0.776062140779974758089763883844
0.776062140779974758089763883844
-0.77717369007267466209232558223
0.77717369007267466209232558223
-0.778282819820024754076514780809
0.778282819820024754076514780809
-0.779389526569013491302686339521
0.779389526569013491302686339521
-0.780493806874172759858977438977
0.780493806874172759858977438977
-0.781595657297588601306406997721
0.781595657297588601306406997721
-0.7826950744089119158059096171
0.7826950744089119158059096171
-0.783792054785369141693982415134
0.783792054785369141693982415134
-0.784886595011772911473696432449
0.784886595011772911473696432449
-0.785978691680532684187897718479
0.785978691680532684187897718479
-0.787068341391665354141496734597
0.787068341391665354141496734597
-0.788155540752805835939818342342
0.788155540752805835939818342342
-0.78924028637921762581005837922
0.78924028637921762581005837922
-0.790322574893803339172966661472
0.790322574893803339172966661472
-0.791402402927115224431950192519
0.791402402927115224431950192519
-0.792479767117365652946864397156
0.792479767117365652946864397156
-0.793554664110437585159834344943
0.793554664110437585159834344943
-0.794627090559895012840522171205
0.794627090559895012840522171205
-0.795697043126993377418331250504
0.795697043126993377418331250504
-0.796764518480689964369112125085
0.796764518480689964369112125085
-0.797829513297654273624009739438
0.797829513297654273624009739438
-0.798892024262278365968166181495
0.798892024262278365968166181495
-0.79995204806668718539706788084
0.79995204806668718539706788084
-0.801009581410748857398401064535
0.801009581410748857398401064535
-0.802064621002084963127354221331
0.802064621002084963127354221331
-0.803117163556080789443381375109
0.803117163556080789443381375109
-0.804167205795895554776515117996
0.804167205795895554776515117996
-0.805214744452472610791393602565
0.805214744452472610791393602565
-0.80625977626454961981724104062
0.80625977626454961981724104062
-0.807302297978668708012116703018
0.807302297978668708012116703018
-0.808342306349186594229822960588
0.808342306349186594229822960588
-0.809379798138284694557938550208
0.809379798138284694557938550208
-0.810414770115979202495518992311
0.810414770115979202495518992311
-0.81144721906013114473908192619
0.81144721906013114473908192619
-0.812477141756456412545571067312
0.812477141756456412545571067312
-0.81350453499853576864106852614
0.81350453499853576864106852614
-0.81452939558782482964410136049
0.81452939558782482964410136049
-0.815551720333664023972464462938
0.815551720333664023972464462938
-0.816571506053288525202558211091
0.816571506053288525202558211091
-0.817588749571838160850315731296
0.817588749571838160850315731296
-0.818603447722367296542871145426
0.818603447722367296542871145426
-0.8196155973458546955501967855
0.8196155973458546955501967855
-0.820625195291213353646014071785
0.820625195291213353646014071785
-0.821632238415300309267359556491
0.821632238415300309267359556491
-0.82263672358292642894226453699
0.82263672358292642894226453699
-0.823638647666866167955083639337
0.823638647666866167955083639337
-0.824638007547867306219084864614
0.824638007547867306219084864614
-0.82563480011466065932599077694
0.82563480011466065932599077694
-0.826629022263969764742237792685
0.826629022263969764742237792685
-0.827620670900520543121797905243
0.827620670900520543121797905243
-0.828609742937050934705484648422
0.828609742937050934705484648422
-0.82959623529432051077674266386
0.82959623529432051077674266386
-0.830580144901120060143997893596
0.830580144901120060143997893596
-0.83156146869428115061972316788
0.83156146869428115061972316788
-0.832540203618685665466451800063
0.832540203618685665466451800063
-0.833516346627275314780049734963
0.833516346627275314780049734963
-0.834489894681061121780634824001
0.834489894681061121780634824001
-0.835460844749132883981609919526
0.835460844749132883981609919526
-0.836429193808668609207354691824
0.836429193808668609207354691824
-0.837394938844943926430199375056
0.837394938844943926430199375056
-0.83835807685134147139738204262
0.83835807685134147139738204262
-0.839318604829360247018769497854
0.839318604829360247018769497854
-0.840276519788624958486200442433
0.840276519788624958486200442433
-0.841231818746895323095388251931
0.841231818746895323095388251931
-0.842184498730075354741399445654
0.842184498730075354741399445654
-0.843134556772222623058802785721
0.843134556772222623058802785721
-0.844081989915557487177662878187
0.844081989915557487177662878187
-0.845026795210472304066631176619
0.845026795210472304066631176619
-0.845968969715540611434466405643
0.845968969715540611434466405643
-0.84690851049752628516139562829
0.84690851049752628516139562829
-0.847845414631392671231806476361
0.847845414631392671231806476361
-0.848779679200311692139840447111
0.848779679200311692139840447111
-0.849711301295672927739536642223
0.849711301295672927739536642223
-0.850640278017092670511254885874
0.850640278017092670511254885874
-0.851566606472422955216186807668
0.851566606472422955216186807668
-0.852490283777760562910843212845
0.852490283777760562910843212845
-0.853411307057455999293485886403
0.853411307057455999293485886403
-0.854329673444122447354551889225
0.854329673444122447354551889225
-0.855245380078644694303198402822
0.855245380078644694303198402822
-0.856158424110188032742176264571
0.856158424110188032742176264571
-0.857068802696207136063320507112
0.857068802696207136063320507112
-0.85797651300245490803602647369
0.85797651300245490803602647369
-0.858881552202991306561160425275
0.858881552202991306561160425275
-0.859783917480192141562933985232
0.859783917480192141562933985232
-0.860683606024757846991352282695
0.860683606024757846991352282695
-0.861580615035722226907926256481
0.861580615035722226907926256481
-0.862474941720461175627420267123
0.862474941720461175627420267123
-0.863366583294701371888486935044
0.863366583294701371888486935044
-0.864255536982528947026121977953
0.864255536982528947026121977953
-0.865141800016398127118952759791
0.865141800016398127118952759791
-0.86602536963713984908445528687
0.86602536963713984908445528687
-0.866906243093970350695275493924
0.866906243093970350695275493924
-0.867784417644499734489911853368
0.867784417644499734489911853368
-0.868659890554740505551097614917
0.868659890554740505551097614917
-0.869532659099116083125302339566
0.869532659099116083125302339566
-0.870402720560469286056853831562
0.870402720560469286056853831562
-0.87127007223007079201026309411
0.87127007223007079201026309411
-0.872134711407627570454416538933
0.872134711407627570454416538933
-0.872996635401291289382381366145
0.872996635401291289382381366145
-0.873855841527666695740651799061
0.873855841527666695740651799061
-0.874712327111819969541745708096
0.874712327111819969541745708096
-0.875566089487287051634143088794
0.875566089487287051634143088794
-0.87641712599608194510363987079
0.87641712599608194510363987079
-0.877265433988704990280272627086
0.877265433988704990280272627086
-0.878111010824151113325051925963
0.878111010824151113325051925963
-0.878953853869918048370824321141
0.878953853869918048370824321141
-0.87979396050201453319166530888
0.87979396050201453319166530888
-0.880631328104968478375287993672
0.880631328104968478375287993672
-0.88146595407183510997303469642
0.88146595407183510997303469642
-0.882297835804205085602101310545
0.882297835804205085602101310545
-0.883126970712212583974726861883
0.883126970712212583974726861883
-0.88395335621454336782916345735
0.88395335621454336782916345735
-0.884776989738442820237324614856
0.884776989738442820237324614856
-0.885597868719723954264092852687
0.885597868719723954264092852687
-0.886415990602775395953350380104
0.886415990602775395953350380104
-0.887231352840569340615879772184
0.887231352840569340615879772184
-0.888043952894669482394364630538
0.888043952894669482394364630538
-0.88885378823523891708080342728
0.88885378823523891708080342728
-0.889660856341048018161733002258
0.889660856341048018161733002258
-0.890465154699482286066741532772
0.890465154699482286066741532772
-0.891266680806550170595834220597
0.891266680806550170595834220597
-0.892065432166890866501298442802
0.892065432166890866501298442802
-0.892861406293782082199798690362
0.892861406293782082199798690362
-0.893654600709147781590515271652
0.893654600709147781590515271652
-0.894445012943565898955224486303
0.894445012943565898955224486303
-0.895232640536276026916301778354
0.895232640536276026916301778354
-0.896017481035187077428713255885
0.896017481035187077428713255885
-0.896799531996884915782144917096
0.896799531996884915782144917096
-0.897578790986639967589502949844
0.897578790986639967589502949844
-0.898355255578414798738102572737
0.898355255578414798738102572737
-0.899128923354871668279947060684
0.899128923354871668279947060684
-0.899899791907380054237582846109
0.899899791907380054237582846109
-0.900667858836024152302100908603
0.900667858836024152302100908603
-0.90143312174961034739993906027
0.90143312174961034739993906027
-0.902195578265674658105224201236
0.902195578265674658105224201236
-0.902955226010490153874478159468
0.902955226010490153874478159468
-0.903712062619074345080595340884
0.903712062619074345080595340884
-0.904466085735196545823085099475
0.904466085735196545823085099475
-0.905217293011385209491656492614
0.905217293011385209491656492614
-0.905965682108935237060307913513
0.905965682108935237060307913513
-0.906711250697915258089168990755
0.906711250697915258089168990755
-0.907453996457174884411427113635
0.907453996457174884411427113635
-0.908193917074351936482755981463
0.908193917074351936482755981463
-0.908931010245879642370748684779
0.908931010245879642370748684779
-0.909665273676993809361943006241
0.909665273676993809361943006241
-0.910396705081739968164111878634
0.910396705081739968164111878634
-0.911125302182980489681577256684
0.911125302182980489681577256684
-0.911851062712401674341391047826
0.911851062712401674341391047826
-0.91257398441052081394831220467
0.91257398441052081394831220467
-0.913294065026693226046594608156
0.913294065026693226046594608156
-0.914011302319119260766685965234
0.914011302319119260766685965234
-0.914725694054851280135023607895
0.914725694054851280135023607895
-0.91543723800980060982519881143
0.91543723800980060982519881143
-0.916145931968744463328847048461
0.916145931968744463328847048461
-0.916851773725332838524707461474
0.916851773725332838524707461474
-0.917554761082095386624380769899
0.917554761082095386624380769899
-0.918254891850448253473400828034
0.918254891850448253473400828034
-0.918952163850700893186321117001
0.918952163850700893186321117001
-0.919646574912062854094603587198
0.919646574912062854094603587198
-0.920338122872650536986183467126
0.920338122872650536986183467126
-0.921026805579493925615669919698
0.921026805579493925615669919698
-0.921712620888543289464228758012
0.921712620888543289464228758012
-0.922395566664675858728279828721
0.922395566664675858728279828721
-0.923075640781702471516228132394
0.923075640781702471516228132394
-0.923752841122374193232534276253
0.923752841122374193232534276253
-0.924427165578388908128516445296
0.924427165578388908128516445296
-0.925098612050397882999362732605
0.925098612050397882999362732605
-0.925767178448012303006919388497
0.925767178448012303006919388497
-0.926432862689809779607907330778
0.926432862689809779607907330778
-0.927095662703340830567306104381
0.927095662703340830567306104381
-0.927755576425135332036731387986
0.927755576425135332036731387986
-0.928412601800708942677719117417
0.928412601800708942677719117417
-0.929066736784569499809916330526
0.929066736784569499809916330526
-0.929717979340223387564265935623
0.929717979340223387564265935623
-0.930366327440181877021359764982
0.930366327440181877021359764982
-0.931011779065967438315221496374
0.931011779065967438315221496374
-0.931654332208120024682868308574
0.931654332208120024682868308574
-0.932293984866203328440087481221
0.932293984866203328440087481221
-0.932930735048811008863951554899
0.932930735048811008863951554899
-0.933564580773572891962683133676
0.933564580773572891962683133676
-0.934195520067161142113567939314
0.934195520067161142113567939314
-0.934823550965296405549702313593
0.934823550965296405549702313593
-0.935448671512753925676449012601
0.935448671512753925676449012601
-0.936070879763369630198562843966
0.936070879763369630198562843966
-0.936690173780046190039035464727
0.936690173780046190039035464727
-0.937306551634759050030796483553
0.937306551634759050030796483553
-0.937920011408562431362495896064
0.937920011408562431362495896064
-0.938530551191595305759680825805
0.938530551191595305759680825805
-0.939138169083087341382767545815
0.939138169083087341382767545815
-0.939742863191364820423297816307
0.939742863191364820423297816307
-0.940344631633856528380056692624
0.940344631633856528380056692624
-0.940943472537099614996717134048
0.940943472537099614996717134048
-0.941539384036745426842764977914
0.941539384036745426842764977914
-0.942132364277565311519546134672
0.942132364277565311519546134672
-0.942722411413456393473366207726
0.942722411413456393473366207726
-0.943309523607447321397661146812
0.943309523607447321397661146812
-0.943893699031703987206346005154
0.943893699031703987206346005154
-0.944474935867535216560537388386
0.944474935867535216560537388386
-0.945053232305398430930933756992
0.945053232305398430930933756992
-0.945628586544905281178226373606
0.945628586544905281178226373606
-0.946200996794827252634002371628
0.946200996794827252634002371628
-0.946770461273101241664690162051
0.946770461273101241664690162051
-0.947336978206835103701186190956
0.947336978206835103701186190956
-0.947900545832313172716890910476
0.947900545832313172716890910476
-0.948461162395001752136970731085
0.948461162395001752136970731085
-0.949018826149554577161751682449
0.949018826149554577161751682449
-0.949573535359818248487239523709
0.949573535359818248487239523709
-0.950125288298837637405850111578
0.950125288298837637405850111578
-0.950674083248861262270522955987
0.950674083248861262270522955987
-0.951219918501346636305480067831
0.951219918501346636305480067831
-0.951762792356965586746981431545
0.951762792356965586746981431545
-0.952302703125609545297517716559
0.952302703125609545297517716559
-0.952839649126394809876970175905
0.952839649126394809876970175905
-0.95337362868766777765435706725
0.95337362868766777765435706725
-0.953904640147010149343875371168
0.953904640147010149343875371168
-0.95443268185124410474903607338
0.95443268185124410474903607338
-0.95495775215643744953878082186
0.95495775215643744953878082186
-0.955479849427908733239557365849
0.955479849427908733239557365849
-0.955998972040232338427420831921
0.955998972040232338427420831921
-0.95651511837724354110431759206
0.95651511837724354110431759206
-0.95702828683204354224279823013
0.95702828683204354224279823013
-0.957538475807004470483495916015
0.957538475807004470483495916015
-0.958045683713774355969796350986
0.958045683713774355969796350986
-0.958549908973282075304215353379
0.958549908973282075304215353379
-0.959051150015742267611090110332
0.959051150015742267611090110332
-0.959549405280660221690280129135
0.959549405280660221690280129135
-0.960044673216836734246663980522
0.960044673216836734246663980522
-0.960536952282372939180308036034
0.960536952282372939180308036034
-0.961026240944675107922273562287
0.961026240944675107922273562287
-0.961512537680459420801118746634
0.961512537680459420801118746634
-0.96199584097575670942524249136
0.96199584097575670942524249136
-0.962476149325917170066307127066
0.962476149325917170066307127066
-0.962953461235615048029067560589
0.962953461235615048029067560589
-0.963427775218853292993024788499
0.963427775218853292993024788499
-0.963899089798968185311412174198
0.963899089798968185311412174198
-0.964367403508633933253113405001
0.964367403508633933253113405001
-0.964832714889867241173201615451
0.964832714889867241173201615451
-0.965295022494031848597879784773
0.965295022494031848597879784773
-0.965754324881843040209693190066
0.965754324881843040209693190066
-0.966210620623372126718975422759
0.966210620623372126718975422759
-0.966663908298050896607580254531
0.966663908298050896607580254531
-0.967114186494676038731042470545
0.967114186494676038731042470545
-0.96756145381141353576540167303
0.96756145381141353576540167303
-0.968005708855803028485013997428
0.968005708855803028485013997428
-0.968446950244762150857767677103
0.968446950244762150857767677103
-0.968885176604590835944209441627
0.968885176604590835944209441627
-0.969320386570975592587179838649
0.969320386570975592587179838649
-0.969752578788993752878646731145
0.969752578788993752878646731145
-0.970181751913117690390517441341
0.970181751913117690390517441341
-0.970607904607219009156301290832
0.970607904607219009156301290832
-0.971031035544572703390585624502
0.971031035544572703390585624502
-0.971451143407861287933379805064
0.971451143407861287933379805064
-0.971868226889178899406473126773
0.971868226889178899406473126773
-0.972282284690035368069044122667
0.972282284690035368069044122667
-0.972693315521360260359850331271
0.972693315521360260359850331271
-0.973101318103506892113419247971
0.973101318103506892113419247971
-0.973506291166256312437752915312
0.973506291166256312437752915312
-0.973908233448821258241150407624
0.973908233448821258241150407624
-0.974307143699850079395844341179
0.974307143699850079395844341179
-0.974703020677430634526239494413
0.974703020677430634526239494413
-0.975095863149094157409633656646
0.975095863149094157409633656646
-0.975485669891819093977392941744
0.975485669891819093977392941744
-0.975872439692034909904646009082
0.975872439692034909904646009082
-0.976256171345625868776653932129
0.976256171345625868776653932129
-0.976636863657934780820104849769
0.976636863657934780820104849769
-0.977014515443766722187675032103
0.977014515443766722187675032103
-0.977389125527392724784290596775
0.977389125527392724784290596775
-0.977760692742553436623616829934
0.977760692742553436623616829934
-0.978129215932462752703394904975
0.978129215932462752703394904975
-0.978494693949811416388338759614
0.978494693949811416388338759614
-0.97885712565677059128939799645
0.97885712565677059128939799645
-0.979216509924995403628285923095
0.979216509924995403628285923095
-0.979572845635628455076265255937
0.979572845635628455076265255937
-0.979926131679303306056277588022
0.979926131679303306056277588022
-0.980276366956147929497596479366
0.980276366956147929497596479366
-0.980623550375788135032277981515
0.980623550375788135032277981515
-0.980967680857350963622776573167
0.980967680857350963622776573167
-0.981308757329468052610188877863
0.981308757329468052610188877863
-0.981646778730278971172682177686
0.981646778730278971172682177686
-0.981981744007434526183759650533
0.981981744007434526183759650533
-0.982313652118100038460109467084
0.982313652118100038460109467084
-0.982642502028958589388880414334
0.982642502028958589388880414334
-0.982968292716214237924322595734
0.982968292716214237924322595734
-0.983291023165595207943828027513
0.983291023165595207943828027513
-0.983610692372357045953502644514
0.983610692372357045953502644514
-0.983927299341285749133498389211
0.983927299341285749133498389211
-0.984240843086700863713431732095
0.984240843086700863713431732095
-0.984551322632458553668313213544
0.984551322632458553668313213544
-0.984858737011954639725511466444
0.984858737011954639725511466444
-0.985163085268127608673374742543
0.985163085268127608673374742543
-0.985464366453461592962233299377
0.985464366453461592962233299377
-0.985762579629989320588607193854
0.985762579629989320588607193854
-0.986057723869295035253546169416
0.986057723869295035253546169416
-0.986349798252517386786131524499
0.986349798252517386786131524499
-0.986638801870352291823274233637
0.986638801870352291823274233637
-0.986924733823055764737049297624
0.986924733823055764737049297624
-0.987207593220446718800913483223
0.987207593220446718800913483223
-0.987487379181909737586262454321
0.987487379181909737586262454321
-0.98776409083639781658089399809
0.98776409083639781658089399809
-0.988037727322435075021056842388
0.988037727322435075021056842388
-0.988308287788119437928879707142
0.988308287788119437928879707142
-0.988575771391125288347093032768
0.988575771391125288347093032768
-0.988840177298706089763076625468
0.988840177298706089763076625468
-0.98910150468769697871439064449
0.98910150468769697871439064449
-0.98935975274451732756807537964
0.98935975274451732756807537964
-0.989614920665173277466137643934
0.989614920665173277466137643934
-0.989867007655260241429778929315
0.989867007655260241429778929315
-0.990116012929965377615063425244
0.990116012929965377615063425244
-0.990361935714070032712873368112
0.990361935714070032712873368112
-0.990604775241952155486155883257
0.990604775241952155486155883257
-0.990844530757588680437630553651
0.990844530757588680437630553651
-0.991081201514557881601301620641
0.991081201514557881601301620641
-0.991314786776041696451304410074
0.991314786776041696451304410074
-0.991545285814828019921813931922
0.991545285814828019921813931922
-0.991772697913312968531956546853
0.991772697913312968531956546853
-0.991997022363503114609895377113
0.991997022363503114609895377113
-0.992218258467017690610509393217
0.992218258467017690610509393217
-0.992436405535090763521357919931
0.992436405535090763521357919931
-0.992651462888573379351920305082
0.992651462888573379351920305082
-0.992863429857935677701428960634
0.992863429857935677701428960634
-0.993072305783268976400977969384
0.993072305783268976400977969384
-0.993278090014287826225994933601
0.993278090014287826225994933601
-0.993480781910332035675617821213
0.993480781910332035675617821213
-0.993680380840368665816029684149
0.993680380840368665816029684149
-0.993876886182993995185382352038
0.993876886182993995185382352038
-0.994070297326435454758597584363
0.994070297326435454758597584363
-0.994260613668553532971085134013
0.994260613668553532971085134013
-0.994447834616843650801279096001
0.994447834616843650801279096001
-0.994631959588438006912887722104
0.994631959588438006912887722104
-0.994812988010107392858902895865
0.994812988010107392858902895865
-0.994990919318262978350754400987
0.994990919318262978350754400987
-0.995165752958958066597558364959
0.995165752958958066597558364959
-0.995337488387889819722244467441
0.995337488387889819722244467441
-0.995506125070400954263508596751
0.995506125070400954263508596751
-0.995671662481481406775095379514
0.995671662481481406775095379514
-0.995834100105769969536953246028
0.995834100105769969536953246028
-0.9959934374375558963964285197
0.9959934374375558963964285197
-0.996149673980780478762005108185
0.996149673980780478762005108185
-0.996302809249038591777315870171
0.996302809249038591777315870171
-0.996452842765580210709455170832
0.996452842765580210709455170832
-0.996599774063311897593267070301
0.996599774063311897593267070301
-0.996743602684798258182595788992
0.996743602684798258182595788992
-0.996884328182263369270878583866
0.996884328182263369270878583866
-0.997021950117592176457464711258
0.997021950117592176457464711258
-0.997156468062331862453336501126
0.997156468062331862453336501126
-0.997287881597693186041365683193
0.997287881597693186041365683193
-0.99741619031455179183299674967
0.99741619031455179183299674967
-0.997541393813449490996793128396
0.997541393813449490996793128396
-0.997663491704595513176559911746
0.997663491704595513176559911746
-0.997782483607867729870344248839
0.997782483607867729870344248839
-0.997898369152813849609937821929
0.997898369152813849609937821929
-0.998011147978652585368156127568
0.998011147978652585368156127568
-0.998120819734274794734343213246
0.998120819734274794734343213246
-0.998227384078244593545676804783
0.998227384078244593545676804783
-0.998330840678800443854486007967
0.998330840678800443854486007967
-0.99843118921385621736592951831
0.99843118921385621736592951831
-0.998528429371002235818331699571
0.998528429371002235818331699571
-0.998622560847506290231684804479
0.998622560847506290231684804479
-0.998713583350314641563069487935
0.998713583350314641563069487935
-0.998801496596053006145455271033
0.998801496596053006145455271033
-0.998886300311027530442317885922
0.998886300311027530442317885922
-0.998967994231225761262987820821
0.998967994231225761262987820821
-0.999046578102317619859031320275
0.999046578102317619859031320275
-0.999122051679656391572807754162
0.999122051679656391572807754162
-0.999194414728279747416081147961
0.999194414728279747416081147961
-0.999263667022910820869749488129
0.999263667022910820869749488129
-0.999329808347959373508623320637
0.999329808347959373508623320637
-0.999392838497523098700941366349
0.999392838497523098700941366349
-0.999452757275389136808070835706
0.999452757275389136808070835706
-0.999509564495035913422814016253
0.999509564495035913422814016253
-0.999563259979635473607289383107
0.999563259979635473607289383107
-0.999613843562056586513340674822
0.999613843562056586513340674822
-0.999661315084869066811270870575
0.999661315084869066811270870575
-0.999705674400350060095472618501
0.999705674400350060095472618501
-0.999746921370493583206974280744
0.999746921370493583206974280744
-0.999785055867025631900351731795
0.999785055867025631900351731795
-0.999820077771429172745311641849
0.999820077771429172745311641849
-0.999851986974987472523598216896
0.999851986974987472523598216896
-0.999880783378863270625218438602
0.999880783378863270625218438602
-0.999906466894252537873269451284
0.999906466894252537873269451284
-0.999929037442705752166144733658
0.999929037442705752166144733658
-0.999948494956862932176986647524
0.999948494956862932176986647524
-0.99996483938234321817053831362
0.99996483938234321817053831362
-0.999978070683426589616751162453
0.999978070683426589616751162453
-0.999988188864433618473101156909
0.999988188864433618473101156909
-0.99999519408444746766616057406
0.99999519408444746766616057406
-0.999999087877584915868455466755
0.999999087877584915868455466755