0.00161646130672700864207129574738
0.00161645919486334149802978572071
0.00161645919486334149802978572071
0.0016164528592778582532321582683
0.0016164528592778582532321582683
0.00161644229998711345524039157551
0.00161644229998711345524039157551
0.00161642751701869796859538796827
0.00161642751701869796859538796827
0.00161640851041123890272351380224
0.00161640851041123890272351380224
0.00161638528021439951100601903477
0.00161638528021439951100601903477
0.00161635782648887906101160020577
0.00161635782648887906101160020577
0.00161632614930641267589244590301
0.00161632614930641267589244590301
0.00161629024874977114694417913542
0.00161629024874977114694417913542
0.00161625012491276071733018638539
0.00161625012491276071733018638539
0.00161620577790022283697089845683
0.00161620577790022283697089845683
0.00161615720782803388859866358025
0.00161615720782803388859866358025
0.00161610441482310488497892857889
0.00161610441482310488497892857889
0.00161604739902338113729851924086
0.00161604739902338113729851924086
0.00161598616057784189472188638106
0.00161598616057784189472188638106
0.00161592069964649995511625941314
0.00161592069964649995511625941314
0.0016158510164004012469467245861
0.0016158510164004012469467245861
0.00161577711102162438234232037125
0.00161577711102162438234232037125
0.00161569898370328018133431781415
0.00161569898370328018133431781415
0.00161561663464951116726792899162
0.00161561663464951116726792899162
0.00161553006407549103338876203598
0.00161553006407549103338876203598
0.00161543927220742408060541650783
0.00161543927220742408060541650783
0.00161534425928254462642968821389
0.00161534425928254462642968821389
0.00161524502554911638509592787737
0.00161524502554911638509592787737
0.00161514157126643181886117337631
0.00161514157126643181886117337631
0.0016150338967048114604877505679
0.0016150338967048114604877505679
0.00161492200214560320691011301578
0.00161492200214560320691011301578
0.00161480588788118158408776623115
0.00161480588788118158408776623115
0.00161468555421494698304619732801
0.00161468555421494698304619732801
0.00161456100146132486710780627679
0.00161456100146132486710780627679
0.0016144322299457649503149102198
0.0016144322299457649503149102198
0.00161429924000474034704696758539
0.00161429924000474034704696758539
0.00161416203198574669283424400588
0.00161416203198574669283424400588
0.00161402060624730123637021730609
0.00161402060624730123637021730609
0.00161387496315894190272509408602
0.00161387496315894190272509408602
0.00161372510310122632776288567063
0.00161372510310122632776288567063
0.00161357102646573086376456644367
0.00161357102646573086376456644367
0.00161341273365504955625991281922
0.00161341273365504955625991281922
0.00161325022508279309207069633484
0.00161325022508279309207069633484
0.00161308350117358771856797957359
0.00161308350117358771856797957359
0.00161291256236307413414633883792
0.00161291256236307413414633883792
0.00161273740909790634991791270738
0.00161273740909790634991791270738
0.00161255804183575052262925081274
0.00161255804183575052262925081274
0.00161237446104528375880401235304
0.00161237446104528375880401235304
0.0016121866672061928901146390666
0.0016121866672061928901146390666
0.001611994660809173219986202545
0.001611994660809173219986202545
0.00161179844235592724143570094718
0.00161179844235592724143570094718
0.00161159801235916332615015533139
0.00161159801235916332615015533139
0.00161139337134259438480693097425
0.00161139337134259438480693097425
0.00161118451984093649863978418845
0.00161118451984093649863978418845
0.00161097145839990752225421028411
0.00161097145839990752225421028411
0.00161075418757622565769574344319
0.00161075418757622565769574344319
0.00161053270793760799977493439024
0.00161053270793760799977493439024
0.00161030702006276905265280684807
0.00161030702006276905265280684807
0.0016100771245414192176906688615
0.0016100771245414192176906688615
0.00160984302197426325256823015719
0.00160984302197426325256823015719
0.00160960471297299870167405178174
0.00160960471297299870167405178174
0.00160936219816031429777242932446
0.00160936219816031429777242932446
0.0016091154781698883349508860839
0.0016091154781698883349508860839
0.00160886455364638701285252757995
0.00160886455364638701285252757995
0.00160860942524546275219758384406
0.00160860942524546275219758384406
0.00160835009363375248159854094014
0.00160835009363375248159854094014
0.0016080865594888758956733381771
0.0016080865594888758956733381771
0.00160781882349943368446118247037
0.00160781882349943368446118247037
0.00160754688636500573414560629461
0.00160754688636500573414560629461
0.00160727074879614929908947064265
0.00160727074879614929908947064265
0.00160699041151439714518668936567
0.00160699041151439714518668936567
0.0016067058752522556645355262178
0.0016067058752522556645355262178
0.00160641714075320296143839086348
0.00160641714075320296143839086348
0.00160612420877168690973313502816
0.00160612420877168690973313502816
0.00160582708007312318146092488222
0.00160582708007312318146092488222
0.00160552575543389324687584064414
0.00160552575543389324687584064414
0.00160522023564134234580142927111
0.00160522023564134234580142927111
0.00160491052149377743033951097469
0.00160491052149377743033951097469
0.00160459661380046507893661515366
0.00160459661380046507893661515366
0.00160427851338162938181349617755
0.00160427851338162938181349617755
0.00160395622106844979776325428085
0.00160395622106844979776325428085
0.00160362973770305898232366164035
0.00160362973770305898232366164035
0.00160329906413854058732936850574
0.00160329906413854058732936850574
0.0016029642012389270318497390363
0.0016029642012389270318497390363
0.00160262514987919724451814126458
0.00160262514987919724451814126458
0.00160228191094527437725859036025
0.00160228191094527437725859036025
0.00160193448533402349041571910491
0.00160193448533402349041571910491
0.00160158287395324920929412420982
0.00160158287395324920929412420982
0.00160122707772169335211321181456
0.00160122707772169335211321181456
0.00160086709756903252938374019432
0.00160086709756903252938374019432
0.00160050293443587571471233237706
0.00160050293443587571471233237706
0.00160013458927376178704030602912
0.00160013458927376178704030602912
0.00159976206304515704432324260822
0.00159976206304515704432324260822
0.0015993853567234526886577924069
0.0015993853567234526886577924069
0.00159900447129296228286228671612
0.00159900447129296228286228671612
0.00159861940774891917851780292846
0.00159861940774891917851780292846
0.00159823016709747391547640297269
0.00159823016709747391547640297269
0.00159783675035569159284334002625
0.00159783675035569159284334002625
0.00159743915855154921144010298918
0.00159743915855154921144010298918
0.001597037392723932987755242722
0.001597037392723932987755242722
0.00159663145392263563938999855119
0.00159663145392263563938999855119
0.00159622134320835364200581802812
0.00159622134320835364200581802812
0.00159580706165268445778093739172
0.00159580706165268445778093739172
0.00159538861033812373538326463013
0.00159538861033812373538326463013
0.00159496599035806248146688146323
0.00159496599035806248146688146323
0.00159453920281678420369955497507
0.00159453920281678420369955497507
0.00159410824882946202532872401315
0.00159410824882946202532872401315
0.00159367312952215577129349984013
0.00159367312952215577129349984013
0.00159323384603180902589029487202
0.00159323384603180902589029487202
0.00159279039950624616199976766612
0.00159279039950624616199976766612
0.00159234279110416934188284663034
0.00159234279110416934188284663034
0.00159189102199515548955366921432
0.00159189102199515548955366921432
0.00159143509335965323473734761067
0.00159143509335965323473734761067
0.001590975006388979828420546242
0.001590975006388979828420546242
0.00159051076228531803000293053577
0.00159051076228531803000293053577
0.00159004236226171296605762069463
0.00159004236226171296605762069463
0.00158956980754206896070885835387
0.00158956980754206896070885835387
0.00158909309936114633763516818041
0.00158909309936114633763516818041
0.00158861223896455819370637060879
0.00158861223896455819370637060879
0.00158812722760876714426287602894
0.00158812722760876714426287602894
0.00158763806656108204004576483758
0.00158763806656108204004576483758
0.00158714475709965465578623184018
0.00158714475709965465578623184018
0.00158664730051347635046304754305
0.00158664730051347635046304754305
0.00158614569810237469923676290486
0.00158614569810237469923676290486
0.00158563995117701009706945812433
0.00158563995117701009706945812433
0.00158513006105887233403891002484
0.00158513006105887233403891002484
0.00158461602908027714235612655763
0.00158461602908027714235612655763
0.00158409785658436271509527088305
0.00158409785658436271509527088305
0.00158357554492508619664507140318
0.00158357554492508619664507140318
0.00158304909546722014489088800941
0.00158304909546722014489088800941
0.00158251850958634896513667867498
0.00158251850958634896513667867498
0.00158198378866886531577618436441
0.00158198378866886531577618436441
0.00158144493411196648572272404979
0.00158144493411196648572272404979
0.00158090194732365074360706541686
0.00158090194732365074360706541686
0.00158035482972271365875291061262
0.00158035482972271365875291061262
0.00157980358273874439393961012959
0.00157980358273874439393961012959
0.00157924820781212196996179164037
0.00157924820781212196996179164037
0.00157868870639401150199566428936
0.00157868870639401150199566428936
0.00157812507994636040778183261609
0.00157812507994636040778183261609
0.00157755732994189458763452792657
0.00157755732994189458763452792657
0.00157698545786411457628723854527
0.00157698545786411457628723854527
0.00157640946520729166658479397006
0.00157640946520729166658479397006
0.00157582935347646400503203151647
0.00157582935347646400503203151647
0.00157524512418743265920924757472
0.00157524512418743265920924757472
0.00157465677886675765706470911342
0.00157465677886675765706470911342
0.00157406431905175399809457454803
0.00157406431905175399809457454803
0.00157346774629048763642064654826
0.00157346774629048763642064654826
0.0015728670621417714357764527887
0.0015728670621417714357764527887
0.00157226226817516109641222404843
0.00157226226817516109641222404843
0.00157165336597095105392941244022
0.00157165336597095105392941244022
0.00157104035712017035005546589637
0.00157104035712017035005546589637
0.00157042324322457847536964835681
0.00157042324322457847536964835681
0.00156980202589666118399076839553
0.00156980202589666118399076839553
0.00156917670675962628023775228368
0.00156917670675962628023775228368
0.00156854728744739937727407072067
0.00156854728744739937727407072067
0.00156791376960461962774710166984
0.00156791376960461962774710166984
0.00156727615488663542643358491055
0.00156727615488663542643358491055
0.00156663444495950008490239706546
0.00156663444495950008490239706546
0.00156598864149996747820594897887
0.00156598864149996747820594897887
0.00156533874619548766361158040959
0.00156533874619548766361158040959
0.00156468476074420247138440006028
0.00156468476074420247138440006028
0.00156402668685494106763309199253
0.00156402668685494106763309199253
0.00156336452624721548923028247578
0.00156336452624721548923028247578
0.00156269828065121615081913428507
0.00156269828065121615081913428507
0.00156202795180780732391790840054
0.00156202795180780732391790840054
0.00156135354146852258813430596747
0.00156135354146852258813430596747
0.00156067505139556025450147625179
0.00156067505139556025450147625179
0.00155999248336177876094764917041
0.00155999248336177876094764917041
0.00155930583915069203991142378896
0.00155930583915069203991142378896
0.00155861512055646485811481696172
0.00155861512055646485811481696172
0.00155792032938390812850624903858
0.00155792032938390812850624903858
0.0015572214674484741943857162824
0.0015572214674484741943857162824
0.00155651853657625208572447232667
0.00155651853657625208572447232667
0.00155581153860396274769161365766
0.00155581153860396274769161365766
0.00155510047537895424140003672685
0.00155510047537895424140003672685
0.00155438534875919691688430688927
0.00155438534875919691688430688927
0.00155366616061327855832305191924
0.00155366616061327855832305191924
0.00155294291282039950151856537925
0.00155294291282039950151856537925
0.00155221560727036772364637760761
0.00155221560727036772364637760761
0.00155148424586359390528762454798
0.00155148424586359390528762454798
0.00155074883051108646475711706719
0.00155074883051108646475711706719
0.00155000936313444656474008579784
0.00155000936313444656474008579784
0.00154926584566586309125064889796
0.00154926584566586309125064889796
0.00154851828004810760492512244195
0.00154851828004810760492512244195
0.00154776666823452926466336544468
0.00154776666823452926466336544468
0.00154701101218904972363142377347
0.00154701101218904972363142377347
0.00154625131388615799763880942154
0.00154625131388615799763880942154
0.00154548757531090530590382379972
0.00154548757531090530590382379972
0.00154471979845889988422040585207
0.00154471979845889988422040585207
0.00154394798533630177054005791422
0.00154394798533630177054005791422
0.0015431721379598175629824743113
0.0015431721379598175629824743113
0.00154239225835669515028856973462
0.00154239225835669515028856973462
0.00154160834856471841472967644277
0.00154160834856471841472967644277
0.00154082041063220190748675130337
0.00154082041063220190748675130337
0.00154002844661798549651350562618
0.00154002844661798549651350562618
0.00153923245859142898689744263629
0.00153923245859142898689744263629
0.00153843244863240671373285929747
0.00153843244863240671373285929747
0.00153762841883130210751994102089
0.00153762841883130210751994102089
0.00153682037128900223210414958174
0.00153682037128900223210414958174
0.00153600830811689229517017631767
0.00153600830811689229517017631767
0.00153519223143685013130480439578
0.00153519223143685013130480439578
0.00153437214338124065764309561147
0.00153437214338124065764309561147
0.00153354804609291030211238882029
0.00153354804609291030211238882029
0.00153271994172518140428866870469
0.00153271994172518140428866870469
0.00153188783244184658887993513988
0.00153188783244184658887993513988
0.00153105172041716311185127494715
0.00153105172041716311185127494715
0.00153021160783584717920640930895
0.00153021160783584717920640930895
0.00152936749689306823844056156694
0.00152936749689306823844056156694
0.00152851938979444324267956153292
0.00152851938979444324267956153292
0.00152766728875603088752017381165
0.00152766728875603088752017381165
0.00152681119600432582058670896505
0.00152681119600432582058670896505
0.00152595111377625282381904763799
0.00152595111377625282381904763799
0.00152508704431916096850727901754
0.00152508704431916096850727901754
0.00152421898989081774308822620869
0.00152421898989081774308822620869
0.00152334695275940315371920228189
0.00152334695275940315371920228189
0.00152247093520350379764441187891
0.00152247093520350379764441187891
0.00152159093951210690936948435519
0.00152159093951210690936948435519
0.00152070696798459437965969548767
0.00152070696798459437965969548767
0.00151981902293073674737750578716
0.00151981902293073674737750578716
0.00151892710667068716417511442419
0.00151892710667068716417511442419
0.00151803122153497533205779870512
0.00151803122153497533205779870512
0.00151713136986450141383387992288
0.00151713136986450141383387992288
0.00151622755401052991646722725238
0.00151622755401052991646722725238
0.00151531977633468354734828216483
0.00151531977633468354734828216483
0.00151440803920893704349965659775
0.00151440803920893704349965659775
0.0015134923450156109737324288378
0.0015134923450156109737324288378
0.00151257269614736551376933175229
0.00151257269614736551376933175229
0.00151164909500719419435109864083
0.00151164909500719419435109864083
0.00151072154400841762234230257255
0.00151072154400841762234230257255
0.0015097900455746771748530956251
0.0015097900455746771748530956251
0.00150885460213992866639332494942
0.00150885460213992866639332494942
0.00150791521614843598907557304963
0.00150791521614843598907557304963
0.00150697189005476472588374008884
0.00150697189005476472588374008884
0.00150602462632377573702385640997
0.00150602462632377573702385640997
0.0015050734274306187193738837956
0.0015050734274306187193738837956
0.00150411829586072573904933428162
0.00150411829586072573904933428162
0.00150315923410980473710160558628
0.00150315923410980473710160558628
0.00150219624468383300836600241926
0.00150219624468383300836600241926
0.00150122933009905065347648309374
0.00150122933009905065347648309374
0.0015002584928819540040642409782
0.0015002584928819540040642409782
0.00149928373556928902115730039417
0.00149928373556928902115730039417
0.00149830506070804466679837659027
0.00149830506070804466679837659027
0.00149732247085544624889831940214
0.00149732247085544624889831940214
0.00149633596857894873934253014208
0.00149633596857894873934253014208
0.00149534555645623006536781115035
0.00149534555645623006536781115035
0.00149435123707518437422717728352
0.00149435123707518437422717728352
0.00149335301303391527116022841201
0.00149335301303391527116022841201
0.00149235088694072903068675175026
0.00149235088694072903068675175026
0.00149134486141412778124129254793
0.00149134486141412778124129254793
0.00149033493908280266316650132924
0.00149033493908280266316650132924
0.00148932112258562696008313547946
0.00148932112258562696008313547946
0.00148830341457164920365466254317
0.00148830341457164920365466254317
0.00148728181770008625176448211726
0.00148728181770008625176448211726
0.00148625633464031634012385269303
0.00148625633464031634012385269303
0.00148522696807187210732867922614
0.00148522696807187210732867922614
0.00148419372068443359338338658948
0.00148419372068443359338338658948
0.00148315659517782121171017339347
0.00148315659517782121171017339347
0.00148211559426198869466200993943
0.00148211559426198869466200993943
0.00148107072065701601255781330505
0.00148107072065701601255781330505
0.0014800219770931022662583017459
0.0014800219770931022662583017459
0.00147896936631055855330109973416
0.00147896936631055855330109973416
0.00147791289105980080761373404348
0.00147791289105980080761373404348
0.00147685255410134261282323032897
0.00147685255410134261282323032897
0.00147578835820578798918108864152
0.00147578835820578798918108864152
0.00147472030615382415412248525768
0.00147472030615382415412248525768
0.00147364840073621425647861709833
0.00147364840073621425647861709833
0.00147257264475379008436117385266
0.00147257264475379008436117385266
0.00147149304101744474673799171691
0.00147149304101744474673799171691
0.00147040959234812532871901140128
0.00147040959234812532871901140128
0.00146932230157682552057173175164
0.00146932230157682552057173175164
0.00146823117154457822048541897639
0.00146823117154457822048541897639
0.00146713620510244811110340006161
0.00146713620510244811110340006161
0.0014660374051115242098428375006
0.0014660374051115242098428375006
0.00146493477444291239302145095555
0.00146493477444291239302145095555
0.00146382831597772789381071991017
0.00146382831597772789381071991017
0.00146271803260708777403516976232
0.00146271803260708777403516976232
0.00146160392723210336983741214423
0.00146160392723210336983741214423
0.00146048600276387271122867854539
0.00146048600276387271122867854539
0.00145936426212347291554465454904
0.00145936426212347291554465454904
0.00145823870824195255482649017728
0.00145823870824195255482649017728
0.00145710934406032399714692997172
0.00145710934406032399714692997172
0.00145597617252955572190157451692
0.00145597617252955572190157451692
0.00145483919661056460908535314144
0.00145483919661056460908535314144
0.00145369841927420820257435550647
0.00145369841927420820257435550647
0.00145255384350127694743323771487
0.00145255384350127694743323771487
0.00145140547228248640126848644302
0.00145140547228248640126848644302
0.00145025330861846941964789241487
0.00145025330861846941964789241487
0.00144909735551976831560665230089
0.00144909735551976831560665230089
0.00144793761600682699326058583536
0.00144793761600682699326058583536
0.00144677409310998305554702260161
0.00144677409310998305554702260161
0.00144560678986945988611398053832
0.00144560678986945988611398053832
0.0014444357093353587053783257688
0.0014444357093353587053783257688
0.00144326085456765060077367085046
0.00144326085456765060077367085046
0.00144208222863616853120883598239
0.00144208222863616853120883598239
0.00144089983462059930575776509547
0.00144089983462059930575776509547
0.00143971367561047553660185608118
0.00143971367561047553660185608118
0.00143852375470516756624573169253
0.00143852375470516756624573169253
0.00143733007501387536902754487232
0.00143733007501387536902754487232
0.0014361326396556204269449794315
0.0014361326396556204269449794315
0.00143493145175923757981817411146
0.00143493145175923757981817411146
0.00143372651446336684981086512087
0.00143372651446336684981086512087
0.00143251783091644524033110923809
0.00143251783091644524033110923809
0.00143130540427669850933301651483
0.00143130540427669850933301651483
0.00143008923771213291704098850587
0.00143008923771213291704098850587
0.00142886933440052694811802478197
0.00142886933440052694811802478197
0.0014276456975294230082997272595
0.0014276456975294230082997272595
0.00142641833029611909551569860021
0.00142641833029611909551569860021
0.00142518723590766044552009759745
0.00142518723590766044552009759745
0.00142395241758083115205318107145
0.00142395241758083115205318107145
0.00142271387854214576155572834555
0.00142271387854214576155572834555
0.00142147162202784084245831086693
0.00142147162202784084245831086693
0.00142022565128386652906743597046
0.00142022565128386652906743597046
0.0014189759695658780400706601607
0.0014189759695658780400706601607
0.00141772258013922717168283360697
0.00141772258013922717168283360697
0.00141646548627895376545570380722
0.00141646548627895376545570380722
0.00141520469126977715077317258026
0.00141520469126977715077317258026
0.00141394019840608756205456669045
0.00141394019840608756205456669045
0.00141267201099193753068834849599
0.00141267201099193753068834849599
0.00141140013234103325171875903965
0.00141140013234103325171875903965
0.00141012456577672592530795197022
0.00141012456577672592530795197022
0.00140884531463200307299624259315
0.00140884531463200307299624259315
0.00140756238224947982878316220015
0.00140756238224947982878316220015
0.00140627577198139020505207361921
0.00140627577198139020505207361921
0.00140498548718957833336116965922
0.00140498548718957833336116965922
0.00140369153124548968012374179591
0.00140369153124548968012374179591
0.00140239390753016223720067205898
0.00140239390753016223720067205898
0.00140109261943421768742816663331
0.00140109261943421768742816663331
0.00139978767035785254510381517991
0.00139978767035785254510381517991
0.00139847906371082927145412531503
0.00139847906371082927145412531503
0.00139716680291246736510674705766
0.00139716680291246736510674705766
0.00139585089139163442759066736732
0.00139585089139163442759066736732
0.00139453133258673720388772014451
0.00139453133258673720388772014451
0.0013932081299457125980588222557
0.0013932081299457125980588222557
0.0013918812869260186639684112733
0.0013918812869260186639684112733
0.00139055080699462557113062568808
0.00139055080699462557113062568808
0.001389216693628006545700833357
0.001389216693628006545700833357
0.00138787895031212878663617889336
0.00138787895031212878663617889336
0.00138653758054244435704888558821
0.00138653758054244435704888558821
0.00138519258782388105077611227195
0.00138519258782388105077611227195
0.00138384397567083323419023028294
0.00138384397567083323419023028294
0.00138249174760715266327345040523
0.00138249174760715266327345040523
0.00138113590716613927598079427068
0.00138113590716613927598079427068
0.00137977645789053195991546929088
0.00137977645789053195991546929088
0.00137841340333249929534077069155
0.00137841340333249929534077069155
0.0013770467470536302735526986667
0.0013770467470536302735526986667
0.00137567649262492499063754305064
0.00137567649262492499063754305064
0.0013743026436267853166387522241
0.0013743026436267853166387522241
0.00137292520364900554015746722449
0.00137292520364900554015746722449
0.00137154417629076298841116622127
0.00137154417629076298841116622127
0.00137015956516060862277492864386
0.00137015956516060862277492864386
0.00136877137387645760982989231199
0.00136877137387645760982989231199
0.00136737960606557986794354091721
0.00136737960606557986794354091721
0.00136598426536459058940652313785
0.00136598426536459058940652313785
0.00136458535541944073815076853944
0.00136458535541944073815076853944
0.00136318287988540752307372921739
0.00136318287988540752307372921739
0.00136177684242708484699363987854
0.00136177684242708484699363987854
0.00136036724671837373126075273303
0.00136036724671837373126075273303
0.00135895409644247271604956717769
0.00135895409644247271604956717769
0.00135753739529186823635713779632
0.00135753739529186823635713779632
0.00135611714696832497373260768095
0.00135611714696832497373260768095
0.00135469335518287618376317749135
0.00135469335518287618376317749135
0.00135326602365581399934178401689
0.00135326602365581399934178401689
0.00135183515611667970974182528633
0.00135183515611667970974182528633
0.0013504007563042540155243324857
0.0013504007563042540155243324857
0.00134896282796654725930305209318
0.00134896282796654725930305209318
0.00134752137486078963239296472178
0.00134752137486078963239296472178
0.00134607640075342135736783017589
0.00134607640075342135736783017589
0.00134462790942008284655241117632
0.00134462790942008284655241117632
0.0013431759046456048364750910898
0.0013431759046456048364750910898
0.00134172039022399849830666381303
0.00134172039022399849830666381303
0.00134026136995844552431113670838
0.00134026136995844552431113670838
0.00133879884766128819033445016753
0.00133879884766128819033445016753
0.00133733282715401939435707999122
0.00133733282715401939435707999122
0.00133586331226727267113655131667
0.00133586331226727267113655131667
0.00133439030684081218296595530051
0.00133439030684081218296595530051
0.00133291381472352268657462217231
0.00133291381472352268657462217231
0.00133143383977339947619716661323
0.00133143383977339947619716661323
0.00132995038585753830283718368506
0.00132995038585753830283718368506
0.00132846345685212526975193573708
0.00132846345685212526975193573708
0.00132697305664242670418443285132
0.00132697305664242670418443285132
0.00132547918912277900536937145128
0.00132547918912277900536937145128
0.00132398185819657846883945769416
0.00132398185819657846883945769416
0.0013224810677762710870587041926
0.0013224810677762710870587041926
0.00132097682178334232640935046817
0.00132097682178334232640935046817
0.00131946912414830688055911932578
0.00131946912414830688055911932578
0.00131795797881069840023558305478
0.00131795797881069840023558305478
0.00131644338971905919943447500989
0.00131644338971905919943447500989
0.00131492536083092993808884370157
0.00131492536083092993808884370157
0.00131340389611283928122600803223
0.00131340389611283928122600803223
0.00131187899954029353463933375087
0.00131187899954029353463933375087
0.00131035067509776625710191256392
0.00131035067509776625710191256392
0.00130881892677868784914928663525
0.00130881892677868784914928663525
0.00130728375858543511845842243179
0.00130728375858543511845842243179
0.0013057451745293208218501990243
0.0013057451745293208218501990243
0.00130420317863058318394273703391
0.00130420317863058318394273703391
0.00130265777491837539248295542568
0.00130265777491837539248295542568
0.00130110896743075507038380428851
0.00130110896743075507038380428851
0.00129955676021467372449468260784
0.00129955676021467372449468260784
0.00129800115732596617113261083255
0.00129800115732596617113261083255
0.00129644216282933993840178876009
0.00129644216282933993840178876009
0.001294879780798364645329229915
0.001294879780798364645329229915
0.00129331401531546135784422417397
0.00129331401531546135784422417397
0.00129174487047189192162944089669
0.00129174487047189192162944089669
0.00129017235036774827187154525475
0.00129017235036774827187154525475
0.00128859645911194171993926081138
0.00128859645911194171993926081138
0.00128701720082219221701687169188
0.00128701720082219221701687169188
0.00128543457962501759472121789923
0.00128543457962501759472121789923
0.00128384859965572278273029746976
0.00128384859965572278273029746976
0.00128225926505838900345164923174
0.00128225926505838900345164923174
0.00128066657998586294375874992316
0.00128066657998586294375874992316
0.00127907054859974590382371934531
0.00127907054859974590382371934531
0.00127747117507038292307468707471
0.00127747117507038292307468707471
0.00127586846357685188330623402816
0.00127586846357685188330623402816
0.00127426241830695258897138187327
0.00127426241830695258897138187327
0.00127265304345719582468366290054
0.00127265304345719582468366290054
0.0012710403432327923899578625215
0.0012710403432327923899578625215
0.00126942432184764211121808603199
0.00126942432184764211121808603199
0.00126780498352432283110186067864
0.00126780498352432283110186067864
0.00126618233249407937508904339092
0.00126618233249407937508904339092
0.00126455637299681249548436379036
0.00126455637299681249548436379036
0.0012629271092810677927824912621
0.0012629271092810677927824912621
0.00126129454560402461444457397225
0.00126129454560402461444457397225
0.00125965868623148493111525673729
0.00125965868623148493111525673729
0.00125801953543786219030924359839
0.00125801953543786219030924359839
0.00125637709750617014759652982446
0.00125637709750617014759652982446
0.00125473137672801167531548686272
0.00125473137672801167531548686272
0.00125308237740356754884304247376
0.00125308237740356754884304247376
0.00125143010384158521045125693049
0.00125143010384158521045125693049
0.00124977456035936751077965472579
0.00124977456035936751077965472579
0.00124811575128276142795272972248
0.00124811575128276142795272972248
0.00124645368094614676437210009141
0.00124645368094614676437210009141
0.0012447883536924248212128477181
0.0012447883536924248212128477181
0.00124311977387300705065363501649
0.00124311977387300705065363501649
0.00124144794584780368587025026859
0.00124144794584780368587025026859
0.00123977287398521234882229071186
0.00123977287398521234882229071186
0.00123809456266210663586275062156
0.00123809456266210663586275062156
0.00123641301626382468120033958279
0.00123641301626382468120033958279
0.00123472823918415769824441401671
0.00123472823918415769824441401671
0.00123304023582533849886246281682
0.00123304023582533849886246281682
0.00123134901059802999058014566468
0.00123134901059802999058014566468
0.00122965456792131365175394022929
0.00122965456792131365175394022929
0.00122795691222267798474651201077
0.00122795691222267798474651201077
0.00122625604793800694713497806672
0.00122625604793800694713497806672
0.00122455197951156836098229325847
0.00122455197951156836098229325847
0.00122284471139600230020204497452
0.00122284471139600230020204497452
0.00122113424805230945604699952892
0.00122113424805230945604699952892
0.00121942059394983948075180059408
0.00121942059394983948075180059408
0.00121770375356627930936027710944
0.00121770375356627930936027710944
0.00121598373138764145976787510994
0.00121598373138764145976787510994
0.00121426053190825231100978484088
0.00121426053190825231100978484088
0.00121253415963074035982539136865
0.00121253415963074035982539136865
0.00121080461906602445552973365969
0.00121080461906602445552973365969
0.00120907191473330201322271378261
0.00120907191473330201322271378261
0.00120733605116003720536685449061
0.00120733605116003720536685449061
0.00120559703288194913176445996353
0.00120559703288194913176445996353
0.00120385486444299996796509092961
0.00120385486444299996796509092961
0.00120210955039538309213432174789
0.00120210955039538309213432174789
0.00120036109529951119041480331141
0.00120036109529951119041480331141
0.00119860950372400434081071183015
0.00119860950372400434081071183015
0.00119685478024567807562671966958
0.00119685478024567807562671966958
0.00119509692944953142249268045678
0.00119509692944953142249268045678
0.00119333595592873492400527662057
0.00119333595592873492400527662057
0.00119157186428461863601793340454
0.00119157186428461863601793340454
0.00118980465912666010461035918317
0.00118980465912666010461035918317
0.00118803434507247232176912761998
0.00118803434507247232176912761998
0.00118626092674779165981077283379
0.00118626092674779165981077283379
0.00118448440878646578457892428351
0.00118448440878646578457892428351
0.00118270479583044154744706354479
0.00118270479583044154744706354479
0.00118092209252975285615854053097
0.00118092209252975285615854053097
0.00117913630354250852453554200839
0.00117913630354250852453554200839
0.00117734743353488010108876047023
0.00117734743353488010108876047023
0.00117555548718108967655956656452
0.00117555548718108967655956656452
0.00117376046916339767042654331994
0.00117376046916339767042654331994
0.00117196238417209059640829537853
0.00117196238417209059640829537853
0.00117016123690546880699450132554
0.00117016123690546880699450132554
0.00116835703206983421703723200518
0.00116835703206983421703723200518
0.00116654977437947800643461242506
0.00116654977437947800643461242506
0.00116473946855666830193895948313
0.00116473946855666830193895948313
0.00116292611933163783812158229723
0.00116292611933163783812158229723
0.00116110973144257159752648638005
0.00116110973144257159752648638005
0.00115929030963559443004527728068
0.00115929030963559443004527728068
0.00115746785866475865154561360767
0.00115746785866475865154561360767
0.00115564238329203162178561355802
0.00115564238329203162178561355802
0.00115381388828728330164667320126
0.00115381388828728330164667320126
0.00115198237842827378971720880756
0.00115198237842827378971720880756
0.00115014785850064083825988946387
0.00115014785850064083825988946387
0.00114831033329788734859498009201
0.00114831033329788734859498009201
0.00114646980762136884593246876696
0.00114646980762136884593246876696
0.00114462628628028093368570593331
0.00114462628628028093368570593331
0.00114277977409164672729933673106
0.00114277977409164672729933673106
0.00114093027588030426762436117052
0.00114093027588030426762436117052
0.00113907779647889391387321033795
0.00113907779647889391387321033795
0.00113722234072784571618778017015
0.00113722234072784571618778017015
0.0011353639134753667678534176065
0.0011353639134753667678534176065
0.00113350251957742853719190711079
0.00113350251957742853719190711079
0.00113163816389775417916655865327
0.00113163816389775417916655865327
0.00112977085130780582673255125413
0.00112977085130780582673255125413
0.00112790058668677186196573911456
0.00112790058668677186196573911456
0.00112602737492155416700318019921
0.00112602737492155416700318019921
0.00112415122090675535482869988475
0.00112415122090675535482869988475
0.0011222721295446659799368549533
0.0011222721295446659799368549533
0.00112039010574525172890871578588
0.00112039010574525172890871578588
0.00111850515442614059093293710071
0.00111850515442614059093293710071
0.00111661728051261000830563998296
0.00111661728051261000830563998296
0.00111472648893757400694268026686
0.00111472648893757400694268026686
0.00111283278464157030693793055769
0.00111283278464157030693793055769
0.00111093617257274741320125532006
0.00111093617257274741320125532006
0.00110903665768685168620991050927
0.00110903665768685168620991050927
0.00110713424494721439290715118558
0.00110713424494721439290715118558
0.00110522893932473873778188242507
0.00110522893932473873778188242507
0.00110332074579788687416324062711
0.00110332074579788687416324062711
0.0011014096693526668957640440155
0.0011014096693526668957640440155
0.00109949571498261980850710273919
0.00109949571498261980850710273919
0.00109757888768880648266843049834
0.00109757888768880648266843049834
0.00109565919247979458537145105231
0.00109565919247979458537145105231
0.00109373663437164549346634430816
0.00109373663437164549346634430816
0.00109181121838790118682872794076
0.00109181121838790118682872794076
0.00108988294955957112211192165881
0.00108988294955957112211192165881
0.00108795183292511908698709230512
0.00108795183292511908698709230512
0.00108601787353045003490562896322
0.00108601787353045003490562896322
0.00108408107642889690041814813741
0.00108408107642889690041814813741
0.0010821414466812073950845798771
0.0010821414466812073950845798771
0.00108019898935553078400983643166
0.00108019898935553078400983643166
0.00107825370952740464303961564559
0.00107825370952740464303961564559
0.00107630561227974159665094183846
0.00107630561227974159665094183846
0.0010743547027028160365720973574
0.0010743547027028160365720973574
0.00107240098589425082116664834318
0.00107240098589425082116664834318
0.00107044446695900395561631851345
0.00107044446695900395561631851345
0.001068485151009355252937514938
0.001068485151009355252937514938
0.00106652304316489297586635986213
0.00106652304316489297586635986213
0.00106455814855250045964713262324
0.00106455814855250045964713262324
0.00106259047230634271575907560467
0.00106259047230634271575907560467
0.00106062001956785301661656797771
0.00106062001956785301661656797771
0.00105864679548571946127772069818
0.00105864679548571946127772069818
0.00105667080521587152219649584831
0.00105667080521587152219649584831
0.00105469205392146657305350294683
0.00105469205392146657305350294683
0.00105271054677287639770067429053
0.00105271054677287639770067429053
0.00105072628894767368025507073919
0.00105072628894767368025507073919
0.00104873928563061847637711861225
0.00104873928563061847637711861225
0.00104674954201364466576862752934
0.00104674954201364466576862752934
0.00104475706329584638592598809903
0.00104475706329584638592598809903
0.00104276185468346444718399733916
0.00104276185468346444718399733916
0.00104076392138987272908580859876
0.00104076392138987272908580859876
0.00103876326863556455811455154569
0.00103876326863556455811455154569
0.00103675990164813906682221648491
0.00103675990164813906682221648491
0.00103475382566228753439144588054
0.00103475382566228753439144588054
0.00103274504591977970866592446952
0.00103274504591977970866592446952
0.00103073356766945010968510777663
0.00103073356766945010968510777663
0.00102871939616718431475907716855
0.00102871939616718431475907716855
0.00102670253667590522511935781971
0.00102670253667590522511935781971
0.00102468299446555931418158410341
0.00102468299446555931418158410341
0.00102266077481310285745594496955
0.00102266077481310285745594496955
0.00102063588300248814414138982314
0.00102063588300248814414138982314
0.00101860832432464967043962327781
0.00101860832432464967043962327781
0.00101657810407749031462496492333
0.00101657810407749031462496492333
0.00101454522756586749390619791767
0.00101454522756586749390619791767
0.00101250970010157930311657779035
0.00101250970010157930311657779035
0.00101047152700335063526822032627
0.00101047152700335063526822032627
0.00100843071359681928400713478659
0.00100843071359681928400713478659
0.00100638726521452202800521601605
0.00100638726521452202800521601605
0.00100434118719588069732555618395
0.00100434118719588069732555618395
0.00100229248488718822179748400874
0.00100229248488718822179748400874
0.00100024116364159466143778632427
0.00100024116364159466143778632427
0.0009981872288190932189546137578
0.0009981872288190932189546137578
0.00099613068578650623437061910725
0.00099613068578650623437061910725
0.00099407153991747116180192372671
0.00099407153991747116180192372671
0.00099200979659242652842955385515
0.00099200979659242652842955385515
0.0009899454611985978757000353537
0.0009899454611985978757000353537
0.00098787853912998368279188175103
0.00098787853912998368279188175103
0.00098580903578734127238475683494
0.00098580903578734127238475683494
0.00098373695657817269876813927053
0.00098373695657817269876813927053
0.00098166230691671061832636287133
0.00098166230691671061832636287133
0.00097958509222390414243695219962
0.00097958509222390414243695219962
0.00097750531792740467281921912535
0.00097750531792740467281921912535
0.00097542298946155171937013182972
0.00097542298946155171937013182972
0.0009733381122673587005245134997
0.0009733381122673587005245134997
0.00097125069179249872617667362248
0.00097125069179249872617667362248
0.00096916073349129036320062035553
0.00096916073349129036320062035553
0.0009670682428246833836060479168
0.0009670682428246833836060479168
0.00096497322526024449536733831164
0.00096497322526024449536733831164
0.00096287568627214305596286198762
0.00096287568627214305596286198762
0.00096077563134113676866190718593
0.00096077563134113676866190718593
0.00095867306595455736159661283727
0.00095867306595455736159661283727
0.00095656799560629624965632483289
0.00095656799560629624965632483289
0.00095446042579679017924184038487
0.00095446042579679017924184038487
0.00095235036203300685591704997707
0.00095235036203300685591704997707
0.00095023780982843055499553109574
0.00095023780982843055499553109574
0.00094812277470304771509969251963
0.00094812277470304771509969251963
0.00094600526218333251473011244118
0.00094600526218333251473011244118
0.00094388527780223243188275808419
0.00094388527780223243188275808419
0.00094176282709915378675181877852
0.00094176282709915378675181877852
0.00093963791561994726755592864905
0.00093963791561994726755592864905
0.00093751054891689343952559917399
0.00093751054891689343952559917399
0.00093538073254868823708972586683
0.00093538073254868823708972586683
0.00093324847208042843929907723633
0.00093324847208042843929907723633
0.00093111377308359712852471798022
0.00093111377308359712852471798022
0.00092897664113604913246936206998
0.00092897664113604913246936206998
0.00092683708182199644952969498715
0.00092683708182199644952969498715
0.00092469510073199365754774787476
0.00092469510073199365754774787476
0.00092255070346292330598944977109
0.00092255070346292330598944977109
0.00092040389561798129158852739765
0.00092040389561798129158852739765
0.00091825468280666221749396517733
0.00091825468280666221749396517733
0.00091610307064474473595928126351
0.00091610307064474473595928126351
0.00091394906475427687461191836563
0.00091394906475427687461191836563
0.00091179267076356134634109106131
0.00091179267076356134634109106131
0.00090963389430714084284247408942
0.00090963389430714084284247408942
0.00090747274102578331185815882312
0.00090747274102578331185815882312
0.00090530921656646721815034772509
0.00090530921656646721815034772509
0.00090314332658236678824729909081
0.00090314332658236678824729909081
0.00090097507673283723900007678845
0.00090097507673283723900007678845
0.00089880447268339998998870200544
0.00089880447268339998998870200544
0.00089663152010572785981634621338
0.00089663152010572785981634621338
0.00089445622467763024633024666275
0.00089445622467763024633024666275
0.00089227859208303829080806771799
0.00089227859208303829080806771799
0.00089009862801199002614847324161
0.00089009862801199002614847324161
0.00088791633816061550910471703234
0.00088791633816061550910471703234
0.00088573172823112193660010001787
0.00088573172823112193660010001787
0.00088354480393177874616418449621
0.00088354480393177874616418449621
0.00088135557097690270052869721201
0.00088135557097690270052869721201
0.00087916403508684295642209444463
0.00087916403508684295642209444463
0.00087697020198796611760180357319
0.00087697020198796611760180357319
0.00087477407741264127216319677069
0.00087477407741264127216319677069
0.00087257566709922501416439356398
0.00087257566709922501416439356398
0.00087037497679204644960602997866
0.00087037497679204644960602997866
0.00086817201224139218680517286853
0.00086817201224139218680517286853
0.00086596677920349131120259880693
0.00086596677920349131120259880693
0.00086375928344050034464269759287
0.00086375928344050034464269759287
0.00086154953072048818916530099779
0.00086154953072048818916530099779
0.00085933752681742105534877784895
0.00085933752681742105534877784895
0.00085712327751114737524377691291
0.00085712327751114737524377691291
0.00085490678858738269993703930717
0.00085490678858738269993703930717
0.00085268806583769458178474232977
0.00085268806583769458178474232977
0.00085046711505948744135487665485
0.00085046711505948744135487665485
0.00084824394205598741911819879781
0.00084824394205598741911819879781
0.00084601855263622721192734060563
0.00084601855263622721192734060563
0.00084379095261503089432369727647
0.00084379095261503089432369727647
0.00084156114781299872471175505789
0.00084156114781299872471175505789
0.00083932914405649193644055931458
0.00083932914405649193644055931458
0.00083709494717761751383206309427
0.00083709494717761751383206309427
0.00083485856301421295319613565446
0.00083485856301421295319613565446
0.00083261999740983100887204964294
0.00083261999740983100887204964294
0.00083037925621372442433630475083
0.00083037925621372442433630475083
0.00082813634528083064841668467932
0.00082813634528083064841668467932
0.00082589127047175653665248317848
0.00082589127047175653665248317848
0.00082364403765276303784087373071
0.00082364403765276303784087373071
0.00082139465269574986580943615978
0.00082139465269574986580943615978
0.0008191431214782401564548920513
0.0008191431214782401564548920513
0.00081688944988336511008813937059
0.00081688944988336511008813937059
0.00081463364379984861912571505856
0.00081463364379984861912571505856
0.00081237570912199188116785267733
0.00081237570912199188116785267733
0.00081011565174965799750334036226
0.00081011565174965799750334036226
0.00080785347758825655708142241797
0.00080785347758825655708142241797
0.00080558919254872820599102587111
0.00080558919254872820599102587111
0.00080332280254752920248763116299
0.00080332280254752920248763116299
0.00080105431350661595760814392997
0.00080105431350661595760814392997
0.00079878373135342956141416247919
0.00079878373135342956141416247919
0.00079651106202088029490407312113
0.00079651106202088029490407312113
0.00079423631144733212763444296892
0.00079423631144733212763444296892
0.00079195948557658720109121715733
0.00079195948557658720109121715733
0.000789680590357870297851264671
0.000789680590357870297851264671
0.00078739963174581329657485410288
0.00078739963174581329657485410288
0.00078511661570043961286967768895
0.00078511661570043961286967768895
0.00078283154818714862606707888427
0.00078283154818714862606707888427
0.00078054443517670009195117555851
0.00078054443517670009195117555851
0.00077825528264519854148160759583
0.00077825528264519854148160759583
0.00077596409657407766555067428407
0.00077596409657407766555067428407
0.00077367088295008468581566337265
0.00077367088295008468581566337265
0.00077137564776526471164721006539
0.00077137564776526471164721006539
0.00076907839701694508323456049588
0.00076907839701694508323456049588
0.00076677913670771970088865040661
0.00076677913670771970088865040661
0.00076447787284543334058394582067
0.00076447787284543334058394582067
0.00076217461144316595578002845522
0.00076217461144316595578002845522
0.0007598693585192169655639444792
0.0007598693585192169655639444792
0.0007575621200970895291543709644
0.0007575621200970895291543709644
0.00075525290220547480680869001794
0.00075525290220547480680869001794
0.00075294171087823620717409611647
0.00075294171087823620717409611647
0.00075062855215439362112389758686
0.00075062855215439362112389758686
0.00074831343207810764212020849543
0.00074831343207810764212020849543
0.00074599635669866377314426241758
0.00074599635669866377314426241758
0.00074367733207045662023561466181
0.00074367733207045662023561466181
0.00074135636425297407268153451641
0.00074135636425297407268153451641
0.00073903345931078146989792397407
0.00073903345931078146989792397407
0.00073670862331350575504313416845
0.00073670862331350575504313416845
0.00073438186233581961540608542743
0.00073438186233581961540608542743
0.00073205318245742560961013141113
0.00073205318245742560961013141113
0.0007297225897630402816741422572
0.0007297225897630402816741422572
0.00072739009034237826197231600278
0.00072739009034237826197231600278
0.00072505569029013635513426179085
0.00072505569029013635513426179085
0.00072271939570597761492693249857
0.00072271939570597761492693249857
0.00072038121269451540616001844725
0.00072038121269451540616001844725
0.0007180411473652974536564477662
0.0007180411473652974536564477662
0.00071569920583278987832967278761
0.00071569920583278987832967278761
0.00071335539421636122040945554542
0.00071335539421636122040945554542
0.00071100971864026644985789903816
0.00071100971864026644985789903816
0.00070866218523363096401750439426
0.00070866218523363096401750439426
0.00070631280013043457253306744768
0.00070631280013043457253306744768
0.00070396156946949546958926149215
0.00070396156946949546958926149215
0.00070160849939445419350578613395
0.00070160849939445419350578613395
0.00069925359605375757373199520522
0.00069925359605375757373199520522
0.00069689686560064266528294963326
0.00069689686560064266528294963326
0.00069453831419312067065887398482
0.00069453831419312067065887398482
0.00069217794799396084929002811945
0.00069217794799396084929002811945
0.00068981577317067441454903799054
0.00068981577317067441454903799054
0.00068745179589549841837276212902
0.00068745179589549841837276212902
0.00068508602234537962353580273042
0.00068508602234537962353580273042
0.00068271845870195836361780254281
0.00068271845870195836361780254281
0.00068034911115155239070670092008
0.00068034911115155239070670092008
0.00067797798588514071088015446208
0.00067797798588514071088015446208
0.00067560508909834740750735961071
0.00067560508909834740750735961071
0.00067323042699142545241354640862
0.00067323042699142545241354640862
0.00067085400576924050494944435463
0.00067085400576924050494944435463
0.00066847583164125469900805290804
0.00066847583164125469900805290804
0.00066609591082151041803108070136
0.00066609591082151041803108070136
0.00066371424952861405804744891876
0.00066371424952861405804744891876
0.0006613308539857197787862855849
0.0006613308539857197787862855849
0.00065894573042051324290686868623
0.00065894573042051324290686868623
0.00065655888506519534338800711365
0.00065655888506519534338800711365
0.0006541703241564659191193793726
0.0006541703241564659191193793726
0.00065178005393550745873738085249
0.00065178005393550745873738085249
0.00064938808064796879274806118408
0.00064938808064796879274806118408
0.00064699441054394877397976383868
0.00064699441054394877397976383868
0.00064459904987797994640811063821
0.00064459904987797994640811063821
0.00064220200490901220239600425022
0.00064220200490901220239600425022
0.00063980328190039642839135203573
0.00063980328190039642839135203573
0.00063740288711986813912524480168
0.00063740288711986813912524480168
0.00063500082683953110035335408264
0.00063500082683953110035335408264
0.00063259710733584094018334153892
0.00063259710733584094018334153892
0.00063019173488958874903110391
0.00063019173488958874903110391
0.00062778471578588466824870670331
0.00062778471578588466824870670331
0.00062537605631414146746688942882
0.00062537605631414146746688942882
0.00062296576276805811069505470964
0.00062296576276805811069505470964
0.00062055384144560331122168300805
0.00062055384144560331122168300805
0.00061814029864899907535814400438
0.00061814029864899907535814400438
0.0006157251406847042350689048543
0.0006157251406847042350689048543
0.0006133083738633979695311646265
0.0006133083738633979695311646265
0.00061089000449996331566697318935
0.00061089000449996331566697318935
0.0006084700389134706676909216706
0.0006084700389134706676909216706
0.00060604848342716126571652035894
0.00060604848342716126571652035894
0.0006036253443684306734644085506
0.0006036253443684306734644085506
0.00060120062806881224511556936788
0.00060120062806881224511556936788
0.00059877434086396058135275098928
0.00059877434086396058135275098928
0.00059634648909363497463332403359
0.00059634648909363497463332403359
0.00059391707910168284373683303236
0.00059391707910168284373683303236
0.00059148611723602315763052800644
0.00059148611723602315763052800644
0.00058905360984862984869619013386
0.00058905360984862984869619013386
0.00058661956329551521536159335674
0.00058661956329551521536159335674
0.00058418398393671331417997152591
0.00058418398393671331417997152591
0.00058174687813626334140088832231
0.00058174687813626334140088832231
0.0005793082522621930040759347245
0.0005793082522621930040759347245
0.00057686811268650188074270621238
0.00057686811268650188074270621238
0.00057442646578514477173053920769
0.00057442646578514477173053920769
0.00057198331793801503913151345293
0.00057198331793801503913151345293
0.00056953867552892793648025412177
0.00056953867552892793648025412177
0.00056709254494560392818609443588
0.00056709254494560392818609443588
0.00056464493257965199876118643617
0.00056464493257965199876118643617
0.00056219584482655295188817431987
0.00056219584482655295188817431987
0.00055974528808564269937107140999
0.00055974528808564269937107140999
0.00055729326876009554001300836967
0.00055729326876009554001300836967
0.00055483979325690742846454671202
0.00055483979325690742846454671202
0.0005523848679868792340862779855
0.0005523848679868792340862779855
0.0005499284993645999898694552367
0.0005499284993645999898694552367
0.0005474706938084301314584294665
0.0005474706938084301314584294665
0.0005450114577404847263186898025
0.0005450114577404847263186898025
0.0005425507975866166930943320101
0.0005425507975866166930943320101
0.0005400887197764000111988057594
0.0005400887197764000111988057594
0.0005376252307431129206828167488
0.0005376252307431129206828167488
0.0005351603369237211124232853716
0.0005351603369237211124232853716
0.0005326940447588609086772890858
0.0005326940447588609086772890858
0.0005302263606928224340449410159
0.0005302263606928224340449410159
0.0005277572911735327768851825886
0.0005277572911735327768851825886
0.0005252868426525391412284931591
0.0005252868426525391412284931591
0.0005228150215849919892305446518
0.0005228150215849919892305446518
0.0005203418344296281742108541907
0.0005203418344296281742108541907
0.0005178672876487540643205125535
0.0005178672876487540643205125535
0.0005153913877082286568830910357
0.0005153913877082286568830910357
0.0005129141410774466834528539644
0.0005129141410774466834528539644
0.0005104355542293217056344286575
0.0005104355542293217056344286575
0.0005079556336402692017081090762
0.0005079556336402692017081090762
0.0005054743857901896441049937803
0.0005054743857901896441049937803
0.0005029918171624515677761830525
0.0005029918171624515677761830525
0.0005005079342438746295002842277
0.0005005079342438746295002842277
0.0004980227435247126581734983294
0.0004980227435247126581734983294
0.0004955362514986366961265850997
0.0004955362514986366961265850997
0.0004930484646627180315130273877
0.0004930484646627180315130273877
0.000490559389517411221812739664
0.000490559389517411221812739664
0.0004880690325665371084956891318
0.0004880690325665371084956891318
0.0004855774003172658228898215265
0.0004855774003172658228898215265
0.0004830844992800997832977072303
0.0004830844992800997832977072303
0.0004805903359688566834063467794
0.0004805903359688566834063467794
0.0004780949169006524720345982116
0.0004780949169006524720345982116
0.0004755982485958843242627119926
0.0004755982485958843242627119926
0.000473100337578213603988482474
0.000473100337578213603988482474
0.0004706011903745488179545479758
0.0004706011903745488179545479758
0.0004681008135150285612913946535
0.0004681008135150285612913946535
0.0004655992135330044546206423124
0.0004655992135330044546206423124
0.0004630963969650240727632132644
0.0004630963969650240727632132644
0.0004605923703508138650970081944
0.0004605923703508138650970081944
0.0004580871402332620676087358215
0.0004580871402332620676087358215
0.0004555807131584016066845658961
0.0004555807131584016066845658961
0.0004530730956753929946842977852
0.0004530730956753929946842977852
0.0004505642943365072173437595641
0.0004505642943365072173437595641
0.0004480543156971086130501751527
0.0004480543156971086130501751527
0.0004455431663156377440352596245
0.0004455431663156377440352596245
0.0004430308527535942595308253757
0.0004430308527535942595308253757
0.0004405173815755197509317043707
0.0004405173815755197509317043707
0.0004380027593489805990108142046
0.0004380027593489805990108142046
0.0004354869926445508132312182237
0.0004354869926445508132312182237
0.0004329700880357948632000524533
0.0004329700880357948632000524533
0.0004304520520992505023092145903
0.0004304520520992505023092145903
0.0004279328914144115836077328445
0.0004279328914144115836077328445
0.0004254126125637108679507549598
0.0004254126125637108679507549598
0.0004228912221325028244701203322
0.0004228912221325028244701203322
0.0004203687267090464234115007696
0.0004203687267090464234115007696
0.0004178451328844879213831181265
0.0004178451328844879213831181265
0.0004153204472528436390610698072
0.0004153204472528436390610698072
0.0004127946764109827313963159719
0.0004127946764109827313963159719
0.0004102678269586099503684052285
0.0004102678269586099503684052285
0.0004077399054982484003310386535
0.0004077399054982484003310386535
0.0004052109186352222859945951831
0.0004052109186352222859945951831
0.0004026808729776396530907647684
0.0004026808729776396530907647684
0.0004001497751363751217644592192
0.0004001497751363751217644592192
0.0003976176317250526127381943873
0.0003976176317250526127381943873
0.0003950844493600280662941612926
0.0003950844493600280662941612926
0.0003925502346603721541192280035
0.0003925502346603721541192280035
0.0003900149942478529840581385618
0.0003900149942478529840581385618
0.0003874787347469187978202000476
0.0003874787347469187978202000476
0.0003849414627846806616847740209
0.0003849414627846806616847740209
0.0003824031849908951502509141138
0.0003824031849908951502509141138
0.0003798639079979470232765175041
0.0003798639079979470232765175041
0.0003773236384408318956523844379
0.0003773236384408318956523844379
0.0003747823829571389005566069226
0.0003747823829571389005566069226
0.0003722401481870333458347352436
0.0003722401481870333458347352436
0.000369696940773239363651199127
0.000369696940773239363651199127
0.0003671527673610225534574892311
0.0003671527673610225534574892311
0.0003646076345981726183226342899
0.0003646076345981726183226342899
0.0003620615491349859946715397072
0.0003620615491349859946715397072
0.0003595145176242484754767848114
0.0003595145176242484754767848114
0.0003569665467212178269495084136
0.0003569665467212178269495084136
0.0003544176430836063987750458628
0.0003544176430836063987750458628
0.0003518678133715637279390155796
0.0003518678133715637279390155796
0.000349317064247659136189589191
0.000349317064247659136189589191
0.000346765402376864321181717013
0.000346765402376864321181717013
0.0003442128344265359413491198911
0.0003442128344265359413491198911
0.0003416593670663981945498994613
0.0003416593670663981945498994613
0.0003391050069685253905316619191
0.0003391050069685253905316619191
0.0003365497608073245172620955738
0.0003365497608073245172620955738
0.0003339936352595178011709900359
0.0003339936352595178011709900359
0.0003314366370041252613497350713
0.0003314366370041252613497350713
0.0003288787727224472577543902192
0.0003288787727224472577543902192
0.0003263200490980470334584724985
0.0003263200490980470334584724985
0.0003237604728167332510016692421
0.0003237604728167332510016692421
0.000321200050566542522880746644
0.000321200050566542522880746644
0.0003186387890377219362289923794
0.0003186387890377219362289923794
0.0003160766949227115717306030889
0.0003160766949227115717306030889
0.0003135137749161270168165050823
0.0003135137749161270168165050823
0.0003109500357147418731881798534
0.0003109500357147418731881798534
0.0003083854840174702587161554824
0.0003083854840174702587161554824
0.0003058201265253493037599214058
0.0003058201265253493037599214058
0.0003032539699415216419561280692
0.0003032539699415216419561280692
0.0003006870209712178955220454722
0.0003006870209712178955220454722
0.000298119286321739155121376456
0.000298119286321739155121376456
0.0002955507727024394543396527931
0.0002955507727024394543396527931
0.0002929814868247082388165858353
0.0002929814868247082388165858353
0.0002904114354019528300828999112
0.0002904114354019528300828999112
0.0002878406251495808841493472638
0.0002878406251495808841493472638
0.0002852690627849828448957896291
0.0002852690627849828448957896291
0.0002826967550275143923084353683
0.0002826967550275143923084353683
0.0002801237085984788856135443403
0.0002801237085984788856135443403
0.0002775499302211098013561576677
0.0002775499302211098013561576677
0.0002749754266205531664726787071
0.0002749754266205531664726787071
0.0002724002045238499864064276848
0.0002724002045238499864064276848
0.0002698242706599186683156187828
0.0002698242706599186683156187828
0.0002672476317595374394235685142
0.0002672476317595374394235685142
0.0002646702945553267605613420499
0.0002646702945553267605613420499
0.0002620922657817317349534843032
0.0002620922657817317349534843032
0.0002595135521750045122979702086
0.0002595135521750045122979702086
0.0002569341604731866881920495696
0.0002569341604731866881920495696
0.0002543540974160916989562627485
0.0002543540974160916989562627485
0.0002517733697452872119095718307
0.0002517733697452872119095718307
0.0002491919842040775111492962879
0.0002491919842040775111492962879
0.0002466099475374858788903723283
0.0002466099475374858788903723283
0.0002440272664922369724193821655
0.0002440272664922369724193821655
0.0002414439478167391967198360412
0.0002414439478167391967198360412
0.0002388599982610670728263505026
0.0002388599982610670728263505026
0.0002362754245769436019666677525
0.0002362754245769436019666677525
0.0002336902335177226255519218936
0.0002336902335177226255519218936
0.0002311044318383711810772004132
0.0002311044318383711810772004132
0.0002285180262954518539962984237
0.0002285180262954518539962984237
0.0002259310236471051256366479029
0.0002259310236471051256366479029
0.0002233434306530317172227578285
0.0002233434306530317172227578285
0.0002207552540744749300791621938
0.0002207552540744749300791621938
0.0002181665006742029820868860213
0.0002181665006742029820868860213
0.0002155771772164913404708563046
0.0002155771772164913404708563046
0.0002129872904671050509995653048
0.0002129872904671050509995653048
0.0002103968471932810636827075426
0.0002103968471932810636827075426
0.0002078058541637105550575404224
0.0002078058541637105550575404224
0.0002052143181485212471604565439
0.0002052143181485212471604565439
0.0002026222459192597232868142816
0.0002026222459192597232868142816
0.0002000296442488737406495820528
0.0002000296442488737406495820528
0.0001974365199116945400559633539
0.0001974365199116945400559633539
0.0001948428796834191527310634444
0.0001948428796834191527310634444
0.0001922487303410927044290459077
0.0001922487303410927044290459077
0.0001896540786630907169853578403
0.0001896540786630907169853578403
0.0001870589314291014074787716189
0.0001870589314291014074787716189
0.0001844632954201079851895495909
0.0001844632954201079851895495909
0.0001818671774183709465604023669
0.0001818671774183709465604023669
0.0001792705842074103683905783432
0.0001792705842074103683905783432
0.0001766735225719881995209849388
0.0001766735225719881995209849388
0.0001740759992980905513004113291
0.0001740759992980905513004113291
0.0001714780211729099871605512506
0.0001714780211729099871605512506
0.0001688795949848278116716395965
0.0001688795949848278116716395965
0.0001662807275233963595023574407
0.0001662807275233963595023574407
0.0001636814255793212847687269059
0.0001636814255793212847687269059
0.0001610816959444438513288307435
0.0001610816959444438513288307435
0.000158481545411723224665568187
0.000158481545411723224665568187
0.000155880980775218766101005141
0.000155880980775218766101005141
0.0001532800088300723302065082568
0.0001532800088300723302065082568
0.0001506786363724905664168427295
0.0001506786363724905664168427295
0.0001480768701997272260287854112
0.0001480768701997272260287854112
0.0001454747171100654759717719821
0.0001454747171100654759717719821
0.0001428721839028002209873744741
0.0001428721839028002209873744741
0.000140269277378220436155607391
0.000140269277378220436155607391
0.0001376660043375915120712130231
0.0001376660043375915120712130231
0.0001350623715831376154172817742
0.0001350623715831376154172817742
0.0001324583859180240682258647727
0.0001324583859180240682258647727
0.0001298540541463397497797480613
0.0001298540541463397497797480613
0.0001272493830730795259269499023
0.0001272493830730795259269499023
0.0001246443795041267115889601082
0.0001246443795041267115889601082
0.0001220390502462355734955641612
0.0001220390502462355734955641612
0.0001194334021070138817381746632
0.0001194334021070138817381746632
0.0001168274418949055206840652624
0.0001168274418949055206840652624
0.0001142211764191731722454430544
0.0001142211764191731722454430544
0.0001116146124898810875936648087
0.0001116146124898810875936648087
0.0001090077569178779673396304992
0.0001090077569178779673396304992
0.0001064006165147799752178590901
0.0001064006165147799752178590901
0.0001037931980929539167495003013
0.0001037931980929539167495003013
0.0001011855084655006226693765581
0.0001011855084655006226693765581
0.0000985775544462385876939794437
0.0000985775544462385876939794437
0.0000959693428496879293122754938
0.0000959693428496879293122754938
0.000093360880491054749840397545
0.000093360880491054749840397545
0.0000907521741862160095743177526
0.0000907521741862160095743177526
0.0000881432307517050517060166614
0.0000881432307517050517060166614
0.0000855340570046979638428726277
0.0000855340570046979638428726277
0.0000829246597630010208993812804
0.0000829246597630010208993812804
0.0000803150458450395361484375235
0.0000803150458450395361484375235
0.0000777052220698485605127635858
0.0000777052220698485605127635858
0.000075095195257066028218182205
0.000075095195257066028218182205
0.0000724849722269291697107398014
0.0000724849722269291697107398014
0.0000698745598002753302962856649
0.0000698745598002753302962856649
0.0000672639647985487910291515013
0.0000672639647985487910291515013
0.0000646531940438158575901480918
0.0000646531940438158575901480918
0.0000620422543587914740145765017
0.0000620422543587914740145765017
0.0000594311525668821077042921524
0.0000594311525668821077042921524
0.0000568198954922519265787725394
0.0000568198954922519265787725394
0.0000542084899599228219863895789
0.0000542084899599228219863895789
0.000051596942795924421208959616
0.000051596942795924421208959616
0.000048985260827519260132681231
0.000048985260827519260132681231
0.000046373450883543188678456612
0.000046373450883543188678456612
0.000043761519794926288282474157
0.000043761519794926288282474157
0.000041149474395503377022501406
0.000041149474395503377022501406
0.000038537321523301572627966053
0.000038537321523301572627966053
0.000035925068022637449707713841
0.000035925068022637449707713841
0.000033312720747634980681908469
0.000033312720747634980681908469
0.00003070028656833383214143105
0.00003070028656833383214143105
0.000028087772381731922034371045
0.000028087772381731922034371045
0.000025475185132717650697341235
0.000025475185132717650697341235
0.000022862531856046289838266559
0.000022862531856046289838266559
0.000020249819766414310356444737
0.000020249819766414310356444737
0.000017637056468460918752933813
0.000017637056468460918752933813
0.000015024250500074079386606424
0.000015024250500074079386606424
0.000012411412940842546760461702
0.000012411412940842546760461702
9.798563126659162460663732e-6
9.798563126659162460663732e-6
7.185755066946072279658197e-6
7.185755066946072279658197e-6
4.57326373278958372397953e-6
4.57326373278958372397953e-6
1.96462314410124015448865e-6
1.96462314410124015448865e-6