0.008887099041203341
0.008886748088917703
0.008886748088917703
0.00888569525977906
0.00888569525977906
0.008883940636940034
0.008883940636940034
0.00888148435898103
0.00888148435898103
0.008878326619899294
0.008878326619899294
0.008874467669093586
0.008874467669093586
0.00886990781134449
0.00886990781134449
0.008864647406790332
0.008864647406790332
0.008858686870898748
0.008858686870898748
0.008852026674433859
0.008852026674433859
0.0088446673434191
0.0088446673434191
0.008836609459095667
0.008836609459095667
0.008827853657876614
0.008827853657876614
0.008818400631296588
0.008818400631296588
0.008808251125957214
0.008808251125957214
0.008797405943468123
0.008797405943468123
0.008785865940383646
0.008785865940383646
0.00877363202813516
0.00877363202813516
0.008760705172959105
0.008760705172959105
0.008747086395820669
0.008747086395820669
0.008732776772333152
0.008732776772333152
0.008717777432673015
0.008717777432673015
0.008702089561490619
0.008702089561490619
0.008685714397816658
0.008685714397816658
0.008668653234964303
0.008668653234964303
0.008650907420427056
0.008650907420427056
0.008632478355772322
0.008632478355772322
0.008613367496530716
0.008613367496530716
0.008593576352081104
0.008593576352081104
0.008573106485531391
0.008573106485531391
0.008551959513595066
0.008551959513595066
0.008530137106463519
0.008530137106463519
0.00850764098767412
0.00850764098767412
0.008484472933974103
0.008484472933974103
0.00846063477518023
0.00846063477518023
0.008436128394034278
0.008436128394034278
0.008410955726054336
0.008410955726054336
0.008385118759381942
0.008385118759381942
0.008358619534625051
0.008358619534625051
0.008331460144696877
0.008331460144696877
0.008303642734650587
0.008303642734650587
0.008275169501509889
0.008275169501509889
0.008246042694095508
0.008246042694095508
0.008216264612847576
0.008216264612847576
0.008185837609643938
0.008185837609643938
0.008154764087614409
0.008154764087614409
0.008123046500950965
0.008123046500950965
0.008090687354713917
0.008090687354713917
0.008057689204634059
0.008057689204634059
0.008024054656910813
0.008024054656910813
0.007989786368006396
0.007989786368006396
0.007954887044436009
0.007954887044436009
0.007919359442554077
0.007919359442554077
0.007883206368336552
0.007883206368336552
0.007846430677159293
0.007846430677159293
0.007809035273572556
0.007809035273572556
0.007771023111071582
0.007771023111071582
0.007732397191863337
0.007732397191863337
0.007693160566629394
0.007693160566629394
0.007653316334284992
0.007653316334284992
0.00761286764173428
0.00761286764173428
0.007571817683621775
0.007571817683621775
0.00753016970208005
0.00753016970208005
0.007487926986473668
0.007487926986473668
0.00744509287313939
0.00744509287313939
0.007401670745122666
0.007401670745122666
0.007357664031910448
0.007357664031910448
0.007313076209160321
0.007313076209160321
0.007267910798426002
0.007267910798426002
0.007222171366879202
0.007222171366879202
0.007175861527027893
0.007175861527027893
0.007128984936430991
0.007128984936430991
0.007081545297409482
0.007081545297409482
0.007033546356754008
0.007033546356754008
0.006984991905428951
0.006984991905428951
0.006935885778273019
0.006935885778273019
0.006886231853696368
0.006886231853696368
0.006836034053374289
0.006836034053374289
0.006785296341937469
0.006785296341937469
0.006734022726658867
0.006734022726658867
0.006682217257137216
0.006682217257137216
0.006629884024977189
0.006629884024977189
0.00657702716346624
0.00657702716346624
0.006523650847248158
0.006523650847248158
0.006469759291993351
0.006469759291993351
0.006415356754065896
0.006415356754065896
0.006360447530187365
0.006360447530187365
0.006305035957097474
0.006305035957097474
0.006249126411211563
0.006249126411211563
0.006192723308274951
0.006192723308274951
0.006135831103014174
0.006135831103014174
0.006078454288785153
0.006078454288785153
0.006020597397218309
0.006020597397218309
0.005962264997860651
0.005962264997860651
0.005903461697814876
0.005903461697814876
0.005844192141375499
0.005844192141375499
0.005784461009662041
0.005784461009662041
0.005724273020249322
0.005724273020249322
0.005663632926794858
0.005663632926794858
0.005602545518663423
0.005602545518663423
0.00554101562054878
0.00554101562054878
0.005479048092092628
0.005479048092092628
0.005416647827500787
0.005416647827500787
0.005353819755156654
0.005353819755156654
0.005290568837231954
0.005290568837231954
0.005226900069294836
0.005226900069294836
0.005162818479915312
0.005162818479915312
0.005098329130268111
0.005098329130268111
0.005033437113732936
0.005033437113732936
0.004968147555492198
0.004968147555492198
0.004902465612126225
0.004902465612126225
0.004836396471205994
0.004836396471205994
0.004769945350883418
0.004769945350883418
0.004703117499479215
0.004703117499479215
0.004635918195068401
0.004635918195068401
0.00456835274506342
0.00456835274506342
0.004500426485794971
0.004500426485794971
0.004432144782090541
0.004432144782090541
0.004363513026850697
0.004363513026850697
0.004294536640623151
0.004294536640623151
0.004225221071174647
0.004225221071174647
0.004155571793060703
0.004155571793060703
0.004085594307193225
0.004085594307193225
0.004015294140406054
0.004015294140406054
0.003944676845018456
0.003944676845018456
0.003873747998396606
0.003873747998396606
0.00380251320251309
0.00380251320251309
0.003730978083504467
0.003730978083504467
0.003659148291226926
0.003659148291226926
0.003587029498810062
0.003587029498810062
0.00351462740220883
0.00351462740220883
0.00344194771975368
0.00344194771975368
0.003368996191698946
0.003368996191698946
0.00329577857976949
0.00329577857976949
0.003222300666705662
0.003222300666705662
0.003148568255806607
0.003148568255806607
0.003074587170471942
0.003074587170471942
0.003000363253741866
0.003000363253741866
0.002925902367835713
0.002925902367835713
0.002851210393689012
0.002851210393689012
0.00277629323048907
0.00277629323048907
0.00270115679520914
0.00270115679520914
0.002625807022141194
0.002625807022141194
0.002550249862427361
0.002550249862427361
0.00247449128359006
0.00247449128359006
0.002398537269060892
0.002398537269060892
0.002322393817708321
0.002322393817708321
0.002246066943364214
0.002246066943364214
0.002169562674349303
0.002169562674349303
0.002092887052997625
0.002092887052997625
0.002016046135180049
0.002016046135180049
0.001939045989826977
0.001939045989826977
0.00186189269845036
0.00186189269845036
0.001784592354665223
0.001784592354665223
0.001707151063710927
0.001707151063710927
0.001629574941972543
0.001629574941972543
0.001551870116502859
0.001551870116502859
0.001474042724545814
0.001474042724545814
0.001396098913062613
0.001396098913062613
0.001318044838262536
0.001318044838262536
0.001239886665141774
0.001239886665141774
0.001161630567035992
0.001161630567035992
0.001083282725196723
0.001083282725196723
0.001004849328410087
0.001004849328410087
0.0009263365726932463
0.0009263365726932463
0.0008477506611394618
0.0008477506611394618
0.0007690978040615982
0.0007690978040615982
0.0006903842197712625
0.0006903842197712625
0.0006116161368113725
0.0006116161368113725
0.0005327997998133556
0.0005327997998133556
0.0004539414854287201
0.0004539414854287201
0.0003750475504562256
0.0003750475504562256
0.0002961246040843744
0.0002961246040843744
0.0002171803059063643
0.0002171803059063643
0.000138228996308309
0.000138228996308309
0.00005938352730359609
0.00005938352730359609