-0.000829134912700083425560157603501
0.000829134912700083425560157603501
-0.00248740245809614391892563365929
0.00248740245809614391892563365929
-0.00414566316348615502885075086225
0.00414566316348615502885075086225
-0.00580391246888698278188170228943
0.00580391246888698278188170228943
-0.00746214581434684156748170631293
0.00746214581434684156748170631293
-0.0091203586399578333625127410459
0.0091203586399578333625127410459
-0.0107785463858684868350326013569
0.0107785463858684868350326013569
-0.0124367044922962962929265109575
0.0124367044922962962929265109575
-0.01409482839954026044289294875
0.01409482839954026044289294875
-0.0157529135479934209253038701239
0.0157529135479934209253038701239
-0.0174109553781554005904601201995
0.0174109553781554005904601201995
-0.0190689493306449414817635471483
0.0190689493306449414817635471483
-0.0207268908462124424913281296542
0.0207268908462124424913281296542
-0.0223847753657524966535533333272
0.0223847753657524966535533333272
-0.0240425983303164280421839064348
0.0240425983303164280421839064348
-0.025700355181124828236381415672
0.025700355181124828236381415672
-0.0273580413595800923213340078472
0.0273580413595800923213340078472
-0.0290156523072789543889321633164
0.0290156523072789543889321633164
-0.030673183466025022504039581747
0.030673183466025022504039581747
-0.0323306302778413131018898103272
0.0323306302778413131018898103272
-0.0339879881849827847821407888654
0.0339879881849827847821407888654
-0.0356452526299488714651211453266
0.0356452526299488714651211453266
-0.0373024190554960148758038292358
0.0373024190554960148758038292358
-0.0389594829046501963210445190358
0.0389594829046501963210445190358
-0.0406164396207194677256241829057
0.0406164396207194677256241829057
-0.0422732846473064818926372107322
0.0422732846473064818926372107322
-0.0439300134283210219537686678679
0.0439300134283210219537686678679
-0.0455866214079925299750064489969
0.0455866214079925299750064489969
-0.0472431040308826346833364328674
0.0472431040308826346833364328674
-0.0488994567418976782799711558223
0.0488994567418976782799711558223
-0.0505556749863012423056650339606
0.0505556749863012423056650339606
-0.0522117542097266725236717703952
0.0522117542097266725236717703952
-0.0538676898581896027859022854141
0.0538676898581896027859022854141
-0.0555234773781004778478443034093
0.0555234773781004778478443034093
-0.0571791122162770750978076211945
0.0571791122162770750978076211945
-0.0588345898199570251660620677841
0.0588345898199570251660620677841
-0.0604899056368103313794382458422
0.0604899056368103313794382458422
-0.0621450551149518880269643198271
0.0621450551149518880269643198271
-0.0638000337029539974021153853373
0.0638000337029539974021153853373
-0.0654548368498588855872553183098
0.0654548368498588855872553183098
-0.0671094600051912169458544615141
0.0671094600051912169458544615141
-0.0687638986189706072880700592206
0.0687638986189706072880700592206
-0.0704181481417241356752799989845
0.0704181481417241356752799989845
-0.072072204024498854829164162178
0.072072204024498854829164162178
-0.0737260617188743001109315221941
0.0737260617188743001109315221941
-0.0753797166769749970362950611508
0.0753797166769749970362950611508
-0.0770331643514829672918006024036
0.0770331643514829672918006024036
-0.0786864001956502332181197772458
0.0786864001956502332181197772458
-0.0803394196633113207259215598056
0.0803394196633113207259215598056
-0.0819922182088957606099411143371
0.0819922182088957606099411143371
-0.0836447912874405882268691038346
0.0836447912874405882268691038346
-0.0852971343546028415026891081631
0.0852971343546028415026891081631
-0.0869492428666720572350953936773
0.0869492428666720572350953936773
-0.0886011122805827656566279645944
0.0886011122805827656566279645944
-0.0902527380539269832241666091642
0.0902527380539269832241666091642
-0.0919041156449667036004305309453
0.0919041156449667036004305309453
-0.0935552405126463867931351272244
0.0935552405126463867931351272244
-0.0952061081166054464174625428001
0.0952061081166054464174625428001
-0.0968567139171907350475077879731
0.0968567139171907350475077879731
-0.0985070533754690276223674646361
0.0985070533754690276223674646361
-0.10015712195323950287254349381
0.10015712195323950287254349381
-0.101806915113046222732339681833
0.101806915113046222732339681833
-0.10345642831819060970393450064
0.10345642831819060970393450064
-0.10510565703274392213881909018
0.10510565703274392213881909018
-0.106754596721559727402295217952
0.106754596721559727402295217952
-0.108403242850286372886733751953
0.108403242850286372886733751953
-0.110051590885379454839300118922
0.110051590885379454839300118922
-0.111699636294114284969859229661
0.111699636294114284969859229661
-0.113347374544598354804778457432
0.113347374544598354804778457432
-0.114994801105783797752353453874
0.114994801105783797752353453874
-0.116641911447479848845587879608
0.116641911447479848845587879608
-0.118288701040365302128064513636
0.118288701040365302128064513636
-0.119935165356000965648651686812
0.119935165356000965648651686812
-0.121581299866842114030795560046
0.121581299866842114030795560046
-0.123227100046250938582155437414
0.123227100046250938582155437414
-0.124872561368508994910346068079
0.124872561368508994910346068079
-0.126517679308829648010557748799
0.126517679308829648010557748799
-0.128162449343370514790831990722
0.128162449343370514790831990722
-0.129806866949245904000777560327
0.129806866949245904000777560327
-0.131450927604539253529518844474
0.131450927604539253529518844474
-0.133094626788315565038675723822
0.133094626788315565038675723822
-0.13473795998063383589618146712
0.13473795998063383589618146712
-0.136380922662559488376752581216
0.136380922662559488376752581216
-0.138023510316176796094832067943
0.138023510316176796094832067943
-0.139665718424601307635835149342
0.139665718424601307635835149342
-0.141307542471992267351534226977
0.141307542471992267351534226977
-0.142948977943565033285427639276
0.142948977943565033285427639276
-0.144590020325603492193944673017
0.144590020325603492193944673017
-0.146230665105472471629347271087
0.146230665105472471629347271087
-0.147870907771630149050196958567
0.147870907771630149050196958567
-0.149510743813640457925263682992
0.149510743813640457925263682992
-0.151150168722185490796761532213
0.151150168722185490796761532213
-0.152789177989077899268804654744
0.152789177989077899268804654744
-0.15442776710727329088698516266
0.15442776710727329088698516266
-0.156065931570882622874983346115
0.156065931570882622874983346115
-0.157703666875184592694129171231
0.157703666875184592694129171231
-0.159340968516638025391842769593
0.159340968516638025391842769593
-0.160977831992894257704890457668
0.160977831992894257704890457668
-0.162614252802809518883401748292
0.162614252802809518883401748292
-0.164250226446457308201601833818
0.164250226446457308201601833818
-0.165885748425140769121223131553
0.165885748425140769121223131553
-0.167520814241405060073568686822
0.167520814241405060073568686822
-0.169155419399049721826209527165
0.169155419399049721826209527165
-0.170789559403141041400307453013
0.170789559403141041400307453013
-0.172423229760024412504564235434
0.172423229760024412504564235434
-0.174056425977336692451807770344
0.174056425977336692451807770344
-0.175689143564018555524235410842
0.175689143564018555524235410842
-0.177321378030326842753344464994
0.177321378030326842753344464994
-0.178953124887846908080589705522
0.178953124887846908080589705522
-0.180584379649504960864817690325
0.180584379649504960864817690325
-0.182215137829580404702537738622
0.182215137829580404702537738622
-0.183845394943718172527099546668
0.183845394943718172527099546668
-0.185475146508941057952857659504
0.185475146508941057952857659504
-0.187104388043662042830413340929
0.187104388043662042830413340929
-0.188733115067696620979034802904
0.188733115067696620979034802904
-0.190361323102275118062367267814
0.190361323102275118062367267814
-0.191989007670055007573554942417
0.191989007670055007573554942417
-0.193616164295133222895907680891
0.193616164295133222895907680891
-0.195242788503058465405255906069
0.195242788503058465405255906069
-0.196868875820843508580148242777
0.196868875820843508580148242777
-0.198494421776977498086057295029
0.198494421776977498086057295029
-0.200119421901438247799770069778
0.200119421901438247799770069778
-0.201743871725704531740150713809
0.201743871725704531740150713809
-0.20336776678276837187147448727
0.20336776678276837187147448727
-0.204991102607147321745543247213
0.204991102607147321745543247213
-0.206613874734896745948804157217
0.206613874734896745948804157217
-0.208236078703622095320704874891
0.208236078703622095320704874891
-0.209857710052491177909530097492
0.209857710052491177909530097492
-0.21147876432224642563197606726
0.21147876432224642563197606726
-0.21309923705521715660273145218
0.21309923705521715660273145218
-0.214719123795331833100344924725
0.214719123795331833100344924725
-0.216338420088130315135671760779
0.216338420088130315135671760779
-0.217957121480776109589203873175
0.217957121480776109589203873175
-0.219575223522068614883599879274
0.219575223522068614883599879274
-0.221192721762455361157744079547
0.221192721762455361157744079547
-0.222809611754044245908675594301
0.222809611754044245908675594301
-0.22442588905061576506774136841
0.22442588905061576506774136841
-0.226041549207635239477339309135
0.226041549207635239477339309135
-0.227656587782265036734630469874
0.227656587782265036734630469874
-0.229271000333376788368611932829
0.229271000333376788368611932829
-0.230884782421563602316954876212
0.230884782421563602316954876212
-0.232497929609152270669025236573
0.232497929609152270669025236573
-0.234110437460215472641517394173
0.234110437460215472641517394173
-0.235722301540583972753144418956
0.235722301540583972753144418956
-0.237333517417858814164841616611
0.237333517417858814164841616611
-0.238944080661423507151953408355
0.238944080661423507151953408355
-0.240553986842456212674886964425
0.240553986842456212674886964425
-0.24216323153394192101472948982
0.24216323153394192101472948982
-0.243771810310684625440339631443
0.243771810310684625440339631443
-0.245379718749319490873437138591
0.245379718749319490873437138591
-0.246986952428325017518228663485
0.246986952428325017518228663485
-0.248593506928035199422121435399
0.248593506928035199422121435399
-0.250199377830651677934090480713
0.250199377830651677934090480713
-0.251804560720255890027279091939
0.251804560720255890027279091939
-0.253409051182821211452426371436
0.253409051182821211452426371436
-0.255012844806225094688729890002
0.255012844806225094688729890002
-0.256615937180261201658765806845
0.256615937180261201658765806845
-0.258218323896651531174103195578
0.258218323896651531174103195578
-0.259820000549058541078263810673
0.259820000549058541078263810673
-0.261420962733097265053693110416
0.261420962733097265053693110416
-0.263021206046347424059423025589
0.263021206046347424059423025589
-0.264620726088365532366121727948
0.264620726088365532366121727948
-0.266219518460696998155240509013
0.266219518460696998155240509013
-0.267817578766888218648982827624
0.267817578766888218648982827624
-0.269414902612498669737835624196
0.269414902612498669737835624196
-0.271011485605112990072418130546
0.271011485605112990072418130546
-0.272607323354353059586418626495
0.272607323354353059586418626495
-0.274202411471890072417404908164
0.274202411471890072417404908164
-0.275796745571456604192309637982
0.275796745571456604192309637982
-0.277390321268858673644407242715
0.277390321268858673644407242715
-0.278983134181987798528614613471
0.278983134181987798528614613471
-0.280575179930833045801963540415
0.280575179930833045801963540415
-0.282166454137493076036108584917
0.282166454137493076036108584917
-0.283756952426188182028749952922
0.283756952426188182028749952922
-0.285346670423272321580866885518
0.285346670423272321580866885518
-0.286935603757245144406673125866
0.286935603757245144406673125866
-0.288523748058764013143222155844
0.288523748058764013143222155844
-0.290111098960656018426606120888
0.290111098960656018426606120888
-0.291697652097929988001708677553
0.291697652097929988001708677553
-0.293283403107788489832488405178
0.293283403107788489832488405178
-0.294868347629639829179785920774
0.294868347629639829179785920774
-0.296452481305110039613664424662
0.296452481305110039613664424662
-0.298035799778054867927310083625
0.298035799778054867927310083625
-0.299618298694571752919535428126
0.299618298694571752919535428126
-0.301199973703011798012945800678
0.301199973703011798012945800678
-0.302780820453991737674845843468
0.302780820453991737674845843468
-0.304360834600405897607980054952
0.304360834600405897607980054952
-0.305940011797438148678218577208
0.305940011797438148678218577208
-0.307518347702573854546316598344
0.307518347702573854546316598344
-0.309095837975611812970893067184
0.309095837975611812970893067184
-0.310672478278676190749791820703
0.310672478278676190749791820703
-0.31224826427622845226700571822
0.31224826427622845226700571822
-0.313823191635079281612361960177
0.313823191635079281612361960177
-0.315397256024400498241184443332
0.315397256024400498241184443332
-0.316970453115736966141166768321
0.316970453115736966141166768321
-0.318542778583018496473707369843
0.318542778583018496473707369843
-0.320114228102571743656976183977
0.320114228102571743656976183977
-0.321684797353132094858000301512
0.321684797353132094858000301512
-0.323254482015855552861074180385
0.323254482015855552861074180385
-0.324823277774330612279818204538
0.324823277774330612279818204538
-0.326391180314590129080227680508
0.326391180314590129080227680508
-0.327958185325123183382072756906
0.327958185325123183382072756906
-0.32952428849688693550602823553
0.32952428849688693550602823553
-0.331089485523318475233930816142
0.331089485523318475233930816142
-0.332653772100346664249579979892
0.332653772100346664249579979892
-0.334217143926403971727517468897
0.334217143926403971727517468897
-0.335779596702438303037239161593
0.335779596702438303037239161593
-0.337341126131924821530312075072
0.337341126131924821530312075072
-0.338901727920877763377888246618
0.338901727920877763377888246618
-0.340461397777862245426126357139
0.340461397777862245426126357139
-0.342020131414006066037051158897
0.342020131414006066037051158897
-0.343577924543011498882400059068
0.343577924543011498882400059068
-0.345134772881167079658025588876
0.345134772881167079658025588876
-0.346690672147359385686441955596
0.346690672147359385686441955596
-0.348245618063084808375123431253
0.348245618063084808375123431253
-0.349799606352461318498181977581
0.349799606352461318498181977581
-0.351352632742240224269071241443
0.351352632742240224269071241443
-0.352904692961817922171983878625
0.352904692961817922171983878625
-0.354455782743247640519629076455
0.354455782743247640519629076455
-0.356005897821251175705097147139
0.356005897821251175705097147139
-0.357555033933230621115538153949
0.357555033933230621115538153949
-0.359103186819280088675401711337
0.359103186819280088675401711337
-0.360650352222197422987005367768
0.360650352222197422987005367768
-0.36219652588749590803621933633
0.36219652588749590803621933633
-0.363741703563415966431075783063
0.363741703563415966431075783063
-0.365285881000936851141131416385
0.365285881000936851141131416385
-0.366829053953788329705432742815
0.366829053953788329705432742815
-0.368371218178462360876954064529
0.368371218178462360876954064529
-0.369912369434224763671399092863
0.369912369434224763671399092863
-0.371452503483126878788277938854
0.371452503483126878788277938854
-0.372991616090017222372192217047
0.372991616090017222372192217047
-0.374529703022553132082282062153
0.374529703022553132082282062153
-0.376066760051212405437810009621
0.376066760051212405437810009621
-0.3776027829493049304078779307
0.3776027829493049304078779307
-0.379137767492984308213294540144
0.379137767492984308213294540144
-0.380671709461259468308632410151
0.380671709461259468308632410151
-0.382204604636006275512534927556
0.382204604636006275512534927556
-0.383736448801979129254355222468
0.383736448801979129254355222468
-0.385267237746822554905230775518
0.385267237746822554905230775518
-0.386796967261082787161719177601
0.386796967261082787161719177601
-0.388325633138219345450142370292
0.388325633138219345450142370292
-0.389853231174616601319808637073
0.389853231174616601319808637073
-0.39137975716959533779330364494
0.39137975716959533779330364494
-0.392905206925424300642063952914
0.392905206925424300642063952914
-0.394429576247331741555468608289
0.394429576247331741555468608289
-0.395952860943516953171706743133
0.395952860943516953171706743133
-0.397475056825161795938701462561
0.397475056825161795938701462561
-0.39899615970644221677339278244
0.39899615970644221677339278244
-0.400516165404539759487704927586
0.400516165404539759487704927586
-0.402035069739653066949545941945
0.402035069739653066949545941945
-0.403552868535009374947210289757
0.403552868535009374947210289757
-0.405069557616875997725577941173
0.405069557616875997725577941173
-0.406585132814571805162526337175
0.406585132814571805162526337175
-0.408099589960478691553994616888
0.408099589960478691553994616888
-0.409612924890053035976162565405
0.409612924890053035976162565405
-0.411125133441837154193229901967
0.411125133441837154193229901967
-0.41263621145747074207930477679
0.41263621145747074207930477679
-0.414146154781702310522933679784
0.414146154781702310522933679784
-0.415654959262400611782828385983
0.415654959262400611782828385983
-0.417162620750566057263369070496
0.417162620750566057263369070496
-0.418669135100342126678486320179
0.418669135100342126678486320179
-0.420174498169026768572548450002
0.420174498169026768572548450002
-0.421678705817083792166904299078
0.421678705817083792166904299078
-0.423181753908154250500755534546
0.423181753908154250500755534546
-0.424683638309067814835056430889
0.424683638309067814835056430889
-0.426184354889854140288163117684
0.426184354889854140288163117684
-0.427683899523754222671978400241
0.427683899523754222671978400241
-0.429182268087231746497362455007
0.429182268087231746497362455007
-0.430679456459984424117603984841
0.430679456459984424117603984841
-0.432175460524955325978770788394
0.432175460524955325978770788394
-0.433670276168344201945783152633
0.433670276168344201945783152633
-0.43516389927961879367307801805
0.43516389927961879367307801805
-0.436656325751526137988756492218
0.436656325751526137988756492218
-0.438147551480103861261131999018
0.438147551480103861261131999018
-0.439637572364691464716621147962
0.439637572364691464716621147962
-0.441126384307941600677944290588
0.441126384307941600677944290588
-0.442613983215831339691627698784
0.442613983215831339691627698784
-0.444100364997673428513824352987
0.444100364997673428513824352987
-0.445585525566127538923495466601
0.445585525566127538923495466601
-0.447069460837211507332020096383
0.447069460837211507332020096383
-0.448552166730312565158325497116
0.448552166730312565158325497116
-0.450033639168198559938656272377
0.450033639168198559938656272377
-0.451513874077029167140125851661
0.451513874077029167140125851661
-0.452992867386367092647219387394
0.452992867386367092647219387394
-0.454470615029189265890442813457
0.454470615029189265890442813457
-0.455947112941898023586338539599
0.455947112941898023586338539599
-0.457422357064332284058114073555
0.457422357064332284058114073555
-0.458896343339778712106155764663
0.458896343339778712106155764663
-0.460369067714982874397725849244
0.460369067714982874397725849244
-0.461840526140160385345167048956
0.461840526140160385345167048956
-0.463310714569008043441965128546
0.463310714569008043441965128546
-0.464779628958714958026046059015
0.464779628958714958026046059015
-0.466247265269973666439710755931
0.466247265269973666439710755931
-0.467713619466991241555636770547
0.467713619466991241555636770547
-0.469178687517500389638402803315
0.469178687517500389638402803315
-0.470642465392770538511018485347
0.470642465392770538511018485347
-0.472104949067618915995968533247
0.472104949067618915995968533247
-0.473566134520421618600307126447
0.473566134520421618600307126447
-0.475026017733124670414365183653
0.475026017733124670414365183653
-0.476484594691255072193660126228
0.476484594691255072193660126228
-0.477941861383931840593624711107
0.477941861383931840593624711107
-0.479397813803877037526798594226
0.479397813803877037526798594226
-0.480852447947426789612153447265
0.480852447947426789612153447265
-0.482305759814542297686249695758
0.482305759814542297686249695758
-0.483757745408820836345950275167
0.483757745408820836345950275167
-0.485208400737506743492444213344
0.485208400737506743492444213344
-0.486657721811502399846360342781
0.486657721811502399846360342781
-0.488105704645379198403779024148
0.488105704645379198403779024148
-0.48955234525738850380297742372
0.48955234525738850380297742372
-0.490997639669472601571771631371
0.490997639669472601571771631371
-0.492441583907275637225346732718
0.492441583907275637225346732718
-0.493884174000154545184493858751
0.493884174000154545184493858751
-0.495325405981189967484201228727
0.495325405981189967484201228727
-0.496765275887197162242574277165
0.496765275887197162242574277165
-0.498203779758736901860088113479
0.498203779758736901860088113479
-0.499640913640126360919203802875
0.499640913640126360919203802875
-0.501076673579449993754408279725
0.501076673579449993754408279725
-0.502511055628570401662766109476
0.502511055628570401662766109476
-0.503944055843139189725099802312
0.503944055843139189725099802312
-0.505375670282607813207943951083
0.505375670282607813207943951083
-0.506805895010238413516447117405
0.506805895010238413516447117405
-0.508234726093114643668424123277
0.508234726093114643668424123277
-0.50966215960215248325979022091
0.50966215960215248325979022091
-0.511088191612111042891637510681
0.511088191612111042891637510681
-0.512512818201603358029242956115
0.512512818201603358029242956115
-0.513936035453107172263326405525
0.513936035453107172263326405525
-0.51535783945297570994390617221
0.51535783945297570994390617221
-0.516778226291448438157128949029
0.516778226291448438157128949029
-0.518197192062661818015480138428
0.518197192062661818015480138428
-0.519614732864660045231810065741
0.519614732864660045231810065741
-0.521030844799405779947641011553
0.521030844799405779947641011553
-0.522445523972790865786249548134
0.522445523972790865786249548134
-0.523858766494647038101048295314
0.523858766494647038101048295314
-0.525270568478756621389820922546
0.525270568478756621389820922546
-0.526680926042863215845394016303
0.526680926042863215845394016303
-0.528089835308682373013359305224
0.528089835308682373013359305224
-0.529497292401912260527489689465
0.529497292401912260527489689465
-0.530903293452244315893522555564
0.530903293452244315893522555564
-0.532307834593373889292013973534
0.532307834593373889292013973534
-0.533710911963010875370997568928
0.533710911963010875370997568928
-0.535112521702890333999212139088
0.535112521702890333999212139088
-0.536512659958783099950692439688
0.536512659958783099950692439688
-0.537911322880506381491548004858
0.537911322880506381491548004858
-0.539308506621934347839785381596
0.539308506621934347839785381596
-0.540704207341008705469059756746
0.540704207341008705469059756746
-0.542098421199749263227272632426
0.542098421199749263227272632426
-0.543491144364264486240962963409
0.543491144364264486240962963409
-0.544882373004762038576470007411
0.544882373004762038576470007411
-0.546272103295559314628877056582
0.546272103295559314628877056582
-0.54766033141509395920977621546
0.54766033141509395920977621546
-0.54904705354593437630492546733
0.54904705354593437630492546733
-0.550432265874790226472900427116
0.550432265874790226472900427116
-0.551815964592522912855874414596
0.551815964592522912855874414596
-0.55319814589415605577369179678
0.55319814589415605577369179678
-0.554578805978885955872430942619
0.554578805978885955872430942619
-0.555957941050092045798684606743
0.555957941050092045798684606743
-0.557335547315347330370817111615
0.557335547315347330370817111615
-0.558711620986428815218489329144
0.558711620986428815218489329144
-0.56008615827932792386177417346
0.56008615827932792386177417346
-0.561459155414260903201217106056
0.561459155414260903201217106056
-0.562830608615679217390228022738
0.562830608615679217390228022738
-0.564200514112279930061222838813
0.564200514112279930061222838813
-0.565568868137016074876965114467
0.565568868137016074876965114467
-0.566935666927107014378590166342
0.566935666927107014378590166342
-0.568300906724048787101826293805
0.568300906724048787101826293805
-0.569664583773624442932960009196
0.569664583773624442932960009196
-0.57102669432591436667612450039
0.57102669432591436667612450039
-0.572387234635306589803522971209
0.572387234635306589803522971209
-0.573746200960507090360231000478
0.573746200960507090360231000478
-0.575103589564550080995254633773
0.575103589564550080995254633773
-0.576459396714808285090553573004
0.576459396714808285090553573004
-0.57781361868300320095977155792
0.57781361868300320095977155792
-0.579166251745215354088448840233
0.579166251745215354088448840233
-0.580517292181894537387524535301
0.580517292181894537387524535301
-0.581866736277870039431969598067
0.581866736277870039431969598067
-0.583214580322360860656424209156
0.583214580322360860656424209156
-0.584560820608985917479746473571
0.584560820608985917479746473571
-0.585905453435774234330412528204
0.585905453435774234330412528204
-0.587248475105175123544741425373
0.587248475105175123544741425373
-0.588589881924068353109951507558
0.588589881924068353109951507558
-0.589929670203774302224088413564
0.589929670203774302224088413564
-0.591267836260064104644898358198
0.591267836260064104644898358198
-0.592604376413169779799753906217
0.592604376413169779799753906217
-0.593939286987794351628773116716
0.593939286987794351628773116716
-0.595272564313121955133306666081
0.595272564313121955133306666081
-0.596604204722827930602001366158
0.596604204722827930602001366158
-0.5979342045550889054866823792
0.5979342045550889054866823792
-0.599262560152592863900330392442
0.599262560152592863900330392442
-0.600589267862549203709464052594
0.600589267862549203709464052594
-0.60191432403669878119327207425
0.60191432403669878119327207425
-0.603237725031323943241873625821
0.603237725031323943241873625821
-0.604559467207258547066119862308
0.604559467207258547066119862308
-0.605879546929897967391383815681
0.605879546929897967391383815681
-0.607197960569209091107820270935
0.607197960569209091107820270935
-0.608514704499740299349611748799
0.608514704499740299349611748799
-0.609829775100631436975751284628
0.609829775100631436975751284628
-0.611143168755623769424947336965
0.611143168755623769424947336965
-0.612454881853069926917270878683
0.612454881853069926917270878683
-0.613764910785943835975199518266
0.613764910785943835975199518266
-0.61507325195185063823674836866
0.61507325195185063823674836866
-0.616379901753036596533412326118
0.616379901753036596533412326118
-0.617684856596398988205679441402
0.617684856596398988205679441402
-0.618988112893495985628910160623
0.618988112893495985628910160623
-0.620289667060556523922412382645
0.620289667060556523922412382645
-0.621589515518490155814577524442
0.621589515518490155814577524442
-0.622887654692896893636978104758
0.622887654692896893636978104758
-0.62418408101407703842036275001
0.62418408101407703842036275001
-0.625478790917040996065519994301
0.625478790917040996065519994301
-0.626771780841519080562017787737
0.626771780841519080562017787737
-0.62806304723197130422786124371
0.62806304723197130422786124371
-0.62935258653759715494314684651
0.62935258653759715494314684651
-0.630640395212345360350827105248
0.630640395212345360350827105248
-0.631926469714923638997735478731
0.631926469714923638997735478731
-0.633210806508808438389057308339
0.633210806508808438389057308339
-0.634493402062254659929468482155
0.634493402062254659929468482155
-0.635774252848305370724199613388
0.635774252848305370724199613388
-0.637053355344801502213319649524
0.637053355344801502213319649524
-0.638330706034391535612569035371
0.638330706034391535612569035371
-0.639606301404541174134108833365
0.639606301404541174134108833365
-0.640880137947543001960588557795
0.640880137947543001960588557795
-0.642152212160526129945971906177
0.642152212160526129945971906177
-0.643422520545465828016596070516
0.643422520545465828016596070516
-0.644691059609193144245976883675
0.644691059609193144245976883675
-0.645957825863404510576908701417
0.645957825863404510576908701417
-0.647222815824671335164444638724
0.647222815824671335164444638724
-0.648486026014449581313379569685
0.648486026014449581313379569685
-0.649747452959089332983895163487
0.649747452959089332983895163487
-0.651007093189844346839063164708
0.651007093189844346839063164708
-0.65226494324288159080794013408
0.65226494324288159080794013408
-0.653520999659290769138023946128
0.653520999659290769138023946128
-0.654775258985093833910879492461
0.654775258985093833910879492461
-0.656027717771254482994778263813
0.656027717771254482994778263813
-0.657278372573687644408233780305
0.657278372573687644408233780305
-0.65852721995326894706835220745
0.65852721995326894706835220745
-0.659774256475844177897954935312
0.659774256475844177897954935312
-0.661019478712238725265467409663
0.661019478712238725265467409663
-0.662262883238267008731606086938
0.662262883238267008731606086938
-0.663504466634741895076933039204
0.663504466634741895076933039204
-0.664744225487484100584385460982
0.664744225487484100584385460982
-0.665982156387331579550925126689
0.665982156387331579550925126689
-0.667218255930148899002490715433
0.667218255930148899002490715433
-0.668452520716836599586473858846
0.668452520716836599586473858846
-0.669684947353340542615977777536
0.669684947353340542615977777536
-0.670915532450661243240155452358
0.670915532450661243240155452358
-0.672144272624863189714962428043
0.672144272624863189714962428043
-0.673371164497084148748697568616
0.673371164497084148748697568616
-0.67459620469354445689674337642
0.67459620469354445689674337642
-0.675819389845556297979955849277
0.675819389845556297979955849277
-0.677040716589532966501192283322
0.677040716589532966501192283322
-0.678260181566998117034503932202
0.678260181566998117034503932202
-0.679477781424594999561559006509
0.679477781424594999561559006509
-0.680693512814095680729900140459
0.680693512814095680729900140459
-0.681907372392410251007679165808
0.681907372392410251007679165808
-0.683119356821596017709550815685
0.683119356821596017709550815685
-0.684329462768866683868445833345
0.684329462768866683868445833345
-0.685537686906601512927982882691
0.685537686906601512927982882691
-0.686744025912354479230317648644
0.686744025912354479230317648644
-0.687948476468863404274266576008
0.687948476468863404274266576008
-0.689151035264059078718581825179
0.689151035264059078718581825179
-0.690351698991074370105293221924
0.690351698991074370105293221924
-0.691550464348253316278072246212
0.691550464348253316278072246212
-0.692747328039160204470612441772
0.692747328039160204470612441772
-0.693942286772588636040060033499
0.693942286772588636040060033499
-0.695135337262570576820568013897
0.695135337262570576820568013897
-0.696326476228385393072086502397
0.696326476228385393072086502397
-0.697515700394568872999541792448
0.697515700394568872999541792448
-0.698703006490922233817596180686
0.698703006490922233817596180686
-0.699888391252521114336220420099
0.699888391252521114336220420099
-0.701071851419724553042350454818
0.701071851419724553042350454818
-0.702253383738183951652939977925
0.702253383738183951652939977925
-0.70343298495885202411476030522
0.70343298495885202411476030522
-0.704610651837991731026339077364
0.704610651837991731026339077364
-0.705786381137185199457469389798
0.705786381137185199457469389798
-0.70696016962334262814176110453
0.70696016962334262814176110453
-0.708132014068711178017746319903
0.708132014068711178017746319903
-0.709301911250883848094091263903
0.709301911250883848094091263903
-0.710469857952808336614507233188
0.710469857952808336614507233188
-0.711635850962795887497993623779
0.711635850962795887497993623779
-0.712799887074530122030086590125
0.712799887074530122030086590125
-0.713961963087075855780827426885
0.713961963087075855780827426885
-0.715122075804887900725205392253
0.715122075804887900725205392253
-0.716280222037819852541870382706
0.716280222037819852541870382706
-0.717436398601132863065951626777
0.717436398601132863065951626777
-0.718590602315504397871859389546
0.718590602315504397871859389546
-0.71974283000703697896198756998
0.71974283000703697896198756998
-0.720893078507266912537276029972
0.720893078507266912537276029972
-0.722041344653173001825632516657
0.722041344653173001825632516657
-0.723187625287185244944255128413
0.723187625287185244944255128413
-0.724331917257193517771937429589
0.724331917257193517771937429589
-0.725474217416556241807479539449
0.725474217416556241807479539449
-0.726614522624109036990369806916
0.726614522624109036990369806916
-0.727752829744173359459943034335
0.727752829744173359459943034335
-0.728889135646565124229262630535
0.728889135646565124229262630535
-0.730023437206603312750015555874
0.730023437206603312750015555874
-0.731155731305118565344750469506
0.731155731305118565344750469506
-0.732286014828461758482831101824
0.732286014828461758482831101824
-0.733414284668512566876518552635
0.733414284668512566876518552635
-0.734540537722688010373637958172
0.734540537722688010373637958172
-0.735664770893950985623326777276
0.735664770893950985623326777276
-0.736786981090818782491403818964
0.736786981090818782491403818964
-0.737907165227371585201940070002
0.737907165227371585201940070002
-0.739025320223260958181654381882
0.739025320223260958181654381882
-0.74014144300371831658379914171
0.74014144300371831658379914171
-0.741255530499563381468243180701
0.741255530499563381468243180701
-0.74236757964721261961450136734
0.74236757964721261961450136734
-0.74347758738868766794450258945
0.74347758738868766794450258945
-0.744585550671623742531930150477
0.744585550671623742531930150477
-0.745691466449278032175010990068
0.745691466449278032175010990068
-0.746795331680538076509672587344
0.746795331680538076509672587344
-0.747897143329930128640028917084
0.747897143329930128640028917084
-0.748996898367627502263199404214
0.748996898367627502263199404214
-0.750094593769458903265507460375
0.750094593769458903265507460375
-0.751190226516916745767147887882
0.751190226516916745767147887882
-0.752283793597165452592455200906
0.752283793597165452592455200906
-0.753375292003049740142947741086
0.753375292003049740142947741086
-0.754464718733102887650365355003
0.754464718733102887650365355003
-0.755552070791554990786961353706
0.755552070791554990786961353706
-0.756637345188341199610352489886
0.756637345188341199610352489886
-0.757720538939109940820273765989
0.757720538939109940820273765989
-0.758801649065231124304628026697
0.758801649065231124304628026697
-0.75988067259380433395226349133
0.75988067259380433395226349133
-0.760957606557667002709955646115
0.760957606557667002709955646115
-0.762032447995402571861113242387
0.762032447995402571861113242387
-0.763105193951348634503771534909
0.763105193951348634503771534909
-0.764175841475605063205479344165
0.764175841475605063205479344165
-0.765244387624042121812730037855
0.765244387624042121812730037855
-0.76631082945830856139263009954
0.76631082945830856139263009954
-0.767375164045839700284542586549
0.767375164045839700284542586549
-0.768437388459865488239486474549
0.768437388459865488239486474549
-0.769497499779418554625116642644
0.769497499779418554625116642644
-0.770555495089342240674153070255
0.770555495089342240674153070255
-0.771611371480298615754171695326
0.771611371480298615754171695326
-0.772665126048776477636713322387
0.772665126048776477636713322387
-0.773716755897099336743710968642
0.773716755897099336743710968642
-0.774766258133433384349280096364
0.774766258133433384349280096364
-0.775813629871795444714960300372
0.775813629871795444714960300372
-0.776858868232060911136541200128
0.776858868232060911136541200128
-0.77790197033997166588064952685
0.77790197033997166588064952685
-0.77894293332714398398931869694
0.77894293332714398398931869694
-0.779981754331076420930806523808
0.779981754331076420930806523808
-0.781018430495157684074971140711
0.781018430495157684074971140711
-0.782052958968674487971559687419
0.782052958968674487971559687419
-0.783085336906819393409808853231
0.783085336906819393409808853231
-0.78411556147069863023780096798
0.78411556147069863023780096798
-0.785143629827339903920063991044
0.785143629827339903920063991044
-0.786169539149700185811948465935
0.786169539149700185811948465935
-0.78719328661667348712935928461
0.78719328661667348712935928461
-0.788214869413098616592464941117
0.788214869413098616592464941117
-0.789234284729766921722051848466
0.789234284729766921722051848466
-0.790251529763430013767236245554
0.790251529763430013767236245554
-0.791266601716807476243291232417
0.791266601716807476243291232417
-0.792279497798594557058391541963
0.792279497798594557058391541963
-0.793290215223469844208123784547
0.793290215223469844208123784547
-0.794298751212102925016655088017
0.794298751212102925016655088017
-0.795305102991162028903498300318
0.795305102991162028903498300318
-0.796309267793321653654857223955
0.796309267793321653654857223955
-0.79731124285727017517858071177
0.79731124285727017517858071177
-0.798311025427717440721799871208
0.798311025427717440721799871208
-0.799308612755402345530368099543
0.799308612755402345530368099543
-0.800304002097100392929269205279
0.800304002097100392929269205279
-0.801297190715631237803204460915
0.801297190715631237803204460915
-0.802288175879866213456615079472
0.802288175879866213456615079472
-0.803276954864735841832442311376
0.803276954864735841832442311376
-0.804263524951237327068973119435
0.804263524951237327068973119435
-0.805247883426442032374165207577
0.805247883426442032374165207577
-0.806230027583502940196891053594
0.806230027583502940196891053594
-0.807209954721662095674586527283
0.807209954721662095674586527283
-0.808187662146258033336835662896
0.808187662146258033336835662896
-0.809163147168733187044469198648
0.809163147168733187044469198648
-0.81013640710664128314380059602
0.81013640710664128314380059602
-0.811107439283654716815669407601
0.811107439283654716815669407601
-0.812076241029571911599008074139
0.812076241029571911599008074139
-0.813042809680324662068694499183
0.813042809680324662068694499183
-0.814007142577985459647499073021
0.814007142577985459647499073021
-0.814969237070774801531981196537
0.814969237070774801531981196537
-0.815929090513068482712236789836
0.815929090513068482712236789836
-0.816886700265404871065444760056
0.816886700265404871065444760056
-0.817842063694492165503206947465
0.817842063694492165503206947465
-0.818795178173215637152722668613
0.818795178173215637152722668613
-0.819746041080644853551885629905
0.819746041080644853551885629905
-0.820694649802040885838437694303
0.820694649802040885838437694303
-0.82164100172886349891336074779
0.82164100172886349891336074779
-0.822585094258778324558734730737
0.822585094258778324558734730737
-0.823526924795664017490336772104
0.823526924795664017490336772104
-0.824466490749619394325303291517
0.824466490749619394325303291517
-0.825403789536970555445223915401
0.825403789536970555445223915401
-0.826338818580277989735083088572
0.826338818580277989735083088572
-0.827271575308343662178512351675
0.827271575308343662178512351675
-0.828202057156218084289863397612
0.828202057156218084289863397612
-0.829130261565207367363659216456
0.829130261565207367363659216456
-0.830056185982880258522027888145
0.830056185982880258522027888145
-0.830979827863075159540770885399
0.830979827863075159540770885399
-0.83190118466590712843476510564
0.83190118466590712843476510564
-0.832820253857774863783445260138
0.832820253857774863783445260138
-0.833737032911367671777160710956
0.833737032911367671777160710956
-0.834651519305672415965248361454
0.834651519305672415965248361454
-0.835563710525980449686710773984
0.835563710525980449686710773984
-0.836473604063894531164436308819
0.836473604063894531164436308819
-0.837381197417335721243945751203
0.837381197417335721243945751203
-0.838286488090550263757697618541
0.838286488090550263757697618541
-0.839189473594116448496032117027
0.839189473594116448496032117027
-0.840090151444951456765881546351
0.840090151444951456765881546351
-0.840988519166318189518422832318
0.840988519166318189518422832318
-0.841884574287832078026895800202
0.841884574287832078026895800202
-0.842778314345467877095858786266
0.842778314345467877095858786266
-0.843669736881566440783201221017
0.843669736881566440783201221017
-0.844558839444841480616280905206
0.844558839444841480616280905206
-0.845445619590386306283601838355
0.845445619590386306283601838355
-0.846330074879680548783496649369
0.846330074879680548783496649369
-0.847212202880596866011325919646
0.847212202880596866011325919646
-0.848092001167407630766754980663
0.848092001167407630766754980663
-0.848969467320791601162717110449
0.848969467320791601162717110449
-0.849844598927840573417720446186
0.849844598927840573417720446186
-0.850717393582066017013204373614
0.850717393582066017013204373614
-0.851587848883405692197699647525
0.851587848883405692197699647525
-0.852455962438230249819595041519
0.852455962438230249819595041519
-0.853321731859349813470361919045
0.853321731859349813470361919045
-0.854185154766020543920136761554
0.854185154766020543920136761554
-0.855046228783951185827610383158
0.855046228783951185827610383158
-0.855904951545309596706221304389
0.855904951545309596706221304389
-0.856761320688729258128699550356
0.856761320688729258128699550356
-0.85761533385931576915205598069
0.85761533385931576915205598069
-0.858466988708653321945161149974
0.858466988708653321945161149974
-0.859316282894811159601106637795
0.859316282894811159601106637795
-0.860163214082350016116590776921
0.860163214082350016116590776921
-0.861007779942328538520619746353
0.861007779942328538520619746353
-0.861849978152309691134864082907
0.861849978152309691134864082907
-0.86268980639636714194805980049
0.86268980639636714194805980049
-0.86352726236509163108689249012
0.86352726236509163108689249012
-0.864362343755597321365852005988
0.864362343755597321365852005988
-0.865195048271528130898594623192
0.865195048271528130898594623192
-0.866025373623064047753398881197
0.866025373623064047753398881197
-0.866853317526927426635350703332
0.866853317526927426635350703332
-0.867678877706389267577942806679
0.867678877706389267577942806679
-0.868502051891275476626822888355
0.868502051891275476626822888355
-0.869322837817973108498474593314
0.869322837817973108498474593314
-0.870141233229436591196664835266
0.870141233229436591196664835266
-0.870957235875193932569540655997
0.870957235875193932569540655997
-0.871770843511352908790308469115
0.871770843511352908790308469115
-0.87258205390060723474447824195
0.87258205390060723474447824195
-0.873390864812242716306704923795
0.873390864812242716306704923795
-0.874197274022143384490309229848
0.874197274022143384490309229848
-0.875001279312797611452609737865
0.875001279312797611452609737865
-0.875802878473304208339248148617
0.875802878473304208339248148617
-0.876602069299378504950739501519
0.876602069299378504950739501519
-0.87739884959335841121452912326
0.87739884959335841121452912326
-0.878193217164210460445888119633
0.878193217164210460445888119633
-0.878985169827535834381029299026
0.878985169827535834381029299026
-0.879774705405576369965875539955
0.879774705405576369965875539955
-0.880561821727220547883962784534
0.880561821727220547883962784534
-0.881346516628009462807010054704
0.881346516628009462807010054704
-0.882128787950142775351739148263
0.882128787950142775351739148263
-0.882908633542484645726576977095
0.882908633542484645726576977095
-0.883686051260569649051923860384
0.883686051260569649051923860384
-0.884461038966608672337721480853
0.884461038966608672337721480853
-0.885233594529494793102104652037
0.885233594529494793102104652037
-0.8860037158248091396149715292
0.8860037158248091396149715292
-0.88677140073482673275035742554
0.88677140073482673275035742554
-0.887536647148522309431547968678
0.887536647148522309431547968678
-0.88829945296157612765291794998
0.88829945296157612765291794998
-0.889059816076379753062532880831
0.889059816076379753062532880831
-0.889817734402041827089600975455
0.889817734402041827089600975455
-0.890573205854393816600914029152
0.890573205854393816600914029152
-0.891326228355995745070466453653
0.891326228355995745070466453653
-0.892076799836141905246492567667
0.892076799836141905246492567667
-0.892824918230866553300213120396
0.892824918230866553300213120396
-0.893570581482949584440632948682
0.893570581482949584440632948682
-0.894313787541922189979782634433
0.894313787541922189979782634433
-0.895054534364072495832848037849
0.895054534364072495832848037849
-0.89579281991245118243768263367
0.89579281991245118243768263367
-0.896528642156877086078248671974
0.896528642156877086078248671974
-0.89726199907394278159658432189
0.89726199907394278159658432189
-0.89799288864702014647794513579
0.89799288864702014647794513579
-0.898721308866265906293819392921
0.898721308866265906293819392921
-0.899447257728627161487568144976
0.899447257728627161487568144976
-0.900170733237846895487492091516
0.900170733237846895487492091516
-0.900891733404469464132178760419
0.900891733404469464132178760419
-0.901610256245846066393034857446
0.901610256245846066393034857446
-0.902326299786140196378960079444
0.902326299786140196378960079444
-0.903039862056333076608170157516
0.903039862056333076608170157516
-0.903750941094229072532228409531
0.903750941094229072532228409531
-0.904459534944461088297396635534
0.904459534944461088297396635534
-0.905165641658495943728467784673
0.905165641658495943728467784673
-0.905869259294639732520294458227
0.905869259294639732520294458227
-0.906570385918043161622278989882
0.906570385918043161622278989882
-0.907269019600706871801142561568
0.907269019600706871801142561568
-0.907965158421486739367342570655
0.907965158421486739367342570655
-0.908658800466099159050559262106
0.908658800466099159050559262106
-0.909349943827126308009724477052
0.909349943827126308009724477052
-0.91003858660402139096311724709
0.91003858660402139096311724709
-0.910724726903113866424102881308
0.910724726903113866424102881308
-0.911408362837614654028144150352
0.911408362837614654028144150352
-0.912089492527621322936765168762
0.912089492527621322936765168762
-0.912768114100123261304200613117
0.912768114100123261304200613117
-0.91344422568900682679251498902
0.91344422568900682679251498902
-0.914117825435060478121028774679
0.914117825435060478121028774679
-0.91478891148597988763594042243
0.91478891148597988763594042243
-0.915457481996373034886085392016
0.915457481996373034886085392016
-0.91612353512776528119082562061
0.91612353512776528119082562061
-0.916787069048604425186115104231
0.916787069048604425186115104231
-0.917448081934265739334839573316
0.917448081934265739334839573316
-0.918106571967056987387580591579
0.918106571967056987387580591579
-0.918762537336223422780006791717
0.918762537336223422780006791717
-0.919415976237952767953147384027
0.919415976237952767953147384027
-0.920066886875380174582855534235
0.920066886875380174582855534235
-0.920715267458593164704821704827
0.920715267458593164704821704827
-0.921361116204636552721549589669
0.921361116204636552721549589669
-0.922004431337517348277759844652
0.922004431337517348277759844652
-0.922645211088209639990739427249
0.922645211088209639990739427249
-0.923283453694659460022207005185
0.923283453694659460022207005185
-0.923919157401789629478317578685
0.923919157401789629478317578685
-0.924552320461504584624482181891
0.924552320461504584624482181891
-0.925182941132695183901731286817
0.925182941132695183901731286817
-0.92581101768124349573140332757
0.92581101768124349573140332757
-0.926436548380027567094992593309
0.926436548380027567094992593309
-0.927059531508926172876043605431
0.927059531508926172876043605431
-0.927679965354823545951031997606
0.927679965354823545951031997606
-0.928297848211614088016224856392
0.928297848211614088016224856392
-0.928913178380207061137566455116
0.928913178380207061137566455116
-0.929525954168531260010688324314
0.929525954168531260010688324314
-0.93013617389153966491819564827
0.93013617389153966491819564827
-0.930743835871214075371435058721
0.930743835871214075371435058721
-0.931348938436569724424002013704
0.931348938436569724424002013704
-0.931951479923659873644299101501
0.931951479923659873644299101501
-0.932551458675580388734509796578
0.932551458675580388734509796578
-0.933148873042474295783405416258
0.933148873042474295783405416258
-0.933743721381536318140456283339
0.933743721381536318140456283339
-0.934336002057017393898771390958
0.934336002057017393898771390958
-0.934925713440229173974444191471
0.934925713440229173974444191471
-0.935512853909548500769935490847
0.935512853909548500769935490847
-0.936097421850421867409177824008
0.936097421850421867409177824008
-0.936679415655369857532139114378
0.936679415655369857532139114378
-0.937258833723991565636636882666
0.937258833723991565636636882666
-0.937835674462968997955247765326
0.937835674462968997955247765326
-0.938409936286071453855210632185
0.938409936286071453855210632185
-0.938981617614159887749275155138
0.938981617614159887749275155138
-0.939550716875191251505501275582
0.939550716875191251505501275582
-0.940117232504222817344068647146
0.940117232504222817344068647146
-0.940681162943416481209208792184
0.940681162943416481209208792184
-0.941242506642043046604426405287
0.941242506642043046604426405287
-0.941801262056486488879229964625
0.941801262056486488879229964625
-0.942357427650248199955645572021
0.942357427650248199955645572021
-0.942911001893951213482841735317
0.942911001893951213482841735317
-0.943461983265344410408246631473
0.943461983265344410408246631473
-0.944010370249306704953593246023
0.944010370249306704953593246023
-0.94455616133785121098438167365
0.94455616133785121098438167365
-0.945099355030129388761301785818
0.945099355030129388761301785818
-0.945639949832435172062213424266
0.945639949832435172062213424266
-0.94617794425820907566333526378
0.94617794425820907566333526378
-0.946713336828042283168347503746
0.946713336828042283168347503746
-0.947246126069680715174167595509
0.947246126069680715174167595509
-0.947776310518029077762212291336
0.947776310518029077762212291336
-0.948303888715154891304013410712
0.948303888715154891304013410712
-0.948828859210292499570108860621
0.948828859210292499570108860621
-0.949351220559847059131184618306
0.949351220559847059131184618306
-0.949870971327398509040497587605
0.949870971327398509040497587605
-0.95038811008370552078666347316
0.95038811008370552078666347316
-0.950902635406709428505948080602
0.950902635406709428505948080602
-0.951414545881538139443254744931
0.951414545881538139443254744931
-0.951923840100510024651054913781
0.951923840100510024651054913781
-0.952430516663137789915563266846
0.952430516663137789915563266846
-0.952934574176132326899513137434
0.952934574176132326899513137434
-0.953436011253406544490942416681
0.953436011253406544490942416681
-0.953934826516079180347454565423
0.953934826516079180347454565423
-0.954431018592478592625473832886
0.954431018592478592625473832886
-0.954924586118146531884068285098
0.954924586118146531884068285098
-0.955415527735841893152968779282
0.955415527735841893152968779282
-0.955903842095544448154466583174
0.955903842095544448154466583174
-0.956389527854458557668926930274
0.956389527854458557668926930274
-0.956872583677016864033710423341
0.956872583677016864033710423341
-0.957353008234883963765348848856
0.957353008234883963765348848856
-0.957830800206960060294876644716
0.957830800206960060294876644716
-0.958305958279384596806273971886
0.958305958279384596806273971886
-0.958778481145539869168032078186
0.958778481145539869168032078186
-0.959248367506054618947906408617
0.959248367506054618947906408617
-0.959715616068807606500977711711
0.959715616068807606500977711711
-0.960180225548931164121196215161
0.960180225548931164121196215161
-0.960642194668814729246638796433
0.960642194668814729246638796433
-0.961101522158108357708763955209
0.961101522158108357708763955209
-0.961558206753726217016004304164
0.961558206753726217016004304164
-0.962012247199850059662091232929
0.962012247199850059662091232929
-0.962463642247932676449561366892
0.962463642247932676449561366892
-0.962912390656701329818949437934
0.962912390656701329818949437934
-0.96335849119216116717422720815
0.96335849119216116717422720815
-0.963801942627598614195103140143
0.963801942627598614195103140143
-0.964242743743584748126852588633
0.964242743743584748126852588633
-0.964680893327978651038403397896
0.964680893327978651038403397896
-0.965116390175930743039456928018
0.965116390175930743039456928018
-0.96554923308988609544747970022
0.96554923308988609544747970022
-0.965979420879587723895456047574
0.965979420879587723895456047574
-0.966406952362079861371347382494
0.966406952362079861371347382494
-0.966831826361711211180258946531
0.966831826361711211180258946531
-0.967254041710138179820370191343
0.967254041710138179820370191343
-0.967673597246328089763740252493
0.967673597246328089763740252493
-0.968090491816562372133155320067
0.968090491816562372133155320067
-0.968504724274439739266240082278
0.968504724274439739266240082278
-0.968916293480879337158110820461
0.968916293480879337158110820461
-0.969325198304123877773903166459
0.969325198304123877773903166459
-0.969731437619742751222562996638
0.969731437619742751222562996638
-0.970135010310635117783344431089
0.970135010310635117783344431089
-0.97053591526703297977651443228
0.97053591526703297977651443228
-0.97093415138650423326981905502
0.97093415138650423326981905502
-0.971329717573955699612321989564
0.971329717573955699612321989564
-0.97172261274163613678728166259
0.97172261274163613678728166259
-0.972112835809139230575788817177
0.972112835809139230575788817177
-0.97250038570340656552294218355
0.97250038570340656552294218355
-0.972885261358730575698395577924
0.972885261358730575698395577924
-0.973267461716757475243165528096
0.973267461716757475243165528096
-0.973646985726490168694644322479
0.973646985726490168694644322479
-0.974023832344291141081819214904
0.974023832344291141081819214904
-0.974398000533885327782754392001
0.974398000533885327782754392001
-0.974769489266362964136448224383
0.974769489266362964136448224383
-0.9751382975201824148012342786
0.9751382975201824148012342786
-0.975504424281172982851950565346
0.975504424281172982851950565346
-0.975867868542537698608157542318
0.975867868542537698608157542318
-0.976228629304856088185741479187
0.976228629304856088185741479187
-0.976586705576086921764295929345
0.976586705576086921764295929345
-0.976942096371570941562730240519
0.976942096371570941562730240519
-0.977294800714033569515610276448
0.977294800714033569515610276448
-0.977644817633587594642792817072
0.977644817633587594642792817072
-0.977992146167735840104971458098
0.977992146167735840104971458098
-0.978336785361373809937808245396
0.978336785361373809937808245396
-0.978678734266792315457381758985
0.978678734266792315457381758985
-0.979017991943680081329738909203
0.979017991943680081329738909203
-0.979354557459126331297394328204
0.979354557459126331297394328204
-0.979688429887623353555677937846
0.979688429887623353555677937846
-0.980019608311069045771888055472
0.980019608311069045771888055472
-0.980348091818769439740264267608
0.980348091818769439740264267608
-0.980673879507441205665851264582
0.980673879507441205665851264582
-0.980996970481214136070381893259
0.980996970481214136070381893259
-0.981317363851633609313364858202
0.981317363851633609313364858202
-0.981635058737663032721619792025
0.981635058737663032721619792025
-0.981950054265686265320559832789
0.981950054265686265320559832789
-0.982262349569510020160579400402
0.982262349569510020160579400402
-0.982571943790366246231962566524
0.982571943790366246231962566524
-0.982878836076914489961785276217
0.982878836076914489961785276217
-0.983183025585244236286342718565
0.983183025585244236286342718565
-0.983484511478877229292691373431
0.983484511478877229292691373431
-0.983783292928769772422953699889
0.983783292928769772422953699889
-0.984079369113315008235092097943
0.984079369113315008235092097943
-0.984372739218345177713917690719
0.984372739218345177713917690719
-0.98466340243713385912615866324
0.98466340243713385912615866324
-0.984951357970398186413472383319
0.984951357970398186413472383319
-0.985236605026301047117345349767
0.985236605026301047117345349767
-0.985519142820453259829885196823
0.985519142820453259829885196823
-0.985798970575915731164569568816
0.985798970575915731164569568816
-0.986076087523201592241077707811
0.986076087523201592241077707811
-0.98635049290027831467839211637
0.98635049290027831467839211637
-0.986622185952569806090419720686
0.986622185952569806090419720686
-0.986891165932958485078444625576
0.986891165932958485078444625576
-0.987157432101787335714787889203
0.987157432101787335714787889203
-0.987420983726861941512113827228
0.987420983726861941512113827228
-0.987681820083452498872887268434
0.987681820083452498872887268434
-0.98793994045429581001355202262
0.98793994045429581001355202262
-0.988195344129597255358067695264
0.988195344129597255358067695264
-0.988448030407032745395510014674
0.988448030407032745395510014674
-0.98869799859175065199650916541
0.98869799859175065199650916541
-0.988945247996373719183371404112
0.988945247996373719183371404112
-0.989189777941000953348801650116
0.989189777941000953348801650116
-0.989431587753209492918218996971
0.989431587753209492918218996971
-0.989670676768056457450733414734
0.989670676768056457450733414734
-0.989907044328080776173930571584
0.989907044328080776173930571584
-0.990140689783304995947692999635
0.990140689783304995947692999635
-0.99037161249123706865237011037
0.99037161249123706865237011037
-0.990599811816872117996697226645
0.990599811816872117996697226645
-0.990825287132694185740955296472
0.990825287132694185740955296472
-0.991048037818677957330958812397
0.991048037818677957330958812397
-0.991268063262290466938560282322
0.991268063262290466938560282322
-0.991485362858492781904466078475
0.991485362858492781904466078475
-0.991699936009741666579271434467
0.991699936009741666579271434467
-0.991911782125991225558742695889
0.991911782125991225558742695889
-0.992120900624694526309503735785
0.992120900624694526309503735785
-0.992327290930805201181421975113
0.992327290930805201181421975113
-0.992530952476779028803139157277
0.992530952476779028803139157277
-0.992731884702575494857354614593
0.992731884702575494857354614593
-0.992930087055659332232646218573
0.992930087055659332232646218573
-0.993125558991002040548808850006
0.993125558991002040548808850006
-0.993318299971083385052904785993
0.993318299971083385052904785993
-0.993508309465892874883458086263
0.993508309465892874883458086263
-0.993695586952931220700489648487
0.993695586952931220700489648487
-0.993880131917211771679385554701
0.993880131917211771679385554701
-0.994061943851261931866923931196
0.994061943851261931866923931196
-0.99424102225512455589816106128
0.99424102225512455589816106128
-0.994417366636359324073303382153
0.994417366636359324073303382153
-0.994590976510044096794177158165
0.994590976510044096794177158165
-0.99476185139877624836046268936
0.99476185139877624836046268936
-0.994929990832673980126497639586
0.994929990832673980126497639586
-0.995095394349377613020189787385
0.995095394349377613020189787385
-0.995258061494050859426431706816
0.995258061494050859426431706816
-0.995417991819382074438400939385
0.995417991819382074438400939385
-0.995575184885585486481286255034
0.995575184885585486481286255034
-0.995729640260402407314336641157
0.995729640260402407314336641157
-0.995881357519102421418725024159
0.995881357519102421418725024159
-0.996030336244484554780602817359
0.996030336244484554780602817359
-0.996176576026878423080954937386
0.996176576026878423080954937386
-0.99632007646414535930652288269
0.99632007646414535930652288269
-0.996460837161679520799238647729
0.996460837161679520799238647729
-0.9965988577324089757654200767
0.9965988577324089757654200767
-0.996734137796796769270562841749
0.996734137796796769270562841749
-0.996866676982841968751106223244
0.996866676982841968751106223244
-0.996996474926080689081276760429
0.996996474926080689081276760429
-0.997123531269587097241313378656
0.997123531269587097241313378656
-0.997247845663974396643415479276
0.997247845663974396643415479276
-0.997369417767395791184098739885
0.997369417767395791184098739885
-0.997488247245545429106891543066
0.997488247245545429106891543066
-0.997604333771659326778231741285
0.997604333771659326778231741285
-0.997717677026516272503032945186
0.997717677026516272503032945186
-0.997828276698438710535992306598
0.997828276698438710535992306598
-0.997936132483293605482029033969
0.997936132483293605482029033969
-0.998041244084493287326549414421
0.998041244084493287326549414421
-0.998143611212996277396556509947
0.998143611212996277396556509947
-0.998243233587308095631016080922
0.998243233587308095631016080922
-0.998340110933482049638827993716
0.998340110933482049638827993716
-0.9984342429851200061526792514
0.9984342429851200061526792514
-0.998525629483373145657180249597
0.998525629483373145657180249597
-0.998614270176942701194131257202
0.998614270176942701194131257202
-0.998700164822080682646241835025
0.998700164822080682646241835025
-0.998783313182590588200908920972
0.998783313182590588200908920972
-0.998863715029828105237295045739
0.998863715029828105237295045739
-0.998941370142701803619848203957
0.998941370142701803619848203957
-0.999016278307673825402420373777
0.999016278307673825402420373777
-0.999088439318760576371372929161
0.999088439318760576371372929161
-0.99915785297753342686581823819
0.99915785297753342686581823819
-0.999224519093119432184501043431
0.999224519093119432184501043431
-0.999288437482202087046126260929
0.999288437482202087046126260929
-0.999349607969022134676141289961
0.999349607969022134676141289961
-0.99940803038537846020202821704
0.99940803038537846020202821704
-0.999463704570629111858602397522
0.999463704570629111858602397522
-0.999516630371692514858573101827
0.999516630371692514858573101827
-0.99956680764304897644773950624
0.99956680764304897644773950624
-0.999614236246742634917018529259
0.999614236246742634917018529259
-0.999658916052384094926730010559
0.999658916052384094926730010559
-0.99970084693715414345925882922
0.99970084693715414345925882922
-0.999740028785809206354023115893
0.999740028785809206354023115893
-0.999776461490689685677041339452
0.999776461490689685677041339452
-0.99981014495173322042916624856
0.99981014495173322042916624856
-0.999841079076496683584032211584
0.999841079076496683584032211584
-0.999869263780194381989092767022
0.999869263780194381989092767022
-0.999894698985767921261101462228
0.999894698985767921261101462228
-0.999917384624021956683655264345
0.999917384624021956683655264345
-0.999937320633907912967951293142
0.999937320633907912967951293142
-0.999954506963173171003377452877
0.999954506963173171003377452877
-0.999968943570030040236189089746
0.999968943570030040236189089746
-0.999980630428174227225230224492
0.999980630428174227225230224492
-0.999989567545668953983352592912
0.999989567545668953983352592912
-0.99999575506627572486635777838
0.99999575506627572486635777838
-0.999999194347286207940026332776
0.999999194347286207940026332776