-0.001670170520503731
0.001670170520503731
-0.005010492925946569
0.005010492925946569
-0.008350759424903464
0.008350759424903464
-0.0116909327470769
0.0116909327470769
-0.015030975623209
0.015030975623209
-0.01837085078549742
0.01837085078549742
-0.02171052096801112
0.02171052096801112
-0.02504994890710621
0.02504994890710621
-0.02838909734184173
0.02838909734184173
-0.03172792901439537
0.03172792901439537
-0.03506640667047925
0.03506640667047925
-0.03840449305975554
0.03840449305975554
-0.04174215093625212
0.04174215093625212
-0.04507934305877819
0.04507934305877819
-0.04841603219133974
0.04841603219133974
-0.05175218110355509
0.05175218110355509
-0.05508775257107026
0.05508775257107026
-0.05842270937597434
0.05842270937597434
-0.06175701430721474
0.06175701430721474
-0.06509063016101242
0.06509063016101242
-0.06842351974127696
0.06842351974127696
-0.07175564586002162
0.07175564586002162
-0.07508697133777829
0.07508697133777829
-0.0784174590040123
0.0784174590040123
-0.08174707169753719
0.08174707169753719
-0.08507577226692933
0.08507577226692933
-0.08840352357094248
0.08840352357094248
-0.09173028847892218
0.09173028847892218
-0.09505602987122005
0.09505602987122005
-0.09838071063960801
0.09838071063960801
-0.1017042936876923
0.1017042936876923
-0.1050267419313272
0.1050267419313272
-0.1083480182990294
0.1083480182990294
-0.1116680857323909
0.1116680857323909
-0.114986907186493
0.114986907186493
-0.1183044456303194
0.1183044456303194
-0.1216206640471696
0.1216206640471696
-0.1249355254350716
0.1249355254350716
-0.1282489928071952
0.1282489928071952
-0.1315610291922643
0.1315610291922643
-0.1348715976349697
0.1348715976349697
-0.1381806611963813
0.1381806611963813
-0.1414881829543601
0.1414881829543601
-0.1447941260039707
0.1447941260039707
-0.1480984534578925
0.1480984534578925
-0.1514011284468315
0.1514011284468315
-0.1547021141199319
0.1547021141199319
-0.158001373645187
0.158001373645187
-0.1612988702098501
0.1612988702098501
-0.1645945670208456
0.1645945670208456
-0.1678884273051793
0.1678884273051793
-0.1711804143103487
0.1711804143103487
-0.1744704913047531
0.1744704913047531
-0.1777586215781036
0.1777586215781036
-0.1810447684418325
0.1810447684418325
-0.1843288952295026
0.1843288952295026
-0.1876109652972169
0.1876109652972169
-0.1908909420240265
0.1908909420240265
-0.1941687888123402
0.1941687888123402
-0.1974444690883321
0.1974444690883321
-0.2007179463023501
0.2007179463023501
-0.2039891839293236
0.2039891839293236
-0.2072581454691712
0.2072581454691712
-0.2105247944472074
0.2105247944472074
-0.2137890944145505
0.2137890944145505
-0.2170510089485283
0.2170510089485283
-0.2203105016530854
0.2203105016530854
-0.2235675361591886
0.2235675361591886
-0.2268220761252332
0.2268220761252332
-0.230074085237448
0.230074085237448
-0.2333235272103011
0.2333235272103011
-0.2365703657869042
0.2365703657869042
-0.2398145647394174
0.2398145647394174
-0.2430560878694536
0.2430560878694536
-0.2462948990084819
0.2462948990084819
-0.2495309620182319
0.2495309620182319
-0.2527642407910961
0.2527642407910961
-0.2559946992505334
0.2559946992505334
-0.2592223013514713
0.2592223013514713
-0.2624470110807083
0.2624470110807083
-0.2656687924573156
0.2656687924573156
-0.2688876095330387
0.2688876095330387
-0.2721034263926983
0.2721034263926983
-0.2753162071545912
0.2753162071545912
-0.2785259159708906
0.2785259159708906
-0.2817325170280462
0.2817325170280462
-0.2849359745471835
0.2849359745471835
-0.2881362527845034
0.2881362527845034
-0.2913333160316809
0.2913333160316809
-0.2945271286162633
0.2945271286162633
-0.2977176549020685
0.2977176549020685
-0.3009048592895825
0.3009048592895825
-0.3040887062163567
0.3040887062163567
-0.3072691601574046
0.3072691601574046
-0.3104461856255983
0.3104461856255983
-0.3136197471720643
0.3136197471720643
-0.3167898093865792
0.3167898093865792
-0.3199563368979647
0.3199563368979647
-0.3231192943744823
0.3231192943744823
-0.3262786465242275
0.3262786465242275
-0.3294343580955237
0.3294343580955237
-0.3325863938773153
0.3325863938773153
-0.3357347186995609
0.3357347186995609
-0.3388792974336254
0.3388792974336254
-0.3420200949926721
0.3420200949926721
-0.3451570763320543
0.3451570763320543
-0.3482902064497062
0.3482902064497062
-0.3514194503865335
0.3514194503865335
-0.3545447732268033
0.3545447732268033
-0.3576661400985341
0.3576661400985341
-0.3607835161738843
0.3607835161738843
-0.3638968666695414
0.3638968666695414
-0.3670061568471097
0.3670061568471097
-0.3701113520134981
0.3701113520134981
-0.3732124175213071
0.3732124175213071
-0.3763093187692155
0.3763093187692155
-0.3794020212023664
0.3794020212023664
-0.3824904903127528
0.3824904903127528
-0.3855746916396025
0.3855746916396025
-0.3886545907697629
0.3886545907697629
-0.3917301533380847
0.3917301533380847
-0.3948013450278054
0.3948013450278054
-0.3978681315709323
0.3978681315709323
-0.4009304787486248
0.4009304787486248
-0.4039883523915763
0.4039883523915763
-0.4070417183803952
0.4070417183803952
-0.4100905426459858
0.4100905426459858
-0.4131347911699286
0.4131347911699286
-0.4161744299848594
0.4161744299848594
-0.4192094251748489
0.4192094251748489
-0.4222397428757805
0.4222397428757805
-0.4252653492757287
0.4252653492757287
-0.428286210615336
0.428286210615336
-0.4313022931881898
0.4313022931881898
-0.4343135633411984
0.4343135633411984
-0.4373199874749665
0.4373199874749665
-0.4403215320441701
0.4403215320441701
-0.4433181635579308
0.4433181635579308
-0.4463098485801895
0.4463098485801895
-0.4492965537300794
0.4492965537300794
-0.4522782456822987
0.4522782456822987
-0.4552548911674822
0.4552548911674822
-0.4582264569725723
0.4582264569725723
-0.4611929099411903
0.4611929099411903
-0.4641542169740057
0.4641542169740057
-0.4671103450291057
0.4671103450291057
-0.4700612611223641
0.4700612611223641
-0.4730069323278089
0.4730069323278089
-0.4759473257779902
0.4759473257779902
-0.4788824086643465
0.4788824086643465
-0.4818121482375709
0.4818121482375709
-0.4847365118079768
0.4847365118079768
-0.4876554667458621
0.4876554667458621
-0.4905689804818738
0.4905689804818738
-0.493477020507371
0.493477020507371
-0.4963795543747881
0.4963795543747881
-0.4992765496979963
0.4992765496979963
-0.5021679741526652
0.5021679741526652
-0.5050537954766238
0.5050537954766238
-0.5079339814702197
0.5079339814702197
-0.5108084999966793
0.5108084999966793
-0.5136773189824656
0.5136773189824656
-0.5165404064176367
0.5165404064176367
-0.5193977303562023
0.5193977303562023
-0.5222492589164808
0.5222492589164808
-0.5250949602814547
0.5250949602814547
-0.5279348026991255
0.5279348026991255
-0.5307687544828682
0.5307687544828682
-0.533596784011785
0.533596784011785
-0.5364188597310577
0.5364188597310577
-0.5392349501523
0.5392349501523
-0.5420450238539089
0.5420450238539089
-0.5448490494814153
0.5448490494814153
-0.5476469957478338
0.5476469957478338
-0.5504388314340115
0.5504388314340115
-0.5532245253889771
0.5532245253889771
-0.5560040465302876
0.5560040465302876
-0.5587773638443758
0.5587773638443758
-0.5615444463868959
0.5615444463868959
-0.564305263283069
0.564305263283069
-0.5670597837280276
0.5670597837280276
-0.5698079769871591
0.5698079769871591
-0.5725498123964491
0.5725498123964491
-0.5752852593628231
0.5752852593628231
-0.5780142873644883
0.5780142873644883
-0.5807368659512739
0.5807368659512739
-0.5834529647449707
0.5834529647449707
-0.5861625534396705
0.5861625534396705
-0.5888656018021039
0.5888656018021039
-0.5915620796719779
0.5915620796719779
-0.5942519569623121
0.5942519569623121
-0.5969352036597747
0.5969352036597747
-0.5996117898250171
0.5996117898250171
-0.6022816855930084
0.6022816855930084
-0.604944861173368
0.604944861173368
-0.6076012868506988
0.6076012868506988
-0.6102509329849179
0.6102509329849179
-0.612893770011588
0.612893770011588
-0.6155297684422469
0.6155297684422469
-0.6181588988647368
0.6181588988647368
-0.620781131943532
0.620781131943532
-0.6233964384200669
0.6233964384200669
-0.6260047891130619
0.6260047891130619
-0.6286061549188492
0.6286061549188492
-0.6312005068116976
0.6312005068116976
-0.6337878158441364
0.6337878158441364
-0.6363680531472782
0.6363680531472782
-0.638941189931141
0.638941189931141
-0.6415071974849699
0.6415071974849699
-0.6440660471775566
0.6440660471775566
-0.6466177104575599
0.6466177104575599
-0.6491621588538234
0.6491621588538234
-0.6516993639756935
0.6516993639756935
-0.6542292975133364
0.6542292975133364
-0.6567519312380537
0.6567519312380537
-0.6592672370025974
0.6592672370025974
-0.6617751867414841
0.6617751867414841
-0.6642757524713078
0.6642757524713078
-0.6667689062910528
0.6667689062910528
-0.6692546203824043
0.6692546203824043
-0.6717328670100593
0.6717328670100593
-0.6742036185220357
0.6742036185220357
-0.6766668473499811
0.6766668473499811
-0.6791225260094804
0.6791225260094804
-0.6815706271003622
0.6815706271003622
-0.6840111233070049
0.6840111233070049
-0.6864439873986412
0.6864439873986412
-0.688869192229662
0.688869192229662
-0.6912867107399194
0.6912867107399194
-0.6936965159550285
0.6936965159550285
-0.6960985809866686
0.6960985809866686
-0.6984928790328826
0.6984928790328826
-0.7008793833783771
0.7008793833783771
-0.7032580673948195
0.7032580673948195
-0.7056289045411355
0.7056289045411355
-0.7079918683638055
0.7079918683638055
-0.7103469324971592
0.7103469324971592
-0.7126940706636704
0.7126940706636704
-0.7150332566742497
0.7150332566742497
-0.7173644644285369
0.7173644644285369
-0.7196876679151924
0.7196876679151924
-0.7220028412121872
0.7220028412121872
-0.724309958487092
0.724309958487092
-0.726608993997366
0.726608993997366
-0.7288999220906435
0.7288999220906435
-0.7311827172050206
0.7311827172050206
-0.7334573538693399
0.7334573538693399
-0.7357238067034753
0.7357238067034753
-0.7379820504186149
0.7379820504186149
-0.740232059817543
0.740232059817543
-0.7424738097949216
0.7424738097949216
-0.7447072753375702
0.7447072753375702
-0.7469324315247452
0.7469324315247452
-0.7491492535284177
0.7491492535284177
-0.7513577166135505
0.7513577166135505
-0.7535577961383746
0.7535577961383746
-0.7557494675546634
0.7557494675546634
-0.7579327064080071
0.7579327064080071
-0.7601074883380855
0.7601074883380855
-0.7622737890789396
0.7622737890789396
-0.7644315844592428
0.7644315844592428
-0.76658085040257
0.76658085040257
-0.7687215629276667
0.7687215629276667
-0.7708536981487163
0.7708536981487163
-0.7729772322756069
0.7729772322756069
-0.7750921416141965
0.7750921416141965
-0.7771984025665774
0.7771984025665774
-0.7792959916313397
0.7792959916313397
-0.7813848854038335
0.7813848854038335
-0.7834650605764295
0.7834650605764295
-0.7855364939387799
0.7855364939387799
-0.787599162378077
0.787599162378077
-0.7896530428793107
0.7896530428793107
-0.7916981125255261
0.7916981125255261
-0.7937343484980785
0.7937343484980785
-0.7957617280768884
0.7957617280768884
-0.7977802286406948
0.7977802286406948
-0.7997898276673079
0.7997898276673079
-0.8017905027338598
0.8017905027338598
-0.8037822315170556
0.8037822315170556
-0.8057649917934216
0.8057649917934216
-0.8077387614395537
0.8077387614395537
-0.8097035184323643
0.8097035184323643
-0.8116592408493278
0.8116592408493278
-0.8136059068687254
0.8136059068687254
-0.8155434947698885
0.8155434947698885
-0.817471982933441
0.817471982933441
-0.8193913498415407
0.8193913498415407
-0.8213015740781193
0.8213015740781193
-0.8232026343291211
0.8232026343291211
-0.8250945093827414
0.8250945093827414
-0.8269771781296625
0.8269771781296625
-0.82885061956329
0.82885061956329
-0.8307148127799863
0.8307148127799863
-0.8325697369793047
0.8325697369793047
-0.8344153714642209
0.8344153714642209
-0.8362516956413641
0.8362516956413641
-0.838078689021247
0.838078689021247
-0.8398963312184939
0.8398963312184939
-0.8417046019520689
0.8417046019520689
-0.8435034810455015
0.8435034810455015
-0.8452929484271121
0.8452929484271121
-0.8470729841302358
0.8470729841302358
-0.8488435682934453
0.8488435682934453
-0.8506046811607726
0.8506046811607726
-0.8523563030819289
0.8523563030819289
-0.8540984145125247
0.8540984145125247
-0.8558309960142871
0.8558309960142871
-0.8575540282552773
0.8575540282552773
-0.8592674920101057
0.8592674920101057
-0.8609713681601471
0.8609713681601471
-0.8626656376937533
0.8626656376937533
-0.8643502817064657
0.8643502817064657
-0.8660252814012264
0.8660252814012264
-0.8676906180885872
0.8676906180885872
-0.8693462731869189
0.8693462731869189
-0.8709922282226183
0.8709922282226183
-0.8726284648303142
0.8726284648303142
-0.8742549647530725
0.8742549647530725
-0.8758717098426
0.8758717098426
-0.8774786820594468
0.8774786820594468
-0.8790758634732073
0.8790758634732073
-0.8806632362627207
0.8806632362627207
-0.8822407827162697
0.8822407827162697
-0.883808485231778
0.883808485231778
-0.8853663263170068
0.8853663263170068
-0.8869142885897501
0.8869142885897501
-0.8884523547780283
0.8884523547780283
-0.8899805077202814
0.8899805077202814
-0.8914987303655599
0.8914987303655599
-0.8930070057737156
0.8930070057737156
-0.8945053171155904
0.8945053171155904
-0.895993647673204
0.895993647673204
-0.8974719808399405
0.8974719808399405
-0.8989403001207337
0.8989403001207337
-0.9003985891322513
0.9003985891322513
-0.9018468316030773
0.9018468316030773
-0.9032850113738939
0.9032850113738939
-0.904713112397662
0.904713112397662
-0.9061311187397995
0.9061311187397995
-0.9075390145783598
0.9075390145783598
-0.9089367842042082
0.9089367842042082
-0.9103244120211968
0.9103244120211968
-0.9117018825463391
0.9117018825463391
-0.9130691804099823
0.9130691804099823
-0.9144262903559789
0.9144262903559789
-0.9157731972418572
0.9157731972418572
-0.9171098860389897
0.9171098860389897
-0.9184363418327614
0.9184363418327614
-0.9197525498227358
0.9197525498227358
-0.9210584953228204
0.9210584953228204
-0.9223541637614299
0.9223541637614299
-0.9236395406816497
0.9236395406816497
-0.9249146117413965
0.9249146117413965
-0.9261793627135786
0.9261793627135786
-0.9274337794862546
0.9274337794862546
-0.928677848062791
0.928677848062791
-0.9299115545620181
0.9299115545620181
-0.931134885218385
0.931134885218385
-0.9323478263821134
0.9323478263821134
-0.9335503645193497
0.9335503645193497
-0.9347424862123158
0.9347424862123158
-0.9359241781594593
0.9359241781594593
-0.9370954271756017
0.9370954271756017
-0.9382562201920852
0.9382562201920852
-0.939406544256919
0.939406544256919
-0.9405463865349237
0.9405463865349237
-0.9416757343078742
0.9416757343078742
-0.9427945749746422
0.9427945749746422
-0.943902896051336
0.943902896051336
-0.9450006851714405
0.9450006851714405
-0.9460879300859551
0.9460879300859551
-0.9471646186635297
0.9471646186635297
-0.948230738890601
0.948230738890601
-0.949286278871526
0.949286278871526
-0.9503312268287146
0.9503312268287146
-0.9513655711027616
0.9513655711027616
-0.9523893001525762
0.9523893001525762
-0.953402402555511
0.953402402555511
-0.9544048670074897
0.9544048670074897
-0.9553966823231327
0.9553966823231327
-0.9563778374358824
0.9563778374358824
-0.9573483213981265
0.9573483213981265
-0.95830812338132
0.95830812338132
-0.9592572326761062
0.9592572326761062
-0.9601956386924362
0.9601956386924362
-0.961123330959687
0.961123330959687
-0.9620402991267783
0.9620402991267783
-0.9629465329622881
0.9629465329622881
-0.9638420223545667
0.9638420223545667
-0.9647267573118499
0.9647267573118499
-0.9656007279623698
0.9656007279623698
-0.9664639245544657
0.9664639245544657
-0.9673163374566924
0.9673163374566924
-0.9681579571579278
0.9681579571579278
-0.9689887742674794
0.9689887742674794
-0.9698087795151882
0.9698087795151882
-0.9706179637515332
0.9706179637515332
-0.9714163179477326
0.9714163179477326
-0.9722038331958451
0.9722038331958451
-0.972980500708869
0.972980500708869
-0.9737463118208405
0.9737463118208405
-0.97450125798693
0.97450125798693
-0.975245330783538
0.975245330783538
-0.9759785219083885
0.9759785219083885
-0.9767008231806221
0.9767008231806221
-0.9774122265408869
0.9774122265408869
-0.9781127240514288
0.9781127240514288
-0.97880230789618
0.97880230789618
-0.9794809703808457
0.9794809703808457
-0.9801487039329907
0.9801487039329907
-0.9808055011021235
0.9808055011021235
-0.9814513545597794
0.9814513545597794
-0.9820862570996025
0.9820862570996025
-0.9827102016374257
0.9827102016374257
-0.9833231812113502
0.9833231812113502
-0.9839251889818232
0.9839251889818232
-0.9845162182317136
0.9845162182317136
-0.9850962623663876
0.9850962623663876
-0.9856653149137822
0.9856653149137822
-0.9862233695244769
0.9862233695244769
-0.9867704199717654
0.9867704199717654
-0.9873064601517241
0.9873064601517241
-0.9878314840832812
0.9878314840832812
-0.9883454859082828
0.9883454859082828
-0.9888484598915582
0.9888484598915582
-0.9893404004209847
0.9893404004209847
-0.9898213020075492
0.9898213020075492
-0.9902911592854101
0.9902911592854101
-0.9907499670119573
0.9907499670119573
-0.9911977200678701
0.9911977200678701
-0.991634413457175
0.991634413457175
-0.992060042307301
0.992060042307301
-0.9924746018691345
0.9924746018691345
-0.9928780875170716
0.9928780875170716
-0.9932704947490707
0.9932704947490707
-0.9936518191867021
0.9936518191867021
-0.9940220565751972
0.9940220565751972
-0.994381202783496
0.994381202783496
-0.9947292538042935
0.9947292538042935
-0.9950662057540845
0.9950662057540845
-0.9953920548732069
0.9953920548732069
-0.9957067975258844
0.9957067975258844
-0.9960104302002668
0.9960104302002668
-0.9963029495084703
0.9963029495084703
-0.9965843521866152
0.9965843521866152
-0.9968546350948634
0.9968546350948634
-0.9971137952174542
0.9971137952174542
-0.9973618296627395
0.9973618296627395
-0.9975987356632171
0.9975987356632171
-0.9978245105755645
0.9978245105755645
-0.9980391518806713
0.9980391518806713
-0.9982426571836714
0.9982426571836714
-0.9984350242139766
0.9984350242139766
-0.9986162508253105
0.9986162508253105
-0.9987863349957464
0.9987863349957464
-0.9989452748277507
0.9989452748277507
-0.9990930685482364
0.9990930685482364
-0.9992297145086354
0.9992297145086354
-0.9993552111850056
0.9993552111850056
-0.9994695571782012
0.9994695571782012
-0.9995727512141712
0.9995727512141712
-0.9996647921445237
0.9996647921445237
-0.9997456789476888
0.9997456789476888
-0.9998154107315639
0.9998154107315639
-0.9998739867402953
0.9998739867402953
-0.9999214063746488
0.9999214063746488
-0.9999576692686419
0.9999576692686419
-0.9999827757007109
0.9999827757007109
-0.9999967309671509
0.9999967309671509