0.00227569026717402328979274464047
0.00227569026717402328979274464047
0.00227567848189448573143894336026
0.00227567848189448573143894336026
0.00227565491139644388265099974893
0.00227565491139644388265099974893
0.00227561955580196396319089293913
0.00227561955580196396319089293913
0.00227557241529414451250988160813
0.00227557241529414451250988160813
0.00227551349011711544152303524174
0.00227551349011711544152303524174
0.0022754427805760367683162479438
0.0022754427805760367683162479438
0.00227536028703709703779228227561
0.00227536028703709703779228227561
0.00227526600992751142526402741706
0.00227526600992751142526402741706
0.00227515994973551952400479270641
0.00227515994973551952400479270641
0.00227504210701038281676709432979
0.00227504210701038281676709432979
0.00227491248236238183128302958651
0.00227491248236238183128302958651
0.00227477107646281297976096974336
0.00227477107646281297976096974336
0.00227461789004398508239493900183
0.00227461789004398508239493900183
0.00227445292389921557490468352832
0.00227445292389921557490468352832
0.00227427617888282640012607083011
0.00227427617888282640012607083011
0.00227408765591013958367309599098
0.00227408765591013958367309599098
0.00227388735595747249369440740147
0.00227388735595747249369440740147
0.00227367528006213278474890062066
0.00227367528006213278474890062066
0.00227345142932241302582656488182
0.00227345142932241302582656488182
0.00227321580489758501254240249354
0.00227321580489758501254240249354
0.00227296840800789376353287698359
0.00227296840800789376353287698359
0.00227270923993455120108598127551
0.00227270923993455120108598127551
0.00227243830201972951603765246987
0.00227243830201972951603765246987
0.00227215559566655421696889491452
0.00227215559566655421696889491452
0.00227186112233909686373960818264
0.00227186112233909686373960818264
0.00227155488356236748539675132537
0.00227155488356236748539675132537
0.00227123688092230668249610931898
0.00227123688092230668249610931898
0.00227090711606577741387856197628
0.00227090711606577741387856197628
0.00227056559070055646794338973015
0.00227056559070055646794338973015
0.00227021230659532561846278461431
0.00227021230659532561846278461431
0.00226984726557966246498336845612
0.00226984726557966246498336845612
0.00226947046954403095786215374727
0.00226947046954403095786215374727
0.00226908192043977160798601586475
0.00226908192043977160798601586475
0.00226868162027909138122537826642
0.00226868162027909138122537826642
0.00226826957113505327767444497482
0.00226826957113505327767444497482
0.00226784577514156559573194708133
0.00226784577514156559573194708133
0.0022674102344933708810780021417
0.0022674102344933708810780021417
0.00226696295144603456060431718498
0.00226696295144603456060431718498
0.00226650392831593326135659761236
0.00226650392831593326135659761236
0.00226603316748024281454965551237
0.00226603316748024281454965551237
0.00226555067137692594471734185525
0.00226555067137692594471734185525
0.002265056442504719644061057644
0.002265056442504719644061057644
0.00226455048342312223206222938445
0.00226455048342312223206222938445
0.0022640327967523801004257641823
0.0022640327967523801004257641823
0.00226350338517347414342312937429
0.00226350338517347414342312937429
0.00226296225142810587370533084394
0.00226296225142810587370533084394
0.00226240939831868322365769305169
0.00226240939831868322365769305169
0.00226184482870830603236997231665
0.00226184482870830603236997231665
0.00226126854552075121829696301313
0.00226126854552075121829696301313
0.00226068055174045763768638408245
0.00226068055174045763768638408245
0.00226008085041251062885246059987
0.00226008085041251062885246059987
0.00225946944464262624237524206964
0.00225946944464262624237524206964
0.00225884633759713515730732564029
0.00225884633759713515730732564029
0.00225821153250296628347127852776
0.00225821153250296628347127852776
0.00225756503264763004993267959874
0.00225756503264763004993267959874
0.00225690684137920137973532529119
0.00225690684137920137973532529119
0.00225623696210630235098676982555
0.00225623696210630235098676982555
0.00225555539829808454438399398
0.00225555539829808454438399398
0.00225486215348421107727062055808
0.00225486215348421107727062055808
0.00225415723125483832431871805844
0.00225415723125483832431871805844
0.00225344063526059732492985695595
0.00225344063526059732492985695595
0.00225271236921257487745170541295
0.00225271236921257487745170541295
0.00225197243688229432030807315003
0.00225197243688229432030807315003
0.00225122084210169600014193360932
0.00225122084210169600014193360932
0.00225045758876311742707257543172
0.00225045758876311742707257543172
0.00224968268081927311716965463359
0.00224968268081927311716965463359
0.00224889612228323412224853870083
0.00224889612228323412224853870083
0.00224809791722840724709295310972
0.00224809791722840724709295310972
0.00224728806978851395421255952626
0.00224728806978851395421255952626
0.00224646658415756895624471312124
0.00224646658415756895624471312124
0.00224563346458985849611126405731
0.00224563346458985849611126405731
0.00224478871539991831504288524977
0.00224478871539991831504288524977
0.00224393234096251130858502496541
0.00224393234096251130858502496541
0.0022430643457126048707011986955
0.0022430643457126048707011986955
0.00224218473414534792609095001186
0.00224218473414534792609095001186
0.00224129351081604765084142477948
0.00224129351081604765084142477948
0.00224039068034014588153311714848
0.00224039068034014588153311714848
0.00223947624739319521292195917255
0.00223947624739319521292195917255
0.00223855021671083478432153869311
0.00223855021671083478432153869311
0.00223761259308876575481084227916
0.00223761259308876575481084227916
0.00223666338138272646739453151425
0.00223666338138272646739453151425
0.00223570258650846730224437176585
0.00223570258650846730224437176585
0.00223473021344172521915204274984
0.00223473021344172521915204274984
0.00223374626721819798932516970614
0.00223374626721819798932516970614
0.00223275075293351811666002282186
0.00223275075293351811666002282186
0.00223174367574322644862594066785
0.00223174367574322644862594066785
0.00223072504086274547689814084415
0.00223072504086274547689814084415
0.0022296948535673523278771877523
0.0022296948535673523278771877523
0.00222865311919215144323499341838
0.00222865311919215144323499341838
0.00222759984313204695062883257249
0.00222759984313204695062883257249
0.00222653503084171472472645773918
0.00222653503084171472472645773918
0.00222545868783557413868700390167
0.00222545868783557413868700390167
0.0022243708196877595062439753611
0.0022243708196877595062439753611
0.00222327143203209121453820971324
0.00222327143203209121453820971324
0.00222216053056204654785031540025
0.00222216053056204654785031540025
0.00222103812103073020238368005603
0.00222103812103073020238368005603
0.00221990420925084449225074684221
0.00221990420925084449225074684221
0.0022187588010946592468168551593
0.0022187588010946592468168551593
0.00221760190249398139955754050635
0.00221760190249398139955754050635
0.00221643351944012426858678584373
0.00221643351944012426858678584373
0.00221525365798387652901531357897
0.00221525365798387652901531357897
0.00221406232423547087729960323788
0.00221406232423547087729960323788
0.00221285952436455238774391499219
0.00221285952436455238774391499219
0.00221164526460014656131919348472
0.00221164526460014656131919348472
0.0022104195512306270669643198131
0.0022104195512306270669643198131
0.00220918239060368317553677209712
0.00220918239060368317553677209712
0.00220793378912628688658134675284
0.00220793378912628688658134675284
0.00220667375326465974808718342188
0.00220667375326465974808718342188
0.00220540228954423936940492644768
0.00220540228954423936940492644768
0.00220411940454964562749744484374
0.00220411940454964562749744484374
0.00220282510492464656669912085463
0.00220282510492464656669912085463
0.0022015193973721239921603044594
0.0022015193973721239921603044594
0.00220020228865403875715511750134
0.00220020228865403875715511750134
0.0021988737855913957444323765402
0.0021988737855913957444323765402
0.00219753389506420854179098800324
0.00219753389506420854179098800324
0.00219618262401146381206275275338
0.00219618262401146381206275275338
0.0021948199794310853576870997867
0.0021948199794310853576870997867
0.00219344596837989788006385041011
0.00219344596837989788006385041011
0.0021920605979735904338716949249
0.0021920605979735904338716949249
0.00219066387538667957654164354464
0.00219066387538667957654164354464
0.00218925580785247221307629199857
0.00218925580785247221307629199857
0.00218783640266302813640732000613
0.00218783640266302813640732000613
0.00218640566716912226348521754595
0.00218640566716912226348521754595
0.00218496360878020656729680957596
0.00218496360878020656729680957596
0.00218351023496437170500772458187
0.00218351023496437170500772458187
0.00218204555324830834242852603017
0.00218204555324830834242852603017
0.00218056957121726817500479847293
0.00218056957121726817500479847293
0.00217908229651502464553305168379
0.00217908229651502464553305168379
0.00217758373684383335880587679316
0.00217758373684383335880587679316
0.00217607389996439219339135792381
0.00217607389996439219339135792381
0.00217455279369580111075331130132
0.00217455279369580111075331130132
0.00217302042591552166192049121589
0.00217302042591552166192049121589
0.00217147680455933619191446853709
0.00217147680455933619191446853709
0.00216992193762130674214745272179
0.00216992193762130674214745272179
0.00216835583315373365100289240012
0.00216835583315373365100289240012
0.00216677849926711385281325266659
0.00216677849926711385281325266659
0.00216518994413009887545092913584
0.00216518994413009887545092913584
0.00216359017596945253674981963569
0.00216359017596945253674981963569
0.002161979203070008339976634098
0.002161979203070008339976634098
0.00216035703377462656857258175964
0.00216035703377462656857258175964
0.00215872367648415108038763219656
0.00215872367648415108038763219656
0.00215707913965736580163110297277
0.00215707913965736580163110297277
0.00215542343181095092076388178667
0.00215542343181095092076388178667
0.00215375656151943878255914493083
0.00215375656151943878255914493083
0.00215207853741516948255998664018
0.00215207853741516948255998664018
0.00215038936818824616216392547936
0.00215038936818824616216392547936
0.00214868906258649000456580430507
0.00214868906258649000456580430507
0.00214697762941539493179214952512
0.00214697762941539493179214952512
0.00214525507753808200306160335501
0.00214525507753808200306160335501
0.00214352141587525351470758953675
0.00214352141587525351470758953675
0.00214177665340514680190091852562
0.00214177665340514680190091852562
0.00214002079916348774241158246056
0.00214002079916348774241158246056
0.00213825386224344396265053330473
0.00213825386224344396265053330473
0.00213647585179557774623377936674
0.00213647585179557774623377936674
0.00213468677702779864531267598187
0.00213468677702779864531267598187
0.00213288664720531579491582543867
0.00213288664720531579491582543867
0.00213107547165058993054953927116
0.00213107547165058993054953927116
0.00212925325974328510930535279301
0.00212925325974328510930535279301
0.00212742002092022013472461721926
0.00212742002092022013472461721926
0.00212557576467531968567172889547
0.00212557576467531968567172889547
0.00212372050055956514946908802585
0.00212372050055956514946908802585
0.00212185423818094515954841085277
0.00212185423818094515954841085277
0.00211997698720440583787454948232
0.00211997698720440583787454948232
0.00211808875735180074239950246628
0.00211808875735180074239950246628
0.00211618955840184051980582683218
0.00211618955840184051980582683218
0.00211427940019004226380018849157
0.00211427940019004226380018849157
0.00211235829260867857921931284579
0.00211235829260867857921931284579
0.00211042624560672635221212093818
0.00211042624560672635221212093818
0.0021084832691898152267633586663
0.0021084832691898152267633586663
0.00210652937342017578782554735805
0.00210652937342017578782554735805
0.0021045645684165874513276034237
0.0021045645684165874513276034237
0.00210258886435432606132999281492
0.00210258886435432606132999281492
0.00210060227146511119459780264268
0.00210060227146511119459780264268
0.0020986048000370531728646275221
0.0020986048000370531728646275221
0.00209659646041459978306168201427
0.00209659646041459978306168201427
0.00209457726299848270578806291666
0.00209457726299848270578806291666
0.00209254721824566365229959610625
0.00209254721824566365229959610625
0.00209050633666928021029521215484
0.00209050633666928021029521215484
0.00208845462883859139878130300716
0.00208845462883859139878130300716
0.00208639210537892293229601863117
0.00208639210537892293229601863117
0.00208431877697161219477696770824
0.00208431877697161219477696770824
0.00208223465435395292335729012117
0.00208223465435395292335729012117
0.00208013974831913960237657121318
0.00208013974831913960237657121318
0.00207803406971621156789456852146
0.00207803406971621156789456852146
0.00207591762944999682299722092915
0.00207591762944999682299722092915
0.00207379043848105556418590792003
0.00207379043848105556418590792003
0.00207165250782562341914242285397
0.00207165250782562341914242285397
0.00206950384855555439616361890065
0.00206950384855555439616361890065
0.00206734447179826354556117946561
0.00206734447179826354556117946561
0.00206517438873666933332345660968
0.00206517438873666933332345660968
0.00206299361060913572733781109185
0.00206299361060913572733781109185
0.00206080214870941399647337624883
0.00206080214870941399647337624883
0.00205860001438658422282565495521
0.00205860001438658422282565495521
0.00205638721904499652742584437701
0.00205638721904499652742584437701
0.00205416377414421200971926713241
0.00205416377414421200971926713241
0.00205192969119894340111876979773
0.00205192969119894340111876979773
0.00204968498177899543294043043693
0.00204968498177899543294043043693
0.00204742965750920491903039598212
0.00204742965750920491903039598212
0.00204516373006938055339314784143
0.00204516373006938055339314784143
0.00204288721119424242313297005347
0.00204288721119424242313297005347
0.00204060011267336123702186863537
0.00204060011267336123702186863537
0.00203830244635109727000866347688
0.00203830244635109727000866347688
0.00203599422412653902398544520891
0.00203599422412653902398544520891
0.00203367545795344160512905891316
0.00203367545795344160512905891316
0.00203134615984016481813674433246
0.00203134615984016481813674433246
0.00202900634184961097767652838222
0.00202900634184961097767652838222
0.00202665601609916243737443024322
0.00202665601609916243737443024322
0.00202429519476061883666200212858
0.00202429519476061883666200212858
0.0020219238900601340658091899544
0.0020219238900601340658091899544
0.00201954211427815294946895759742
0.00201954211427815294946895759742
0.00201714987974934764906157618646
0.00201714987974934764906157618646
0.00201474719886255378432793593924
0.00201474719886255378432793593924
0.00201233408406070627438269241597
0.00201233408406070627438269241597
0.00200991054784077489859951170702
0.00200991054784077489859951170702
0.00200747660275369957766212999797
0.00200747660275369957766212999797
0.00200503226140432537511639215211
0.00200503226140432537511639215211
0.00200257753645133721975988141247
0.00200257753645133721975988141247
0.0020001124406071943492071980436
0.0020001124406071943492071980436
0.00199763698663806447497038870098
0.00199763698663806447497038870098
0.00199515118736375766939547052521
0.00199515118736375766939547052521
0.00199265505565765997479743440215
0.00199265505565765997479743440215
0.00199014860444666673513755050057
0.00199014860444666673513755050057
0.00198763184671111565058823608889
0.00198763184671111565058823608889
0.00198510479548471955533218073475
0.00198510479548471955533218073475
0.0019825674638544989189438572976
0.0019825674638544989189438572976
0.00198001986496071407170297862821
0.00198001986496071407170297862821
0.00197746201199679715419088958235
0.00197746201199679715419088958235
0.00197489391820928379152231183164
0.00197489391820928379152231183164
0.00197231559689774449256628500518
0.00197231559689774449256628500518
0.00196972706141471577451157191369
0.00196972706141471577451157191369
0.00196712832516563101313321798604
0.00196712832516563101313321798604
0.00196451940160875101911837557948
0.00196451940160875101911837557948
0.00196190030425509434081092250095
0.00196190030425509434081092250095
0.00195927104666836729373582089174
0.00195927104666836729373582089174
0.00195663164246489371726557757294
0.00195663164246489371726557757294
0.00195398210531354445879258001795
0.00195398210531354445879258001795
0.0019513224489356665857724933031
0.0019513224489356665857724933031
0.00194865268710501232600531268105
0.00194865268710501232600531268105
0.0019459728336476677365220738169
0.0019459728336476677365220738169
0.00194328290244198110144662821605
0.00194328290244198110144662821605
0.00194058290741849105920329494927
0.00194058290741849105920329494927
0.00193787286255985445944260143628
0.00193787286255985445944260143628
0.00193515278190077395005872577751
0.00193515278190077395005872577751
0.00193242267952792529467365091706
0.00193242267952792529467365091706
0.00192968256957988442096443677123
0.00192968256957988442096443677123
0.00192693246624705420021141035935
0.00192693246624705420021141035935
0.00192417238377159095844646591858
0.00192417238377159095844646591858
0.00192140233644733071958205696667
0.00192140233644733071958205696667
0.00191862233861971518090285028719
0.00191862233861971518090285028719
0.00191583240468571742130339784442
0.00191583240468571742130339784442
0.00191303254909376734265656668258
0.00191303254909376734265656668258
0.00191022278634367684469884891896
0.00191022278634367684469884891896
0.0019074031309865647338200539957
0.0019074031309865647338200539957
0.0019045735976247813661462634034
0.0019045735976247813661462634034
0.00190173420091183302530630412461
0.00190173420091183302530630412461
0.00189888495555230603527337105828
0.00189888495555230603527337105828
0.00189602587630179060867480067204
0.00189602587630179060867480067204
0.0018931569779668044309643680791
0.0018931569779668044309643680791
0.0018902782754047159808528476441
0.0018902782754047159808528476441
0.00188738978352366758739394308095
0.00188738978352366758739394308095
0.00188449151728249822412405680709
0.00188449151728249822412405680709
0.00188158349169066604065573005698
0.00188158349169066604065573005698
0.00187866572180817063212594492504
0.00187866572180817063212594492504
0.00187573822274547504690183709836
0.00187573822274547504690183709836
0.00187280100966342753294772354455
0.00187280100966342753294772354455
0.00186985409777318302325870283339
0.00186985409777318302325870283339
0.00186689750233612436076743708603
0.00186689750233612436076743708603
0.00186393123866378326313207375422
0.00186393123866378326313207375422
0.00186095532211776102781461252827
0.00186095532211776102781461252827
0.00185796976810964897786036764931
0.00185796976810964897786036764931
0.00185497459210094864879051875111
0.00185497459210094864879051875111
0.00185196980960299171702108407291
0.00185196980960299171702108407291
0.00184895543617685967022298846101
0.00184895543617685967022298846101
0.00184593148743330322003923500428
0.00184593148743330322003923500428
0.00184289797903266145757652342352
0.00184289797903266145757652342352
0.0018398549266847807520899904464
0.0018398549266847807520899904464
0.00183680234614893339328107734439
0.00183680234614893339328107734439
0.00183374025323373597762985757735
0.00183374025323373597762985757735
0.00183066866379706753918448307838
0.00183066866379706753918448307838
0.00182758759374598742523173111015
0.00182758759374598742523173111015
0.00182449705903665291727395482669
0.00182449705903665291727395482669
0.0018213970756742365977390596744
0.0018213970756742365977390596744
0.00181828765971284346285144455723
0.00181828765971284346285144455723
0.00181516882725542778209316126527
0.00181516882725542778209316126527
0.00181204059445370970468585801777
0.00181204059445370970468585801777
0.00180890297750809161352538309317
0.00180890297750809161352538309317
0.00180575599266757422700223240418
0.00180575599266757422700223240418
0.00180259965622967244914233051763
0.00180259965622967244914233051763
0.00179943398454033096850393801068
0.00179943398454033096850393801068
0.0017962589939938396062677791896
0.0017962589939938396062677791896
0.00179307470103274841395878306906
0.00179307470103274841395878306906
0.00178988112214778252123912711035
0.00178988112214778252123912711035
0.00178667827387775673421356754112
0.00178667827387775673421356754112
0.00178346617280948988468933211937
0.00178346617280948988468933211937
0.00178024483557771893083414095402
0.00178024483557771893083414095402
0.00177701427886501280967720844721
0.00177701427886501280967720844721
0.00177377451940168604189936457204
0.00177377451940168604189936457204
0.00177052557396571208935971653807
0.00177052557396571208935971653807
0.00176726745938263646580755241819
0.00176726745938263646580755241819
0.00176400019252548960122946650787
0.00176400019252548960122946650787
0.00176072379031469946028296205532
0.00176072379031469946028296205532
0.00175743826971800391526906053127
0.00175743826971800391526906053127
0.00175414364775036287409771779394
0.00175414364775036287409771779394
0.00175083994147387016370111634134
0.00175083994147387016370111634134
0.00174752716799766516935116932328
0.00174752716799766516935116932328
0.00174420534447784423033883610183
0.00174420534447784423033883610183
0.00174087448811737179247411089642
0.00174087448811737179247411089642
0.00173753461616599131786680541987
0.00173753461616599131786680541987
0.00173418574592013595244950339994
0.00173418574592013595244950339994
0.001730827894722838951705319479
0.001730827894722838951705319479
0.00172746107996364386506434718724
0.00172746107996364386506434718724
0.00172408531907851447943393048506
0.00172408531907851447943393048506
0.00172070062954974452232914076161
0.00172070062954974452232914076161
0.00171730702890586712507108615266
0.00171730702890586712507108615266
0.00171390453472156404652192259557
0.00171390453472156404652192259557
0.00171049316461757465782667616517
0.00171049316461757465782667616517
0.00170707293626060468863322392626
0.00170707293626060468863322392626
0.00170364386736323473526301578929
0.00170364386736323473526301578929
0.00170020597568382853130635265878
0.00170020597568382853130635265878
0.00169675927902644098111726651413
0.00169675927902644098111726651413
0.00169330379524072595668427595161
0.00169330379524072595668427595161
0.00168983954222184385835451613938
0.00168983954222184385835451613938
0.00168636653791036893988996508766
0.00168636653791036893988996508766
0.0016828848002921963983357086071
0.0016828848002921963983357086071
0.00167939434739844922918140431375
0.00167939434739844922918140431375
0.00167589519730538484729832053302
0.00167589519730538484729832053302
0.00167238736813430147413553895045
0.00167238736813430147413553895045
0.00166887087805144429166012034836
0.00166887087805144429166012034836
0.00166534574526791136352724074808
0.00166534574526791136352724074808
0.00166181198803955932396751074133
0.00166181198803955932396751074133
0.00165826962466690883487989373462
0.00165826962466690883487989373462
0.00165471867349504981161983924205
0.00165471867349504981161983924205
0.00165115915291354641797344523726
0.00165115915291354641797344523726
0.00164759108135634183080965890943
0.00164759108135634183080965890943
0.00164401447730166277490371795394
0.00164401447730166277490371795394
0.00164042935927192382842622475999
0.00164042935927192382842622475999
0.00163683574583363149959343352913
0.00163683574583363149959343352913
0.00163323365559728807497551546346
0.00163323365559728807497551546346
0.00162962310721729523996074969472
0.00162962310721729523996074969472
0.00162600411939185747187476757914
0.00162600411939185747187476757914
0.00162237671086288520625515535168
0.00162237671086288520625515535168
0.00161874090041589777678289491139
0.00161874090041589777678289491139
0.00161509670687992612937329469043
0.00161509670687992612937329469043
0.00161144414912741531093023213698
0.00161144414912741531093023213698
0.00160778324607412673326869631133
0.00160778324607412673326869631133
0.00160411401667904021271178344763
0.00160411401667904021271178344763
0.00160043647994425578586946006635
0.00160043647994425578586946006635
0.00159675065491489530210756732748
0.00159675065491489530210756732748
0.00159305656067900379321669678661
0.00159305656067900379321669678661
0.00158935421636745062079172154839
0.00158935421636745062079172154839
0.00158564364115383040183391799983
0.00158564364115383040183391799983
0.00158192485425436371308876184198
0.00158192485425436371308876184198
0.00157819787492779757463362801801
0.00157819787492779757463362801801
0.00157446272247530571323076735191
0.00157446272247530571323076735191
0.00157071941624038860596207325954
0.00157071941624038860596207325954
0.00156696797560877330466328976613
0.00156696797560877330466328976613
0.00156320842000831304167644725631
0.00156320842000831304167644725631
0.00155944076890888661744044488789
0.00155944076890888661744044488789
0.00155566504182229757044082841326
0.00155566504182229757044082841326
0.00155188125830217313004093926693
0.00155188125830217313004093926693
0.00154808943794386295271773518784
0.00154808943794386295271773518784
0.00154428960038433764222670434545
0.00154428960038433764222670434545
0.00154048176530208705422141392322
0.00154048176530208705422141392322
0.001536665952417018385854350376
0.001536665952417018385854350376
0.00153284218149035405088682211352
0.00153284218149035405088682211352
0.00152901047232452934083680616472
0.00152901047232452934083680616472
0.00152517084476308987269472844144
0.00152517084476308987269472844144
0.00152132331869058882373827253879
0.00152132331869058882373827253879
0.00151746791403248395397841457881
0.00151746791403248395397841457881
0.00151360465075503441676998141619
0.00151360465075503441676998141619
0.00150973354886519735812112657649
0.00150973354886519735812112657649
0.00150585462841052430523721258054
0.00150585462841052430523721258054
0.00150196790947905734483567981966
0.00150196790947905734483567981966
0.001498073412199225091769570878
0.001498073412199225091769570878
0.00149417115673973844849846514618
0.00149417115673973844849846514618
0.00149026116330948615594666172806
0.00149026116330948615594666172806
0.00148634345215743013628952900434
0.00148634345215743013628952900434
0.00148241804357250062821001677809
0.00148241804357250062821001677809
0.00147848495788349111516840168127
0.00147848495788349111516840168127
0.00147454421545895304722940846353
0.00147454421545895304722940846353
0.00147059583670709035699191890856
0.00147059583670709035699191890856
0.00146663984207565377016754642443
0.00146663984207565377016754642443
0.00146267625205183491135541782602
0.00146267625205183491135541782602
0.0014587050871621602055615644654
0.0014587050871621602055615644654
0.00145472636797238457601238266403
0.00145472636797238457601238266403
0.00145074011508738493881267835261
0.00145074011508738493881267835261
0.00144674634915105349499986292671
0.00144674634915105349499986292671
0.0014427450908461908205469165713
0.0014427450908461908205469165713
0.00143873636089439875486778169139
0.00143873636089439875486778169139
0.00143472018005597308837989260282
0.00143472018005597308837989260282
0.00143069656912979604967958828153
0.00143069656912979604967958828153
0.0014266655489532285928871927361
0.0014266655489532285928871927361
0.00142262714040200248571958245202
0.00142262714040200248571958245202
0.00141858136439011219884909235053
0.00141858136439011219884909235053
0.00141452824186970659710864080642
0.00141452824186970659710864080642
0.00141046779383098043310398047036
0.00141046779383098043310398047036
0.00140640004130206564379500493914
0.00140640004130206564379500493914
0.00140232500534892245060906170449
0.00140232500534892245060906170449
0.00139824270707523026365023928378
0.00139824270707523026365023928378
0.00139415316762227839056961098794
0.00139415316762227839056961098794
0.00139005640816885655066242940892
0.00139005640816885655066242940892
0.00138595244993114519475927440464
0.00138595244993114519475927440464
0.00138184131416260563147916311962
0.00138184131416260563147916311962
0.00137772302215386996041363339802
0.00137772302215386996041363339802
0.0013735975952326308128118118187
0.0013735975952326308128118118187
0.0013694650547635309003374745024
0.0013694650547635309003374745024
0.00136532542214805237247010280617
0.00136532542214805237247010280617
0.00136117871882440598312292702207
0.00136117871882440598312292702207
0.0013570249662674200670519392337
0.0013570249662674200670519392337
0.00135286418598842932663084154724
0.00135286418598842932663084154724
0.00134869639953516342956787800087
0.00134869639953516342956787800087
0.00134452162849163541814147756098
0.00134452162849163541814147756098
0.00134033989447802993053261173117
0.00134033989447802993053261173117
0.0013361512191505912348327434252
0.0013361512191505912348327434252
0.00133195562420151107630721388361
0.00133195562420151107630721388361
0.00132775313135881633849488153927
0.00132775313135881633849488153927
0.00132354376238625651872579085654
0.00132354376238625651872579085654
0.00131932753908319101863961027486
0.00131932753908319101863961027486
0.00131510448328447625028853647782
0.00131510448328447625028853647782
0.00131087461686035255840931727623
0.00131087461686035255840931727623
0.00130663796171633095944999743456
0.00130663796171633095944999743456
0.00130239453979307969793794077925
0.00130239453979307969793794077925
0.00129814437306631062077662789978
0.00129814437306631062077662789978
0.0012938874835466653700596716844
0.0012938874835466653700596716844
0.00128962389327960139499143281689
0.00128962389327960139499143281689
0.00128535362434527778350455419409
0.00128535362434527778350455419409
0.00128107669885844091416566700175
0.00128107669885844091416566700175
0.00127679313896830992896145190257
0.00127679313896830992896145190257
0.00127250296685846202755816644174
0.00127250296685846202755816644174
0.00126820620474671758362867435637
0.00126820620474671758362867435637
0.001263902874885025083841933981
0.001263902874885025083841933981
0.00125959299955934589011082136775
0.00125959299955934589011082136775
0.00125527660108953882569507908196
0.00125527660108953882569507908196
0.0012509537018292445857570938865
0.0012509537018292445857570938865
0.00124662432416576997296911568786
0.00124662432416576997296911568786
0.0012422884905199719587714361775
0.0012422884905199719587714361775
0.00123794622334614157088194856028
0.00123794622334614157088194856028
0.00123359754513188760765840961231
0.00123359754513188760765840961231
0.00122924247839802017991562204874
0.00122924247839802017991562204874
0.00122488104569843408080064880413
0.00122488104569843408080064880413
0.00122051326961999198433006132851
0.00122051326961999198433006132851
0.00121613917278240747319411137741
0.00121613917278240747319411137741
0.00121175877783812789643360001884
0.00121175877783812789643360001884
0.00120737210747221705759609869074
0.00120737210747221705759609869074
0.00120297918440223773397905511357
0.00120297918440223773397905511357
0.00119858003137813402756819169045
0.00119858003137813402756819169045
0.00119417467118211354828047570759
0.00119417467118211354828047570759
0.00118976312662852943012180917514
0.00118976312662852943012180917514
0.00118534542056376218087045152039
0.00118534542056376218087045152039
0.00118092157586610136589805055506
0.00118092157586610136589805055506
0.00117649161544562712674101618433
0.00117649161544562712674101618433
0.0011720555622440915350358272007
0.0011720555622440915350358272007
0.0011676134392347997824327142082
0.0011676134392347997824327142082
0.0011631652694224912071030112466
0.0011631652694224912071030112466
0.0011587110758432201574563150283
0.0011587110758432201574563150283
0.0011542508815642366936844338554
0.0011542508815642366936844338554
0.0011497847096838671277499482517
0.0011497847096838671277499482517
0.0011453125833313944024380421149
0.0011453125833313944024380421149
0.0011408345256669383100910967669
0.0011408345256669383100910967669
0.0011363505598813355516463706516
0.0011363505598813355516463706516
0.0011318607091960196365979145921
0.0011318607091960196365979145921
0.0011273649968629006245046964742
0.0011273649968629006245046964742
0.0011228634461642447086677299592
0.0011228634461642447086677299592
0.0011183560804125536425998193539
0.0011183560804125536425998193539
0.0011138429229504440099123470591
0.0011138429229504440099123470591
0.0011093239971505263382443410951
0.0011093239971505263382443410951
0.0011047993264152840578598680423
0.0011047993264152840578598680423
0.0011002689341769523055406013445
0.0011002689341769523055406013445
0.0010957328438973965744012162958
0.0010957328438973965744012162958
0.0010911910790679912102560611624
0.0010911910790679912102560611624
0.0010866436632094977551663487763
0.0010866436632094977551663487763
0.0010820906198719431387979045778
0.0010820906198719431387979045778
0.0010775319726344977182202954701
0.0010775319726344977182202954701
0.0010729677451053531667789489815
0.0010729677451053531667789489815
0.0010683979609216002126726541045
0.0010683979609216002126726541045
0.0010638226437491062278696137928
0.0010638226437491062278696137928
0.0010592418172823926679959944445
0.0010592418172823926679959944445
0.0010546555052445123638316897786
0.0010546555052445123638316897786
0.0010500637313869266650487853184
0.0010500637313869266650487853184
0.0010454665194893824368289752306
0.0010454665194893824368289752306
0.0010408638933597889099969455208
0.0010408638933597889099969455208
0.0010362558768340943853074965656
0.0010362558768340943853074965656
0.0010316424937761627925249336497
0.0010316424937761627925249336497
0.0010270237680776501049340065837
0.0010270237680776501049340065837
0.0010223997236578806099224285972
0.0010223997236578806099224285972
0.0010177703844637230362757505239
0.0010177703844637230362757505239
0.0010131357744694665388261088328
0.0010131357744694665388261088328
0.0010084959176766965410971052902
0.0010084959176766965410971052902
0.0010038508381141704365878119805
0.0010038508381141704365878119805
0.0009992005598376931493396280478
0.0009992005598376931493396280478
0.0009945451069299925544304438546
0.0009945451069299925544304438546
0.0009898845035005947590412942898
0.0009898845035005947590412942898
0.0009852187736856992447414056746
0.0009852187736856992447414056746
0.0009805479416480538716382601393
0.0009805479416480538716382601393
0.0009758720315768297450400174475
0.0009758720315768297450400174475
0.0009711910676874959452783470426
0.0009711910676874959452783470426
0.0009665050742216941213404325779
0.0009665050742216941213404325779
0.0009618140754471129489596173657
0.0009618140754471129489596173657
0.0009571180956573624538148620408
0.0009571180956573624538148620408
0.0009524171591718482004898852829
0.0009524171591718482004898852829
0.0009477112903356453478435546753
0.0009477112903356453478435546753
0.0009430005135193725714437876979
0.0009430005135193725714437876979
0.0009382848531190658537179124625
0.0009382848531190658537179124625
0.0009335643335560521424731240901
0.0009335643335560521424731240901
0.000928838979276822878441355617
0.000928838979276822878441355617
0.0009241088147529073925035619875
0.0009241088147529073925035619875
0.0009193738644807461732490920574
0.0009193738644807461732490920574
0.0009146341529815640055264965903
0.0009146341529815640055264965903
0.0009098897048012429806427899843
0.0009098897048012429806427899843
0.0009051405445101953788688499179
0.0009051405445101953788688499179
0.0009003866967032364249093022611
0.0009003866967032364249093022611
0.0008956281859994569169958984596
0.0008956281859994569169958984596
0.0008908650370420957302640491703
0.0008908650370420957302640491703
0.0008860972744984121950728312174
0.0008860972744984121950728312174
0.0008813249230595583509294349442
0.0008813249230595583509294349442
0.0008765480074404510766796657771
0.0008765480074404510766796657771
0.0008717665523796440976267572869
0.0008717665523796440976267572869
0.0008669805826391998702413932512
0.0008669805826391998702413932512
0.0008621901230045613451264731863
0.0008621901230045613451264731863
0.0008573951982844236089007895485
0.0008573951982844236089007895485
0.0008525958333106054056664153054
0.0008525958333106054056664153054
0.0008477920529379205387252278642
0.0008477920529379205387252278642
0.0008429838820440491532106194297
0.0008429838820440491532106194297
0.0008381713455294089003010647606
0.0008381713455294089003010647606
0.0008333544683170259836828350175
0.0008333544683170259836828350175
0.00082853327535240608892976097
0.00082853327535240608892976097
0.0008237077916034051964685602625
0.0008237077916034051964685602625
0.0008188780420601002787988517647
0.0008188780420601002787988517647
0.0008140440517346598826375852615
0.0008140440517346598826375852615
0.0008092058456612145966582169046
0.0008092058456612145966582169046
0.0008043634488957274054955599746
0.0008043634488957274054955599746
0.0007995168865158639306878366228
0.0007995168865158639306878366228
0.0007946661836208625592280494043
0.0007946661836208625592280494043
0.0007898113653314044603973816202
0.0007898113653314044603973816202
0.0007849524567894834915539227903
0.0007849524567894834915539227903
0.0007800894831582759935506000236
0.0007800894831582759935506000236
0.0007752224696220104764567776911
0.0007752224696220104764567776911
0.0007703514413858371962585666803
0.0007703514413858371962585666803
0.0007654764236756976232134606835
0.0007654764236756976232134606835
0.0007605974417381938025354905001
0.0007605974417381938025354905001
0.000755714520840457608087658286
0.000755714520840457608087658286
0.0007508276862700198897589821311
0.0007508276862700198897589821311
0.0007459369633346795152040473674
0.0007459369633346795152040473674
0.0007410423773623723066235247002
0.0007410423773623723066235247002
0.0007361439537010398732646766923
0.0007361439537010398732646766923
0.0007312417177184983403214334406
0.0007312417177184983403214334406
0.0007263356948023069749141755568
0.0007263356948023069749141755568
0.0007214259103596367098299179496
0.0007214259103596367098299179496
0.0007165123898171385657041415107
0.0007165123898171385657041415107
0.0007115951586208119723260718123
0.0007115951586208119723260718123
0.0007066742422358729897497544655
0.0007066742422358729897497544655
0.0007017496661466224298938260679
0.0007017496661466224298938260679
0.0006968214558563138793134278649
0.0006968214558563138793134278649
0.0006918896368870216238282565943
0.0006918896368870216238282565943
0.0006869542347795084756912937026
0.0006869542347795084756912937026
0.0006820152750930935039833004825
0.0006820152750930935039833004825
0.00067707278340551966891871297
0.00067707278340551966891871297
0.0006721267853128213607491169708
0.0006721267853128213607491169708
0.00066717730642919184395103071
0.00066717730642919184395103071
0.0006622243723868506073852706954
0.0006622243723868506073852706954
0.0006572680088359106211157258819
0.0006572680088359106211157258819
0.0006523082414442455005759165821
0.0006523082414442455005759165821
0.0006473450958973565787722683077
0.0006473450958973565787722683077
0.0006423785978982398872135874082
0.0006423785978982398872135874082
0.0006374087731672530462567856359
0.0006374087731672530462567856359
0.0006324356474419820655594652958
0.0006324356474419820655594652958
0.0006274592464771080553305462138
0.0006274592464771080553305462138
0.0006224795960442738490706912191
0.0006224795960442738490706912191
0.0006174967219319505384948691491
0.0006174967219319505384948691491
0.0006125106499453039213299845767
0.0006125106499453039213299845767
0.0006075214059060608626811027183
0.0006075214059060608626811027183
0.000602529015652375570660407581
0.000602529015652375570660407581
0.0005975335050386957869736528117
0.0005975335050386957869736528117
0.0005925348999356288931594995063
0.0005925348999356288931594995063
0.0005875332262298079331777852271
0.0005875332262298079331777852271
0.0005825285098237575530434356472
0.0005825285098237575530434356472
0.0005775207766357598582034168253
0.0005775207766357598582034168253
0.000572510052599720189354834603
0.000572510052599720189354834603
0.0005674963636650328174030207876
0.0005674963636650328174030207876
0.0005624797357964465582592067646
0.0005624797357964465582592067646
0.0005574601949739303081781774626
0.0005574601949739303081781774626
0.0005524377671925385003371260904
0.0005524377671925385003371260904
0.0005474124784622764833577971874
0.0005474124784622764833577971874
0.0005423843548079658224749172161
0.0005423843548079658224749172161
0.0005373534222691095240548737564
0.0005373534222691095240548737564
0.0005323197068997571841696226016
0.0005323197068997571841696226016
0.0005272832347683700619318837797
0.0005272832347683700619318837797
0.00052224403195768607829884073
0.00052224403195768607829884073
0.0005172021245645847410527905648
0.0005172021245645847410527905648
0.0005121575386999519966685177692
0.0005121575386999519966685177692
0.0005071103004885450097785904111
0.0005071103004885450097785904111
0.0005020604360688568709493200737
0.0005020604360688568709493200737
0.0004970079715929812334817992032
0.0004970079715929812334817992032
0.0004919529332264768799542493399
0.0004919529332264768799542493399
0.0004868953471482322192239000799
0.0004868953471482322192239000799
0.0004818352395503297146087936134
0.0004818352395503297146087936134
0.0004767726366379102439722984355
0.0004767726366379102439722984355
0.0004717075646290373924357470618
0.0004717075646290373924357470618
0.0004666400497545616784475191838
0.0004666400497545616784475191838
0.0004615701182579847139401113993
0.0004615701182579847139401113993
0.0004564977963953232993103107098
0.0004564977963953232993103107098
0.0004514231104349734539615712022
0.0004514231104349734539615712022
0.0004463460866575743831521390165
0.0004463460866575743831521390165
0.0004412667513558723818974459658
0.0004412667513558723818974459658
0.0004361851308345846766808733887
0.0004361851308345846766808733887
0.0004311012514102632057332633155
0.0004311012514102632057332633155
0.0004260151394111583386486262344
0.0004260151394111583386486262344
0.0004209268211770825361114825139
0.0004209268211770825361114825139
0.0004158363230592739505203161229
0.0004158363230592739505203161229
0.0004107436714202599683018757333
0.0004107436714202599683018757333
0.0004056488926337206947227175578
0.0004056488926337206947227175578
0.0004005520130843523820176661459
0.0004005520130843523820176661459
0.0003954530591677308016700313118
0.0003954530591677308016700313118
0.0003903520572901745616957636163
0.0003903520572901745616957636163
0.0003852490338686083698036128453
0.0003852490338686083698036128453
0.000380144015330426243326192656
0.000380144015330426243326192656
0.0003750370281133546668431447883
0.0003750370281133546668431447883
0.0003699280986653156984479236226
0.0003699280986653156984479236226
0.0003648172534442900256447811147
0.0003648172534442900256447811147
0.0003597045189181799719031492527
0.0003597045189181799719031492527
0.0003545899215646724549437765103
0.0003545899215646724549437765103
0.0003494734878711018978858522407
0.0003494734878711018978858522407
0.0003443552443343130944483567963
0.0003443552443343130944483567963
0.0003392352174605240294736960922
0.0003392352174605240294736960922
0.0003341134337651886561293525716
0.0003341134337651886561293525716
0.000328989919772859631246266539
0.000328989919772859631246266539
0.0003238647020170510103739257543
0.0003238647020170510103739257543
0.0003187378070401009042752957911
0.0003187378070401009042752957911
0.000313609261393034098754162139
0.000313609261393034098754162139
0.0003084790916354246399085416757
0.0003084790916354246399085416757
0.0003033473243352583871431265421
0.0003033473243352583871431265421
0.0002982139860687955365593217587
0.0002982139860687955365593217587
0.0002930791034204331176832839142
0.0002930791034204331176832839142
0.0002879427029825674669027777019
0.0002879427029825674669027777019
0.0002828048113554566814779308763
0.0002828048113554566814779308763
0.0002776654551470830585881409674
0.0002776654551470830585881409674
0.0002725246609730155246013039607
0.0002725246609730155246013039607
0.0002673824554562720606321286995
0.0002673824554562720606321286995
0.0002622388652271821315313143184
0.0002622388652271821315313143184
0.0002570939169232491267645953558
0.0002570939169232491267645953558
0.0002519476371890128232608865696
0.0002519476371890128232608865696
0.0002468000526759118823096500382
0.0002468000526759118823096500382
0.0002416511900421463950688564994
0.0002416511900421463950688564994
0.0002365010759525404943351297246
0.0002365010759525404943351297246
0.0002313497370784050540936036052
0.0002313497370784050540936036052
0.0002261972000974005032240595301
0.0002261972000974005032240595301
0.0002210434916933997858769745753
0.0002210434916933997858769745753
0.0002158886385563515088238416598
0.0002158886385563515088238416598
0.0002107326673821433260287569623
0.0002107326673821433260287569623
0.0002055756048724656234478245842
0.0002055756048724656234478245842
0.0002004174777346755835329027656
0.0002004174777346755835329027656
0.0001952583126816617303054071761
0.0001952583126816617303054071761
0.0001900981364317090838215286354
0.0001900981364317090838215286354
0.0001849369757083650896341163334
0.0001849369757083650896341163334
0.0001797748572403065375991545478
0.0001797748572403065375991545478
0.0001746118077612077494456640668
0.0001746118077612077494456640668
0.0001694478540096104020797925608
0.0001694478540096104020797925608
0.0001642830227287954723720180456
0.0001642830227287954723720180456
0.00015911734066665795173368406
0.00015911734066665795173368406
0.0001539508345755852033328314132
0.0001539508345755852033328314132
0.0001487835312123401480316053576
0.0001487835312123401480316053576
0.0001436154573379509066707351163
0.0001436154573379509066707351163
0.0001384466397176091557132416632
0.0001384466397176091557132416632
0.0001332771051205803611351493065
0.0001332771051205803611351493065
0.0001281068803201303818099721537
0.0001281068803201303818099721537
0.0001229359920934748980014532152
0.0001229359920934748980014532152
0.0001177644672217610728636174495
0.0001177644672217610728636174495
0.0001125923324900953626733894702
0.0001125923324900953626733894702
0.000107419614687638393345540731
0.000107419614687638393345540731
0.000102246340607798900392576976
0.000102246340607798900392576976
0.000097072537048576620188779256
0.000097072537048576620188779256
0.000091898230813133555702149026
0.000091898230813133555702149026
0.000086723448710722998689292791
0.000086723448710722998689292791
0.000081548217558192493157561704
0.000081548217558192493157561704
0.000076372564182432300455536066
0.000076372564182432300455536066
0.000071196515424428442497350506
0.000071196515424428442497350506
0.000066020098146131680843785227
0.000066020098146131680843785227
0.000060843339242460484257789969
0.000060843339242460484257789969
0.000055666265663083527371052239
0.000055666265663083527371052239
0.000050488904453803183735145809
0.000050488904453803183735145809
0.000045311282839647827799855602
0.000045311282839647827799855602
0.000040133428403292634001953826
0.000040133428403292634001953826
0.000034955369501172080058357718
0.000034955369501172080058357718
0.000029777136340190769618486351
0.000029777136340190769618486351
0.000024598764165517950656246142
0.000024598764165517950656246142
0.000019420304586636201393590911
0.000019420304586636201393590911
0.000014241877935292458647800615
0.000014241877935292458647800615
9.06404248222528370950381e-6
9.06404248222528370950381e-6
3.89381582363586015348863e-6
3.89381582363586015348863e-6