0.00188627590034225792066378489841
0.00188627254462344248654515376121
0.00188627254462344248654515376121
0.00188626247747893595266769238344
0.00188626247747893595266769238344
0.0018862456989445575819845703366
0.0018862456989445575819845703366
0.00188622220908000600447746629263
0.00188622220908000600447746629263
0.00188619200796885900474669113787
0.00188619200796885900474669113787
0.00188615509571857322463841840011
0.00188615509571857322463841840011
0.00188611147246048378091008005178
0.00188611147246048378091008005178
0.00188606113834980379793528804969
0.00188606113834980379793528804969
0.0018860040935656238554499442638
0.0018860040935656238554499442638
0.00188594033831091135134150373456
0.00188594033831091135134150373456
0.00188586987281250977948365847738
0.00188586987281250977948365847738
0.00188579269732113792261901132451
0.00188579269732113792261901132451
0.00188570881211138896029261155692
0.00188570881211138896029261155692
0.00188561821748172949183952633072
0.00188561821748172949183952633072
0.0018855209137544984744299241436
0.0018855209137544984744299241436
0.00188541690127590607617544881517
0.00188541690127590607617544881517
0.00188530618041603244430096467002
0.00188530618041603244430096467002
0.00188518875156882638838605581284
0.00188518875156882638838605581284
0.00188506461515210397868096456982
0.00188506461515210397868096456982
0.00188493377160754705950195633868
0.00188493377160754705950195633868
0.00188479622140070167771140024027
0.00188479622140070167771140024027
0.00188465196502097642628815709623
0.00188465196502097642628815709623
0.00188450100298164070299416836891
0.00188450100298164070299416836891
0.00188434333581982288414344179063
0.00188434333581982288414344179063
0.00188417896409650841347993147813
0.00188417896409650841347993147813
0.00188400788839653780617111237338
0.00188400788839653780617111237338
0.00188383010932860456792435087375
0.00188383010932860456792435087375
0.00188364562752525302923347551038
0.00188364562752525302923347551038
0.00188345444364287609476325350354
0.00188345444364287609476325350354
0.00188325655836171290787978096613
0.00188325655836171290787978096613
0.00188305197238584643033509644032
0.00188305197238584643033509644032
0.00188284068644320093711462933672
0.00188284068644320093711462933672
0.00188262270128553942645639669923
0.00188262270128553942645639669923
0.00188239801768846094505116354043
0.00188239801768846094505116354043
0.00188216663645139782843308378195
0.00188216663645139782843308378195
0.00188192855839761285657064058913
0.00188192855839761285657064058913
0.00188168378437419632466800661024
0.00188168378437419632466800661024
0.00188143231525206302918724631419
0.00188143231525206302918724631419
0.00188117415192594916910208426876
0.00188117415192594916910208426876
0.00188090929531440916239426480979
0.00188090929531440916239426480979
0.00188063774635981237780383012224
0.00188063774635981237780383012224
0.00188035950602833978184494528328
0.00188035950602833978184494528328
0.00188007457530998050109920030602
0.00188007457530998050109920030602
0.00187978295521852829979862066819
0.00187978295521852829979862066819
0.00187948464679157797271091921232
0.00187948464679157797271091921232
0.00187917965109052165333982366181
0.00187917965109052165333982366181
0.00187886796920054503745361530896
0.00187886796920054503745361530896
0.00187854960223062352195531569683
0.00187854960223062352195531569683
0.00187822455131351825910825933364
0.00187822455131351825910825933364
0.00187789281760577212613109164759
0.00187789281760577212613109164759
0.00187755440228770561017653250816
0.00187755440228770561017653250816
0.00187720930656341260870854670785
0.00187720930656341260870854670785
0.00187685753166075614529286381379
0.00187685753166075614529286381379
0.00187649907883136400081609076079
0.00187649907883136400081609076079
0.00187613394935062426014896146584
0.00187613394935062426014896146584
0.00187576214451768077426956859661
0.00187576214451768077426956859661
0.00187538366565542853786272342314
0.00187538366565542853786272342314
0.00187499851411050898241189042061
0.00187499851411050898241189042061
0.00187460669125330518480044397195
0.00187460669125330518480044397195
0.00187420819847793699143929513954
0.00187420819847793699143929513954
0.00187380303720225605793823703567
0.00187380303720225605793823703567
0.00187339120886784080433865781988
0.00187339120886784080433865781988
0.00187297271493999128592557078705
0.00187297271493999128592557078705
0.00187254755690772397963721138179
0.00187254755690772397963721138179
0.00187211573628376648609075128185
0.00187211573628376648609075128185
0.00187167725460455214724297993372
0.00187167725460455214724297993372
0.00187123211343021457970510409804
0.00187123211343021457970510409804
0.0018707803143445821237311160675
0.0018707803143445821237311160675
0.00187032185895517220789948125679
0.00187032185895517220789948125679
0.00186985674889318562950819583028
0.00186985674889318562950819583028
0.0018693849858135007507035649279
0.0018693849858135007507035649279
0.00186890657139466761036335187219
0.00186890657139466761036335187219
0.00186842150733890195175524848848
0.00186842150733890195175524848848
0.00186792979537207916599191634473
0.00186792979537207916599191634473
0.00186743143724372815130414831602
0.00186743143724372815130414831602
0.00186692643472702508815399940139
0.00186692643472702508815399940139
0.00186641478961878713021003516458
0.00186641478961878713021003516458
0.00186589650373946601120714553633
0.00186589650373946601120714553633
0.00186537157893314156771367100129
0.00186537157893314156771367100129
0.00186484001706751517782888739763
0.00186484001706751517782888739763
0.00186430182003390311583419468012
0.00186430182003390311583419468012
0.00186375698974722982282165403723
0.00186375698974722982282165403723
0.00186320552814602109332381670855
0.00186320552814602109332381670855
0.00186264743719239717796908671901
0.00186264743719239717796908671901
0.00186208271887206580218715853079
0.00186208271887206580218715853079
0.00186151137519431510098936931062
0.00186151137519431510098936931062
0.00186093340819200646984910411839
0.00186093340819200646984910411839
0.00186034881992156733170769084261
0.00186034881992156733170769084261
0.00185975761246298382013152013603
0.00185975761246298382013152013603
0.00185915978791979337864642394237
0.00185915978791979337864642394237
0.00185855534841907727627564444902
0.00185855534841907727627564444902
0.00185794429611145303930802345146
0.00185794429611145303930802345146
0.00185732663317106679932334017079
0.00185732663317106679932334017079
0.00185670236179558555750202352615
0.00185670236179558555750202352615
0.00185607148420618936524676272685
0.00185607148420618936524676272685
0.00185543400264756342114383781416
0.00185543400264756342114383781416
0.00185478991938789008429228944944
0.00185478991938789008429228944944
0.00185413923671884080402934481107
0.00185413923671884080402934481107
0.00185348195695556796608081392799
0.00185348195695556796608081392799
0.00185281808243669665516546814073
0.00185281808243669665516546814073
0.00185214761552431633408270964029
0.00185214761552431633408270964029
0.00185147055860397243931313819088
0.00185147055860397243931313819088
0.00185078691408465789316191819264
0.00185078691408465789316191819264
0.00185009668439880453247514618406
0.00185009668439880453247514618406
0.00184939987200227445395971572032
0.00184939987200227445395971572032
0.00184869647937435127613747329115
0.00184869647937435127613747329115
0.00184798650901773131796475556053
0.00184798650901773131796475556053
0.00184726996345851469414869471764
0.00184726996345851469414869471764
0.00184654684524619632719197512462
0.00184654684524619632719197512462
0.00184581715695365687619802072986
0.00184581715695365687619802072986
0.00184508090117715358246888888492
0.00184508090117715358246888888492
0.00184433808053631103192844225757
0.00184433808053631103192844225757
0.00184358869767411183440366647241
0.00184358869767411183440366647241
0.00184283275525688721979729693188
0.00184283275525688721979729693188
0.00184207025597430755118521397454
0.00184207025597430755118521397454
0.00184130120253937275487236111192
0.00184130120253937275487236111192
0.00184052559768840266744123654983
0.00184052559768840266744123654983
0.00183974344418102729982730354364
0.00183974344418102729982730354364
0.00183895474480017701845596035798
0.00183895474480017701845596035798
0.00183815950235207264347600569947
0.00183815950235207264347600569947
0.00183735771966621546412483046462
0.00183735771966621546412483046462
0.00183654939959537717126086149349
0.00183654939959537717126086149349
0.0018357345450155897070990777414
0.0018357345450155897070990777414
0.0018349131588261350321857138756
0.0018349131588261350321857138756
0.00183408524394953480964856076978
0.00183408524394953480964856076978
0.00183325080333154000675956670549
0.00183325080333154000675956670549
0.00183240983994112041384673729563
0.00183240983994112041384673729563
0.00183156235677045408059262621911
0.00183156235677045408059262621911
0.00183070835683491666975700279753
0.00183070835683491666975700279753
0.00182984784317307072836157625213
0.00182984784317307072836157625213
0.00182898081884665487637495015256
0.00182898081884665487637495015256
0.00182810728694057291293627410611
0.00182810728694057291293627410611
0.00182722725056288284015635313605
0.00182722725056288284015635313605
0.00182634071284478580453526846054
0.00182634071284478580453526846054
0.00182544767694061495603585650674
0.00182544767694061495603585650674
0.00182454814602782422485268597803
0.00182454814602782422485268597803
0.00182364212330697701591646563508
0.00182364212330697701591646563508
0.00182272961200173482117410815138
0.00182272961200173482117410815138
0.0018218106153588457496849679612
0.0018218106153588457496849679612
0.00182088513664813297557406343102
0.00182088513664813297557406343102
0.00181995317916248310388338595314
0.00181995317916248310388338595314
0.0018190147462178344543626906819
0.0018190147462178344543626906819
0.00181806984115316526324145560703
0.00181806984115316526324145560703
0.00181711846733048180302398748488
0.00181711846733048180302398748488
0.00181616062813480642034994482448
0.00181616062813480642034994482448
0.00181519632697416549196283965217
0.00181519632697416549196283965217
0.00181422556727957729882937115252
0.00181422556727957729882937115252
0.00181324835250503981845273550639
0.00181324835250503981845273550639
0.00181226468612751843542334731506
0.00181226468612751843542334731506
0.0018112745716469335702506989141
0.0018112745716469335702506989141
0.00181027801258614822652037463887
0.00181027801258614822652037463887
0.0018092750124909554564205277061
0.0018092750124909554564205277061
0.00180826557493006574468241781981
0.00180826557493006574468241781981
0.00180724970349509431097989789605
0.00180724970349509431097989789605
0.00180622740180054833083302842664
0.00180622740180054833083302842664
0.00180519867348381407506128796742
0.00180519867348381407506128796742
0.00180416352220514396783213804004
0.00180416352220514396783213804004
0.00180312195164764356335099037689
0.00180312195164764356335099037689
0.00180207396551725844123891391572
0.00180207396551725844123891391572
0.00180101956754276102064470826233
0.00180101956754276102064470826233
0.00179995876147573729313825948578
0.00179995876147573729313825948578
0.00179889155109057347443238308985
0.00179889155109057347443238308985
0.00179781794018444257498064781536
0.00179781794018444257498064781536
0.00179673793257729088949896257049
0.00179673793257729088949896257049
0.00179565153211182440545899725806
0.00179565153211182440545899725806
0.00179455874265349513060179657023
0.00179455874265349513060179657023
0.00179345956809048733952023394973
0.00179345956809048733952023394973
0.00179235401233370373935924087321
0.00179235401233370373935924087321
0.00179124207931675155468303439371
0.00179124207931675155468303439371
0.00179012377299592853155885348622
0.00179012377299592853155885348622
0.00178899909735020886090700217097
0.00178899909735020886090700217097
0.00178786805638122902116728464216
0.00178786805638122902116728464216
0.00178673065411327354033220470532
0.00178673065411327354033220470532
0.00178558689459326067739758872233
0.00178558689459326067739758872233
0.00178443678189072802328157797886
0.00178443678189072802328157797886
0.0017832803200978180212632229234
0.0017832803200978180212632229234
0.00178211751332926340699219807923
0.00178211751332926340699219807923
0.00178094836572237256812144259966
0.00178094836572237256812144259966
0.00177977288143701482361481742104
0.00177977288143701482361481742104
0.00177859106465560562278215576774
0.00177859106465560562278215576774
0.00177740291958309166409436937562
0.00177740291958309166409436937562
0.0017762084504469359338315582264
0.0017762084504469359338315582264
0.00177500766149710266461735682196
0.00177500766149710266461735682196
0.00177380055700604221389303507579
0.00177380055700604221389303507579
0.00177258714126867586238515675547
0.00177258714126867586238515675547
0.0017713674186023805326208830764
0.0017713674186023805326208830764
0.00177014139334697342754529351991
0.00177014139334697342754529351991
0.00176890906986469658929538022915
0.00176890906986469658929538022915
0.00176767045254020137818565642135
0.00176767045254020137818565642135
0.00176642554578053287196060314506
0.00176642554578053287196060314506
0.00176517435401511418536946240459
0.00176517435401511418536946240459
0.00176391688169573071011916816948
0.00176391688169573071011916816948
0.00176265313329651427526149008474
0.00176265313329651427526149008474
0.00176138311331392722807074779519
0.00176138311331392722807074779519
0.00176010682626674643546873669478
0.00176010682626674643546873669478
0.00175882427669604720605378860762
0.00175882427669604720605378860762
0.00175753546916518713279117340097
0.00175753546916518713279117340097
0.00175624040825978985642232981985
0.00175624040825978985642232981985
0.00175493909858772874965069591871
0.00175493909858772874965069591871
0.00175363154477911052216219134485
0.00175363154477911052216219134485
0.00175231775148625874653868540178
0.00175231775148625874653868540178
0.00175099772338369730512306628613
0.00175099772338369730512306628613
0.0017496714651681337578948081488
0.0017496714651681337578948081488
0.00174833898155844263141521367866
0.00174833898155844263141521367866
0.00174700027729564862890179074381
0.00174700027729564862890179074381
0.00174565535714290976149150225114
0.00174565535714290976149150225114
0.00174430422588550040075290879731
0.00174430422588550040075290879731
0.00174294688833079425250750388407
0.00174294688833079425250750388407
0.00174158334930824725202082145509
0.00174158334930824725202082145509
0.00174021361366938038062417528095
0.00174021361366938038062417528095
0.00173883768628776240382816927154
0.00173883768628776240382816927154
0.00173745557205899253098939713011
0.00173745557205899253098939713011
0.00173606727590068299659202887993
0.00173606727590068299659202887993
0.0017346728027524415632062606915
0.0017346728027524415632062606915
0.00173327215757585394618588311482
0.00173327215757585394618588311482
0.00173186534535446616016750127625
0.00173186534535446616016750127625
0.00173045237109376678743421883212
0.00173045237109376678743421883212
0.00172903323982116916820687548011
0.00172903323982116916820687548011
0.00172760795658599351292620561421
0.00172760795658599351292620561421
0.00172617652645944893658956326813
0.00172617652645944893658956326813
0.00172473895453461541520613582457
0.00172473895453461541520613582457
0.00172329524592642566443484607309
0.00172329524592642566443484607309
0.00172184540577164694046941907627
0.00172184540577164694046941907627
0.00172038943922886276323536695079
0.00172038943922886276323536695079
0.00171892735147845456196392108766
0.00171892735147845456196392108766
0.00171745914772258324320821752096
0.00171745914772258324320821752096
0.00171598483318517068136731710787
0.00171598483318517068136731710787
0.00171450441311188113178391790284
0.00171450441311188113178391790284
0.00171301789277010256648189259416
0.00171301789277010256648189259416
0.00171152527744892793261005912148
0.00171152527744892793261005912148
0.00171002657245913633365886760693
0.00171002657245913633365886760693
0.00170852178313317413351696150933
0.00170852178313317413351696150933
0.00170701091482513598343484544914
0.00170701091482513598343484544914
0.00170549397291074577196316645156
0.00170549397291074577196316645156
0.00170397096278733749793338941384
0.00170397096278733749793338941384
0.00170244188987383606654892142123
0.00170244188987383606654892142123
0.0017009067596107380086550131114
0.0017009067596107380086550131114
0.00169936557746009212325603862015
0.00169936557746009212325603862015
0.00169781834890548004334902872964
0.00169781834890548004334902872964
0.00169626507945199672514260468396
0.00169626507945199672514260468396
0.00169470577462623086073073273443
0.00169470577462623086073073273443
0.00169314043997624521429099182745
0.00169314043997624521429099182745
0.00169156908107155688187731895023
0.00169156908107155688187731895023
0.00168999170350311747487746850354
0.00168999170350311747487746850354
0.00168840831288329322720569367396
0.00168840831288329322720569367396
0.00168681891484584502630142913139
0.00168681891484584502630142913139
0.00168522351504590836800502547817
0.00168522351504590836800502547817
0.00168362211915997323538185672458
0.00168362211915997323538185672458
0.00168201473288586390156639265992
0.00168201473288586390156639265992
0.00168040136194271865669809832795
0.00168040136194271865669809832795
0.00167878201207096945902129289962
0.00167878201207096945902129289962
0.00167715668903232151022137006335
0.00167715668903232151022137006335
0.00167552539860973275507005162275
0.00167552539860973275507005162275
0.00167388814660739330545261530319
0.00167388814660739330545261530319
0.00167224493885070478885030681983
0.00167224493885070478885030681983
0.00167059578118625962135141505133
0.00167059578118625962135141505133
0.00166894067948182020526475769303
0.00166894067948182020526475769303
0.00166727963962629805140959303051
0.00166727963962629805140959303051
0.001665612667529732826156241479
0.001665612667529732826156241479
0.00166393976912327132329196827308
0.00166393976912327132329196827308
0.00166226095035914636078694616624
0.00166226095035914636078694616624
0.00166057621721065560253538420755
0.00166057621721065560253538420755
0.00165888557567214030514717560405
0.00165888557567214030514717560405
0.00165718903175896398986568435045
0.00165718903175896398986568435045
0.00165548659150749103968755671137
0.00165548659150749103968755671137
0.00165377826097506522176070977556
0.00165377826097506522176070977556
0.00165206404623998813513691516424
0.00165206404623998813513691516424
0.00165034395340149758395566156694
0.00165034395340149758395566156694
0.00164861798857974587613624509621
0.00164861798857974587613624509621
0.00164688615791577804765530149725
0.00164688615791577804765530149725
0.00164514846757151001248725901785
0.00164514846757151001248725901785
0.00164340492372970663828545523847
0.00164340492372970663828545523847
0.00164165553259395974788192537926
0.00164165553259395974788192537926
0.00163990030038866604668413354095
0.00163990030038866604668413354095
0.00163813923335900497604718199786
0.00163813923335900497604718199786
0.00163637233777091649270029704302
0.00163637233777091649270029704302
0.00163459961991107877430665298718
0.00163459961991107877430665298718
0.00163282108608688585123585873358
0.00163282108608688585123585873358
0.00163103674262642516462869388848
0.00163103674262642516462869388848
0.00162924659587845505083394362208
0.00162924659587845505083394362208
0.00162745065221238215229744346559
0.00162745065221238215229744346559
0.00162564891801823875498370691536
0.00162564891801823875498370691536
0.00162384139970666005241077011518
0.00162384139970666005241077011518
0.00162202810370886133637914900053
0.00162202810370886133637914900053
0.00162020903647661511447606511331
0.00162020903647661511447606511331
0.00161838420448222815443635683232
0.00161838420448222815443635683232
0.00161655361421851845544175301081
0.00161655361421851845544175301081
0.00161471727219879214644044596871
0.00161471727219879214644044596871
0.00161287518495682031156916045139
0.00161287518495682031156916045139
0.00161102735904681574276017453881
0.00161102735904681574276017453881
0.00160917380104340961961600756758
0.00160917380104340961961600756758
0.00160731451754162811663474891243
0.00160731451754162811663474891243
0.00160544951515686893786925996306
0.00160544951515686893786925996306
0.00160357880052487777910373982487
0.00160357880052487777910373982487
0.0016017023803017247176314031681
0.0016017023803017247176314031681
0.00159982026116378052971727624771
0.00159982026116378052971727624771
0.0015979324498076929358303744154
0.0015979324498076929358303744154
0.00159603895295036277372978144411
0.00159603895295036277372978144411
0.00159413977732892009948940768391
0.00159413977732892009948940768391
0.00159223492970070021654646046511
0.00159223492970070021654646046511
0.00159032441684321963285891625829
0.00159032441684321963285891625829
0.00158840824555415194625753989206
0.00158840824555415194625753989206
0.00158648642265130365807825161562
0.00158648642265130365807825161562
0.0015845589549725899151608979743
0.0015845589549725899151608979743
0.00158262584937601018030073734123
0.00158262584937601018030073734123
0.00158068711273962383123920551603
0.00158068711273962383123920551603
0.00157874275196152568828078106146
0.00157874275196152568828078106146
0.00157679277395982147062302399954
0.00157679277395982147062302399954
0.00157483718567260318148711513008
0.00157483718567260318148711513008
0.00157287599405792442213647656485
0.00157287599405792442213647656485
0.00157090920609377563487130708926
0.00157090920609377563487130708926
0.00156893682877805927508711866995
0.00156893682877805927508711866995
0.00156695886912856491248561281925
0.00156695886912856491248561281925
0.00156497533418294426152648760636
0.00156497533418294426152648760636
0.00156298623099868614120901786799
0.00156298623099868614120901786799
0.00156099156665309136427250261889
0.00156099156665309136427250261889
0.00155899134824324755590492479259
0.00155899134824324755590492479259
0.0015569855828860039020494192551
0.0015569855828860039020494192551
0.00155497427771794582739839552798
0.00155497427771794582739839552798
0.00155295743989536960316541183092
0.00155295743989536960316541183092
0.0015509350765942568847251469073
0.0015509350765942568847251469073
0.00154890719501024917921206562813
0.00154890719501024917921206562813
0.00154687380235862224316862357918
0.00154687380235862224316862357918
0.00154483490587426041033410472253
0.00154483490587426041033410472253
0.00154279051281163084966543478562
0.00154279051281163084966543478562
0.0015407406304447577536815612685
0.0015407406304447577536815612685
0.00153868526606719645722323887085
0.00153868526606719645722323887085
0.00153662442699200748672030672507
0.00153662442699200748672030672507
0.00153455812055173054005879107846
0.00153455812055173054005879107846
0.00153248635409835839714041399613
0.00153248635409835839714041399613
0.00153040913500331076122733525476
0.00153040913500331076122733525476
0.0015283264706574080311652008665
0.0015283264706574080311652008665
0.0015262383684708450045778176093
0.0015262383684708450045778176093
0.00152414483587316451212701854584
0.00152414483587316451212701854584
0.00152204588031323098293152978555
0.00152204588031323098293152978555
0.00151994150925920394123889368294
0.00151994150925920394123889368294
0.00151783173019851143444474826983
0.00151783173019851143444474826983
0.0015157165506378233925540069874
0.0015157165506378233925540069874
0.00151359597810302491917872671643
0.00151359597810302491917872671643
0.00151147002013918951416769569874
0.00151147002013918951416769569874
0.00150933868431055222796301620012
0.00150933868431055222796301620012
0.00150720197820048274777919968236
0.00150720197820048274777919968236
0.00150505990941145841570053483038
0.00150505990941145841570053483038
0.00150291248556503717879273101759
0.00150291248556503717879273101759
0.00150075971430183047132508168806
0.00150075971430183047132508168806
0.0014986016032814760291996336878
0.0014986016032814760291996336878
0.00149643816018261063668408978697
0.00149643816018261063668408978697
0.00149426939270284280554541250075
0.00149426939270284280554541250075
0.00149209530855872538668133783748
0.00149209530855872538668133783748
0.00148991591548572811434724777746
0.00148991591548572811434724777746
0.00148773122123821008307609011392
0.00148773122123821008307609011392
0.00148554123358939215738927376853
0.00148554123358939215738927376853
0.0014833459603313293143967068255
0.0014833459603313293143967068255
0.00148114540927488291938438331176
0.00148114540927488291938438331176
0.00147893958824969293448816318305
0.00147893958824969293448816318305
0.00147672850510415006055262805766
0.00147672850510415006055262805766
0.00147451216770536781227413296949
0.00147451216770536781227413296949
0.0014722905839391545267274117894
0.0014722905839391545267274117894
0.00147006376170998530537533098753
0.00147006376170998530537533098753
0.00146783170894097388966162307857
0.00146783170894097388966162307857
0.00146559443357384447028666740645
0.00146559443357384447028666740645
0.00146335194356890343026662188261
0.00146335194356890343026662188261
0.00146110424690501102187644489372
0.00146110424690501102187644489372
0.00145885135157955297757758183789
0.00145885135157955297757758183789
0.0014565932656084120550313256337
0.0014565932656084120550313256337
0.00145432999702593951629909507167
0.00145432999702593951629909507167
0.00145206155388492654133110904348
0.00145206155388492654133110904348
0.00144978794425657557584516848814
0.00144978794425657557584516848814
0.00144750917623047161369749133717
0.00144750917623047161369749133717
0.00144522525791455341384777882007
0.00144522525791455341384777882007
0.0014429361974350846520209242079
0.0014429361974350846520209242079
0.00144064200293662500716800742425
0.00144064200293662500716800742425
0.0014383426825820011828294509395
0.0014383426825820011828294509395
0.00143603824455227786350344398483
0.00143603824455227786350344398483
0.001433728697046728606122973376
0.001433728697046728606122973376
0.00143141404828280666674503012298
0.00143141404828280666674503012298
0.00142909430649611576255579151886
0.00142909430649611576255579151886
0.00142676947994038076929580854967
0.00142676947994038076929580854967
0.0014244395768874183542094582448
0.0014244395768874183542094582448
0.00142210460562710754462314999466
0.00142210460562710754462314999466
0.00141976457446736023225700389748
0.00141976457446736023225700389748
0.00141741949173409161337494785992
0.00141741949173409161337494785992
0.00141506936577119056487840846546
0.00141506936577119056487840846546
0.00141271420494048995644899853933
0.00141271420494048995644899853933
0.00141035401762173689884583187914
0.00141035401762173689884583187914
0.00140798881221256292846332278444
0.00140798881221256292846332278444
0.00140561859712845412825555480573
0.00140561859712845412825555480573
0.00140324338080272118513352954406
0.00140324338080272118513352954406
0.00140086317168646938394183236371
0.00140086317168646938394183236371
0.00139847797824856853812147753358
0.00139847797824856853812147753358
0.00139608780897562285716592058561
0.00139608780897562285716592058561
0.00139369267237194075097745057098
0.00139369267237194075097745057098
0.00139129257695950457123139940559
0.00139129257695950457123139940559
0.00138888753127794028985582962468
0.00138888753127794028985582962468
0.00138647754388448711473458561232
0.00138647754388448711473458561232
0.00138406262335396704274181673262
0.00138406262335396704274181673262
0.00138164277827875435021630376687
0.00138164277827875435021630376687
0.00137921801726874502098414265217
0.00137921801726874502098414265217
0.00137678834895132611203856172238
0.00137678834895132611203856172238
0.00137435378197134505698587047048
0.00137435378197134505698587047048
0.00137191432499107890736675928201
0.00137191432499107890736675928201
0.0013694699866902035119623906308
0.0013694699866902035119623906308
0.00136702077576576263419494288102
0.00136702077576576263419494288102
0.00136456670093213700773248810142
0.00136456670093213700773248810142
0.00136210777092101333040830516941
0.00136210777092101333040830516941
0.00135964399448135319656494892167
0.00135964399448135319656494892167
0.00135717538037936196793361519559
0.00135717538037936196793361519559
0.00135470193739845758315956029904
0.00135470193739845758315956029904
0.00135222367433923930608455174597
0.00135222367433923930608455174597
0.00134974060001945641289754500021
0.00134974060001945641289754500021
0.0013472527232739768182649984785
0.0013472527232739768182649984785
0.00134476005295475564055245617726
0.00134476005295475564055245617726
0.00134226259793080370624924400268
0.00134226259793080370624924400268
0.00133976036708815599370834220139
0.00133976036708815599370834220139
0.00133725336932984001631371220833
0.00133725336932984001631371220833
0.00133474161357584414518757174716
0.00133474161357584414518757174716
0.00133222510876308587155032713843
0.00133222510876308587155032713843
0.00132970386384538000884608648848
0.00132970386384538000884608648848
0.00132717788779340683474689174837
0.00132717788779340683474689174837
0.00132464718959468017314902154645
0.00132464718959468017314902154645
0.001322111778253515416274930208
0.001322111778253515416274930208
0.0013195716627909974869946014825
0.0013195716627909974869946014825
0.00131702685224494874148030820031
0.00131702685224494874148030820031
0.00131447735566989681230898137671
0.00131447735566989681230898137671
0.00131192318213704239212660417102
0.00131192318213704239212660417102
0.00130936434073422695798925759116
0.00130936434073422695798925759116
0.0013068008405659004364956559086
0.0013068008405659004364956559086
0.00130423269075308880982622041516
0.00130423269075308880982622041516
0.00130165990043336166280395040974
0.00130165990043336166280395040974
0.00129908247876079967109256014991
0.00129908247876079967109256014991
0.00129650043490596203064755993913
0.00129650043490596203064755993913
0.00129391377805585382853616854499
0.00129391377805585382853616854499
0.00129132251741389335524215275539
0.00129132251741389335524215275539
0.00128872666219987935857189807909
0.00128872666219987935857189807909
0.0012861262216499582392782223818
0.0012861262216499582392782223818
0.00128352120501659118851865161971
0.00128352120501659118851865161971
0.00128091162156852126726508378775
0.00128091162156852126726508378775
0.00127829748059074042778197373902
0.00127829748059074042778197373902
0.00127567879138445647729037765454
0.00127567879138445647729037765454
0.00127305556326705998393540164726
0.00127305556326705998393540164726
0.00127042780557209112517480427141
0.00127042780557209112517480427141
0.00126779552764920647870670757595
0.00126779552764920647870670757595
0.00126515873886414575605457578902
0.00126515873886414575605457578902
0.0012625174485986984789278247484
0.0012625174485986984789278247484
0.00125987166625067059847662879913
0.00125987166625067059847662879913
0.00125722140123385105755969506494
0.00125722140123385105755969506494
0.00125456666297797829614397776154
0.00125456666297797829614397776154
0.0012519074609287066999555075595
0.0012519074609287066999555075595
0.00124924380454757299250071291894
0.00124924380454757299250071291894
0.00124657570331196257057781180842
0.00124657570331196257057781180842
0.00124390316671507578339805328526
0.00124390316671507578339805328526
0.00124122620426589415543678905317
0.00124122620426589415543678905317
0.00123854482548914655313455532431
0.00123854482548914655313455532431
0.00123585903992527529556854509744
0.00123585903992527529556854509744
0.00123316885713040220921505031928
0.00123316885713040220921505031928
0.00123047428667629462692365232307
0.00123047428667629462692365232307
0.00122777533815033133122413743528
0.00122777533815033133122413743528
0.001225072021155468442087312708
0.001225072021155468442087312708
0.00122236434531020524926109437014
0.00122236434531020524926109437014
0.00121965232024854998930343879399
0.00121965232024854998930343879399
0.00121693595561998556743388254488
0.00121693595561998556743388254488
0.00121421526108943522432565441965
0.00121421526108943522432565441965
0.00121149024633722814796051828328
0.00121149024633722814796051828328
0.00120876092105906503066870098254
0.00120876092105906503066870098254
0.00120602729496598357147645464954
0.00120602729496598357147645464954
0.0012032893777843239238839973056
0.0012032893777843239238839973056
0.0012005471792556940891967698377
0.0012005471792556940891967698377
0.00119780070913693525553314114298
0.00119780070913693525553314114298
0.00119504997720008708263188652303
0.00119504997720008708263188652303
0.00119229499323235293258295725619
0.00119229499323235293258295725619
0.00118953576703606504660525168411
0.00118953576703606504660525168411
0.00118677230842864966799529011555
0.00118677230842864966799529011555
0.00118400462724259211137088737761
0.00118400462724259211137088737761
0.00118123273332540177833410792889
0.00118123273332540177833410792889
0.00117845663653957711967797909254
0.00117845663653957711967797909254
0.00117567634676257054426162816665
0.00117567634676257054426162816665
0.00117289187388675327467869892609
0.00117289187388675327467869892609
0.00117010322781938014984409234206
0.00117010322781938014984409234206
0.00116731041848255437462426521284
0.00116731041848255437462426521284
0.00116451345581319221663650882105
0.00116451345581319221663650882105
0.00116171234976298765034281770824
0.00116171234976298765034281770824
0.00115890711029837694856414618624
0.00115890711029837694856414618624
0.0011560977474005032215410372857
0.0011560977474005032215410372857
0.00115328427106518090366679547512
0.00115328427106518090366679547512
0.00115046669130286018801956066763
0.00115046669130286018801956066763
0.00114764501813859140881982676706
0.00114764501813859140881982676706
0.00114481926161198937194013328911
0.00114481926161198937194013328911
0.00114198943177719763359384342654
0.00114198943177719763359384342654
0.00113915553870285272733010630933
0.00113915553870285272733010630933
0.00113631759247204833946228514008
0.00113631759247204833946228514008
0.00113347560318229943305731636178
0.00113347560318229943305731636178
0.00113062958094550632061364803828
0.00113062958094550632061364803828
0.00112777953588791868555558819704
0.00112777953588791868555558819704
0.00112492547815009955267207599777
0.00112492547815009955267207599777
0.00112206741788688920762807024979
0.00112206741788688920762807024979
0.00111920536526736906567693100357
0.00111920536526736906567693100357
0.00111633933047482548970235068797
0.00111633933047482548970235068797
0.00111346932370671355771857155365
0.00111346932370671355771857155365
0.00111059535517462077995780601349
0.00111059535517462077995780601349
0.00110771743510423076567395584334
0.00110771743510423076567395584334
0.00110483557373528683979190511895
0.00110483557373528683979190511895
0.0011019497813215556095318402179
0.0011019497813215556095318402179
0.00109906006813079048113822820784
0.00109906006813079048113822820784
0.00109616644444469512684326247319
0.00109616644444469512684326247319
0.00109326892055888690219476150237
0.00109326892055888690219476150237
0.00109036750678286021387868336387
0.00109036750678286021387868336387
0.001087462213439949838166594544
0.001087462213439949838166594544
0.00108455305086729419011860749897
0.00108455305086729419011860749897
0.00108164002941579854367247648995
0.00108164002941579854367247648995
0.00107872315945009820274971602063
0.00107872315945009820274971602063
0.00107580245134852162350978048249
0.00107580245134852162350978048249
0.00107287791550305348788351743188
0.00107287791550305348788351743188
0.00106994956231929772851728027569
0.00106994956231929772851728027569
0.00106701740221644050525925902743
0.00106701740221644050525925902743
0.00106408144562721313331976021267
0.00106408144562721313331976021267
0.0010611417029978549632373389511
0.0010611417029978549632373389511
0.00105819818478807621278285772176
0.00105819818478807621278285772176
0.00105525090147102075093371732757
0.00105525090147102075093371732757
0.00105229986353322883405067611389
0.00105229986353322883405067611389
0.00104934508147459979438984356426
0.00104934508147459979438984356426
0.00104638656580835468108260399211
0.00104638656580835468108260399211
0.00104342432706099885371639517207
0.00104342432706099885371639517207
0.00104045837577228452864943540492
0.00104045837577228452864943540492
0.00103748872249517327819266068865
0.00103748872249517327819266068865
0.0010345153777957984827923013715
0.0010345153777957984827923013715
0.001031538352253427736346694892
0.001031538352253427736346694892
0.00102855765646042520479109796518
0.00102855765646042520479109796518
0.00102557330102221393808442785202
0.00102557330102221393808442785202
0.00102258529655723813573202815107
0.00102258529655723813573202815107
0.00101959365369692536597871987598
0.00101959365369692536597871987598
0.00101659838308564873880656342989
0.00101659838308564873880656342989
0.00101359949538068903287192145659
0.00101359949538068903287192145659
0.00101059700125219677651657643923
0.00101059700125219677651657643923
0.0010075909113831542829878203278
0.0010075909113831542829878203278
0.00100458123646933764000259640849
0.00100458123646933764000259640849
0.00100156798721927865379093607854
0.00100156798721927865379093607854
0.00099855117435422674775409516008
0.00099855117435422674775409516008
0.00099553080860811081587295587477
0.00099553080860811081587295587477
0.0009925069007275010310024216072
0.0009925069007275010310024216072
0.00098947946147157060818769210843
0.00098947946147157060818769210843
0.00098644850161205752313846683112
0.00098644850161205752313846683112
0.00098341403193322618599728364429
0.00098341403193322618599728364429
0.00098037606323182907053835924748
0.00098037606323182907053835924748
0.00097733460631706829893345619138
0.00097733460631706829893345619138
0.00097428967201055718222145951327
0.00097428967201055718222145951327
0.00097124127114628171661850361141
0.00097124127114628171661850361141
0.00096818941457056203580564711137
0.00096818941457056203580564711137
0.0009651341131420138193312501189
0.0009651341131420138193312501189
0.0009620753777315096572653644085
0.0009620753777315096572653644085
0.00095901321922214037124360276237
0.00095901321922214037124360276237
0.00095594764850917629203810885162
0.00095594764850917629203810885162
0.0009528786765000284937934037399
0.0009528786765000284937934037399
0.00094980631411420998506503928699
0.00094980631411420998506503928699
0.00094673057228329685679914243811
0.00094673057228329685679914243811
0.00094365146195088938739108760122
0.00094365146195088938739108760122
0.00094056899407257310496168704007
0.00094056899407257310496168704007
0.000937483179615879806989441444
0.000937483179615879806989441444
0.0009343940295602485374375445767
0.0009343940295602485374375445767
0.00093130155489698652151448715394
0.00093130155489698652151448715394
0.00092820576662923005820725585483
0.00092820576662923005820725585483
0.00092510667577190537072627363161
0.00092510667577190537072627363161
0.00092200429335168941500137724882
0.00092200429335168941500137724882
0.00091889863040697064636827725396
0.00091889863040697064636827725396
0.00091578969798780974458509435658
0.00091578969798780974458509435658
0.00091267750715590029731871447255
0.00091267750715590029731871447255
0.00090956206898452944224085247289
0.00090956206898452944224085247289
0.0009064433945585384678738619622
0.0009064433945585384678738619622
0.00090332149497428337332647520014
0.00090332149497428337332647520014
0.00090019638133959538705980356973
0.00090019638133959538705980356973
0.0008970680647737414448240747875
0.0008970680647737414448240747875
0.00089393655640738462690672834404
0.00089393655640738462690672834404
0.00089080186738254455483263545603
0.00089080186738254455483263545603
0.00088766400885255774765735410478
0.00088766400885255774765735410478
0.00088452299198203793799447352897
0.00088452299198203793799447352897
0.00088137882794683634791824583139
0.00088137882794683634791824583139
0.00087823152793400192488284515052
0.00087823152793400192488284515052
0.00087508110314174153779973713635
0.00087508110314174153779973713635
0.00087192756477938013341478325694
0.00087192756477938013341478325694
0.00086877092406732085312684574604
0.00086877092406732085312684574604
0.00086561119223700511038979978311
0.00086561119223700511038979978311
0.00086244838053087262883999977434
0.00086244838053087262883999977434
0.00085928250020232144129138637661
0.00085928250020232144129138637661
0.00085611356251566784974056017514
0.00085611356251566784974056017514
0.00085294157874610634652428668974
0.00085294157874610634652428668974
0.00084976656017966949677203564301
0.00084976656017966949677203564301
0.0008465885181131877822962951771
0.0008465885181131877822962951771
0.00084340746385424940706353895242
0.00084340746385424940706353895242
0.00084022340872116006438886080209
0.00084022340872116006438886080209
0.00083703636404290266599742784936
0.00083703636404290266599742784936
0.00083384634115909703309603872159
0.00083384634115909703309603872159
0.00083065335141995954959820871257
0.00083065335141995954959820871257
0.00082745740618626277764633845588
0.00082745740618626277764633845588
0.00082425851682929503557465687356
0.00082425851682929503557465687356
0.00082105669473081993845676285795
0.00082105669473081993845676285795
0.00081785195128303590138172332873
0.00081785195128303590138172332873
0.00081464429788853560560281798155
0.00081464429788853560560281798155
0.00081143374596026542770315321004
0.00081143374596026542770315321004
0.00080822030692148483192249933726
0.00080822030692148483192249933726
0.00080500399220572572578983643736
0.00080500399220572572578983643736
0.00080178481325675177920622466169
0.00080178481325675177920622466169
0.00079856278152851770712274510619
0.00079856278152851770712274510619
0.0007953379084851285159583868682
0.0007953379084851285159583868682
0.00079211020560079871390288504059
0.00079211020560079871390288504059
0.00078887968435981148524964297892
0.00078887968435981148524964297892
0.00078564635625647782890400025329
0.00078564635625647782890400025329
0.00078241023279509566121223526007
0.00078241023279509566121223526007
0.00077917132548990888325681851959
0.00077917132548990888325681851959
0.00077592964586506641276355922452
0.00077592964586506641276355922452
0.000772685205454581180766413629
0.000772685205454581180766413629
0.0007694380158022890931758493809
0.0007694380158022890931758493809
0.0007661880884618079573967848991
0.0007661880884618079573967848991
0.0007629354349964963741422473841
0.0007629354349964963741422473841
0.0007596800669794125945890170212
0.0007596800669794125945890170212
0.0007564219959932733430216483969
0.0007564219959932733430216483969
0.0007531612336304126051113830937
0.0007531612336304126051113830937
0.0007498977914927403819765898595
0.0007498977914927403819765898595
0.0007466316811917014101714906683
0.0007466316811917014101714906683
0.0007433629143482338477500523923
0.0007433629143482338477500523923
0.0007400915025927279265520446983
0.0007400915025927279265520446983
0.0007368174575649845708583851569
0.0007368174575649845708583851569
0.0007335407909141739825630124226
0.0007335407909141739825630124226
0.0007302615142987941930086476877
0.0007302615142987941930086476877
0.0007269796393866295816339234593
0.0007269796393866295816339234593
0.0007236951778547093615794770284
0.0007236951778547093615794770284
0.0007204081413892660324007238176
0.0007204081413892660324007238176
0.0007171185416856938000351430945
0.0007171185416856938000351430945
0.0007138263904485069641720253272
0.0007138263904485069641720253272
0.0007105316993912982731727467377
0.0007105316993912982731727467377
0.0007072344802366972466897523761
0.0007072344802366972466897523761
0.0007039347447163284661325442974
0.0007039347447163284661325442974
0.0007006325045707698331290861691
0.0007006325045707698331290861691
0.0006973277715495107961311498766
0.0006973277715495107961311498766
0.0006940205574109105453122434269
0.0006940205574109105453122434269
0.0006907108739221561759068726696
0.0006907108739221561759068726696
0.0006873987328592208201400020761
0.0006873987328592208201400020761
0.0006840841460068217478956920247
0.0006840841460068217478956920247
0.0006807671251583784362740017492
0.0006807671251583784362740017492
0.0006774476821159706081853583109
0.0006774476821159706081853583109
0.0006741258286902962401317026543
0.0006741258286902962401317026543
0.0006708015767006295393238340115
0.0006708015767006295393238340115
0.0006674749379747788902844836177
0.0006674749379747788902844836177
0.0006641459243490447710867579089
0.0006641459243490447710867579089
0.0006608145476681776393777000799
0.0006608145476681776393777000799
0.000657480819785335788336827097
0.000657480819785335788336827097
0.0006541447525620431727196069856
0.0006541447525620431727196069856
0.000650806357868147205135948445
0.000650806357868147205135948445
0.0006474656475817765227138815948
0.0006474656475817765227138815948
0.0006441226335892987242987149203
0.0006441226335892987242987149203
0.000640777327785278078338059269
0.000640777327785278078338059269
0.0006374297420724332016032150561
0.0006374297420724332016032150561
0.0006340798883615947088975236687
0.0006340798883615947088975236687
0.0006307277785716628339023884211
0.0006307277785716628339023884211
0.000627373424629565021311774307
0.000627373424629565021311774307
0.0006240168384702134904060992271
0.0006240168384702134904060992271
0.0006206580320364627702165323461
0.0006206580320364627702165323461
0.0006172970172790672064308177556
0.0006172970172790672064308177556
0.0006139338061566384401918436938
0.0006139338061566384401918436938
0.000610568410635602858940279209
0.000610568410635602858940279209
0.0006072008426901590194527013498
0.0006072008426901590194527013498
0.0006038311143022350432267367419
0.0006038311143022350432267367419
0.0006004592374614459843648417559
0.0006004592374614459843648417559
0.0005970852241650511701084454144
0.0005970852241650511701084454144
0.0005937090864179115141742787181
0.0005937090864179115141742787181
0.0005903308362324468030448132124
0.0005903308362324468030448132124
0.0005869504856285929553648303717
0.0005869504856285929553648303717
0.0005835680466337592545962417598
0.0005835680466337592545962417598
0.0005801835312827855550833779496
0.0005801835312827855550833779496
0.0005767969516178994616810618523
0.0005767969516178994616810618523
0.0005734083196886734830978794506
0.0005734083196886734830978794506
0.0005700176475519821591071579411
0.0005700176475519821591071579411
0.0005666249472719591617782580126
0.0005666249472719591617782580126
0.0005632302309199543708808834094
0.0005632302309199543708808834094
0.0005598335105744909236152070957
0.0005598335105744909236152070957
0.0005564347983212222388207092477
0.0005564347983212222388207092477
0.0005530341062528890158167179965
0.0005530341062528890158167179965
0.000549631446469276208027739334
0.000549631446469276208027739334
0.0005462268310771699715467579159
0.0005462268310771699715467579159
0.0005428202721903145887897856691
0.0005428202721903145887897856691
0.000539411781929369367395030175
0.000539411781929369367395030175
0.0005360013724218655145201497811
0.0005360013724218655145201497811
0.0005325890558021629866911573351
0.0005325890558021629866911573351
0.0005291748442114073153566293717
0.0005291748442114073153566293717
0.0005257587497974864083009725626
0.0005257587497974864083009725626
0.0005223407847149873270705943062
0.0005223407847149873270705943062
0.0005189209611251530405669195397
0.0005189209611251530405669195397
0.0005154992911958391549602912611
0.0005154992911958391549602912611
0.0005120757871014706200788879086
0.0005120757871014706200788879086
0.0005086504610229984124268867277
0.0005086504610229984124268867277
0.0005052233251478561949861986424
0.0005052233251478561949861986424
0.0005017943916699169539561970029
0.0005017943916699169539561970029
0.0004983636727894496125859600077
0.0004983636727894496125859600077
0.0004949311807130756222536446814
0.0004949311807130756222536446814
0.0004914969276537255309477091338
0.0004914969276537255309477091338
0.0004880609258305955293047995549
0.0004880609258305955293047995549
0.0004846231874691039743592191224
0.0004846231874691039743592191224
0.0004811837248008478911589978703
0.0004811837248008478911589978703
0.0004777425500635594524036857198
0.0004777425500635594524036857198
0.0004742996755010624362590954884
0.0004742996755010624362590954884
0.0004708551133632286625043289365
0.0004708551133632286625043289365
0.0004674088759059344071665269961
0.0004674088759059344071665269961
0.0004639609753910167957988954554
0.0004639609753910167957988954554
0.0004605114240862301755576698071
0.0004605114240862301755576698071
0.0004570602342652024662337979475
0.0004570602342652024662337979475
0.0004536074182073914903952372564
0.0004536074182073914903952372564
0.0004501529881980412827958835911
0.0004501529881980412827958835911
0.0004466969565281383792072742678
0.0004466969565281383792072742678
0.0004432393354943680848293355558
0.0004432393354943680848293355558
0.0004397801373990707224365780186
0.0004397801373990707224365780186
0.0004363193745501978604162806755
0.0004363193745501978604162806755
0.0004328570592612685208553479601
0.0004328570592612685208553479601
0.0004293932038513253678326724015
0.0004293932038513253678326724015
0.000425927820644890876073991508
0.000425927820644890876073991508
0.0004224609219719234801263902121
0.0004224609219719234801263902121
0.0004189925201677737042097712331
0.0004189925201677737042097712331
0.000415522627573140272902795741
0.000415522627573140272902795741
0.0004120512565340262028209867318
0.0004120512565340262028209867318
0.000408578419401694875444888673
0.000408578419401694875444888673
0.000405104128532626091256390467
0.000405104128532626091256390467
0.0004016283962884721053415459896
0.0004016283962884721053415459896
0.0003981512350360136446184689174
0.0003981512350360136446184689174
0.0003946726571471159068491379785
0.0003946726571471159068491379785
0.0003911926749986845415942270541
0.0003911926749986845415942270541
0.0003877113009726216132703738768
0.0003877113009726216132703738768
0.0003842285474557815464696238023
0.0003842285474557815464696238023
0.000380744426839927053701133991
0.000380744426839927053701133991
0.0003772589515216850457156013223
0.0003772589515216850457156013223
0.0003737721339025025245732879083
0.0003737721339025025245732879083
0.0003702839863886024596169649743
0.0003702839863886024596169649743
0.0003667945213909396465115834666
0.0003667945213909396465115834666
0.0003633037513251565495130128737
0.0003633037513251565495130128737
0.0003598116886115391271287739129
0.0003598116886115391271287739129
0.000356318345674972641334332131
0.000356318345674972641334332131
0.0003528237349448974505092251202
0.0003528237349448974505092251202
0.0003493278688552647862580739191
0.0003493278688552647862580739191
0.0003458307598444925142823882604
0.0003458307598444925142823882604
0.0003423324203554208794700259075
0.0003423324203554208794700259075
0.0003388328628352682353702200262
0.0003388328628352682353702200262
0.0003353320997355867582232586442
0.0003353320997355867582232586442
0.0003318301435122181457152018822
0.0003318301435122181457152018822
0.0003283270066252493006294730604
0.0003283270066252493006294730604
0.0003248227015389679995687787429
0.0003248227015389679995687787429
0.00032131724072181854692262287
0.00032131724072181854692262287
0.0003178106366463574142577072571
0.0003178106366463574142577072571
0.0003143029017892088653107846551
0.0003143029017892088653107846551
0.0003107940486310205667660854645
0.0003107940486310205667660854645
0.000307284089656419185002314461
0.000307284089656419185002314461
0.0003037730373539659689974549419
0.0003037730373539659689974549419
0.0003002609042161123195832770078
0.0003002609042161123195832770078
0.0002967477027391553452455849522
0.0002967477027391553452455849522
0.0002932334454231934046709263085
0.0002932334454231934046709263085
0.0002897181447720816362458036514
0.0002897181447720816362458036514
0.0002862018132933874747204747725
0.0002862018132933874747204747725
0.0002826844634983461552563079705
0.0002826844634983461552563079705
0.0002791661079018162050835060756
0.0002791661079018162050835060756
0.0002756467590222349230049764499
0.0002756467590222349230049764499
0.0002721264293815738469923814743
0.0002721264293815738469923814743
0.0002686051315052942101321625896
0.0002686051315052942101321625896
0.0002650828779223023851928350234
0.0002650828779223023851928350234
0.0002615596811649053181003877375
0.0002615596811649053181003877375
0.0002580355537687659506265338155
0.0002580355537687659506265338155
0.0002545105082728586326152428508
0.0002545105082728586326152428508
0.0002509845572194245240969261818
0.0002509845572194245240969261818
0.0002474577131539269876674055582
0.0002474577131539269876674055582
0.0002439299886250069715410522943
0.0002439299886250069715410522943
0.0002404013961844383837250450913
0.0002404013961844383837250450913
0.0002368719483870834578055279933
0.0002368719483870834578055279933
0.0002333416577908481108877169931
0.0002333416577908481108877169931
0.0002298105369566372942921028942
0.0002298105369566372942921028942
0.0002262785984483103376795168619
0.0002262785984483103376795168619
0.0002227458548326362873610063352
0.0002227458548326362873610063352
0.0002192123186792492396466920098
0.0002192123186792492396466920098
0.0002156780025606036702040597264
0.0002156780025606036702040597264
0.0002121429190519297605341698302
0.0002121429190519297605341698302
0.0002086070807311887228385551655
0.0002086070807311887228385551655
0.0002050705001790281247456746257
0.0002050705001790281247456746257
0.000201533189978737215600531439
0.000201533189978737215600531439
0.0001979951627162022563029156033
0.0001979951627162022563029156033
0.0001944564309798618550191935712
0.0001944564309798618550191935712
0.0001909170073606623115027367704
0.0001909170073606623115027367704
0.0001873769044520129732553295677
0.0001873769044520129732553295677
0.000183836134849741607366791793
0.000183836134849741607366791793
0.0001802947111520497926085222034
0.0001802947111520497926085222034
0.000176752645959468337261553632
0.000176752645959468337261553632
0.0001732099518748127292727707698
0.0001732099518748127292727707698
0.0001696666415031386267075354401
0.0001696666415031386267075354401
0.000166122727451697398171586959
0.000166122727451697398171586959
0.0001625782223298917249980963508
0.0001625782223298917249980963508
0.0001590331387492312796517216008
0.0001590331387492312796517216008
0.0001554874893232884981397812573
0.0001554874893232884981397812573
0.0001519412866676544684369931406
0.0001519412866676544684369931406
0.0001483945433998949622826961077
0.0001483945433998949622826961077
0.0001448472721395066445403948646
0.0001448472721395066445403948646
0.000141299485507873503075735604
0.000141299485507873503075735604
0.0001377511961282235534245054881
0.0001377511961282235534245054881
0.0001342024166255858872174466391
0.0001342024166255858872174466391
0.0001306531596267481525353046888
0.0001306531596267481525353046888
0.0001271034377602145796395463728
0.0001271034377602145796395463728
0.0001235532636561646990123877901
0.0001235532636561646990123877901
0.0001200026499464129433461672877
0.0001200026499464129433461672877
0.0001164516092643693852739111819
0.0001164516092643693852739111819
0.0001129001542450019442384975654
0.0001129001542450019442384975654
0.0001093482975248005075815026977
0.0001093482975248005075815026977
0.0001057960517417435652038142085
0.0001057960517417435652038142085
0.0001022434295352681723539005609
0.0001022434295352681723539005609
0.0000986904435462443584584606129
0.0000986904435462443584584606129
0.0000951371064169555323254157037
0.0000951371064169555323254157037
0.0000915834307910870577981619151
0.0000915834307910870577981619151
0.0000880294293137260852047664079
0.0000880294293137260852047664079
0.000084475114631377073549574946
0.000084475114631377073549574946
0.0000809204993919994667392323439
0.0000809204993919994667392323439
0.0000773655962450770842026410483
0.0000773655962450770842026410483
0.0000738104178417335968144210359
0.0000738104178417335968144210359
0.00007025497683491607119482257
0.00007025497683491607119482257
0.000066699285879680857125541628
0.000066699285879680857125541628
0.000063143357633636384826391108
0.000063143357633636384826391108
0.000059587204757631762671456797
0.000059587204757631762671456797
0.000056030839916839703130922644
0.000056030839916839703130922644
0.000052474275782489054315119883
0.000052474275782489054315119883
0.000048917525034699750269978327
0.000048917525034699750269978327
0.00004536060036725243376852102
0.00004536060036725243376852102
0.000041803514495885351624610831
0.000041803514495885351624610831
0.00003824628017331020681103054
0.00003824628017331020681103054
0.000034688910217694728441152984
0.000034688910217694728441152984
0.000031131417569800964564909828
0.000031131417569800964564909828
0.000027573815415618295093199817
0.000027573815415618295093199817
0.000024016117472300719841230869
0.000024016117472300719841230869
0.000020458338727963185378694925
0.000020458338727963185378694925
0.000016900497631881866345432083
0.000016900497631881866345432083
0.000013342623876019923471156015
0.000013342623876019923471156015
9.784794367209072360855781e-6
9.784794367209072360855781e-6
6.22738689474087010862843e-6
6.22738689474087010862843e-6
2.67521707823055349629267e-6
2.67521707823055349629267e-6