-0.003549812485947233
0.003549812485947233
-0.01064925853046951
0.01064925853046951
-0.01774816780189398
0.01774816780189398
-0.02484618248155097
0.02484618248155097
-0.03194294479586244
0.03194294479586244
-0.03903809703437552
0.03903809703437552
-0.04613128156779277
0.04613128156779277
-0.05322214086599842
0.05322214086599842
-0.06031031751607959
0.06031031751607959
-0.06739545424034156
0.06739545424034156
-0.07447719391431628
0.07447719391431628
-0.08155517958476314
0.08155517958476314
-0.0886290544876611
0.0886290544876611
-0.09569846206619127
0.09569846206619127
-0.1027630459887091
0.1027630459887091
-0.1098224501667051
0.1098224501667051
-0.1168763187727537
0.1168763187727537
-0.1239242962584479
0.1239242962584479
-0.1309660273723216
0.1309660273723216
-0.1380011571777551
0.1380011571777551
-0.1450293310708661
0.1450293310708661
-0.1520501947983833
0.1520501947983833
-0.159063394475502
0.159063394475502
-0.1660685766037226
0.1660685766037226
-0.1730653880886673
0.1730653880886673
-0.1800534762578789
0.1800534762578789
-0.1870324888785964
0.1870324888785964
-0.1940020741755095
0.1940020741755095
-0.2009618808484896
0.2009618808484896
-0.2079115580902973
0.2079115580902973
-0.2148507556042645
0.2148507556042645
-0.2217791236219508
0.2217791236219508
-0.228696312920774
0.228696312920774
-0.2356019748416122
0.2356019748416122
-0.242495761306378
0.242495761306378
-0.2493773248355633
0.2493773248355633
-0.2562463185657537
0.2562463185657537
-0.2631023962671126
0.2631023962671126
-0.269945212360832
0.269945212360832
-0.2767744219365522
0.2767744219365522
-0.2835896807697463
0.2835896807697463
-0.2903906453390708
0.2903906453390708
-0.2971769728436811
0.2971769728436811
-0.3039483212205099
0.3039483212205099
-0.3107043491615089
0.3107043491615089
-0.3174447161308524
0.3174447161308524
-0.3241690823821019
0.3241690823821019
-0.330877108975331
0.330877108975331
-0.3375684577942094
0.3375684577942094
-0.3442427915630457
0.3442427915630457
-0.3508997738637875
0.3508997738637875
-0.3575390691529789
0.3575390691529789
-0.3641603427786731
0.3641603427786731
-0.3707632609973005
0.3707632609973005
-0.3773474909904909
0.3773474909904909
-0.3839127008818494
0.3839127008818494
-0.3904585597536844
0.3904585597536844
-0.3969847376636873
0.3969847376636873
-0.4034909056615632
0.4034909056615632
-0.4099767358056117
0.4099767358056117
-0.4164419011792565
0.4164419011792565
-0.4228860759075238
0.4228860759075238
-0.4293089351734678
0.4293089351734678
-0.4357101552345428
0.4357101552345428
-0.4420894134389218
0.4420894134389218
-0.4484463882417594
0.4484463882417594
-0.4547807592213993
0.4547807592213993
-0.4610922070955248
0.4610922070955248
-0.4673804137372526
0.4673804137372526
-0.4736450621911675
0.4736450621911675
-0.4798858366892987
0.4798858366892987
-0.4861024226670359
0.4861024226670359
-0.4922945067789847
0.4922945067789847
-0.4984617769147611
0.4984617769147611
-0.504603922214723
0.504603922214723
-0.510720633085639
0.510720633085639
-0.5168116012162935
0.5168116012162935
-0.5228765195930272
0.5228765195930272
-0.5289150825152115
0.5289150825152115
-0.534926985610658
0.534926985610658
-0.5409119258509596
0.5409119258509596
-0.546869601566765
0.546869601566765
-0.5527997124629842
0.5527997124629842
-0.5587019596339247
0.5587019596339247
-0.5645760455783576
0.5645760455783576
-0.5704216742145137
0.5704216742145137
-0.5762385508950066
0.5762385508950066
-0.5820263824216849
0.5820263824216849
-0.5877848770604107
0.5877848770604107
-0.593513744555764
0.593513744555764
-0.5992126961456736
0.5992126961456736
-0.6048814445759713
0.6048814445759713
-0.6105197041148716
0.6105197041148716
-0.6161271905673735
0.6161271905673735
-0.6217036212895855
0.6217036212895855
-0.6272487152029718
0.6272487152029718
-0.6327621928085205
0.6327621928085205
-0.6382437762008316
0.6382437762008316
-0.6436931890821242
0.6436931890821242
-0.6491101567761638
0.6491101567761638
-0.6544944062421073
0.6544944062421073
-0.6598456660882651
0.6598456660882651
-0.6651636665857808
0.6651636665857808
-0.6704481396822269
0.6704481396822269
-0.6756988190151157
0.6756988190151157
-0.6809154399253255
0.6809154399253255
-0.6860977394704403
0.6860977394704403
-0.6912454564380037
0.6912454564380037
-0.696358331358685
0.696358331358685
-0.7014361065193578
0.7014361065193578
-0.7064785259760902
0.7064785259760902
-0.7114853355670449
0.7114853355670449
-0.716456282925291
0.716456282925291
-0.7213911174915237
0.7213911174915237
-0.7262895905266945
0.7262895905266945
-0.731151455124548
0.731151455124548
-0.7359764662240677
0.7359764662240677
-0.7407643806218281
0.7407643806218281
-0.7455149569842533
0.7455149569842533
-0.7502279558597812
0.7502279558597812
-0.7549031396909331
0.7549031396909331
-0.7595402728262881
0.7595402728262881
-0.7641391215323603
0.7641391215323603
-0.7686994540053806
0.7686994540053806
-0.7732210403829806
0.7732210403829806
-0.7777036527557788
0.7777036527557788
-0.7821470651788682
0.7821470651788682
-0.786551053683205
0.786551053683205
-0.7909153962868978
0.7909153962868978
-0.7952398730063965
0.7952398730063965
-0.7995242658675804
0.7995242658675804
-0.8037683589167453
0.8037683589167453
-0.8079719382314885
0.8079719382314885
-0.8121347919314916
0.8121347919314916
-0.8162567101892001
0.8162567101892001
-0.8203374852403998
0.8203374852403998
-0.8243769113946892
0.8243769113946892
-0.828374785045847
0.828374785045847
-0.8323309046820951
0.8323309046820951
-0.8362450708962557
0.8362450708962557
-0.8401170863958022
0.8401170863958022
-0.8439467560128039
0.8439467560128039
-0.8477338867137631
0.8477338867137631
-0.8514782876093452
0.8514782876093452
-0.8551797699640004
0.8551797699640004
-0.8588381472054766
0.8588381472054766
-0.8624532349342239
0.8624532349342239
-0.8660248509326887
0.8660248509326887
-0.869552815174499
0.869552815174499
-0.8730369498335381
0.8730369498335381
-0.8764770792929079
0.8764770792929079
-0.8798730301537812
0.8798730301537812
-0.8832246312441412
0.8832246312441412
-0.8865317136274102
0.8865317136274102
-0.889794110610964
0.889794110610964
-0.8930116577545344
0.8930116577545344
-0.896184192878498
0.896184192878498
-0.8993115560720503
0.8993115560720503
-0.9023935897012662
0.9023935897012662
-0.9054301384170459
0.9054301384170459
-0.9084210491629443
0.9084210491629443
-0.911366171182887
0.911366171182887
-0.9142653560287678
0.9142653560287678
-0.9171184575679325
0.9171184575679325
-0.9199253319905435
0.9199253319905435
-0.9226858378168296
0.9226858378168296
-0.9253998359042163
0.9253998359042163
-0.92806718945434
0.92806718945434
-0.9306877640199428
0.9306877640199428
-0.9332614275116496
0.9332614275116496
-0.9357880502046259
0.9357880502046259
-0.9382675047451167
0.9382675047451167
-0.9406996661568657
0.9406996661568657
-0.9430844118474145
0.9430844118474145
-0.9454216216142824
0.9454216216142824
-0.9477111776510248
0.9477111776510248
-0.9499529645531712
0.9499529645531712
-0.9521468693240425
0.9521468693240425
-0.9542927813804467
0.9542927813804467
-0.9563905925582523
0.9563905925582523
-0.9584401971178411
0.9584401971178411
-0.9604414917494377
0.9604414917494377
-0.9623943755783169
0.9623943755783169
-0.9642987501698887
0.9642987501698887
-0.9661545195346597
0.9661545195346597
-0.967961590133072
0.967961590133072
-0.9697198708802182
0.9697198708802182
-0.9714292731504327
0.9714292731504327
-0.9730897107817594
0.9730897107817594
-0.9747011000802951
0.9747011000802951
-0.9762633598244088
0.9762633598244088
-0.9777764112688362
0.9777764112688362
-0.9792401781486501
0.9792401781486501
-0.9806545866831052
0.9806545866831052
-0.9820195655793592
0.9820195655793592
-0.9833350460360673
0.9833350460360673
-0.9846009617468537
0.9846009617468537
-0.9858172489036558
0.9858172489036558
-0.9869838461999455
0.9869838461999455
-0.9881006948338246
0.9881006948338246
-0.9891677385109962
0.9891677385109962
-0.9901849234476125
0.9901849234476125
-0.9911521983729999
0.9911521983729999
-0.9920695145322633
0.9920695145322633
-0.9929368256887717
0.9929368256887717
-0.9937540881265305
0.9937540881265305
-0.9945212606524461
0.9945212606524461
-0.9952383045984967
0.9952383045984967
-0.9959051838238277
0.9959051838238277
-0.9965218647168116
0.9965218647168116
-0.9970883161971405
0.9970883161971405
-0.997604509718088
0.997604509718088
-0.9980704192692248
0.9980704192692248
-0.998486021380215
0.998486021380215
-0.9988512951271963
0.9988512951271963
-0.9991662221457327
0.9991662221457327
-0.9994307866623321
0.9994307866623321
-0.9996449755872324
0.9996449755872324
-0.9998087788612188
0.9998087788612188
-0.9999221913135624
0.9999221913135624
-0.9999852324191191
0.9999852324191191