0
-0.00229732334932208091861443794082
0.00229732334932208091861443794082
-0.0045946345740555741331528325016
0.0045946345740555741331528325016
-0.00689192154967588190789282662148
0.00689192154967588190789282662148
-0.00918917215178638610609943654292
0.00918917215178638610609943654292
-0.0114863742561824371452205225115
0.0114863742561824371452205225115
-0.0137835157389153419389293910034
0.0137835157389153419389293910034
-0.0160805844763563504883052234131
0.0160805844763563504883052234131
-0.0183775683452606407844491555794
0.0183775683452606407844491555794
-0.0206744552228313016848427442715
0.0206744552228313016848427442715
-0.0229712329867833134257662507382
0.0229712329867833134257662507382
-0.0252678895154075254331066475958
0.0252678895154075254331066475958
-0.0275644126876346310938995136286
0.0275644126876346310938995136286
-0.0298607903830991391509650214112
0.0298607903830991391509650214112
-0.0321570104822033413830160449723
0.0321570104822033413830160449723
-0.0344530608661812762326360188869
0.0344530608661812762326360188869
-0.0367489294171626880445455661228
0.0367489294171626880445455661228
-0.0390446040182369815766000795569
0.0390446040182369815766000795569
-0.0413400725535171714459853911928
0.0413400725535171714459853911928
-0.0436353229082038261731053936304
0.0436353229082038261731053936304
-0.0459303429686490064856839901088
0.0459303429686490064856839901088
-0.048225120622420197545634042327
0.048225120622420197545634042327
-0.0505196437583642347612780590683
0.0505196437583642347612780590683
-0.0528139002666712228475392232634
0.0528139002666712228475392232634
-0.0551078780389384477967569903245
0.0551078780389384477967569903245
-0.0574015649682342814228189061982
0.0574015649682342814228189061982
-0.0596949489491620781413394894106
0.0596949489491620781413394894106
-0.0619880178779240636486579972066
0.0619880178779240636486579972066
-0.064280759652385215162469651513
0.064280759652385215162469651513
-0.0665731621721371328869494356348
0.0665731621721371328869494356348
-0.068865213338561902365273887114
0.068865213338561902365273887114
-0.0711569010548959473824944057775
0.0711569010548959473824944057775
-0.0734482132262938730817654684341
0.0734482132262938730817654684341
-0.075739137759892298956982792676
0.075739137759892298956982792676
-0.0780296625648736813849399215382
0.0780296625648736813849399215382
-0.0803197755525301253601669080736
0.0803197755525301253601669080736
-0.0826094646363271850956717639309
0.0826094646363271850956717639309
-0.0848987177319676531528640984731
0.0848987177319676531528640984731
-0.0871875227574553377640009145352
0.0871875227574553377640009145352
-0.0894758676331588280105568432715
0.0894758676331588280105568432715
-0.0917637402818752465209851933584
0.0917637402818752465209851933584
-0.0940511286288939893514020587569
0.0940511286288939893514020587569
-0.0963380206020604527127933739562
0.0963380206020604527127933739562
-0.0986244041318397462084142257534
0.0986244041318397462084142257534
-0.100910267151380392245120925815
0.100910267151380392245120925815
-0.103195597596578011282449318127
0.103195597596578011282449318127
-0.105480383406138992583327539613
0.105480383406138992583327539613
-0.107764612521644150130387970228
0.107764612521644150130387970228
-0.110048272887612363371921400427
0.110048272887612363371921400427
-0.112331352451564202461596508493
0.112331352451564202461596508493
-0.114613839164085537656149577537
0.114613839164085537656149577537
-0.11689572097889113253533299148
0.11689572097889113253533299148
-0.119176985852888220708496430625
0.119176985852888220708496430625
-0.121457621746240065672261840077
0.121457621746240065672261840077
-0.123737616622429503483842167767
0.123737616622429503483842167767
-0.126016958448322467914644562754
0.126016958448322467914644562754
-0.128295635194231497748891188332
0.128295635194231497748891188332
-0.130573634833979225892085037728
0.130573634833979225892085037728
-0.132850945344961849954244142421
0.132850945344961849954244142421
-0.135127554708212583972925333751
0.135127554708212583972925333751
-0.137403450908465090941158257083
0.137403450908465090941158257083
-0.139678621934216895805511643725
0.139678621934216895805511643725
-0.141953055777792778599616918676
0.141953055777792778599616918676
-0.144226740435408147378579061358
0.144226740435408147378579061358
-0.146499663907232390619811241457
0.146499663907232390619811241457
-0.148771814197452208755938122041
0.148771814197452208755938122041
-0.15104317931433492450552285689
0.15104317931433492450552285689
-0.153313747270291771667484707725
0.153313747270291771667484707725
-0.155583506081941162045187869261
0.155583506081941162045187869261
-0.157852443770171930166297515092
0.157852443770171930166297515092
-0.160120548360206555464616264741
0.160120548360206555464616264741
-0.162387807881664361590233221167
0.162387807881664361590233221167
-0.164654210368624692514438437977
0.164654210368624692514438437977
-0.166919743859690065095978145914
0.166919743859690065095978145914
-0.169184396398049297775350298217
0.169184396398049297775350298217
-0.17144815603154061506396598355
0.17144815603154061506396598355
-0.173711010812714727495130002694
0.173711010812714727495130002694
-0.175972948798897886703923410391
0.175972948798897886703923410391
-0.178233958052254915303202086006
0.178233958052254915303202086006
-0.180494026639852211223058415231
0.180494026639852211223058415231
-0.182753142633720726181227939335
0.182753142633720726181227939335
-0.185011294110918917952059357595
0.185011294110918917952059357595
-0.187268469153595676101804551955
0.187268469153595676101804551955
-0.189524655849053220858125339802
0.189524655849053220858125339802
-0.191779842289809974781855450367
0.191779842289809974781855450367
-0.194034016573663406909199761841
0.194034016573663406909199761841
-0.19628716680375284903269812915
0.19628716680375284903269812915
-0.198539281088622283789428175628
0.198539281088622283789428175628
-0.20079034754228310422507021482
0.20079034754228310422507021482
-0.203040354284276844502608010567
0.203040354284276844502608010567
-0.205289289439737881424591373532
0.205289289439737881424591373532
-0.207537141139456106438040629671
0.207537141139456106438040629671
-0.209783897519939567791228779962
0.209783897519939567791228779962
-0.212029546723477082511734700222
0.212029546723477082511734700222
-0.21427407689820081787532000418
0.21427407689820081787532000418
-0.216517476198148842035343211338
0.216517476198148842035343211338
-0.218759732783327643482587622615
0.218759732783327643482587622615
-0.221000834819774619005543810616
0.221000834819774619005543810616
-0.223240770479620529821353876553
0.223240770479620529821353876553
-0.225479527941151925547792611626
0.225479527941151925547792611626
-0.227717095388873535686830426103
0.227717095388873535686830426103
-0.229953461013570628290494373543
0.229953461013570628290494373543
-0.232188613012371335479916799652
0.232188613012371335479916799652
-0.234422539588808945488636084283
0.234422539588808945488636084283
-0.236655228952884160901390620101
0.236655228952884160901390620101
-0.238886669321127322759825581587
0.238886669321127322759825581587
-0.241116848916660600206712182283
0.241116848916660600206712182283
-0.243345755969260145340460995695
0.243345755969260145340460995695
-0.245573378715418212951894524949
0.245573378715418212951894524949
-0.247799705398405244815429547287
0.247799705398405244815429547287
-0.250024724268331918207006830758
0.250024724268331918207006830758
-0.252248423582211158321294621035
0.252248423582211158321294621035
-0.25447079160402011426088282518
0.25447079160402011426088282518
-0.256691816604762098270377075351
0.256691816604762098270377075351
-0.258911486862528487888495837934
0.258911486862528487888495837934
-0.261129790662560590691469441317
0.261129790662560590691469441317
-0.263346716297311471301237327486
0.263346716297311471301237327486
-0.265562252066507740332138987794
0.265562252066507740332138987794
-0.267776386277211304949994920541
0.267776386277211304949994920541
-0.269989107243881080717676546393
0.269989107243881080717676546393
-0.272200403288434664401468336031
0.272200403288434664401468336031
-0.274410262740309967412731441754
0.274410262740309967412731441754
-0.276618673936526809559585879911
0.276618673936526809559585879911
-0.278825625221748472783537782948
0.278825625221748472783537782948
-0.281031104948343214556189427378
0.281031104948343214556189427378
-0.283235101476445740611382646091
0.283235101476445740611382646091
-0.28543760317401863668834084887
0.28543760317401863668834084887
-0.287638598416913758961591202722
0.287638598416913758961591202722
-0.289838075588933582833666562525
0.289838075588933582833666562525
-0.292036023081892509766806491331
0.292036023081892509766806491331
-0.294232429295678131830098167328
0.294232429295678131830098167328
-0.296427282638312453638721139802
0.296427282638312453638721139802
-0.298620571526013071362184768206
0.298620571526013071362184768206
-0.300812284383254308478673755536
0.300812284383254308478673755536
-0.303002409642828307952845468367
0.303002409642828307952845468367
-0.305190935745906080514652719945
0.305190935745906080514652719945
-0.307377851142098508716997378468
0.307377851142098508716997378468
-0.309563144289517306450253548822
0.309563144289517306450253548822
-0.311746803654835933591934161443
0.311746803654835933591934161443
-0.313928817713350465470011585328
0.313928817713350465470011585328
-0.316109174949040416818641362277
0.316109174949040416818641362277
-0.318287863854629519905278335026
0.318287863854629519905278335026
-0.320464872931646456508416311651
0.320464872931646456508416311651
-0.322640190690485543425425971302
0.322640190690485543425425971302
-0.324813805650467371190210970635
0.324813805650467371190210970635
-0.326985706339899395680649154943
0.326985706339899395680649154943
-0.329155881296136482296034411699
0.329155881296136482296034411699
-0.33132431906564140238498502561
0.33132431906564140238498502561
-0.333491008204045281604536402121
0.333491008204045281604536402121
-0.335655937276207999891389719204
0.335655937276207999891389719204
-0.337819094856278542726543443887
0.337819094856278542726543443887
-0.339980469527755303374791709017
0.339980469527755303374791709017
-0.342140049883546335780832285793
0.342140049883546335780832285793
-0.344297824526029557803987307347
0.344297824526029557803987307347
-0.346453782067112904473801996636
0.346453782067112904473801996636
-0.348607911128294430949050426871
0.348607911128294430949050426871
-0.350760200340722364862942793115
0.350760200340722364862942793115
-0.352910638345255107737595798264
0.352910638345255107737595798264
-0.355059213792521185151096553886
0.355059213792521185151096553886
-0.357205915342979145340760864933
0.357205915342979145340760864933
-0.359350731666977405926458905775
0.359350731666977405926458905775
-0.361493651444814048438155101824
0.361493651444814048438155101824
-0.363634663366796560332084504841
0.363634663366796560332084504841
-0.365773756133301524180265089361
0.365773756133301524180265089361
-0.367910918454834253718324201075
0.367910918454834253718324201075
-0.370046139052088376436897853999
0.370046139052088376436897853999
-0.372179406656005362402143700376
0.372179406656005362402143700376
-0.374310710007833998991192283968
0.374310710007833998991192283968
-0.376440037859189811228646632268
0.376440037859189811228646632268
-0.378567378972114427410527344623
0.378567378972114427410527344623
-0.380692722119134889702349089821
0.380692722119134889702349089821
-0.382816056083322909398304836865
0.382816056083322909398304836865
-0.384937369658354066528826204843
0.384937369658354066528826204843
-0.387056651648566953504082030505
0.387056651648566953504082030505
-0.389173890869022262481272613808
0.389173890869022262481272613808
-0.391289076145561816143874110763
0.391289076145561816143874110763
-0.393402196314867541581286197763
0.393402196314867541581286197763
-0.395513240224520386957636430728
0.395513240224520386957636430728
-0.397622196733059180658796664197
0.397622196733059180658796664197
-0.399729054710039432606970478343
0.399729054710039432606970478343
-0.401833803036092077432515784269
0.401833803036092077432515784269
-0.403936430602982159192973638107
0.403936430602982159192973638107
-0.406036926313667457329582790902
0.406036926313667457329582790902
-0.408135279082357053551869632323
0.408135279082357053551869632323
-0.410231477834569839341214950254
0.410231477834569839341214950254
-0.412325511507192963764612323699
0.412325511507192963764612323699
-0.414417369048540221290147991452
0.414417369048540221290147991452
-0.416507039418410379296048692059
0.416507039418410379296048692059
-0.418594511588145444965462249964
0.418594511588145444965462249964
-0.4206797745406888712594555868
0.4206797745406888712594555868
-0.422762817270643701661036363822
0.422762817270643701661036363822
-0.424843628784330653383327609781
0.424843628784330653383327609781
-0.426922198099846138735349456405
0.426922198099846138735349456405
-0.42899851424712022433918848941
0.42899851424712022433918848941
-0.431072566267974527892663224827
0.431072566267974527892663224827
-0.433144343216180052171923836705
0.433144343216180052171923836705
-0.435213834157514955968755491199
0.435213834157514955968755491199
-0.437281028169822261657687481905
0.437281028169822261657687481905
-0.439345914343067499088344810313
0.439345914343067499088344810313
-0.441408481779396285498814911688
0.441408481779396285498814911688
-0.443468719593191841146139888693
0.443468719593191841146139888693
-0.445526616911132440350383880954
0.445526616911132440350383880954
-0.447582162872248797649066066695
0.447582162872248797649066066695
-0.449635346627981388759092260726
0.449635346627981388759092260726
-0.451686157342237706043662139688
0.451686157342237706043662139688
-0.453734584191449448181974788707
0.453734584191449448181974788707
-0.455780616364629643739902521633
0.455780616364629643739902521633
-0.457824243063429708340151778054
0.457824243063429708340151778054
-0.459865453502196435130780342429
0.459865453502196435130780342429
-0.461904236908028918251292162078
0.461904236908028918251292162078
-0.46394058252083540899588465962
0.46394058252083540899588465962
-0.465974479593390104373778639832
0.465974479593390104373778639832
-0.46800591739138986776691767898
0.46800591739138986776691767898
-0.470034885193510881385682254541
0.470034885193510881385682254541
-0.472061372291465230223623822998
0.472061372291465230223623822998
-0.474085367990057417212585581177
0.474085367990057417212585581177
-0.476106861607240809279939750475
0.476106861607240809279939750475
-0.47812584247417401401003590137
0.47812584247417401401003590137
-0.480142299935277186612321085943
0.480142299935277186612321085943
-0.482156223348288266898960366737
0.482156223348288266898960366737
-0.484167602084319145975155719356
0.484167602084319145975155719356
-0.486176425527911762345732241599
0.486176425527911762345732241599
-0.4881826830770941271419331219
0.4881826830770941271419331219
-0.49018636414343627817273890224
0.49018636414343627817273890224
-0.492187458152106162505402213714
0.492187458152106162505402213714
-0.494185954541925447280266364405
0.494185954541925447280266364405
-0.496181842765425258465314917352
0.496181842765425258465314917352
-0.498175112288901847256279709011
0.498175112288901847256279709011
-0.500165752592472183828516623818
0.500165752592472183828516623818
-0.502153753170129478147241856226
0.502153753170129478147241856226
-0.504139103529798627543106355804
0.504139103529798627543106355804
-0.50612179319339159076047266177
0.50612179319339159076047266177
-0.508101811696862688186146388499
0.508101811696862688186146388499
-0.510079148590263827966704221116
0.510079148590263827966704221116
-0.512053793437799657722951418239
0.512053793437799657722951418239
-0.51402573581788264157043449512
0.51402573581788264157043449512
-0.515994965323188062155328972827
0.515994965323188062155328972827
-0.51796147156070894741541782566
0.51796147156070894741541782566
-0.519925244151810921776273537538
0.519925244151810921776273537538
-0.521886272732286981493155486598
0.521886272732286981493155486598
-0.523844546952412193849534713588
0.523844546952412193849534713588
-0.525800056476998319923559991668
0.525800056476998319923559991668
-0.527752790985448360634182500922
0.527752790985448360634182500922
-0.529702740171811025779061317954
0.529702740171811025779061317954
-0.531649893744835125776778357451
0.531649893744835125776778357451
-0.533594241428023885826299346209
0.533594241428023885826299346209
-0.535535772959689182197026868785
0.535535772959689182197026868785
-0.53747447809300570036320249555
0.53747447809300570036320249555
-0.539410346596065014696827486094
0.539410346596065014696827486094
-0.541343368251929589433685551802
0.541343368251929589433685551802
-0.543273532858686700627466658492
0.543273532858686700627466658492
-0.545200830229502278807407851326
0.545200830229502278807407851326
-0.547125250192674672055285587411
0.547125250192674672055285587411
-0.549046782591688329218014064498
0.549046782591688329218014064498
-0.550965417285267402972525534673
0.550965417285267402972525534673
-0.552881144147429272460031587744
0.552881144147429272460031587744
-0.554793953067537985207188877866
0.554793953067537985207188877866
-0.556703833950357618052118746676
0.556703833950357618052118746676
-0.55861077671610555679365766445
0.55861077671610555679365766445
-0.560514771300505694282644365401
0.560514771300505694282644365401
-0.562415807654841546674479991884
0.562415807654841546674479991884
-0.564313875746009287562629482724
0.564313875746009287562629482724
-0.56620896555657069971316584082
0.56620896555657069971316584082
-0.568101067084806044120893792347
0.568101067084806044120893792347
-0.569990170344766846108025701983
0.569990170344766846108025701983
-0.571876265366328598186820433289
0.571876265366328598186820433289
-0.573759342195243379408035138404
0.573759342195243379408035138404
-0.575639390893192390917480724245
0.575639390893192390917480724245
-0.57751640153783840744341397107
0.57751640153783840744341397107
-0.579390364222878144437942971305
0.579390364222878144437942971305
-0.581261269058094540596067709536
0.581261269058094540596067709536
-0.583129106169408955476424216209
0.583129106169408955476424216209
-0.584993865698933281948248795559
0.584993865698933281948248795559
-0.586855537805021973189528350092
0.586855537805021973189528350092
-0.588714112662323983961753797402
0.588714112662323983961753797402
-0.590569580461834625887145997646
0.590569580461834625887145997646
-0.592421931410947336454677479373
0.592421931410947336454677479373
-0.594271155733505361481668565122
0.594271155733505361481668565122
-0.596117243669853350758193253942
0.596117243669853350758193253942
-0.59796018547688886660198841328
0.59796018547688886660198841328
-0.599799971428113805052019465091
0.599799971428113805052019465091
-0.601636591813685729429316818254
0.601636591813685729429316818254
-0.603470036940469115994159798769
0.603470036940469115994159798769
-0.605300297132086511429148758608
0.605300297132086511429148758608
-0.607127362728969601878171400724
0.607127362728969601878171400724
-0.608951224088410193271736139477
0.608951224088410193271736139477
-0.610771871584611102669613519813
0.610771871584611102669613519813
-0.612589295608736960352196342762
0.612589295608736960352196342762
-0.614403486568964922392460186469
0.614403486568964922392460186469
-0.616214434890535293440878468763
0.616214434890535293440878468763
-0.618022131015802059456120066545
0.618022131015802059456120066545
-0.619826565404283330114832786657
0.619826565404283330114832786657
-0.621627728532711690634292669793
0.621627728532711690634292669793
-0.623425610895084462742177200938
0.623425610895084462742177200938
-0.62522020300271387452819999429
0.62522020300271387452819999429
-0.627011495384277138912825415012
0.627011495384277138912825415012
-0.628799478585866440468763892049
0.628799478585866440468763892049
-0.630584143171038830331432362967
0.630584143171038830331432362967
-0.632365479720866028935049370892
0.632365479720866028935049370892
-0.63414347883398413631152080248
0.63414347883398413631152080248
-0.635918131126643249689760111936
0.635918131126643249689760111936
-0.637689427232756988133576116847
0.637689427232756988133576116847
-0.63945735780395192395675207434
0.63945735780395192395675207434
-0.64122191350961692065443174834
0.64122191350961692065443174834
-0.642983085036952377090421557834
0.642983085036952377090421557834
-0.644740863091019377680512649399
0.644740863091019377680512649399
-0.646495238394788748312422862317
0.646495238394788748312422862317
-0.64824620168919001774345604866
0.64824620168919001774345604866
-0.649993743733160284217475071223
0.649993743733160284217475071223
-0.651737855303692987043285026436
0.651737855303692987043285026436
-0.653478527195886582877024824806
0.653478527195886582877024824806
-0.655215750222993126451668205317
0.655215750222993126451668205317
-0.656949515216466755497239559955
0.656949515216466755497239559955
-0.658679813026012079595855597428
0.658679813026012079595855597428
-0.660406634519632472716210878567
0.660406634519632472716210878567
-0.662129970583678269172633607131
0.662129970583678269172633607131
-0.663849812122894862754347756131
0.663849812122894862754347756131
-0.665566150060470708771088648643
0.665566150060470708771088648643
-0.667278975338085228761731490681
0.667278975338085228761731490681
-0.668988278915956617613106069369
0.668988278915956617613106069369
-0.670694051772889552836685879665
0.670694051772889552836685879665
-0.672396284906322805751356324527
0.672396284906322805751356324527
-0.674094969332376754320984343948
0.674094969332376754320984343948
-0.675790096085900797396030865
0.675790096085900797396030865
-0.677481656220520670108967825164
0.677481656220520670108967825164
-0.679169640808685660173783202056
0.679169640808685660173783202056
-0.680854040941715724840380481393
0.680854040941715724840380481393
-0.682534847729848508255203308993
0.682534847729848508255203308993
-0.684212052302286258979941698914
0.684212052302286258979941698914
-0.685885645807242647420703105798
0.685885645807242647420703105798
-0.687555619411989482920559912295
0.687555619411989482920559912295
-0.689221964302903330268914429319
0.689221964302903330268914429319
-0.690884671685512025381653354981
0.690884671685512025381653354981
-0.6925437327845410899065957847
0.6925437327845410899065957847
-0.69419913884396004450927230719
0.69419913884396004450927230719
-0.695850881127028620594607456141
0.695850881127028620594607456141
-0.697498950916342870220613812528
0.697498950916342870220613812528
-0.699143339513881173960743364751
0.699143339513881173960743364751
-0.700784038241050146472080330499
0.700784038241050146472080330499
-0.702421038438730439527099522365
0.702421038438730439527099522365
-0.704054331467322442267255496091
0.704054331467322442267255496091
-0.705683908706791878437210152923
0.705683908706791878437210152923
-0.707309761556715300359050173163
0.707309761556715300359050173163
-0.708931881436325479406390633626
0.708931881436325479406390633626
-0.710550259784556692738807404578
0.710550259784556692738807404578
-0.712164888060089906057588428863
0.712164888060089906057588428863
-0.713775757741397852144342754553
0.713775757741397852144342754553
-0.715382860326790004944556219512
0.715382860326790004944556219512
-0.716986187334457448958733969074
0.716986187334457448958733969074
-0.718585730302517643704322523417
0.718585730302517643704322523417
-0.72018148078905908301215789654
0.72018148078905908301215789654
-0.72177343037218584892174130083
0.72177343037218584892174130083
-0.723361570650062059940200247328
0.723361570650062059940200247328
-0.724945893240956213430350368875
0.724945893240956213430350368875
-0.726526389783285421893832048498
0.726526389783285421893832048498
-0.728103051935659542915855925675
0.728103051935659542915855925675
-0.729675871376925202538652575593
0.729675871376925202538652575593
-0.731244839806209711831284108133
0.731244839806209711831284108133
-0.732809948942964876424039111261
0.732809948942964876424039111261
-0.734371190527010698776197264612
0.734371190527010698776197264612
-0.735928556318578972946516070528
0.735928556318578972946516070528
-0.737482038098356771636359488521
0.737482038098356771636359488521
-0.739031627667529825275956812156
0.739031627667529825275956812156
-0.740577316847825792924849891685
0.740577316847825792924849891685
-0.742119097481557424758157778367
0.742119097481557424758157778367
-0.743656961431665615910860044315
0.743656961431665615910860044315
-0.745190900581762351452873411836
0.745190900581762351452873411836
-0.746720906836173542268270905648
0.746720906836173542268270905648
-0.748246972119981751612568516894
0.748246972119981751612568516894
-0.749769088379068812122581336659
0.749769088379068812122581336659
-0.751287247580158333053929275519
0.751287247580158333053929275519
-0.752801441710858097521851831599
0.752801441710858097521851831599
-0.754311662779702349521571899512
0.754311662779702349521571899512
-0.755817902816193970505030323476
0.755817902816193970505030323476
-0.757320153870846545291395786584
0.757320153870846545291395786584
-0.758818408015226317089338691814
0.758818408015226317089338691814
-0.760312657341994031409642925576
0.760312657341994031409642925576
-0.761802893964946668647315798485
0.761802893964946668647315798485
-0.763289110019059065112944027502
0.763289110019059065112944027502
-0.764771297660525422293632355369
0.764771297660525422293632355369
-0.766249449066800704124451294504
0.766249449066800704124451294504
-0.76772355643664192205191152985
0.76772355643664192205191152985
-0.769193611990149307671574715671
0.769193611990149307671574715671
-0.770659607968807372722503751744
0.770659607968807372722503751744
-0.77212153663552585622185012163
0.77212153663552585622185012163
-0.773579390274680558523471516724
0.773579390274680558523471516724
-0.775033161192154062085069751292
0.775033161192154062085069751292
-0.776482841715376338728936892639
0.776482841715376338728936892639
-0.777928424193365243181996583743
0.777928424193365243181996583743
-0.779369900996766892681427719958
0.779369900996766892681427719958
-0.780807264517895932432758953587
0.780807264517895932432758953587
-0.78224050717077568670792493707
0.78224050717077568670792493707
-0.783669621391178195371378774034
0.783669621391178195371378774034
-0.785094599636664135622959824368
0.785094599636664135622959824368
-0.786515434386622628746821801557
0.786515434386622628746821801557
-0.787932118142310931656333004589
0.787932118142310931656333004589
-0.78934464342689401302546853967
0.78934464342689401302546853967
-0.790753002785484013797823505379
0.790753002785484013797823505379
-0.792157188785179591864986335795
0.792157188785179591864986335795
-0.793557194015105150706622816067
0.793557194015105150706622816067
-0.794953011086449951785233700836
0.794953011086449951785233700836
-0.796344632632507110489162374513
0.796344632632507110489162374513
-0.797732051308712475418043590458
0.797732051308712475418043590458
-0.799115259792683390805500010419
0.799115259792683390805500010419
-0.800494250784257341874510032779
0.800494250784257341874510032779
-0.801869017005530482921488245136
0.801869017005530482921488245136
-0.803239551200896047925738760119
0.803239551200896047925738760119
-0.804605846137082643481561689923
0.804605846137082643481561689923
-0.805967894603192423850914081541
0.805967894603192423850914081541
-0.807325689410739147935148767788
0.807325689410739147935148767788
-0.808679223393686117964977785679
0.808679223393686117964977785679
-0.810028489408483999708431270279
0.810028489408483999708431270279
-0.81137348033410852399720804545
0.81137348033410852399720804545
-0.812714189072098069372440499662
0.812714189072098069372440499662
-0.814050608546591125651523752044
0.814050608546591125651523752044
-0.815382731704363638218287577587
0.815382731704363638218287577587
-0.816710551514866232839419067782
0.816710551514866232839419067782
-0.818034060970261320810674550529
0.818034060970261320810674550529
-0.81935325308546008423705087759
0.81935325308546008423705087759
-0.820668120898159341251718805864
0.820668120898159341251718805864
-0.821978657468878290979154847005
0.821978657468878290979154847005
-0.823284855880995138048542634976
0.823284855880995138048542634976
-0.824586709240783596464150559799
0.824586709240783596464150559799
-0.825884210677449272640029134547
0.825884210677449272640029134547
-0.827177353343165927407009298251
0.827177353343165927407009298251
-0.828466130413111616800621606498
0.828466130413111616800621606498
-0.829750535085504711439196020604
0.829750535085504711439196020604
-0.831030560581639794302042772186
0.831030560581639794302042772186
-0.832306200145923436718256549069
0.832306200145923436718256549069
-0.833577447045909852377329017691
0.833577447045909852377329017691
-0.834844294572336429173398462771
0.834844294572336429173398462771
-0.83610673603915913869561008392
0.83610673603915913869561008392
-0.837364764783587823177706237432
0.837364764783587823177706237432
-0.838618374166121359720612646463
0.838618374166121359720612646463
-0.839867557570582701602434320668
0.839867557570582701602434320668
-0.841112308404153796490923623815
0.841112308404153796490923623815
-0.842352620097410381374132601353
0.842352620097410381374132601353
-0.843588486104356654025612326128
0.843588486104356654025612326128
-0.844819899902459820821173635851
0.844819899902459820821173635851
-0.846046854992684520724876217158
0.846046854992684520724876217158
-0.847269344899527125262566534685
0.847269344899527125262566534685
-0.84848736317104991430193960611
0.84848736317104991430193960611
-0.849700903378915127458755082085
0.849700903378915127458755082085
-0.850909959118418890949494499972
0.850909959118418890949494499972
-0.852114524008525019711403938841
0.852114524008525019711403938841
-0.853314591691898694611524606826
0.853314591691898694611524606826
-0.854510155834940014566973137155
0.854510155834940014566973137155
-0.85570121012781742339939355256
0.85570121012781742339939355256
-0.856887748284501011247163975827
0.856887748284501011247163975827
-0.858069764042795690359603213425
0.858069764042795690359603213425
-0.859247251164374245098085316082
0.859247251164374245098085316082
-0.860420203434810255969634121243
0.860420203434810255969634121243
-0.861588614663610897519234604129
0.861588614663610897519234604129
-0.862752478684249609907763603095
0.862752478684249609907763603095
-0.863911789354198644003109137603
0.863911789354198644003109137603
-0.865066540554961479812715099972
0.865066540554961479812715099972
-0.866216726192105118086456571518
0.866216726192105118086456571518
-0.867362340195292244919420386288
0.867362340195292244919420386288
-0.868503376518313269184835837791
0.868503376518313269184835837791
-0.869639829139118232628071592429
0.869639829139118232628071592429
-0.870771692059848592453286934088
0.870771692059848592453286934088
-0.871898959306868876234998414211
0.871898959306868876234998414211
-0.873021624930798208987496816922
0.873021624930798208987496816922
-0.874139683006541712225724065946
0.874139683006541712225724065946
-0.875253127633321774851895295604
0.875253127633321774851895295604
-0.876361952934709195702827778522
0.876361952934709195702827778522
-0.877466153058654197593615744249
0.877466153058654197593615744249
-0.878565722177517312693968332262
0.878565722177517312693968332262
-0.879660654488100139074206996191
0.879660654488100139074206996191
-0.880750944211675968258598610032
0.880750944211675968258598610032
-0.881836585594020283624381317989
0.881836585594020283624381317989
-0.882917572905441129485521813831
0.882917572905441129485521813831
-0.883993900440809350700925229764
0.883993900440809350700925229764
-0.885065562519588702647502155063
0.885065562519588702647502155063
-0.886132553485865831399181487643
0.886132553485865831399181487643
-0.887194867708380123953642843689
0.887194867708380123953642843689
-0.888252499580553428349228107858
0.888252499580553428349228107858
-0.889305443520519643515178395766
0.889305443520519643515178395766
-0.890353693971154178699030217952
0.890353693971154178699030217952
-0.891397245400103282315692976559
0.891397245400103282315692976559
-0.892436092299813240063419089099
0.892436092299813240063419089099
-0.893470229187559442152568014136
0.893470229187559442152568014136
-0.894499650605475319493756248031
0.894499650605475319493756248031
-0.895524351120581148692676966333
0.895524351120581148692676966333
-0.89654432532481272569956539442
0.89654432532481272569956539442
-0.897559567835049907961979205901
0.897559567835049907961979205901
-0.89857007329314502493025726054
0.89857007329314502493025726054
-0.899575836365951156765714802358
0.899575836365951156765714802358
-0.900576851745350281102328839501
0.900576851745350281102328839501
-0.901573114148281287713363816825
0.901573114148281287713363816825
-0.902564618316767860935084866275
0.902564618316767860935084866275
-0.903551359017946229700403875391
0.903551359017946229700403875391
-0.904533331044092785036002347059
0.904533331044092785036002347059
-0.905510529212651564877174530267
0.905510529212651564877174530267
-0.906482948366261606055334578459
0.906482948366261606055334578459
-0.907450583372784163313832535585
0.907450583372784163313832535585
-0.908413429125329795208425756293
0.908413429125329795208425756293
-0.909371480542285316749454932466
0.909371480542285316749454932466
-0.910324732567340618643477219659
0.910324732567340618643477219659
-0.9112731801695153529928130304
0.9112731801695153529928130304
-0.912216818343185485312167883147
0.912216818343185485312167883147
-0.913155642108109712722196262203
0.913155642108109712722196262203
-0.914089646509455748180580751614
0.914089646509455748180580751614
-0.915018826617826470611906751186
0.915018826617826470611906751186
-0.915943177529285940798320861785
0.915943177529285940798320861785
-0.916862694365385282893669536334
0.916862694365385282893669536334
-0.917777372273188431424523828709
0.917777372273188431424523828709
-0.918687206425297743642206031588
0.918687206425297743642206031588
-0.919592192019879477090644672447
0.919592192019879477090644672447
-0.920492324280689132255595730822
0.920492324280689132255595730822
-0.92138759845709666016148004603
0.92138759845709666016148004603
-0.922278009824111534782799699108
0.922278009824111534782799699108
-0.923163553682407690137809672336
0.923163553682407690137809672336
-0.924044225358348321932835310588
0.924044225358348321932835310588
-0.9249200202040105536263410275
0.9249200202040105536263410275
-0.925790933597209966782571312368
0.925790933597209966782571312368
-0.926656960941524995585301397352
0.926656960941524995585301397352
-0.927518097666321185382951935266
0.927518097666321185382951935266
-0.928374339226775315137039712665
0.928374339226775315137039712665
-0.929225681103899383646654777359
0.929225681103899383646654777359
-0.930072118804564459422373390592
0.930072118804564459422373390592
-0.930913647861524394083735918319
0.930913647861524394083735918319
-0.931750263833439399155139149872
0.931750263833439399155139149872
-0.932581962304899486135713572443
0.932581962304899486135713572443
-0.933408738886447769719477832741
0.933408738886447769719477832741
-0.934230589214603634042784979567
0.934230589214603634042784979567
-0.93504750895188576183679809954
0.93504750895188576183679809954
-0.935859493786835026363456629429
0.935859493786835026363456629429
-0.93666653943403724601411894932
0.93666653943403724601411894932
-0.937468641634145801450791827744
0.937468641634145801450791827744
-0.938265796153904115170582899939
0.938265796153904115170582899939
-0.939057998786167993374738610205
0.939057998786167993374738610205
-0.939845245349927830024356935936
0.939845245349927830024356935936
-0.940627531690330672965591731155
0.940627531690330672965591731155
-0.941404853678702152007893678369
0.941404853678702152007893678369
-0.942177207212568268839561616237
0.942177207212568268839561616237
-0.942944588215677048665607414143
0.942944588215677048665607414143
-0.943706992638020053453667590472
0.943706992638020053453667590472
-0.944464416455853756674425516438
0.944464416455853756674425516438
-0.945216855671720779423739309177
0.945216855671720779423739309177
-0.945964306314470987814402393968
0.945964306314470987814402393968
-0.946706764439282451526196203401
0.946706764439282451526196203401
-0.94744422612768226340362757893
0.94744422612768226340362757893
-0.948176687487567219991477145268
0.948176687487567219991477145268
-0.948904144653224362899019238538
0.948904144653224362899019238538
-0.949626593785351380884508883189
0.949626593785351380884508883189
-0.950344031071076872552266828664
0.950344031071076872552266828664
-0.951056452723980469555429773269
0.951056452723980469555429773269
-0.95176385498411282019816961835
0.95176385498411282019816961835
-0.952466234118015433331922909659
0.952466234118015433331922909659
-0.953163586418740382440909533986
0.953163586418740382440909533986
-0.953855908205869869812958247138
0.953855908205869869812958247138
-0.954543195825535650692395714094
0.954543195825535650692395714094
-0.955225445650438317312495443666
0.955225445650438317312495443666
-0.955902654079866442705723298852
0.955902654079866442705723298852
-0.956574817539715584190757161185
0.956574817539715584190757161185
-0.957241932482507146435999824111
0.957241932482507146435999824111
-0.957903995387407104000046288662
0.957903995387407104000046288662
-0.958561002760244583250309336874
0.958561002760244583250309336874
-0.959212951133530303561750567537
0.959212951133530303561750567537
-0.959859837066474877698407998668
0.959859837066474877698407998668
-0.960501657145006971281155876056
0.960501657145006971281155876056
-0.961138407981791321245877482603
0.961138407981791321245877482603
-0.961770086216246613196977525125
0.961770086216246613196977525125
-0.962396688514563217561907091122
0.962396688514563217561907091122
-0.963018211569720784453121225957
0.963018211569720784453121225957
-0.963634652101505697144636890627
0.963634652101505697144636890627
-0.964246006856528384071107432781
0.964246006856528384071107432781
-0.964852272608240489258078751394
0.964852272608240489258078751394
-0.965453446156951901092842072825
0.965453446156951901092842072825
-0.966049524329847639346048699028
0.966049524329847639346048699028
-0.966640503981004600355003255846
0.966640503981004600355003255846
-0.967226381991408160280303881268
0.967226381991408160280303881268
-0.96780715526896863634825047377
0.96780715526896863634825047377
-0.968382820748537605992195595769
0.968382820748537605992195595769
-0.968953375391924083806766926618
0.968953375391924083806766926618
-0.969518816187910556229645317037
0.969518816187910556229645317037
-0.970079140152268873866338550175
0.970079140152268873866338550175
-0.970634344327776001374147906267
0.970634344327776001374147906267
-0.971184425784229624822282605897
0.971184425784229624822282605897
-0.971729381618463616445836225282
0.971729381618463616445836225282
-0.972269208954363356712099296364
0.972269208954363356712099296364
-0.972803904942880913618443593289
0.972803904942880913618443593289
-0.973333466762050079141776142147
0.973333466762050079141776142147
-0.973857891617001262760324859451
0.973857891617001262760324859451
-0.974377176739976241969283024691
0.974377176739976241969283024691
-0.974891319390342769712606633966
0.974891319390342769712606633966
-0.975400316854609038654027189857
0.975400316854609038654027189857
-0.975904166446438002211112798508
0.975904166446438002211112798508
-0.976402865506661552276982727559
0.976402865506661552276982727559
-0.976896411403294553555055008818
0.976896411403294553555055008818
-0.977384801531548734432983451651
0.977384801531548734432983451651
-0.977868033313846434322719798977
0.977868033313846434322719798977
-0.97834610419983420739441897062
0.97834610419983420739441897062
-0.978819011666396282632690697742
0.978819011666396282632690697742
-0.979286753217667880144489697488
0.979286753217667880144489697488
-0.979749326385048383648729256456
0.979749326385048383648729256456
-0.980206728727214369078500127309
0.980206728727214369078500127309
-0.980658957830132489227578499723
0.980658957830132489227578499723
-0.981106011307072214373714062174
0.981106011307072214373714062174
-0.98154788679861842881200248616
0.98154788679861842881200248616
-0.981984581972683883232466797234
0.981984581972683883232466797234
-0.982416094524521502876799918629
0.982416094524521502876799918629
-0.982842422176736551410057184473
0.982842422176736551410057184473
-0.983263562679298650443933974479
0.983263562679298650443933974479
-0.983679513809553654649121151377
0.983679513809553654649121151377
-0.984090273372235382395101224836
0.984090273372235382395101224836
-0.984495839199477201856632902078
0.984495839199477201856632902078
-0.984896209150823472527072981445
0.984896209150823472527072981445
-0.98529138111324084207960480073
0.98529138111324084207960480073
-0.985681353001129398518384460675
0.985681353001129398518384460675
-0.986066122756333677562583063638
0.986066122756333677562583063638
-0.986445688348153525207299045222
0.986445688348153525207299045222
-0.986820047773354815406343790381
0.986820047773354815406343790381
-0.987189199056180022822971345962
0.987189199056180022822971345962
-0.987553140248358650595735319181
0.987553140248358650595735319181
-0.987911869429117513067820234608
0.987911869429117513067820234608
-0.988265384705190873429419271815
0.988265384705190873429419271815
-0.988613684210830436224025557565
0.988613684210830436224025557565
-0.988956766107815194670882068442
0.988956766107815194670882068442
-0.989294628585461132757310021917
0.989294628585461132757310021917
-0.989627269860630782056224463334
0.989627269860630782056224463334
-0.989954688177742633225869003195
0.989954688177742633225869003195
-0.990276881808780402150683796561
0.990276881808780402150683796561
-0.990593849053302150684291311979
0.990593849053302150684291311979
-0.990905588238449261957878697437
0.990905588238449261957878697437
-0.991212097718955270219816536071
0.991212097718955270219816536071
-0.991513375877154545175233565739
0.991513375877154545175233565739
-0.99180942112299083079752888732
0.99180942112299083079752888732
-0.992100231894025638587524688135
0.992100231894025638587524688135
-0.992385806655446495260238365683
0.992385806655446495260238365683
-0.992666143900075044844199716063
0.992666143900075044844199716063
-0.992941242148375005184000384918
0.992941242148375005184000384918
-0.993211099948459978843517218748
0.993211099948459978843517218748
-0.993475715876101118415220022513
0.993475715876101118415220022513
-0.993735088534734646250434088222
0.993735088534734646250434088222
-0.993989216555469228636725440799
0.993989216555469228636725440799
-0.994238098597093204462148654619
0.994238098597093204462148654619
-0.994481733346081668422495589199
0.994481733346081668422495589199
-0.994720119516603408847610336663
0.994720119516603408847610336663
-0.994953255850527700247187435302
0.994953255850527700247187435302
-0.995181141117430950706397629392
0.995181141117430950706397629392
-0.99540377411460320429867309562
0.99540377411460320429867309562
-0.995621153667054498728959183869
0.995621153667054498728959183869
-0.995833278627521078478217745303
0.995833278627521078478217745303
-0.996040147876471463792251433786
0.996040147876471463792251433786
-0.996241760322112375949374880743
0.996241760322112375949374880743
-0.996438114900394519357896172316
0.996438114900394519357896172316
-0.996629210575018221183573470638
0.996629210575018221183573470638
-0.996815046337438929399681668391
0.996815046337438929399681668391
-0.996995621206872570402351292663
0.996995621206872570402351292663
-0.997170934230300767661021009377
0.997170934230300767661021009377
-0.997340984482475923305278617931
0.997340984482475923305278617931
-0.997505771065926165122882777031
0.997505771065926165122882777031
-0.997665293110960162212670219117
0.997665293110960162212670219117
-0.997819549775671813576258962902
0.997819549775671813576258962902
-0.997968540245944815353185383211
0.997968540245944815353185383211
-0.99811226373545711436437499388
0.99811226373545711436437499388
-0.998250719485685258362986229145
0.998250719485685258362986229145
-0.998383906765908657249591994013
0.998383906765908657249591994013
-0.998511824873213775020213793626
0.998511824873213775020213793626
-0.99863447313249828019534781509
0.99863447313249828019534781509
-0.998751850896475194198196508524
0.998751850896475194198196508524
-0.998863957545677094633645762556
0.998863957545677094633645762556
-0.998970792488460456943341113447
0.998970792488460456943341113447
-0.999072355161010258896371263558
0.999072355161010258896371263558
-0.999168645027345036986043091032
0.999168645027345036986043091032
-0.999259661579322687929358623377
0.999259661579322687929358623377
-0.999345404336647480400287460524
0.999345404336647480400287460524
-0.999425872846879033781200347123
0.999425872846879033781200347123
-0.999501066685444530546435044088
0.999501066685444530546435044088
-0.999570985455656350711727227077
0.999570985455656350711727227077
-0.999635628788739048442761674834
0.999635628788739048442761674834
-0.9996949963438729889477131422
0.9996949963438729889477131422
-0.999749087808268975889567482437
0.999749087808268975889567482437
-0.999797902897303545213615682911
0.999797902897303545213615682911
-0.999841441354780604511664422935
0.999841441354780604511664422935
-0.999879702953476956550900541824
0.999879702953476956550900541824
-0.999912687496389143163843648256
0.999912687496389143163843648256
-0.999940394819937419330220513725
0.999940394819937419330220513725
-0.999962824803598185692727324224
0.999962824803598185692727324224
-0.999979977406148148342045602109
0.999979977406148148342045602109
-0.999991852860145205691349074698
0.999991852860145205691349074698
-0.999998453740572014261207171161
0.999998453740572014261207171161