-0.002392679927551193
0.002392679927551193
-0.007177984991043569
0.007177984991043569
-0.01196312568096063
0.01196312568096063
-0.01674799241910116
0.01674799241910116
-0.02153247563353738
0.02153247563353738
-0.02631646576112406
0.02631646576112406
-0.03109985325000749
0.03109985325000749
-0.03588252856213423
0.03588252856213423
-0.04066438217575944
0.04066438217575944
-0.04544530458795491
0.04544530458795491
-0.05022518631711666
0.05022518631711666
-0.05500391790547201
0.05500391790547201
-0.05978138992158615
0.05978138992158615
-0.06455749296286807
0.06455749296286807
-0.06933211765807583
0.06933211765807583
-0.07410515466982118
0.07410515466982118
-0.0788764946970733
0.0788764946970733
-0.08364602847766176
0.08364602847766176
-0.08841364679077862
0.08841364679077862
-0.09317924045947955
0.09317924045947955
-0.09794270035318391
0.09794270035318391
-0.1027039173901738
0.1027039173901738
-0.1074627825400922
0.1074627825400922
-0.1122191868264392
0.1122191868264392
-0.1169730213290683
0.1169730213290683
-0.12172417718668
0.12172417718668
-0.1264725455993149
0.1264725455993149
-0.1312180178308452
0.1312180178308452
-0.135960485211465
0.135960485211465
-0.1406998391401781
0.1406998391401781
-0.1454359710872856
0.1454359710872856
-0.1501687725968711
0.1501687725968711
-0.1548981352892838
0.1548981352892838
-0.1596239508636211
0.1596239508636211
-0.1643461111002079
0.1643461111002079
-0.1690645078630755
0.1690645078630755
-0.1737790331024373
0.1737790331024373
-0.1784895788571636
0.1784895788571636
-0.1831960372572534
0.1831960372572534
-0.187898300526305
0.187898300526305
-0.1925962609839838
0.1925962609839838
-0.1972898110484881
0.1972898110484881
-0.201978843239013
0.201978843239013
-0.2066632501782114
0.2066632501782114
-0.211342924594653
0.211342924594653
-0.2160177593252806
0.2160177593252806
-0.2206876473178646
0.2206876473178646
-0.2253524816334538
0.2253524816334538
-0.2300121554488248
0.2300121554488248
-0.234666562058928
0.234666562058928
-0.2393155948793309
0.2393155948793309
-0.2439591474486594
0.2439591474486594
-0.2485971134310353
0.2485971134310353
-0.2532293866185113
0.2532293866185113
-0.2578558609335035
0.2578558609335035
-0.2624764304312203
0.2624764304312203
-0.2670909893020884
0.2670909893020884
-0.2716994318741761
0.2716994318741761
-0.2763016526156129
0.2763016526156129
-0.2808975461370064
0.2808975461370064
-0.2854870071938553
0.2854870071938553
-0.2900699306889598
0.2900699306889598
-0.2946462116748283
0.2946462116748283
-0.2992157453560804
0.2992157453560804
-0.3037784270918469
0.3037784270918469
-0.3083341523981659
0.3083341523981659
-0.3128828169503756
0.3128828169503756
-0.3174243165855031
0.3174243165855031
-0.3219585473046502
0.3219585473046502
-0.326485405275374
0.326485405275374
-0.3310047868340657
0.3310047868340657
-0.3355165884883237
0.3355165884883237
-0.3400207069193237
0.3400207069193237
-0.3445170389841851
0.3445170389841851
-0.3490054817183324
0.3490054817183324
-0.3534859323378532
0.3534859323378532
-0.3579582882418522
0.3579582882418522
-0.3624224470148003
0.3624224470148003
-0.3668783064288803
0.3668783064288803
-0.3713257644463275
0.3713257644463275
-0.3757647192217667
0.3757647192217667
-0.3801950691045439
0.3801950691045439
-0.3846167126410548
0.3846167126410548
-0.3890295485770675
0.3890295485770675
-0.3934334758600414
0.3934334758600414
-0.397828393641441
0.397828393641441
-0.4022142012790458
0.4022142012790458
-0.4065907983392546
0.4065907983392546
-0.4109580845993855
0.4109580845993855
-0.4153159600499709
0.4153159600499709
-0.4196643248970478
0.4196643248970478
-0.4240030795644431
0.4240030795644431
-0.4283321246960536
0.4283321246960536
-0.4326513611581214
0.4326513611581214
-0.4369606900415041
0.4369606900415041
-0.4412600126639397
0.4412600126639397
-0.4455492305723064
0.4455492305723064
-0.4498282455448769
0.4498282455448769
-0.4540969595935683
0.4540969595935683
-0.4583552749661852
0.4583552749661852
-0.4626030941486589
0.4626030941486589
-0.4668403198672799
0.4668403198672799
-0.4710668550909258
0.4710668550909258
-0.4752826030332829
0.4752826030332829
-0.4794874671550631
0.4794874671550631
-0.4836813511662142
0.4836813511662142
-0.487864159028125
0.487864159028125
-0.4920357949558247
0.4920357949558247
-0.4961961634201762
0.4961961634201762
-0.5003451691500637
0.5003451691500637
-0.5044827171345745
0.5044827171345745
-0.5086087126251744
0.5086087126251744
-0.5127230611378779
0.5127230611378779
-0.5168256684554115
0.5168256684554115
-0.5209164406293714
0.5209164406293714
-0.5249952839823746
0.5249952839823746
-0.5290621051102046
0.5290621051102046
-0.5331168108839498
0.5331168108839498
-0.5371593084521366
0.5371593084521366
-0.5411895052428552
0.5411895052428552
-0.5452073089658797
0.5452073089658797
-0.5492126276147818
0.5492126276147818
-0.553205369469037
0.553205369469037
-0.5571854430961259
0.5571854430961259
-0.5611527573536269
0.5611527573536269
-0.5651072213913045
0.5651072213913045
-0.5690487446531887
0.5690487446531887
-0.5729772368796493
0.5729772368796493
-0.5768926081094627
0.5768926081094627
-0.5807947686818721
0.5807947686818721
-0.5846836292386402
0.5846836292386402
-0.5885591007260961
0.5885591007260961
-0.5924210943971744
0.5924210943971744
-0.596269521813447
0.596269521813447
-0.6001042948471492
0.6001042948471492
-0.6039253256831971
0.6039253256831971
-0.6077325268211987
0.6077325268211987
-0.6115258110774579
0.6115258110774579
-0.6153050915869705
0.6153050915869705
-0.6190702818054138
0.6190702818054138
-0.6228212955111284
0.6228212955111284
-0.6265580468070924
0.6265580468070924
-0.6302804501228885
0.6302804501228885
-0.6339884202166636
0.6339884202166636
-0.6376818721770809
0.6376818721770809
-0.6413607214252643
0.6413607214252643
-0.645024883716735
0.645024883716735
-0.6486742751433408
0.6486742751433408
-0.6523088121351778
0.6523088121351778
-0.6559284114625038
0.6559284114625038
-0.6595329902376446
0.6595329902376446
-0.6631224659168915
0.6631224659168915
-0.6666967563023921
0.6666967563023921
-0.6702557795440325
0.6702557795440325
-0.6737994541413113
0.6737994541413113
-0.6773276989452064
0.6773276989452064
-0.680840433160033
0.680840433160033
-0.6843375763452938
0.6843375763452938
-0.6878190484175212
0.6878190484175212
-0.691284769652111
0.691284769652111
-0.6947346606851483
0.6947346606851483
-0.6981686425152247
0.6981686425152247
-0.7015866365052476
0.7015866365052476
-0.7049885643842407
0.7049885643842407
-0.7083743482491366
0.7083743482491366
-0.7117439105665608
0.7117439105665608
-0.7150971741746069
0.7150971741746069
-0.718434062284604
0.718434062284604
-0.7217544984828746
0.7217544984828746
-0.725058406732485
0.725058406732485
-0.7283457113749861
0.7283457113749861
-0.7316163371321464
0.7316163371321464
-0.7348702091076752
0.7348702091076752
-0.7381072527889383
0.7381072527889383
-0.7413273940486641
0.7413273940486641
-0.7445305591466411
0.7445305591466411
-0.7477166747314063
0.7477166747314063
-0.7508856678419253
0.7508856678419253
-0.754037465909263
0.754037465909263
-0.7571719967582451
0.7571719967582451
-0.7602891886091113
0.7602891886091113
-0.7633889700791588
0.7633889700791588
-0.7664712701843769
0.7664712701843769
-0.7695360183410728
0.7695360183410728
-0.7725831443674875
0.7725831443674875
-0.7756125784854034
0.7756125784854034
-0.7786242513217417
0.7786242513217417
-0.7816180939101517
0.7816180939101517
-0.7845940376925894
0.7845940376925894
-0.7875520145208878
0.7875520145208878
-0.7904919566583177
0.7904919566583177
-0.7934137967811382
0.7934137967811382
-0.7963174679801391
0.7963174679801391
-0.7992029037621726
0.7992029037621726
-0.8020700380516763
0.8020700380516763
-0.804918805192186
0.804918805192186
-0.8077491399478394
0.8077491399478394
-0.8105609775048702
0.8105609775048702
-0.8133542534730917
0.8133542534730917
-0.816128903887372
0.816128903887372
-0.8188848652090983
0.8188848652090983
-0.8216220743276321
0.8216220743276321
-0.8243404685617544
0.8243404685617544
-0.8270399856611011
0.8270399856611011
-0.8297205638075885
0.8297205638075885
-0.8323821416168288
0.8323821416168288
-0.8350246581395361
0.8350246581395361
-0.8376480528629216
0.8376480528629216
-0.8402522657120799
0.8402522657120799
-0.8428372370513644
0.8428372370513644
-0.8454029076857527
0.8454029076857527
-0.8479492188622027
0.8479492188622027
-0.8504761122709977
0.8504761122709977
-0.8529835300470815
0.8529835300470815
-0.8554714147713839
0.8554714147713839
-0.8579397094721353
0.8579397094721353
-0.8603883576261714
0.8603883576261714
-0.8628173031602278
0.8628173031602278
-0.8652264904522234
0.8652264904522234
-0.867615864332535
0.867615864332535
-0.86998537008526
0.86998537008526
-0.8723349534494696
0.8723349534494696
-0.8746645606204515
0.8746645606204515
-0.8769741382509418
0.8769741382509418
-0.8792636334523466
0.8792636334523466
-0.8815329937959535
0.8815329937959535
-0.8837821673141318
0.8837821673141318
-0.8860111025015226
0.8860111025015226
-0.8882197483162186
0.8882197483162186
-0.8904080541809324
0.8904080541809324
-0.8925759699841551
0.8925759699841551
-0.894723446081304
0.894723446081304
-0.8968504332958586
0.8968504332958586
-0.8989568829204879
0.8989568829204879
-0.9010427467181649
0.9010427467181649
-0.9031079769232713
0.9031079769232713
-0.905152526242692
0.905152526242692
-0.9071763478568972
0.9071763478568972
-0.9091793954210152
0.9091793954210152
-0.9111616230658934
0.9111616230658934
-0.9131229853991485
0.9131229853991485
-0.9150634375062067
0.9150634375062067
-0.9169829349513312
0.9169829349513312
-0.9188814337786408
0.9188814337786408
-0.9207588905131155
0.9207588905131155
-0.922615262161593
0.922615262161593
-0.9244505062137524
0.9244505062137524
-0.9262645806430883
0.9262645806430883
-0.9280574439078728
0.9280574439078728
-0.929829054952107
0.929829054952107
-0.9315793732064611
0.9315793732064611
-0.9333083585892035
0.9333083585892035
-0.9350159715071184
0.9350159715071184
-0.9367021728564128
0.9367021728564128
-0.9383669240236118
0.9383669240236118
-0.9400101868864429
0.9400101868864429
-0.941631923814709
0.941631923814709
-0.9432320976711498
0.9432320976711498
-0.9448106718122929
0.9448106718122929
-0.9463676100892923
0.9463676100892923
-0.9479028768487564
0.9479028768487564
-0.9494164369335646
0.9494164369335646
-0.9509082556836722
0.9509082556836722
-0.9523782989369042
0.9523782989369042
-0.9538265330297377
0.9538265330297377
-0.9552529247980724
0.9552529247980724
-0.9566574415779906
0.9566574415779906
-0.9580400512065048
0.9580400512065048
-0.9594007220222944
0.9594007220222944
-0.9607394228664305
0.9607394228664305
-0.9620561230830897
0.9620561230830897
-0.9633507925202563
0.9633507925202563
-0.964623401530412
0.964623401530412
-0.9658739209712158
0.9658739209712158
-0.9671023222061707
0.9671023222061707
-0.9683085771052795
0.9683085771052795
-0.9694926580456894
0.9694926580456894
-0.9706545379123242
0.9706545379123242
-0.9717941900985053
0.9717941900985053
-0.9729115885065611
0.9729115885065611
-0.9740067075484246
0.9740067075484246
-0.9750795221462192
0.9750795221462192
-0.9761300077328335
0.9761300077328335
-0.9771581402524831
0.9771581402524831
-0.9781638961612623
0.9781638961612623
-0.9791472524276828
0.9791472524276828
-0.9801081865332014
0.9801081865332014
-0.9810466764727355
0.9810466764727355
-0.981962700755167
0.981962700755167
-0.982856238403835
0.982856238403835
-0.9837272689570157
0.9837272689570157
-0.9845757724683913
0.9845757724683913
-0.9854017295075067
0.9854017295075067
-0.9862051211602148
0.9862051211602148
-0.9869859290291096
0.9869859290291096
-0.9877441352339479
0.9877441352339479
-0.9884797224120586
0.9884797224120586
-0.9891926737187409
0.9891926737187409
-0.9898829728276505
0.9898829728276505
-0.9905506039311732
0.9905506039311732
-0.9911955517407883
0.9911955517407883
-0.9918178014874189
0.9918178014874189
-0.9924173389217711
0.9924173389217711
-0.9929941503146611
0.9929941503146611
-0.9935482224573317
0.9935482224573317
-0.9940795426617563
0.9940795426617563
-0.9945880987609317
0.9945880987609317
-0.9950738791091608
0.9950738791091608
-0.9955368725823234
0.9955368725823234
-0.9959770685781377
0.9959770685781377
-0.9963944570164119
0.9963944570164119
-0.996789028339288
0.996789028339288
-0.9971607735114795
0.9971607735114795
-0.9975096840205064
0.9975096840205064
-0.9978357518769323
0.9978357518769323
-0.9981389696146148
0.9981389696146148
-0.998419330290984
0.998419330290984
-0.9986768274873825
0.9986768274873825
-0.9989114553095284
0.9989114553095284
-0.9991232083882304
0.9991232083882304
-0.9993120818806391
0.9993120818806391
-0.9994780714727196
0.9994780714727196
-0.999621173384755
0.999621173384755
-0.9997413843853311
0.9997413843853311
-0.9998387018332015
0.9998387018332015
-0.9999131238346098
0.9999131238346098
-0.9999646500871822
0.9999646500871822
-0.9999932908557195
0.9999932908557195