0.00207571356601030982324189219771
0.00207570909431538337728306409618
0.00207570909431538337728306409618
0.0020756956792498707203616564401
0.0020756956792498707203616564401
0.00207567332087157181233075252301
0.00207567332087157181233075252301
0.00207564201927681964290535999264
0.00207564201927681964290535999264
0.00207560177460047981660346591431
0.00207560177460047981660346591431
0.00207555258701594997166601750586
0.00207555258701594997166601750586
0.00207549445673515903295833217696
0.00207549445673515903295833217696
0.00207542738400856629885615581133
0.00207542738400856629885615581133
0.00207535136912516036212030352146
0.00207535136912516036212030352146
0.00207526641241245786476453237993
0.00207526641241245786476453237993
0.00207517251423650208692201088596
0.00207517251423650208692201088596
0.00207506967500186136971646515695
0.00207506967500186136971646515695
0.00207495789515162737214479703978
0.00207495789515162737214479703978
0.00207483717516741316197868451272
0.00207483717516741316197868451272
0.00207470751556935114069338989203
0.00207470751556935114069338989203
0.00207456891691609080243271646527
0.00207456891691609080243271646527
0.00207442137980479632701976924312
0.00207442137980479632701976924312
0.0020742649048711440070238905491
0.0020742649048711440070238905491
0.00207409949278931950889485614983
0.00207409949278931950889485614983
0.00207392514427201496817613256419
0.00207392514427201496817613256419
0.00207374186007042591880971107379
0.00207374186007042591880971107379
0.00207354964097424805654574878841
0.00207354964097424805654574878841
0.00207334848781167383647096189331
0.00207334848781167383647096189331
0.00207313840144938890467043091903
0.00207313840144938890467043091903
0.00207291938279256836403819252485
0.00207291938279256836403819252485
0.00207269143278487287425270687099
0.00207269143278487287425270687099
0.00207245455240844458593400416963
0.00207245455240844458593400416963
0.0020722087426839029090000284474
0.0020722087426839029090000284474
0.00207195400467034011524041091862
0.00207195400467034011524041091862
0.00207169033946531677512661965739
0.00207169033946531677512661965739
0.00207141774820485702887814646315
0.00207141774820485702887814646315
0.00207113623206344369180510593638
0.00207113623206344369180510593638
0.00207084579225401319394833581572
0.00207084579225401319394833581572
0.00207054643002795035403880157072
0.00207054643002795035403880157072
0.00207023814667508298779882209441
0.00207023814667508298779882209441
0.00206992094352367635060834709193
0.00206992094352367635060834709193
0.0020695948219404274145602304142
0.0020695948219404274145602304142
0.00206925978333045897992915713443
0.00206925978333045897992915713443
0.00206891582913731362107959560864
0.00206891582913731362107959560864
0.00206856296084294746683885909473
0.00206856296084294746683885909473
0.00206820117996772381536207472596
0.00206820117996772381536207472596
0.00206783048807040658351657074072
0.00206783048807040658351657074072
0.00206745088674815359081390585732
0.00206745088674815359081390585732
0.00206706237763650967791847754868
0.00206706237763650967791847754868
0.00206666496240939965976235871245
0.00206666496240939965976235871245
0.00206625864277912111329672484546
0.00206625864277912111329672484546
0.00206584342049633699991094631382
0.00206584342049633699991094631382
0.00206541929735006812255113265857
0.00206541929735006812255113265857
0.00206498627516768541757062808821
0.00206498627516768541757062808821
0.00206454435581490208134566938125
0.00206454435581490208134566938125
0.00206409354119576553169012935016
0.00206409354119576553169012935016
0.00206363383325264920410398080042
0.00206363383325264920410398080042
0.00206316523396624418289082755164
0.00206316523396624418289082755164
0.00206268774535555066718056056834
0.00206268774535555066718056056834
0.00206220136947786927189390857333
0.00206220136947786927189390857333
0.00206170610842879216368636368389
0.00206170610842879216368636368389
0.00206120196434219403190967361613
0.00206120196434219403190967361613
0.00206068893939022289462980284428
0.00206068893939022289462980284428
0.00206016703578329073974097577449
0.00206016703578329073974097577449
0.00205963625577006400121612549586
0.00205963625577006400121612549586
0.00205909660163745387053478200019
0.00205909660163745387053478200019
0.00205854807571060644333014391379
0.00205854807571060644333014391379
0.00205799068035289270129778775752
0.00205799068035289270129778775752
0.00205742441796589832940917854014
0.00205742441796589832940917854014
0.00205684929098941336847385509349
0.00205684929098941336847385509349
0.00205626530190142170309487297274
0.00205626530190142170309487297274
0.00205567245321809038506279696656
0.00205567245321809038506279696656
0.00205507074749375879223424428992
0.00205507074749375879223424428992
0.00205446018732092762294168836053
0.00205446018732092762294168836053
0.00205384077533024772598194168791
0.00205384077533024772598194168791
0.00205321251419050876623144482746
0.00205321251419050876623144482746
0.00205257540660862772593719656769
0.00205257540660862772593719656769
0.00205192945532963724173286852453
0.00205192945532963724173286852453
0.00205127466313667377743035510874
0.00205127466313667377743035510874
0.00205061103285096563263771740803
0.00205061103285096563263771740803
0.0020499385673318207872551868815
0.0020499385673318207872551868815
0.00204925726947661458190160189759
0.00204925726947661458190160189759
0.00204856714222077723432435705446
0.00204856714222077723432435705446
0.00204786818853778119184665190076
0.00204786818853778119184665190076
0.00204716041143912831990653212221
0.00204716041143912831990653212221
0.0020464438139743369267429224719
0.0020464438139743369267429224719
0.00204571839923092862428455669699
0.00204571839923092862428455669699
0.00204498417033441502529841544838
0.00204498417033441502529841544838
0.00204424113044828427685498864969
0.00204424113044828427685498864969
0.00204348928277398743016838404524
0.00204348928277398743016838404524
0.00204272863055092464687000863932
0.00204272863055092464687000863932
0.0020419591770564312417752544793
0.0020419591770564312417752544793
0.0020411809256057635622033247189
0.0020411809256057635622033247189
0.00204039387955208470391104012286
0.00204039387955208470391104012286
0.0020395980422864500637021701368
0.0020395980422864500637021701368
0.00203879341723779272877453634355
0.00203879341723779272877453634355
0.00203798000787290870286783955681
0.00203798000787290870286783955681
0.00203715781769644196927586496068
0.00203715781769644196927586496068
0.00203632685025086939078742258768
0.00203632685025086939078742258768
0.00203548710911648544662108303433
0.00203548710911648544662108303433
0.00203463859791138680641947063959
0.00203463859791138680641947063959
0.00203378132029145674136957839426
0.00203378132029145674136957839426
0.002032915279950349372516270606
0.002032915279950349372516270606
0.00203204048061947375633684081176
0.00203204048061947375633684081176
0.00203115692606797780764519360406
0.00203115692606797780764519360406
0.00203026462010273205989491991678
0.00203026462010273205989491991678
0.00202936356656831326295123589708
0.00202936356656831326295123589708
0.00202845376934698781840245576921
0.00202845376934698781840245576921
0.00202753523235869505248236907101
0.00202753523235869505248236907101
0.00202660795956103032667559231108
0.00202660795956103032667559231108
0.00202567195494922798607866445155
0.00202567195494922798607866445155
0.00202472722255614414559035466452
0.00202472722255614414559035466452
0.00202377376645223931400534953718
0.00202377376645223931400534953718
0.00202281159074556085608618530765
0.00202281159074556085608618530765
0.00202184069958172529268898879823
0.00202184069958172529268898879823
0.00202086109714390043901928847185
0.00202086109714390043901928847185
0.00201987278765278738109485446797
0.00201987278765278738109485446797
0.00201887577536660229049322357306
0.00201887577536660229049322357306
0.00201787006458105807746226184499
0.00201787006458105807746226184499
0.00201685565962934588247281403763
0.00201685565962934588247281403763
0.00201583256488211640629318505775
0.00201583256488211640629318505775
0.00201480078474746107866589442912
0.00201480078474746107866589442912
0.00201376032367089306566784013454
0.00201376032367089306566784013454
0.00201271118613532811583570325277
0.00201271118613532811583570325277
0.00201165337666106524513911950143
0.00201165337666106524513911950143
0.00201058689980576726088483813483
0.00201058689980576726088483813483
0.00200951176016444112463578262548
0.00200951176016444112463578262548
0.00200842796236941815422962117625
0.00200842796236941815422962117625
0.00200733551109033406498214836337
0.00200733551109033406498214836337
0.00200623441103410885016147209696
0.00200623441103410885016147209696
0.00200512466694492650081969260078
0.00200512466694492650081969260078
0.00200400628360421456506945225536
0.00200400628360421456506945225536
0.00200287926583062354689342691395
0.00200287926583062354689342691395
0.00200174361848000614457552068685
0.00200174361848000614457552068685
0.00200059934644539632884321719341
0.00200059934644539632884321719341
0.00199944645465698826081123089909
0.00199944645465698826081123089909
0.00199828494808211504981729238499
0.00199828494808211504981729238499
0.00199711483172522735124159123543
0.00199711483172522735124159123543
0.00199593611062787180440208967367
0.00199593611062787180440208967367
0.00199474878986866931061860912234
0.00199474878986866931061860912234
0.00199355287456329315153928051191
0.00199355287456329315153928051191
0.00199234836986444694782363740376
0.00199234836986444694782363740376
0.00199113528096184245827731883151
0.00199113528096184245827731883151
0.00198991361308217721953403619214
0.00198991361308217721953403619214
0.00198868337148911202638114553436
0.00198868337148911202638114553436
0.00198744456148324825282585319219
0.00198744456148324825282585319219
0.00198619718840210501399976889453
0.00198619718840210501399976889453
0.0019849412576200961690002062429
0.0019849412576200961690002062429
0.00198367677454850716476731578755
0.00198367677454850716476731578755
0.00198240374463547172109682084241
0.00198240374463547172109682084241
0.00198112217336594835688881066073
0.00198112217336594835688881066073
0.00197983206626169675773372964092
0.00197983206626169675773372964092
0.00197853342888125398493738484454
0.00197853342888125398493738484454
0.00197722626681991052608747728217
0.00197722626681991052608747728217
0.0019759105857096861872648451544
0.0019759105857096861872648451544
0.00197458639121930582700328952296
0.00197458639121930582700328952296
0.00197325368905417493210253472647
0.00197325368905417493210253472647
0.00197191248495635503539955724481
0.00197191248495635503539955724481
0.0019705627847045389756041976521
0.0019705627847045389756041976521
0.00196920459411402599930565077746
0.00196920459411402599930565077746
0.00196783791903669670525710921362
0.00196783791903669670525710921362
0.00196646276536098783104651487103
0.00196646276536098783104651487103
0.00196507913901186688226205236838
0.00196507913901186688226205236838
0.00196368704595080660426169667524
0.00196368704595080660426169667524
0.00196228649217575929665680557652
0.00196228649217575929665680557652
0.00196087748372113097062042520843
0.00196087748372113097062042520843
0.00195946002665775534913165411878
0.00195946002665775534913165411878
0.00195803412709286771026808802807
0.00195803412709286771026808802807
0.00195659979117007857365904370848
0.00195659979117007857365904370848
0.00195515702506934723021293615311
0.00195515702506934723021293615311
0.00195370583500695511523285847475
0.00195370583500695511523285847475
0.00195224622723547902503508874847
0.00195224622723547902503508874847
0.00195077820804376417718592229383
0.00195077820804376417718592229383
0.0019493017837568971144729016759
0.0019493017837568971144729016759
0.00194781696073617845272718998844
0.00194781696073617845272718998844
0.00194632374537909547261450576304
0.00194632374537909547261450576304
0.00194482214411929455551271012296
0.00194482214411929455551271012296
0.00194331216342655346359480856654
0.00194331216342655346359480856654
0.00194179380980675346423680101907
0.00194179380980675346423680101907
0.00194026708980185129887048453224
0.00194026708980185129887048453224
0.00193873200998985099640198323203
0.00193873200998985099640198323203
0.00193718857698477553131744981816
0.00193718857698477553131744981816
0.00193563679743663832659805209671
0.00193563679743663832659805209671
0.00193407667803141460156702668007
0.00193407667803141460156702668007
0.00193250822549101256479225011181
0.00193250822549101256479225011181
0.00193093144657324445216844526574
0.00193093144657324445216844526574
0.00192934634807179741030380792513
0.00192934634807179741030380792513
0.00192775293681620422533650496746
0.00192775293681620422533650496746
0.00192615121967181389730716155833
0.00192615121967181389730716155833
0.00192454120353976206021412019389
0.00192454120353976206021412019389
0.0019229228953569412478789193198
0.0019229228953569412478789193198
0.00192129630209597100575010359485
0.00192129630209597100575010359485
0.00191966143076516784877414165512
0.00191966143076516784877414165512
0.00191801828840851506546289046773
0.00191801828840851506546289046773
0.00191636688210563236828770803864
0.00191636688210563236828770803864
0.00191470721897174539053097835357
0.00191470721897174539053097835357
0.00191303930615765502972647398278
0.00191303930615765502972647398278
0.00191136315084970663782064276547
0.00191136315084970663782064276547
0.00190967876026975905818756540551
0.00190967876026975905818756540551
0.00190798614167515350963099065457
0.00190798614167515350963099065457
0.00190628530235868231750751402769
0.00190628530235868231750751402769
0.00190457624964855749210562468832
0.00190457624964855749210562468832
0.0019028589909083791544160032508
0.0019028589909083791544160032508
0.00190113353353710380942911077627
0.00190113353353710380942911077627
0.00189939988496901246709676617972
0.00189939988496901246709676617972
0.00189765805267367861109506561864
0.00189765805267367861109506561864
0.00189590804415593601552665319469
0.00189590804415593601552665319469
0.00189414986695584640970100746629
0.00189414986695584640970100746629
0.00189238352864866699113206283863
0.00189238352864866699113206283863
0.00189060903684481778689313886668
0.00189060903684481778689313886668
0.00188882639918984886346980387184
0.00188882639918984886346980387184
0.00188703562336440738525195203295
0.00188703562336440738525195203295
0.00188523671708420452180702526293
0.00188523671708420452180702526293
0.0018834296880999822040769627221
0.0018834296880999822040769627221
0.00188161454419747972964211174395
0.00188161454419747972964211174395
0.00187979129319740021719598425743
0.00187979129319740021719598425743
0.0018779599429553769103753924775
0.0018779599429553769103753924775
0.00187612050136193933109114670116
0.00187612050136193933109114670116
0.00187427297634247928250514648598
0.00187427297634247928250514648598
0.00187241737585721670180034429927
0.00187241737585721670180034429927
0.00187055370790116536289070790668
0.00187055370790116536289070790668
0.00186868198050409842921895431509
0.00186868198050409842921895431509
0.00186680220173051385679047399461
0.00186680220173051385679047399461
0.00186491437967959964759250937465
0.00186491437967959964759250937465
0.00186301852248519895354829623675
0.00186301852248519895354829623675
0.00186111463831577503115652061032
0.00186111463831577503115652061032
0.00185920273537437604696708711198
0.00185920273537437604696708711198
0.00185728282189859973404483735415
0.00185728282189859973404483735415
0.00185535490616055789957349907969
0.00185535490616055789957349907969
0.00185341899646684078375278805415
0.00185341899646684078375278805415
0.00185147510115848127014222546396
0.00185147510115848127014222546396
0.00184952322861091894760587362292
0.00184952322861091894760587362292
0.00184756338723396402401283217987
0.00184756338723396402401283217987
0.00184559558547176109184897574337
0.00184559558547176109184897574337
0.00184361983180275274589605189219
0.00184361983180275274589605189219
0.0018416361347396430531348959212
0.0018416361347396430531348959212
0.00183964450282936087503015537691
0.00183964450282936087503015537691
0.00183764494465302304235455346432
0.00183764494465302304235455346432
0.0018356374688258973827113557523
0.0018356374688258973827113557523
0.00183362208399736560091433926759
0.00183362208399736560091433926759
0.00183159879885088601238519704326
0.00183159879885088601238519704326
0.00182956762210395612972894447467
0.00182956762210395612972894447467
0.00182752856250807510264852643111
0.00182752856250807510264852643111
0.00182548162884870601136045597179
0.00182548162884870601136045597179
0.00182342682994523801367394671851
0.00182342682994523801367394671851
0.00182136417465094834589663144048
0.00182136417465094834589663144048
0.00181929367185296417773058920757
0.00181929367185296417773058920757
0.00181721533047222432132303256365
0.00181721533047222432132303256365
0.00181512915946344079463663455859
0.00181512915946344079463663455859
0.0018130351678150602393051031542
0.0018130351678150602393051031542
0.0018109333645492251931402374817
0.0018109333645492251931402374817
0.00180882375872173521745732667554
0.00180882375872173521745732667554
0.00180670635942200787938637753525
0.00180670635942200787938637753525
0.00180458117577303958933728207375
0.00180458117577303958933728207375
0.00180244821693136629378766009162
0.00180244821693136629378766009162
0.00180030749208702402356273527206
0.00180030749208702402356273527206
0.00179815901046350929777722591564
0.00179815901046350929777722591564
0.00179600278131773938360985332726
0.00179600278131773938360985332726
0.00179383881394001241208169202454
0.00179383881394001241208169202454
0.00179166711765396735001020635736
0.00179166711765396735001020635736
0.00178948770181654382831143780707
0.00178948770181654382831143780707
0.00178730057581794182682342617083
0.00178730057581794182682342617083
0.00178510574908158121582456602643
0.00178510574908158121582456602643
0.00178290323106406115442121731585
0.00178290323106406115442121731585
0.00178069303125511934597950557638
0.00178069303125511934597950557638
0.00177847515917759115077686328571
0.00177847515917759115077686328571
0.00177624962438736855604947896855
0.00177624962438736855604947896855
0.00177401643647335900361243513398
0.00177401643647335900361243513398
0.00177177560505744407522992977346
0.00177177560505744407522992977346
0.00176952713979443803591358904501
0.00176952713979443803591358904501
0.0017672710503720462353274908984
0.0017672710503720462353274908984
0.00176500734651082336747913075542
0.00176500734651082336747913075542
0.00176273603796413158887617094669
0.00176273603796413158887617094669
0.00176045713451809849532942541858
0.00176045713451809849532942541858
0.00175817064599157495758314025877
0.00175817064599157495758314025877
0.00175587658223609281595423884381
0.00175587658223609281595423884381
0.00175357495313582243416280788385
0.00175357495313582243416280788385
0.0017512657686075301125367073264
0.0017512657686075301125367073264
0.00174894903860053536077379297979
0.00174894903860053536077379297979
0.00174662477309666803044584582488
0.00174662477309666803044584582488
0.00174429298211022530742890629869
0.00174429298211022530742890629869
0.00174195367568792856444531535264
0.00174195367568792856444531535264
0.00173960686390888007390336680884
0.00173960686390888007390336680884
0.00173725255688451958122107745758
0.00173725255688451958122107745758
0.00173489076475858073882118245554
0.00173489076475858073882118245554
0.00173252149770704740098506389393
0.00173252149770704740098506389393
0.00173014476593810977975391990741
0.00173014476593810977975391990741
0.00172776057969212046206608038416
0.00172776057969212046206608038416
0.00172536894924155028831997321376
0.00172536894924155028831997321376
0.00172296988489094409255284206896
0.00172296988489094409255284206896
0.00172056339697687630442591295778
0.00172056339697687630442591295778
0.00171814949586790641320730220134
0.00171814949586790641320730220134
0.0017157281919645342939445530873
0.0017157281919645342939445530873
0.00171329949569915539601928221659
0.00171329949569915539601928221659
0.00171086341753601579427700949996
0.00171086341753601579427700949996
0.00170841996797116710292583786701
0.00170841996797116710292583786701
0.00170596915753242125239824002311
0.00170596915753242125239824002311
0.00170351099677930512937080002447
0.00170351099677930512937080002447
0.00170104549630301508013734703757
0.00170104549630301508013734703757
0.0016985726667263712775315074029
0.0016985726667263712775315074029
0.00169609251870377195159528903167
0.00169609251870377195159528903167
0.00169360506292114748419089922662
0.00169360506292114748419089922662
0.00169111031009591436775358322997
0.00169111031009591436775358322997
0.00168860827097692902838385616184
0.00168860827097692902838385616184
0.00168609895634444151347808551785
0.00168609895634444151347808551785
0.00168358237701004904409696504276
0.00168358237701004904409696504276
0.00168105854381664943227200358554
0.00168105854381664943227200358554
0.00167852746763839436345073446743
0.00167852746763839436345073446743
0.00167598915938064254428193195599
0.00167598915938064254428193195599
0.00167344362997991271594270163224
0.00167344362997991271594270163224
0.00167089089040383653320989076275
0.00167089089040383653320989076275
0.00166833095165111130947884324019
0.00166833095165111130947884324019
0.00166576382475145262793310123388
0.00166576382475145262793310123388
0.00166318952076554681906923239149
0.00166318952076554681906923239149
0.00166060805078500330478153725402
0.00166060805078500330478153725402
0.00165801942593230680921196648411
0.00165801942593230680921196648411
0.00165542365736076943657115156154
0.00165542365736076943657115156154
0.00165282075625448261613702576602
0.00165282075625448261613702576602
0.00165021073382826891463808454452
0.00165021073382826891463808454452
0.00164759360132763371622890574463
0.00164759360132763371622890574463
0.00164496937002871677026612068627
0.00164496937002871677026612068627
0.00164233805123824360709359663651
0.00164233805123824360709359663651
0.00163969965629347682204615994674
0.00163969965629347682204615994674
0.00163705419656216722788175690257
0.00163705419656216722788175690257
0.0016344016834425048758525162248
0.0016344016834425048758525162248
0.00163174212836306994562574314013
0.00163174212836306994562574314013
0.00162907554278278350426644001182
0.00162907554278278350426644001182
0.00162640193819085813449351268032
0.00162640193819085813449351268032
0.00162372132610674843242238490936
0.00162372132610674843242238490936
0.00162103371808010137500730566223
0.00162103371808010137500730566223
0.00161833912569070655739719534314
0.00161833912569070655739719534314
0.00161563756054844630041943762721
0.00161563756054844630041943762721
0.00161292903429324562840658306779
0.00161292903429324562840658306779
0.00161021355859502211758148930851
0.00161021355859502211758148930851
0.00160749114515363561521698043776
0.00160749114515363561521698043776
0.00160476180569883782978666480228
0.00160476180569883782978666480228
0.00160202555199022179232410644267
0.00160202555199022179232410644267
0.0015992823958171711892081002232
0.0015992823958171711892081002232
0.00159653234899880956659235470047
0.00159653234899880956659235470047
0.00159377542338394940669843980651
0.00159377542338394940669843980651
0.00159101163085104107619140850999
0.00159101163085104107619140850999
0.00158824098330812164685805276259
0.00158824098330812164685805276259
0.00158546349269276358880830423231
0.00158546349269276358880830423231
0.00158267917097202333642083957086
0.00158267917097202333642083957086
0.00157988803014238972725449825489
0.00157988803014238972725449825489
0.00157709008222973231414766837865
0.00157709008222973231414766837865
0.00157428533928924955072834215644
0.00157428533928924955072834215644
0.0015714738134054168505580883142
0.0015714738134054168505580883142
0.00156865551669193452013373300899
0.00156865551669193452013373300899
0.00156583046129167556597108441025
0.00156583046129167556597108441025
0.00156299865937663337599557860494
0.00156299865937663337599557860494
0.00156016012314786927546526604867
0.00156016012314786927546526604867
0.00155731486483545995765209837286
0.00155731486483545995765209837286
0.00155446289669844478950801497317
0.00155446289669844478950801497317
0.00155160423102477299254286744308
0.00155160423102477299254286744308
0.00154873888013125069914175757726
0.00154873888013125069914175757726
0.00154586685636348788454990134976
0.00154586685636348788454990134976
0.00154298817209584517475366696913
0.00154298817209584517475366696913
0.0015401028397313805304869698249
0.0015401028397313805304869698249
0.00153721087170179580759274086467
0.00153721087170179580759274086467
0.001534312280467383193969717676
0.001534312280467383193969717676
0.00153140707851697152333533929025
0.00153140707851697152333533929025
0.00152849527836787246603605647424
0.00152849527836787246603605647424
0.00152557689256582659713689902751
0.00152557689256582659713689902751
0.00152265193368494934202267035619
0.00152265193368494934202267035619
0.00151972041432767679974366734628
0.00151972041432767679974366734628
0.0015167823471247114443393503079
0.0015167823471247114443393503079
0.0015138377447349677043739135044
0.0015138377447349677043739135044
0.00151088661984551742091823151549
0.00151088661984551742091823151549
0.00150792898517153518421318040763
0.00150792898517153518421318040763
0.00150496485345624354924985539733
0.00150496485345624354924985539733
0.00150199423747085813050272838991
0.00150199423747085813050272838991
0.00149901715001453257605230945685
0.00149901715001453257605230945685
0.00149603360391430342133439597568
0.00149603360391430342133439597568
0.00149304361202503482275351179598
0.00149304361202503482275351179598
0.00149004718722936317139865641078
0.00149004718722936317139865641078
0.00148704434243764158710000070268
0.00148704434243764158710000070268
0.00148403509058788429306568139545
0.00148403509058788429306568139545
0.00148101944464571087133836087344
0.00148101944464571087133836087344
0.00147799741760429039931173252957
0.00147799741760429039931173252957
0.00147496902248428546754766426664
0.00147496902248428546754766426664
0.00147193427233379607913518420353
0.00147193427233379607913518420353
0.00146889318022830343083302302537
0.00146889318022830343083302302537
0.00146584575927061357623793676298
0.00146584575927061357623793676298
0.00146279202259080097122154208936
0.00146279202259080097122154208936
0.00145973198334615190187890347781
0.00145973198334615190187890347781
0.0014566656547211077952326177747
0.0014566656547211077952326177747
0.00145359304992720841293664689883
0.00145359304992720841293664689883
0.00145051418220303492822465348513
0.00145051418220303492822465348513
0.00144742906481415288634809734221
0.00144742906481415288634809734221
0.00144433771105305504874985258828
0.00144433771105305504874985258828
0.00144124013423910412121960626586
0.00144124013423910412121960626586
0.00143813634771847536627779911084
0.00143813634771847536627779911084
0.00143502636486409910003536796349
0.00143502636486409910003536796349
0.00143191019907560307377704705514
0.00143191019907560307377704705514
0.00142878786377925474051648208387
0.00142878786377925474051648208387
0.00142565937242790340677190660173
0.00142565937242790340677190660173
0.00142252473850092226981162477374
0.00142252473850092226981162477374
0.00141938397550415034061903803302
0.00141938397550415034061903803302
0.00141623709696983425282744554419
0.00141623709696983425282744554419
0.00141308411645656995787533969679
0.00141308411645656995787533969679
0.00140992504754924430663340808038
0.00140992504754924430663340808038
0.00140675990385897651775494253987
0.00140675990385897651775494253987
0.00140358869902305953300184397247
0.00140358869902305953300184397247
0.0014004114467049012597988985041
0.0014004114467049012597988985041
0.00139722816059396570126948657014
0.00139722816059396570126948657014
0.00139403885440571397400637122288
0.00139403885440571397400637122288
0.00139084354188154521383169569147
0.00139084354188154521383169569147
0.00138764223678873736980080282951
0.00138764223678873736980080282951
0.00138443495292038788670497059756
0.00138443495292038788670497059756
0.00138122170409535427632863814068
0.00138122170409535427632863814068
0.00137800250415819457771717633323
0.00137800250415819457771717633323
0.0013747773669791077067117348717
0.0013747773669791077067117348717
0.00137154630645387369500817509984
0.00137154630645387369500817509984
0.00136830933650379381899757374655
0.00136830933650379381899757374655
0.00136506647107563061864625764372
0.00136506647107563061864625764372
0.00136181772414154780667380326653
0.00136181772414154780667380326653
0.00135856310969905006828790760088
0.00135856310969905006828790760088
0.00135530264177092275173550838864
0.00135530264177092275173550838864
0.00135203633440517144993000223093
0.00135203633440517144993000223093
0.00134876420167496147341487833856
0.00134876420167496147341487833856
0.00134548625767855721492455390676
0.00134548625767855721492455390676
0.00134220251653926140580366415591
0.00134220251653926140580366415591
0.00133891299240535426454652601808
0.00133891299240535426454652601808
0.00133561769945003253771895926101
0.00133561769945003253771895926101
0.00133231665187134843352511252207
0.00133231665187134843352511252207
0.0013290098638921484482824042751
0.0013290098638921484482824042751
0.00132569734976001208606815016921
0.00132569734976001208606815016921
0.0013223791237471904718019084595
0.0013223791237471904718019084595
0.00131905520015054485802803439291
0.00131905520015054485802803439291
0.00131572559329148502566339241614
0.00131572559329148502566339241614
0.00131239031751590757897563193487
0.00131239031751590757897563193487
0.00130904938719413413505788807236
0.00130904938719413413505788807236
0.00130570281672084940806622344885
0.00130570281672084940806622344885
0.00130235062051503918848658042914
0.00130235062051503918848658042914
0.00129899281301992821769846556265
0.00129899281301992821769846556265
0.00129562940870291795810303906541
0.00129562940870291795810303906541
0.00129226042205552425908373216589
0.00129226042205552425908373216589
0.00128888586759331491906796395352
0.00128888586759331491906796395352
0.00128550575985584714395897702886
0.00128550575985584714395897702886
0.00128212011340660490220725775523
0.00128212011340660490220725775523
0.00127872894283293617679145225185
0.00127872894283293617679145225185
0.0012753322627459901143791334458
0.0012753322627459901143791334458
0.00127193008778065407193821751235
0.00127193008778065407193821751235
0.00126852243259549056107026987945
0.00126852243259549056107026987945
0.00126510931187267409033738164917
0.00126510931187267409033738164917
0.00126169074031792790585473679585
0.00126169074031792790585473679585
0.00125826673266046063042142883524
0.00125826673266046063042142883524
0.00125483730365290280146252281923
0.00125483730365290280146252281923
0.0012514024680712433080557944949
0.0012514024680712433080557944949
0.00124796224071476572731701327294
0.00124796224071476572731701327294
0.00124451663640598456041806927689
0.00124451663640598456041806927689
0.00124106566999058136851267718923
0.00124106566999058136851267718923
0.00123760935633734080884482087167
0.00123760935633734080884482087167
0.00123414771033808657131553281251
0.00123414771033808657131553281251
0.00123068074690761721578403134263
0.00123068074690761721578403134263
0.00122720848098364191037966626089
0.00122720848098364191037966626089
0.00122373092752671607110155001805
0.00122373092752671607110155001805
0.00122024810152017690298317692443
0.00122024810152017690298317692443
0.00121676001797007884309975696698
0.00121676001797007884309975696698
0.00121326669190512890569641374661
0.00121326669190512890569641374661
0.00120976813837662192971581777287
0.00120976813837662192971581777287
0.00120626437245837572900424687937
0.00120626437245837572900424687937
0.00120275540924666614547548484811
0.00120275540924666614547548484811
0.0011992412638601620055123874517
0.0011992412638601620055123874517
0.00119572195143985997988636203792
0.00119572195143985997988636203792
0.00119219748714901934747542248952
0.00119219748714901934747542248952
0.00118866788617309666306189589123
0.00118866788617309666306189589123
0.00118513316371968032949127052471
0.00118513316371968032949127052471
0.00118159333501842507447408688792
0.00118159333501842507447408688792
0.00117804841532098633231318429739
0.00117804841532098633231318429739
0.00117449841990095453083902527703
0.00117449841990095453083902527703
0.0011709433640537892838362283655
0.0011709433640537892838362283655
0.0011673832630967534892448471819
0.0011673832630967534892448471819
0.00116381813236884733342033957672
0.00116381813236884733342033957672
0.00116024798723074220173657545905
0.00116024798723074220173657545905
0.00115667284306471449581663542981
0.00115667284306471449581663542981
0.00115309271527457935767655466384
0.00115309271527457935767655466384
0.00114950761928562430106756756786
0.00114950761928562430106756756786
0.00114591757054454275030280859595
0.00114591757054454275030280859595
0.00114232258451936748685482322729
0.00114232258451936748685482322729
0.00113872267669940400401064050016
0.00113872267669940400401064050016
0.00113511786259516376987155465122
0.00113511786259516376987155465122
0.0011315081577382973989851583266
0.0011315081577382973989851583266
0.00112789357768152773289756351129
0.00112789357768152773289756351129
0.00112427413799858282991413876233
0.00112427413799858282991413876233
0.0011206498542841288643574825296
0.0011206498542841288643574825296
0.00111702074215370293561174230192
0.00111702074215370293561174230192
0.0011133868172436457872427780259
0.0011133868172436457872427780259
0.00110974809521103443648405570758
0.00110974809521103443648405570758
0.00110610459173361471437854332108
0.00110610459173361471437854332108
0.00110245632250973371686726611337
0.00110245632250973371686726611337
0.00109880330325827216711556210656
0.00109880330325827216711556210656
0.00109514554971857668936846105935
0.00109514554971857668936846105935
0.00109148307765039199462699135365
0.00109148307765039199462699135365
0.0010878159028337929784375992212
0.0010878159028337929784375992212
0.00108414404106911673108724341511
0.00108414404106911673108724341511
0.00108046750817689446049710586251
0.00108046750817689446049710586251
0.00107678631999778332810823500362
0.00107678631999778332810823500362
0.00107310049239249819805281342995
0.00107310049239249819805281342995
0.00106941004124174329990511507637
0.00106941004124174329990511507637
0.00106571498244614380530658959907
0.00106571498244614380530658959907
0.00106201533192617731875988267999
0.00106201533192617731875988267999
0.001058311105622105282886970839
0.001058311105622105282886970839
0.00105460231949390429844695790471
0.00105460231949390429844695790471
0.00105088898952119735940944759224
0.00105088898952119735940944759224
0.00104717113170318500337977266068
0.00104717113170318500337977266068
0.00104344876205857637767272587165
0.00104344876205857637767272587165
0.00103972189662552022133180144314
0.00103972189662552022133180144314
0.00103599055146153576339131788676
0.00103599055146153576339131788676
0.00103225474264344353767915403162
0.00103225474264344353767915403162
0.0010285144862672961144581896717
0.0010285144862672961144581896717
0.00102476979844830874920490062477
0.00102476979844830874920490062477
0.00102102069532078994882391505831
0.00102102069532078994882391505831
0.00101726719303807195559769371971
0.00101726719303807195559769371971
0.0010135093077724411491708512032
0.0010135093077724411491708512032
0.00100974705571506836686898859273
0.00100974705571506836686898859273
0.00100598045307593914265225973714
0.00100598045307593914265225973714
0.00100220951608378386500424404028
0.00100220951608378386500424404028
0.00099843426098600785405704798209
0.00099843426098600785405704798209
0.00099465470404862135825390562686
0.00099465470404862135825390562686
0.00099087086155616947085089511919
0.00099087086155616947085089511919
0.00098708274981166196655973361659
0.00098708274981166196655973361659
0.00098329038513650305863395725781
0.00098329038513650305863395725781
0.00097949378387042107670113561695
0.00097949378387042107670113561695
0.00097569296237139806564411164417
0.00097569296237139806564411164417
0.00097188793701559930583459834245
0.00097188793701559930583459834245
0.00096807872419730275502280237561
0.00096807872419730275502280237561
0.00096426534032882841218708244424
0.00096426534032882841218708244424
0.00096044780184046760364798660184
0.00096044780184046760364798660184
0.00095662612518041219175134771263
0.00095662612518041219175134771263
0.00095280032681468370642544997348
0.00095280032681468370642544997348
0.0009489704232270623999176118341
0.0009489704232270623999176118341
0.0009451364309190162250158617514
0.0009451364309190162250158617514
0.000941298366409629737061713003
0.000941298366409629737061713003
0.0009374562462355329200603722638
0.0009374562462355329200603722638
0.0009336100869508299371950438111
0.0009336100869508299371950438111
0.0009297599051270278060523170737
0.0009297599051270278060523170737
0.000925905717352964998865949774
0.000925905717352964998865949774
0.0009220475402347399680866821254
0.0009220475402347399680866821254
0.0009181853903956395975860394484
0.0009181853903956395975860394484
0.000914319284476067579802401146
0.000914319284476067579802401146
0.0009104492391334727191379332391
0.0009104492391334727191379332391
0.0009065752710422771619152996017
0.0009065752710422771619152996017
0.0009026973968938045532033836507
0.0009026973968938045532033836507
0.000898815633396208120821567543
0.000898815633396208120821567543
0.0008949299972743986868324298998
0.0008949299972743986868324298998
0.0008910405052699726068330357303
0.0008910405052699726068330357303
0.0008871471741411396373553035442
0.0008871471741411396373553035442
0.0008832500206626507316862446438
0.0008832500206626507316862446438
0.0008793490616257257644191782561
0.0008793490616257257644191782561
0.0008754443138379811850473335091
0.0008754443138379811850473335091
0.0008715357941233576009115552754
0.0008715357941233576009115552754
0.0008676235193220472898141355943
0.0008676235193220472898141355943
0.0008637075062904216426110957476
0.0008637075062904216426110957476
0.0008597877719009585360955460956
0.0008597877719009585360955460956
0.0008558643330421696364850514844
0.0008558643330421696364850514844
0.0008519372066185276338262294147
0.0008519372066185276338262294147
0.0008480064095503934076301062043
0.0008480064095503934076301062043
0.0008440719587739431240520530984
0.0008440719587739431240520530984
0.0008401338712410952649304196683
0.0008401338712410952649304196683
0.000836192163919437588998275899
0.000836192163919437588998275899
0.0008322468537921540255829670999
0.0008322468537921540255829670999
0.0008282979578579515011084771706
0.0008282979578579515011084771706
0.0008243454931309866987158858348
0.0008243454931309866987158858348
0.0008203894766407927513174941966
0.0008203894766407927513174941966
0.0008164299254322058684004803997
0.0008164299254322058684004803997
0.000812466856565291896896233261
0.000812466856565291896896233261
0.0008085002871152728164317965216
0.0008085002871152728164317965216
0.0008045302341724531692801398047
0.0008045302341724531692801398047
0.0008005567148421464253262544924
0.0008005567148421464253262544924
0.0007965797462446012823663535359
0.0007965797462446012823663535359
0.0007925993455149279020577336984
0.0007925993455149279020577336984
0.0007886155298030240818371368932
0.0007886155298030240818371368932
0.0007846283162735013631257241305
0.0007846283162735013631257241305
0.0007806377221056110761390511234
0.0007806377221056110761390511234
0.0007766437644931703216207088289
0.0007766437644931703216207088289
0.0007726464606444878898185651195
0.0007726464606444878898185651195
0.0007686458277822901170228153919
0.0007686458277822901170228153919
0.0007646418831436466799853202352
0.0007646418831436466799853202352
0.0007606346439798963285399772922
0.0007606346439798963285399772922
0.0007566241275565725567441421734
0.0007566241275565725567441421734
0.0007526103511533292128613797104
0.0007526103511533292128613797104
0.0007485933320638660485060919901
0.0007485933320638660485060919901
0.0007445730875958542072708334787
0.0007445730875958542072708334787
0.0007405496350708616531573861419
0.0007405496350708616531573861419
0.0007365229918242785391329288027
0.0007365229918242785391329288027
0.0007324931752052425161328950486
0.0007324931752052425161328950486
0.0007284602025765639828323728229
0.0007284602025765639828323728229
0.0007244240913146512765081564131
0.0007244240913146512765081564131
0.0007203848588094358053138178956
0.0007203848588094358053138178956
0.0007163425224642971222904202125
0.0007163425224642971222904202125
0.0007122970996959879414357479685
0.0007122970996959879414357479685
0.0007082486079345590961551847358
0.0007082486079345590961551847358
0.0007041970646232844404176171758
0.0007041970646232844404176171758
0.0007001424872185856929399966217
0.0007001424872185856929399966217
0.000696084893189957224724437949
0.000696084893189957224724437949
0.0006920243000198907902719835957
0.0006920243000198907902719835957
0.0006879607252038002027974074991
0.0006879607252038002027974074991
0.0006838941862499459537696795197
0.0006838941862499459537696795197
0.0006798247006793597771029556331
0.0006798247006793597771029556331
0.0006757522860257691583232028192
0.0006757522860257691583232028192
0.0006716769598355217890358101854
0.0006716769598355217890358101854
0.0006675987396675099670197794554
0.0006675987396675099670197794554
0.0006635176430930949422743285611
0.0006635176430930949422743285611
0.0006594336876960312093439817327
0.0006594336876960312093439817327
0.0006553468910723907462484582161
0.0006553468910723907462484582161
0.0006512572708304872003439096004
0.0006512572708304872003439096004
0.0006471648445908000214422927474
0.0006471648445908000214422927474
0.00064306962998589854251590153
0.00064306962998589854251590153
0.0006389716446603660083143160467
0.0006389716446603660083143160467
0.0006348709062707235522212627441
0.0006348709062707235522212627441
0.0006307674324853541216791130017
0.0006307674324853541216791130017
0.0006266612409844263525089812763
0.0006266612409844263525089812763
0.0006225523494598183924546169331
0.0006225523494598183924546169331
0.0006184407756150416742785164849
0.0006184407756150416742785164849
0.0006143265371651646387389151937
0.0006143265371651646387389151937
0.0006102096518367364077765489523
0.0006102096518367364077765489523
0.0006060901373677104082403091572
0.0006060901373677104082403091572
0.0006019680115073679464811450006
0.0006019680115073679464811450006
0.0005978432920162417341437993772
0.0005978432920162417341437993772
0.0005937159966660393654861965418
0.0005937159966660393654861965418
0.0005895861432395667465565318932
0.0005895861432395667465565318932
0.0005854537495306514765583469741
0.0005854537495306514765583469741
0.000581318833344066181734106098
0.000581318833344066181734106098
0.0005771814124954518020980251591
0.0005771814124954518020980251591
0.0005730415048112408313491383159
0.0005730415048112408313491383159
0.0005688991281285805102958246069
0.0005688991281285805102958246069
0.0005647543002952559741232543883
0.0005647543002952559741232543883
0.0005606070391696133538354550341
0.0005606070391696133538354550341
0.000556457362620482832203936922
0.000556457362620482832203936922
0.000552305288527101654555064638
0.000552305288527101654555064638
0.0005481508347790370947286049426
0.0005481508347790370947286049426
0.0005439940192761093765401327282
0.0005439940192761093765401327282
0.0005398348599283145510802293959
0.0005398348599283145510802293959
0.0005356733746557473301836652643
0.0005356733746557473301836652643
0.0005315095813885238764020193147
0.0005315095813885238764020193147
0.0005273434980667045498134563595
0.0005273434980667045498134563595
0.0005231751426402166120036542333
0.0005231751426402166120036542333
0.0005190045330687768875521525596
0.0005190045330687768875521525596
0.0005148316873218143833586808325
0.0005148316873218143833586808325
0.0005106566233783928661443178395
0.0005106566233783928661443178395
0.0005064793592271333984626378197
0.0005064793592271333984626378197
0.0005022999128661368335563122695
0.0005022999128661368335563122695
0.0004981183023029062693949611865
0.0004981183023029062693949611865
0.0004939345455542694622303851116
0.0004939345455542694622303851116
0.0004897486606463012000056610829
0.0004897486606463012000056610829
0.000485560665614245635954953209
0.000485560665614245635954953209
0.0004813705785024385827312738691
0.0004813705785024385827312738691
0.0004771784173642297673998366108
0.0004771784173642297673998366108
0.0004729842002619050476350689762
0.0004729842002619050476350689762
0.0004687879452666085894598053279
0.0004687879452666085894598053279
0.0004645896704582650068656591795
0.0004645896704582650068656591795
0.0004603893939255014636540848293
0.0004603893939255014636540848293
0.0004561871337655697378381829019
0.0004561871337655697378381829019
0.0004519829080842682489458878492
0.0004519829080842682489458878492
0.0004477767349958640485658021824
0.0004477767349958640485658021824
0.000443568632623014774477617411
0.000443568632623014774477617411
0.0004393586190966905687097912539
0.0004393586190966905687097912539
0.0004351467125560959598679412978
0.0004351467125560959598679412978
0.0004309329311485917100782744269
0.0004309329311485917100782744269
0.0004267172930296166268913075308
0.0004267172930296166268913075308
0.0004224998163626093404921578556
0.0004224998163626093404921578556
0.0004182805193189300465648018109
0.0004182805193189300465648018109
0.0004140594200777822151589314943
0.0004140594200777822151589314943
0.0004098365368261342659093927615
0.0004098365368261342659093927615
0.0004056118877586412099596834072
0.0004056118877586412099596834072
0.0004013854910775662589426432542
0.0004013854910775662589426432542
0.0003971573649927024013733005889
0.0003971573649927024013733005889
0.0003929275277212939468108753233
0.0003929275277212939468108753233
0.0003886959974879580381492058859
0.0003886959974879580381492058859
0.0003844627925246061323973955129
0.0003844627925246061323973955129
0.0003802279310703654503153003413
0.0003802279310703654503153003413
0.0003759914313715003952716479236
0.0003759914313715003952716479236
0.0003717533116813339416961281589
0.0003717533116813339416961281589
0.0003675135902601689935007941896
0.0003675135902601689935007941896
0.0003632722853752097128506120638
0.0003632722853752097128506120638
0.0003590294153004828196680784251
0.0003590294153004828196680784251
0.0003547849983167588622625703647
0.0003547849983167588622625703647
0.0003505390527114734594815997416
0.0003505390527114734594815997416
0.0003462915967786485147885307735
0.0003462915967786485147885307735
0.0003420426488188134026797185045
0.0003420426488188134026797185045
0.0003377922271389261278635932453
0.0003377922271389261278635932453
0.0003335403500522944576351351157
0.0003335403500522944576351351157
0.0003292870358784970278916676006
0.0003292870358784970278916676006
0.0003250323029433044232502010125
0.0003250323029433044232502010125
0.0003207761695786002317429716586
0.0003207761695786002317429716586
0.0003165186541223020745866989066
0.0003165186541223020745866989066
0.0003122597749182826115428318616
0.0003122597749182826115428318616
0.0003079995503162905224111672707
0.0003079995503162905224111672707
0.0003037379986718714652282685346
0.0003037379986718714652282685346
0.0002994751383462890117757895364
0.0002994751383462890117757895364
0.0002952109877064455610429253488
0.0002952109877064455610429253488
0.0002909455651248032313327530844
0.0002909455651248032313327530844
0.0002866788889793047317553618196
0.0002866788889793047317553618196
0.0002824109776532942139128072834
0.0002824109776532942139128072834
0.0002781418495354381046537580924
0.0002781418495354381046537580924
0.0002738715230196459208612694418
0.0002738715230196459208612694418
0.0002696000165049910673379008979
0.0002696000165049910673379008979
0.0002653273483956316189713896765
0.0002653273483956316189713896765
0.0002610535371007310885049545209
0.0002610535371007310885049545209
0.0002567786010343791814035009651
0.0002567786010343791814035009651
0.0002525025586155125395059929194
0.0002525025586155125395059929194
0.0002482254282678354753917655879
0.0002482254282678354753917655879
0.0002439472284197406996728628183
0.0002439472284197406996728628183
0.000239667977504230043765834446
0.000239667977504230043765834446
0.000235387693958835181107547599
0.000235387693958835181107547599
0.0002311063962255383502763031748
0.0002311063962255383502763031748
0.0002268241027506930840817348962
0.0002268241027506930840817348962
0.0002225408319849449494195065376
0.0002225408319849449494195065376
0.000218256602383152303581114414
0.000218256602383152303581114414
0.0002139714324043070738049100617
0.0002139714324043070738049100617
0.00020968534051145556820235459
0.00020968534051145556820235459
0.0002053983451716193278581148902
0.0002053983451716193278581148902
0.0002011104648557160319668565829
0.0002011104648557160319668565829
0.0001968217180384804704404778954
0.0001968217180384804704404778954
0.0001925321231983856016357991184
0.0001925321231983856016357991184
0.0001882416988175637168952218425
0.0001882416988175637168952218425
0.0001839504633817277386986525242
0.0001839504633817277386986525242
0.0001796584353800926857065697117
0.0001796584353800926857065697117
0.0001753656333052973462460209993
0.0001753656333052973462460209993
0.0001710720756533262124068390724
0.0001710720756533262124068390724
0.0001667777809234317406178309836
0.0001667777809234317406178309836
0.000162482767618057022367804784
0.000162482767618057022367804784
0.0001581870542427589719945027889
0.0001581870542427589719945027889
0.0001538906593061321690675631256
0.0001538906593061321690675631256
0.0001495936013197335334440406863
0.0001495936013197335334440406863
0.0001452958987980080652120331582
0.0001452958987980080652120331582
0.0001409975702582159545785288093
0.0001409975702582159545785288093
0.0001366986342203614655774665858
0.0001366986342203614655774665858
0.0001323991092071241327168254347
0.0001323991092071241327168254347
0.0001280990137437929964972903494
0.0001280990137437929964972903494
0.0001237983663582048643350517213
0.0001237983663582048643350517213
0.0001194971855806879507721992648
0.0001194971855806879507721992648
0.0001151954899440127744892897393
0.0001151954899440127744892897393
0.0001108932979833529449604022735
0.0001108932979833529449604022735
0.0001065906282362595750825775495
0.0001065906282362595750825775495
0.0001022874992426546904075823504
0.0001022874992426546904075823504
0.0000979839295448514618177397174
0.0000979839295448514618177397174
0.0000936799376876128388661778254
0.0000936799376876128388661778254
0.0000893755422182659863136346165
0.0000893755422182659863136346165
0.00008507076168689914430556118
0.00008507076168689914430556118
0.000080765614646682417166005944
0.000080765614646682417166005944
0.000076460119654378568288426848
0.000076460119654378568288426848
0.000072154295271151462880127521
0.000072154295271151462880127521
0.000067848160063852017698386497
0.000067848160063852017698386497
0.000063541732607090784804525571
0.000063541732607090784804525571
0.000059235031486645501328412893
0.000059235031486645501328412893
0.000054928075305211418947023569
0.000054928075305211418947023569
0.000050620882692422964347003161
0.000050620882692422964347003161
0.000046313472323011685105672356
0.000046313472323011685105672356
0.000042005862951271648995065283
0.000042005862951271648995065283
0.000037698073480225347214618738
0.000037698073480225347214618738
0.000033390123110100103117492738
0.000033390123110100103117492738
0.000029082031684556982891231298
0.000029082031684556982891231298
0.000024773820586518060466790028
0.000024773820586518060466790028
0.000020465515390353165708676846
0.000020465515390353165708676846
0.000016157155284854511560817995
0.000016157155284854511560817995
0.000011848836633546195654297136
0.000011848836633546195654297136
7.54102015216944924859138e-6
7.54102015216944924859138e-6
3.23954052508972375586252e-6
3.23954052508972375586252e-6