0.00168314568891501920838030536116
0.00168314568891501920838030536116
0.00168314092059534468900360070742
0.00168314092059534468900360070742
0.00168313138396950420905657430828
0.00168313138396950420905657430828
0.00168311707906451484788250220626
0.00168311707906451484788250220626
0.00168309800592090212882268244653
0.00168309800592090212882268244653
0.00168307416459269990440839942114
0.00168307416459269990440839942114
0.00168304555514745020328404893794
0.00168304555514745020328404893794
0.00168301217766620303886185767818
0.00168301217766620303886185767818
0.00168297403224351617970873912019
0.00168297403224351617970873912019
0.00168293111898745488166593641893
0.00168293111898745488166593641893
0.00168288343801959158170221114121
0.00168288343801959158170221114121
0.00168283098947500555350144516485
0.00168283098947500555350144516485
0.00168277377350228252478563145539
0.00168277377350228252478563145539
0.00168271179026351425637433783706
0.00168271179026351425637433783706
0.00168264503993429808298183627462
0.00168264503993429808298183627462
0.00168257352270373641575319857896
0.00168257352270373641575319857896
0.0016824972387744362065407678422
0.0016824972387744362065407678422
0.00168241618836250837392252329701
0.00168241618836250837392252329701
0.00168233037169756719096396467895
0.00168233037169756719096396467895
0.00168223978902272963472525055099
0.00168223978902272963472525055099
0.00168214444059461469751543342389
0.00168214444059461469751543342389
0.00168204432668334265989574287624
0.00168204432668334265989574287624
0.00168193944757253432543397624187
0.00168193944757253432543397624187
0.00168182980355931021721216479095
0.00168182980355931021721216479095
0.0016817153949542897360897916833
0.0016817153949542897360897916833
0.00168159622208159028072494631801
0.00168159622208159028072494631801
0.00168147228527882632935590804286
0.00168147228527882632935590804286
0.00168134358489710848334576051873
0.00168134358489710848334576051873
0.00168121012130104247249274635889
0.00168121012130104247249274635889
0.00168107189486872812210917998003
0.00168107189486872812210917998003
0.00168092890599175828187184491078
0.00168092890599175828187184491078
0.00168078115507521771644691010405
0.00168078115507521771644691010405
0.00168062864253768195789250809187
0.00168062864253768195789250809187
0.00168047136881121611984222610417
0.00168047136881121611984222610417
0.00168030933434137367347286954718
0.00168030933434137367347286954718
0.00168014253958719518525996550144
0.00168014253958719518525996550144
0.00167997098502120701652458215403
0.00167997098502120701652458215403
0.00167979467112941998477514832415
0.00167979467112941998477514832415
0.00167961359841132798684806547511
0.00167961359841132798684806547511
0.00167942776737990658385101282915
0.00167942776737990658385101282915
0.0016792371785616115479129544139
0.0016792371785616115479129544139
0.00167904183249637737074496506976
0.00167904183249637737074496506976
0.00167884172973761573401610063723
0.00167884172973761573401610063723
0.00167863687085221394154864572009
0.00167863687085221394154864572009
0.00167842725642053331333718058545
0.00167842725642053331333718058545
0.00167821288703640754139601691397
0.00167821288703640754139601691397
0.0016779937633071410074396602534
0.0016779937633071410074396602534
0.00167776988585350706240106515433
0.00167776988585350706240106515433
0.00167754125530974626779255708043
0.00167754125530974626779255708043
0.00167730787232356459891440328394
0.00167730787232356459891440328394
0.00167706973755613160991612292259
0.00167706973755613160991612292259
0.00167682685168207856071573476402
0.00167682685168207856071573476402
0.00167657921538949650578224888003
0.00167657921538949650578224888003
0.00167632682937993434478681677324
0.00167632682937993434478681677324
0.00167606969436839683512806240454
0.00167606969436839683512806240454
0.00167580781108334256633722459904
0.00167580781108334256633722459904
0.00167554118026668189636884930223
0.00167554118026668189636884930223
0.00167526980267377484978287813553
0.00167526980267377484978287813553
0.00167499367907342897782408766132
0.00167499367907342897782408766132
0.0016747128102478971804049417116
0.0016747128102478971804049417116
0.00167442719699287548999802706142
0.00167442719699287548999802706142
0.00167413684011750081744435063764
0.00167413684011750081744435063764
0.00167384174044434865968388434501
0.00167384174044434865968388434501
0.00167354189880943076941485146546
0.00167354189880943076941485146546
0.00167323731606219278668835644138
0.00167323731606219278668835644138
0.00167292799306551183244506769015
0.00167292799306551183244506769015
0.00167261393069569406400077091472
0.00167261393069569406400077091472
0.00167229512984247219248771817303
0.00167229512984247219248771817303
0.00167197159140900296225880574781
0.00167197159140900296225880574781
0.00167164331631186459226172161643
0.00167164331631186459226172161643
0.00167131030548105417939031105944
0.00167131030548105417939031105944
0.00167097255985998506382051666356
0.00167097255985998506382051666356
0.00167063008040548415633835667258
0.00167063008040548415633835667258
0.00167028286808778922766751331482
0.00167028286808778922766751331482
0.00166993092389054615980421039056
0.00166993092389054615980421039056
0.00166957424881080615936716703542
0.00166957424881080615936716703542
0.00166921284385902293297052218616
0.00166921284385902293297052218616
0.00166884671005904982462773186349
0.00166884671005904982462773186349
0.00166847584844813691519454895235
0.00166847584844813691519454895235
0.00166810026007692808385930270224
0.00166810026007692808385930270224
0.00166771994600945803168880268976
0.00166771994600945803168880268976
0.00166733490732314926723829948112
0.00166733490732314926723829948112
0.00166694514510880905423404170416
0.00166694514510880905423404170416
0.00166655066047062632133707668706
0.00166655066047062632133707668706
0.00166615145452616853399704924405
0.00166615145452616853399704924405
0.00166574752840637852840486058667
0.00166574752840637852840486058667
0.00166533888325557130755315671249
0.00166533888325557130755315671249
0.00166492552023143079941372297077
0.00166492552023143079941372297077
0.00166450744050500657724096882687
0.00166450744050500657724096882687
0.00166408464526071054201079414308
0.00166408464526071054201079414308
0.00166365713569631356700423556341
0.00166365713569631356700423556341
0.00166322491302294210454539883299
0.00166322491302294210454539883299
0.00166278797846507475490329009875
0.00166278797846507475490329009875
0.00166234633326053879736726642733
0.00166234633326053879736726642733
0.00166189997866050668350593293725
0.00166189997866050668350593293725
0.00166144891592949249261942107609
0.00166144891592949249261942107609
0.00166099314634534834939508967902
0.00166099314634534834939508967902
0.00166053267119926080377679752154
0.00166053267119926080377679752154
0.0016600674917957471730580031282
0.0016600674917957471730580031282
0.00165959760945265184620905461756
0.00165959760945265184620905461756
0.00165912302550114255044913935394
0.00165912302550114255044913935394
0.00165864374128570658007347013649
0.00165864374128570658007347013649
0.00165815975816414698754639158629
0.00165815975816414698754639158629
0.00165767107750757873687119729221
0.00165767107750757873687119729221
0.00165717770070042481924755514552
0.00165717770070042481924755514552
0.00165667962914041233102754513184
0.00165667962914041233102754513184
0.00165617686423856851398142065615
0.00165617686423856851398142065615
0.00165566940741921675788431125273
0.00165566940741921675788431125273
0.00165515726011997256543519127549
0.00165515726011997256543519127549
0.00165464042379173947951954587669
0.00165464042379173947951954587669
0.00165411889989870497282727226109
0.00165411889989870497282727226109
0.00165359268991833629983746084987
0.00165359268991833629983746084987
0.0016530617953413763111818076024
0.0016530617953413763111818076024
0.00165252621767183923039851532449
0.00165252621767183923039851532449
0.00165198595842700639308864833904
0.00165198595842700639308864833904
0.00165144101913742194848701140782
0.00165144101913742194848701140782
0.00165089140134688852345973027234
0.00165089140134688852345973027234
0.0016503371066124628489408176259
0.0016503371066124628489408176259
0.00164977813650445134882011473898
0.00164977813650445134882011473898
0.00164921449260640569129510533408
0.00164921449260640569129510533408
0.00164864617651511830269920464592
0.00164864617651511830269920464592
0.00164807318984061784381923290578
0.00164807318984061784381923290578
0.00164749553420616464871488875643
0.00164749553420616464871488875643
0.00164691321124824612605314433536
0.00164691321124824612605314433536
0.00164632622261657212297058995818
0.00164632622261657212297058995818
0.00164573456997407025147686249199
0.00164573456997407025147686249199
0.00164513825499688117741239762873
0.00164513825499688117741239762873
0.00164453727937435387197385235148
0.00164453727937435387197385235148
0.00164393164480904082582064993171
0.00164393164480904082582064993171
0.00164332135301669322577620580255
0.00164332135301669322577620580255
0.00164270640572625609413749862158
0.00164270640572625609413749862158
0.00164208680467986339060675676651
0.00164208680467986339060675676651
0.00164146255163283307685913639808
0.00164146255163283307685913639808
0.00164083364835366214376037307581
0.00164083364835366214376037307581
0.00164020009662402160124849472449
0.00164020009662402160124849472449
0.00163956189823875143089378952075
0.00163956189823875143089378952075
0.00163891905500585550115132800156
0.00163891905500585550115132800156
0.0016382715687464964453204443871
0.0016382715687464964453204443871
0.00163761944129499050222568776141
0.00163761944129499050222568776141
0.00163696267449880231963385936336
0.00163696267449880231963385936336
0.00163630127021853972042185780847
0.00163630127021853972042185780847
0.0016356352303279484315101595884
0.0016356352303279484315101595884
0.00163496455671390677557686767916
0.00163496455671390677557686767916
0.00163428925127642032556736653108
0.00163428925127642032556736653108
0.00163360931592861652201472711272
0.00163360931592861652201472711272
0.00163292475259673925318611103769
0.00163292475259673925318611103769
0.00163223556322014339807052811619
0.00163223556322014339807052811619
0.00163154174975128933222340694318
0.00163154174975128933222340694318
0.00163084331415573739648354336071
0.00163084331415573739648354336071
0.00163014025841214232857809681406
0.00163014025841214232857809681406
0.00162943258451224765763140975858
0.00162943258451224765763140975858
0.00162872029446088006159353036704
0.00162872029446088006159353036704
0.00162800339027594368760442383497
0.00162800339027594368760442383497
0.00162728187398841443530996258401
0.00162728187398841443530996258401
0.00162655574764233420314589062022
0.00162655574764233420314589062022
0.00162582501329480509760606221515
0.00162582501329480509760606221515
0.00162508967301598360551135994268
0.00162508967301598360551135994268
0.00162434972888907472929580192252
0.00162434972888907472929580192252
0.00162360518301032608532645289335
0.00162360518301032608532645289335
0.00162285603748902196527385846275
0.00162285603748902196527385846275
0.00162210229444747736054982655835
0.00162210229444747736054982655835
0.00162134395602103194982948473429
0.00162134395602103194982948473429
0.00162058102435804404967464656827
0.00162058102435804404967464656827
0.00161981350161988452827562491818
0.00161981350161988452827562491818
0.00161904138998093068232873429168
0.00161904138998093068232873429168
0.00161826469162856007706682901818
0.00161826469162856007706682901818
0.00161748340876314434946032829941
0.00161748340876314434946032829941
0.00161669754359804297460628355196
0.00161669754359804297460628355196
0.00161590709835959699532314774297
0.00161590709835959699532314774297
0.00161511207528712271496901065738
0.00161511207528712271496901065738
0.00161431247663290535350116822266
0.00161431247663290535350116822266
0.00161350830466219266679499815345
0.00161350830466219266679499815345
0.00161269956165318852924021826406
0.00161269956165318852924021826406
0.00161188624989704647963270783157
0.00161188624989704647963270783157
0.00161106837169786323038017637491
0.00161106837169786323038017637491
0.00161024592937267214004006814677
0.00161024592937267214004006814677
0.00160941892525143664920819451402
0.00160941892525143664920819451402
0.00160858736167704367977669022914
0.00160858736167704367977669022914
0.00160775124100529699757999336925
0.00160775124100529699757999336925
0.00160691056560491053844765244004
0.00160691056560491053844765244004
0.00160606533785750169768286781013
0.00160606533785750169768286781013
0.00160521556015758458298577825511
0.00160521556015758458298577825511
0.00160436123491256323084060695128
0.00160436123491256323084060695128
0.00160350236454272478638588476489
0.00160350236454272478638588476489
0.00160263895148123264678707213486
0.00160263895148123264678707213486
0.00160177099817411956813100424351
0.00160177099817411956813100424351
0.00160089850708028073586168751225
0.00160089850708028073586168751225
0.00160002148067146679877707874552
0.00160002148067146679877707874552
0.00159913992143227686660658147739
0.00159913992143227686660658147739
0.00159825383186015147118909725054
0.00159825383186015147118909725054
0.00159736321446536549127157267601
0.00159736321446536549127157267601
0.00159646807177102104094808618466
0.00159646807177102104094808618466
0.00159556840631304032175962138712
0.00159556840631304032175962138712
0.00159466422064015843847477690718
0.00159466422064015843847477690718
0.00159375551731391617857176544529
0.00159375551731391617857176544529
0.00159284229890865275544215766195
0.00159284229890865275544215766195
0.0015919245680114985153369292466
0.0015919245680114985153369292466
0.00159100232722236760807547225507
0.00159100232722236760807547225507
0.00159007557915395062153833445718
0.00159007557915395062153833445718
0.00158914432643170717996455303643
0.00158914432643170717996455303643
0.00158820857169385850607455152433
0.00158820857169385850607455152433
0.00158726831759137994703967133362
0.00158726831759137994703967133362
0.00158632356678799346431951167634
0.00158632356678799346431951167634
0.00158537432196016008738835401446
0.00158537432196016008738835401446
0.00158442058579707233137204949238
0.00158442058579707233137204949238
0.00158346236100064657861685004173
0.00158346236100064657861685004173
0.00158249965028551542421176602863
0.00158249965028551542421176602863
0.00158153245637901998548613543298
0.00158153245637901998548613543298
0.00158056078202120217550419160654
0.00158056078202120217550419160654
0.00157958462996479694057851865268
0.00157958462996479694057851865268
0.00157860400297522446182438540417
0.00157860400297522446182438540417
0.00157761890383058232077705084717
0.00157761890383058232077705084717
0.00157662933532163762909423564833
0.00157662933532163762909423564833
0.00157563530025181912236605618797
0.00157563530025181912236605618797
0.00157463680143720921805481918528
0.00157463680143720921805481918528
0.00157363384170653603758717662079
0.00157363384170653603758717662079
0.00157262642390116539262124221707
0.00157262642390116539262124221707
0.00157161455087509273551137223032
0.00157161455087509273551137223032
0.00157059822549493507399341473281
0.00157059822549493507399341473281
0.00156957745063992285011333292884
0.00156957745063992285011333292884
0.0015685522292018917834222093448
0.0015685522292018917834222093448
0.00156752256408527467846073896641
0.00156752256408527467846073896641
0.00156648845820709319655642056374
0.00156648845820709319655642056374
0.00156544991449694959195675654565
0.00156544991449694959195675654565
0.00156440693589701841232187272099
0.00156440693589701841232187272099
0.00156335952536203816360007031287
0.00156335952536203816360007031287
0.00156230768585930293930992347492
0.00156230768585930293930992347492
0.00156125142036865401425263639369
0.00156125142036865401425263639369
0.00156019073188247140267847483023
0.00156019073188247140267847483023
0.0015591256234056653809311876544
0.0015591256234056653809311876544
0.00155805609795566797459443455888
0.00155805609795566797459443455888
0.0015569821585624244101643367049
0.0015569821585624244101643367049
0.00155590380826838453127236754849
0.00155590380826838453127236754849
0.00155482105012849417948290152445
0.00155482105012849417948290152445
0.00155373388721018653968983862423
0.00155373388721018653968983862423
0.00155264232259337345013682319444
0.00155264232259337345013682319444
0.00155154635937043667708567550309
0.00155154635937043667708567550309
0.00155044600064621915415775477174
0.00155044600064621915415775477174
0.00154934124953801618637307245256
0.00154934124953801618637307245256
0.0015482321091755666189120745402
0.0015482321091755666189120745402
0.00154711858270104397062511164778
0.00154711858270104397062511164778
0.00154600067326904753231471544613
0.00154600067326904753231471544613
0.00154487838404659342981589986286
0.00154487838404659342981589986286
0.0015437517182131056518998051647
0.0015437517182131056518998051647
0.00154262067896040704302610270097
0.00154262067896040704302610270097
0.00154148526949271026096967766944
0.00154148526949271026096967766944
0.00154034549302660869934720677556
0.00154034549302660869934720677556
0.00153920135279106737506934709472
0.00153920135279106737506934709472
0.00153805285202741378074435181171
0.00153805285202741378074435181171
0.00153689999398932870205902780389
0.00153689999398932870205902780389
0.00153574278194283700016304925277
0.00153574278194283700016304925277
0.00153458121916629835908274061378
0.00153458121916629835908274061378
0.00153341530895039799819054134482
0.00153341530895039799819054134482
0.00153224505459813734975646379054
0.00153224505459813734975646379054
0.00153107045942482470160795454169
0.00153107045942482470160795454169
0.00152989152675806580492466843588
0.00152989152675806580492466843588
0.00152870825993775444719476313825
0.00152870825993775444719476313825
0.00152752066231606299035942093738
0.00152752066231606299035942093738
0.00152632873725743287417240301277
0.00152632873725743287417240301277
0.00152513248813856508480153997546
0.00152513248813856508480153997546
0.00152393191834841058869916095212
0.00152393191834841058869916095212
0.00152272703128816073176856187577
0.00152272703128816073176856187577
0.00152151783037123760385371196125
0.00152151783037123760385371196125
0.00152030431902328436857949558309
0.00152030431902328436857949558309
0.00151908650068215555856988493379
0.00151908650068215555856988493379
0.00151786437879790733607153692487
0.00151786437879790733607153692487
0.00151663795683278771901040579843
0.00151663795683278771901040579843
0.00151540723826122677250906084473
0.00151540723826122677250906084473
0.00151417222656982676589249647044
0.00151417222656982676589249647044
0.00151293292525735229521031963265
0.00151293292525735229521031963265
0.00151168933783472037130329734516
0.00151168933783472037130329734516
0.00151044146782499047344234457571
0.00151044146782499047344234457571
0.00150918931876335456856813038561
0.00150918931876335456856813038561
0.00150793289419712709615957761569
0.00150793289419712709615957761569
0.00150667219768573491875962879562
0.00150667219768573491875962879562
0.0015054072328007072381867482455
0.0015054072328007072381867482455
0.0015041380031256654774607275506
0.0015041380031256654774607275506
0.00150286451225631312847145872082
0.00150286451225631312847145872082
0.00150158676380042556541943639574
0.00150158676380042556541943639574
0.00150030476137783982405684742447
0.00150030476137783982405684742447
0.00149901850862044434675820303552
0.00149901850862044434675820303552
0.0014977280091721686934495656165
0.0014977280091721686934495656165
0.00149643326668897321842551884488
0.00149643326668897321842551884488
0.00149513428483883871308312655113
0.00149513428483883871308312655113
0.0014938310673017560146022222514
0.0014938310673017560146022222514
0.00149252361776971558060146776071
0.00149252361776971558060146776071
0.00149121193994669702979971568749
0.00149121193994669702979971568749
0.00148989603754865864871230691669
0.00148989603754865864871230691669
0.00148857591430352686441203041092
0.00148857591430352686441203041092
0.00148725157395118568338456879744
0.00148725157395118568338456879744
0.00148592302024346609650834926237
0.00148592302024346609650834926237
0.00148459025694413545018881524247
0.00148459025694413545018881524247
0.00148325328782888678367723028861
0.00148325328782888678367723028861
0.00148191211668532813260422127379
0.00148191211668532813260422127379
0.00148056674731297179875836383155
0.00148056674731297179875836383155
0.00147921718352322358614020853746
0.00147921718352322358614020853746
0.00147786342913937200332224188797
0.00147786342913937200332224188797
0.00147650548799657743214537158504
0.00147650548799657743214537158504
0.00147514336394186126278262100315
0.00147514336394186126278262100315
0.00147377706083409499520081299645
0.00147377706083409499520081299645
0.00147240658254398930705111839754
0.00147240658254398930705111839754
0.00147103193295408308801943966567
0.00147103193295408308801943966567
0.00146965311595873244066769516108
0.00146965311595873244066769516108
0.00146827013546409964779716445253
0.00146827013546409964779716445253
0.00146688299538814210636514990773
0.00146688299538814210636514990773
0.00146549169966060122798630456987
0.00146549169966060122798630456987
0.00146409625222299130605007098877
0.00146409625222299130605007098877
0.00146269665702858834948577025091
0.00146269665702858834948577025091
0.00146129291804241888320697493922
0.00146129291804241888320697493922
0.00145988503924124871526689415044
0.00145988503924124871526689415044
0.00145847302461357167075659300501
0.00145847302461357167075659300501
0.00145705687815959829247796330129
0.00145705687815959829247796330129
0.00145563660389124450842345609234
0.00145563660389124450842345609234
0.00145421220583212026609468099961
0.00145421220583212026609468099961
0.00145278368801751813369207102225
0.00145278368801751813369207102225
0.00145135105449440186820790545495
0.00145135105449440186820790545495
0.00144991430932139495045507728889
0.00144991430932139495045507728889
0.00144847345656876908706408514113
0.00144847345656876908706408514113
0.00144702850031843267948082333596
0.00144702850031843267948082333596
0.00144557944466391925999783724798
0.00144557944466391925999783724798
0.0014441262937103758948518044101
0.0014441262937103758948518044101
0.00144266905157455155442009519057
0.00144266905157455155442009519057
0.00144120772238478545054936005068
0.00144120772238478545054936005068
0.00143974231028099534104918350925
0.00143974231028099534104918350925
0.00143827281941466580138393796063
0.00143827281941466580138393796063
0.00143679925394883646359606341995
0.00143679925394883646359606341995
0.00143532161805809022249409210202
0.00143532161805809022249409210202
0.00143383991592854140913882947867
0.00143383991592854140913882947867
0.00143235415175782393166119610291
0.00143235415175782393166119610291
0.00143086432975507938344532703737
0.00143086432975507938344532703737
0.00142937045414094511871061817768
0.00142937045414094511871061817768
0.00142787252914754229552650111999
0.00142787252914754229552650111999
0.001426370559018463886293820484
0.001426370559018463886293820484
0.00142486454800876265572677976958
0.00142486454800876265572677976958
0.00142335450038493910636951389517
0.00142335450038493910636951389517
0.00142184042042492939168143854011
0.00142184042042492939168143854011
0.00142032231241809319672561828987
0.00142032231241809319672561828987
0.00141880018066520158649448736339
0.00141880018066520158649448736339
0.00141727402947842482190734838445
0.00141727402947842482190734838445
0.001415743863181320143514166244
0.001415743863181320143514166244
0.00141420968610881952294026558834
0.00141420968610881952294026558834
0.00141267150260721738210663185688
0.00141267150260721738210663185688
0.00141112931703415828026060708464
0.00141112931703415828026060708464
0.00140958313375862456885186287725
0.00140958313375862456885186287725
0.00140803295716092401428862405961
0.00140803295716092401428862405961
0.00140647879163267738860920749438
0.00140647879163267738860920749438
0.00140492064157680602810403146141
0.00140492064157680602810403146141
0.00140335851140751935992334178535
0.00140335851140751935992334178535
0.00140179240555030239670599159406
0.00140179240555030239670599159406
0.00140022232844190319926470218663
0.00140022232844190319926470218663
0.00139864828453032030736332298489
0.00139864828453032030736332298489
0.00139707027827479013862169893721
0.00139707027827479013862169893721
0.00139548831414577435558384403721
0.00139548831414577435558384403721
0.00139390239662494720098520981281
0.00139390239662494720098520981281
0.0013923125302051828012549277323
0.0013923125302051828012549277323
0.00139071871939054243828899446403
0.00139071871939054243828899446403
0.00138912096869626178953045881383
0.00138912096869626178953045881383
0.00138751928264873813639275895025
0.00138751928264873813639275895025
0.00138591366578551754106244821079
0.00138591366578551754106244821079
0.00138430412265528199171763736287
0.00138430412265528199171763736287
0.0013826906578178365161985706711
0.0013826906578178365161985706711
0.00138107327584409626416684249675
0.00138107327584409626416684249675
0.00137945198131607355778985042653
0.00137945198131607355778985042653
0.00137782677882686491098717009518
0.00137782677882686491098717009518
0.00137619767298063801727562592976
0.00137619767298063801727562592976
0.00137456466839261870624992100298
0.00137456466839261870624992100298
0.0013729277696890778687357780376
0.0013729277696890778687357780376
0.00137128698150731835065263235429
0.00137128698150731835065263235429
0.00136964230849566181562300620049
0.00136964230849566181562300620049
0.0013679937553134355763657824378
0.0013679937553134355763657824378
0.0013663413266309593949106840003
0.0013663413266309593949106840003
0.00136468502712953225167135386476
0.00136468502712953225167135386476
0.00136302486150141908341451849717
0.00136302486150141908341451849717
0.00136136083444983749016280585625
0.00136136083444983749016280585625
0.00135969295068894441106887704559
0.00135969295068894441106887704559
0.00135802121494382276929861860925
0.00135802121494382276929861860925
0.0013563456319504680859612302626
0.0013563456319504680859612302626
0.0013546662064557750631241305399
0.0013546662064557750631241305399
0.00135298294321752413595069042183
0.00135298294321752413595069042183
0.00135129584700436799399889248109
0.00135129584700436799399889248109
0.00134960492259581807171910045032
0.00134960492259581807171910045032
0.00134791017478223100818921137525
0.00134791017478223100818921137525
0.00134621160836479507612554966562
0.00134621160836479507612554966562
0.00134450922815551658020794939786
0.00134450922815551658020794939786
0.00134280303897720622475755815571
0.00134280303897720622475755815571
0.00134109304566346545080598251832
0.00134109304566346545080598251832
0.00133937925305867274259448201873
0.00133937925305867274259448201873
0.00133766166601796990354200500025
0.00133766166601796990354200500025
0.00133594028940724830172094629199
0.00133594028940724830172094629199
0.00133421512810313508487959300918
0.00133421512810313508487959300918
0.00133248618699297936505031105723
0.00133248618699297936505031105723
0.00133075347097483837278261108195
0.00133075347097483837278261108195
0.00132901698495746358104031866009
0.00132901698495746358104031866009
0.00132727673386028679880215946552
0.00132727673386028679880215946552
0.00132553272261340623440515597616
0.00132553272261340623440515597616
0.00132378495615757252867031800462
0.00132378495615757252867031800462
0.00132203343944417475785019494181
0.00132203343944417475785019494181
0.00132027817743522640643794309682
0.00132027817743522640643794309682
0.0013185191751033513098776468982
0.0013185191751033513098776468982
0.00131675643743176956721571799083
0.00131675643743176956721571799083
0.00131498996941428342373328141921
0.00131498996941428342373328141921
0.00131321977605526312359954313081
0.00131321977605526312359954313081
0.00131144586236963273258621796366
0.00131144586236963273258621796366
0.00130966823338285593088318209844
0.00130966823338285593088318209844
0.00130788689413092177605559865815
0.00130788689413092177605559865815
0.00130610184966033043618284972705
0.00130610184966033043618284972705
0.00130431310502807889321969253495
0.00130431310502807889321969253495
0.00130252066530164661662014191282
0.00130252066530164661662014191282
0.00130072453555898120726466537082
0.00130072453555898120726466537082
0.00129892472088848401173136127994
0.00129892472088848401173136127994
0.00129712122638899570695187465364
0.00129712122638899570695187465364
0.00129531405716978185529288892485
0.00129531405716978185529288892485
0.00129350321835051843010411589813
0.00129350321835051843010411589813
0.00129168871506127731177378972413
0.00129168871506127731177378972413
0.00128987055244251175433275429534
0.00128987055244251175433275429534
0.00128804873564504182264831689761
0.00128804873564504182264831689761
0.00128622326983003980024912427018
0.00128622326983003980024912427018
0.00128439416016901556782240042903
0.00128439416016901556782240042903
0.00128256141184380195242496869293
0.00128256141184380195242496869293
0.00128072503004654004744956331878
0.00128072503004654004744956331878
0.00127888501997966450338801900262
0.00127888501997966450338801900262
0.00127704138685588878943300923469
0.00127704138685588878943300923469
0.00127519413589819042596008711051
0.00127519413589819042596008711051
0.00127334327233979618793186469583
0.00127334327233979618793186469583
0.00127148880142416727926624942001
0.00127148880142416727926624942001
0.00126963072840498447821073823099
0.00126963072840498447821073823099
0.00126776905854613325376485238405
0.00126776905854613325376485238405
0.00126590379712168885319287775682
0.00126590379712168885319287775682
0.0012640349494159013606691574835
0.0012640349494159013606691574835
0.00126216252072318072709826548228
0.00126216252072318072709826548228
0.00126028651634808177115247111096
0.00126028651634808177115247111096
0.00125840694160528915156898672661
0.00125840694160528915156898672661
0.00125652380181960231074957134559
0.00125652380181960231074957134559
0.00125463710232592038970514490034
0.00125463710232592038970514490034
0.00125274684846922711438814876801
0.00125274684846922711438814876801
0.00125085304560457565345546930457
0.00125085304560457565345546930457
0.00124895569909707344750482205397
0.00124895569909707344750482205397
0.00124705481432186700982757511792
0.00124705481432186700982757511792
0.00124515039666412669872107086446
0.00124515039666412669872107086446
0.00124324245151903146140358572557
0.00124324245151903146140358572557
0.00124133098429175354957514828278
0.00124133098429175354957514828278
0.0012394160003974432066675161669
0.0012394160003974432066675161669
0.00123749750526121332682669250163
0.00123749750526121332682669250163
0.00123557550431812408567144270252
0.00123557550431812408567144270252
0.00123365000301316754287135240045
0.00123365000301316754287135240045
0.00123172100680125221658804709357
0.00123172100680125221658804709357
0.00122978852114718762982327384297
0.00122978852114718762982327384297
0.00122785255152566882871762491453
0.00122785255152566882871762491453
0.00122591310342126087284376273276
0.00122591310342126087284376273276
0.00122397018232838329753808485149
0.00122397018232838329753808485149
0.00122202379375129454831484686093
0.00122202379375129454831484686093
0.00122007394320407638740684024043
0.00122007394320407638740684024043
0.00121812063621061827247680113121
0.00121812063621061827247680113121
0.00121616387830460170754380484328
0.00121616387830460170754380484328
0.00121420367502948456616897962501
0.00121420367502948456616897962501
0.00121224003193848538694495181291
0.00121224003193848538694495181291
0.00121027295459456764133351294185
0.00121027295459456764133351294185
0.00120830244857042397389607773336
0.00120830244857042397389607773336
0.00120632851944846041496158008997
0.00120632851944846041496158008997
0.00120435117282078056577653230814
0.00120435117282078056577653230814
0.00120237041428916975618205067954
0.00120237041428916975618205067954
0.00120038624946507917486272848136
0.00120038624946507917486272848136
0.00119839868396960997221231505949
0.00119839868396960997221231505949
0.00119640772343349733586123728482
0.00119640772343349733586123728482
0.00119441337349709453891107711106
0.00119441337349709453891107711106
0.00119241563981035696092119628357
0.00119241563981035696092119628357
0.00119041452803282608169277644108
0.00119041452803282608169277644108
0.00118841004383361344789561991664
0.00118841004383361344789561991664
0.00118640219289138461258313348038
0.00118640219289138461258313348038
0.00118439098089434304764099407356
0.00118439098089434304764099407356
0.00118237641354021402921507226214
0.00118237641354021402921507226214
0.00118035849653622849616426568713
0.00118035849653622849616426568713
0.00117833723559910688158397120906
0.00117833723559910688158397120906
0.00117631263645504291744600073432
0.00117631263645504291744600073432
0.0011742847048396874124008218717
0.0011742847048396874124008218717
0.00117225344649813200278808059813
0.00117225344649813200278808059813
0.00117021886718489287690143901313
0.00117021886718489287690143901313
0.00116818097266389447255383703148
0.00116818097266389447255383703148
0.00116613976870845314798936250313
0.00116613976870845314798936250313
0.00116409526110126082618798975789
0.00116409526110126082618798975789
0.00116204745563436861260952194987
0.00116204745563436861260952194987
0.00115999635810917038642314782336
0.00115999635810917038642314782336
0.00115794197433638636526909863598
0.00115794197433638636526909863598
0.00115588431013604664359896595856
0.00115588431013604664359896595856
0.00115382337133747470464131592218
0.00115382337133747470464131592218
0.00115175916377927090603931020196
0.00115175916377927090603931020196
0.00114969169330929593920711861377
0.00114969169330929593920711861377
0.00114762096578465426245198265456
0.00114762096578465426245198265456
0.00114554698707167750790886363817
0.00114554698707167750790886363817
0.00114346976304590786233468326711
0.00114346976304590786233468326711
0.00114138929959208142180923853618
0.00114138929959208142180923853618
0.00113930560260411152038994678565
0.00113930560260411152038994678565
0.00113721867798507203276765051019
0.00113721867798507203276765051019
0.00113512853164718065097078518407
0.00113512853164718065097078518407
0.00113303516951178213516528688413
0.00113303516951178213516528688413
0.00113093859750933153859768987785
0.00113093859750933153859768987785
0.00112883882157937740672893759617
0.00112883882157937740672893759617
0.00112673584767054495060650352781
0.00112673584767054495060650352781
0.00112462968174051919452249155421
0.00112462968174051919452249155421
0.00112252032975602809800545809182
0.00112252032975602809800545809182
0.00112040779769282565219377112051
0.00112040779769282565219377112051
0.00111829209153567495063839375342
0.00111829209153567495063839375342
0.0011161732172783312345830524449
0.0011161732172783312345830524449
0.00111405118092352491276982223809
0.00111405118092352491276982223809
0.00111192598848294455581823362285
0.00111192598848294455581823362285
0.00110979764597721986522607760762
0.00110979764597721986522607760762
0.00110766615943590461704015750511
0.00110766615943590461704015750511
0.0011055315348974595802453076912
0.0011055315348974595802453076912
0.00110339377840923540992007121941
0.00110339377840923540992007121941
0.00110125289602745551520749965888
0.00110125289602745551520749965888
0.00109910889381719890214960987208
0.00109910889381719890214960987208
0.00109696177785238299143410365937
0.00109696177785238299143410365937
0.00109481155421574641110202727099
0.00109481155421574641110202727099
0.00109265822899883176426511872178
0.00109265822899883176426511872178
0.00109050180830196837188166164167
0.00109050180830196837188166164167
0.00108834229823425499063973505353
0.00108834229823425499063973505353
0.00108617970491354250599681899042
0.00108617970491354250599681899042
0.00108401403446641660042478624602
0.00108401403446641660042478624602
0.00108184529302818039690938079473
0.00108184529302818039690938079473
0.00107967348674283707775335352162
0.00107967348674283707775335352162
0.00107749862176307247873249586692
0.00107749862176307247873249586692
0.00107532070425023765865388181434
0.00107532070425023765865388181434
0.00107313974037433144436569833813
0.00107313974037433144436569833813
0.0010709557363139829512681139686
0.0010709557363139829512681139686
0.00106876869825643407937470454158
0.00106876869825643407937470454158
0.00106657863239752198497402446172
0.00106657863239752198497402446172
0.00106438554494166152794098093448
0.00106438554494166152794098093448
0.00106218944210182769474773760494
0.00106218944210182769474773760494
0.00105999033009953799722394288501
0.00105999033009953799722394288501
0.00105778821516483484711614695197
0.00105778821516483484711614695197
0.00105558310353626790649633996227
0.00105558310353626790649633996227
0.00105337500146087641406961244334
0.00105337500146087641406961244334
0.0010511639151941714874310071039
0.0010511639151941714874310071039
0.00104894985100011840132169943873
0.00104894985100011840132169943873
0.00104673281515111884193471249755
0.00104673281515111884193471249755
0.00104451281392799313732043903909
0.00104451281392799313732043903909
0.00104228985361996246394231200028
0.00104228985361996246394231200028
0.00104006394052463102943303177699
0.00104006394052463102943303177699
0.00103783508094796823160182623623
0.00103783508094796823160182623623
0.00103560328120429079374328666025
0.00103560328120429079374328666025
0.00103336854761624487629838996052
0.00103336854761624487629838996052
0.00103113088651478816491838449336
0.00103113088651478816491838449336
0.00102889030423917193498228365968
0.00102889030423917193498228365968
0.00102664680713692309261877817783
0.00102664680713692309261877817783
0.00102440040156382619228344448127
0.00102440040156382619228344448127
0.00102215109388390543094219311166
0.00102215109388390543094219311166
0.00101989889046940661891196725203
0.00101989889046940661891196725203
0.00101764379770077912740976767456
0.00101764379770077912740976767456
0.00101538582196665781286114636273
0.00101538582196665781286114636273
0.00101312496966384491801937690766
0.00101312496966384491801937690766
0.00101086124719729194994657547392
0.00101086124719729194994657547392
0.00100859466098008153490811167955
0.00100859466098008153490811167955
0.00100632521743340925023171414017
0.00100632521743340925023171414017
0.00100405292298656543318274068523
0.00100405292298656543318274068523
0.0010017777840769169669071483681
0.0010017777840769169669071483681
0.00099949980714988904349376335845
0.00099949980714988904349376335845
0.00099721899865894690420751562635
0.00099721899865894690420751562635
0.00099493536506557755694536800209
0.00099493536506557755694536800209
0.00099264891283927147096673372375
0.00099264891283927147096673372375
0.00099035964845750424895024096579
0.00099035964845750424895024096579
0.00098806757840571827642876707633
0.00098806757840571827642876707633
0.00098577270917730434865472933805
0.00098577270917730434865472933805
0.00098347504727358327494768300781
0.00098347504727358327494768300781
0.00098117459920378746057634118247
0.00098117459920378746057634118247
0.00097887137148504246622719468348
0.00097887137148504246622719468348
0.00097656537064234854511197364998
0.00097656537064234854511197364998
0.00097425660320856215776625587918
0.00097425660320856215776625587918
0.00097194507572437746459159015389
0.00097194507572437746459159015389
0.00096963079473830779619356584974
0.00096963079473830779619356584974
0.00096731376680666710156832301857
0.00096731376680666710156832301857
0.00096499399849355137419005990026
0.00096499399849355137419005990026
0.00096267149637082005605215742129
0.00096267149637082005605215742129
0.00096034626701807741971460269639
0.00096034626701807741971460269639
0.00095801831702265392841045585745
0.00095801831702265392841045585745
0.00095568765297958757426416669291
0.00095568765297958757426416669291
0.00095335428149160519467460959016
0.00095335428149160519467460959016
0.00095101820916910376691576713281
0.00095101820916910376691576713281
0.0009486794426301316810080544145
0.0009486794426301316810080544145
0.00094633798850036999091333769016
0.00094633798850036999091333769016
0.00094399385341311364410676239502
0.00094399385341311364410676239502
0.00094164704400925268957856682027
0.00094164704400925268957856682027
0.00093929756693725346431911884243
0.00093929756693725346431911884243
0.00093694542885313975834047406079
0.00093694542885313975834047406079
0.00093459063642047395828781450367
0.00093459063642047395828781450367
0.00093223319631033816969418771931
0.00093223319631033816969418771931
0.00092987311520131531793202657128
0.00092987311520131531793202657128
0.00092751039977947022791499041047
0.00092751039977947022791499041047
0.00092514505673833068260372849669
0.00092514505673833068260372849669
0.00092277709277886846036922659159
0.00092277709277886846036922659159
0.00092040651460948035126745754175
0.00092040651460948035126745754175
0.0009180333289459691522791164155
0.0009180333289459691522791164155
0.00091565754251152464156828034921
0.00091565754251152464156828034921
0.00091327916203670453181389269917
0.00091327916203670453181389269917
0.00091089819425941540266803038211
0.00091089819425941540266803038211
0.00090851464592489361239497242181
0.00090851464592489361239497242181
0.00090612852378568618874514670112
0.00090612852378568618874514670112
0.0009037398346016316991180907463
0.0009037398346016316991180907463
0.00090134858513984110006862104621
0.00090134858513984110006862104621
0.00089895478217467856621046392984
0.00089895478217467856621046392984
0.00089655843248774229857165939365
0.00089655843248774229857165939365
0.00089415954286784531245610748419
0.00089415954286784531245610748419
0.00089175812011099620486568490131
0.00089175812011099620486568490131
0.00088935417102037990153741739319
0.00088935417102037990153741739319
0.00088694770240633838365025126586
0.00088694770240633838365025126586
0.00088453872108635139425602492702
0.00088453872108635139425602492702
0.0008821272338850171244892988262
0.0008821272338850171244892988262
0.0008797132476340328796107594411
0.0008797132476340328796107594411
0.00087729676917217572493897009241
0.00087729676917217572493897009241
0.00087487780534528311172529834703
0.00087487780534528311172529834703
0.00087245636300623348302690659186
0.00087245636300623348302690659186
0.00087003244901492685963274902711
0.00087003244901492685963274902711
0.00086760607023826540609757483931
0.00086760607023826540609757483931
0.00086517723355013397693899366955
0.00086517723355013397693899366955
0.00086274594583138064305271569241
0.00086274594583138064305271569241
0.00086031221396979719840113466389
0.00086031221396979719840113466389
0.00085787604486009964703047818455
0.00085787604486009964703047818455
0.00085543744540390867047180515466
0.00085543744540390867047180515466
0.00085299642250973007558118597227
0.00085299642250973007558118597227
0.00085055298309293522287445644345
0.00085055298309293522287445644345
0.00084810713407574143541199163393
0.00084810713407574143541199163393
0.00084565888238719238828900099591
0.00084565888238719238828900099591
0.00084320823496313847878690105001
0.00084320823496313847878690105001
0.00084075519874621717724137669194
0.00084075519874621717724137669194
0.00083829978068583335868279682536
0.00083829978068583335868279682536
0.00083584198773813961530470449649
0.00083584198773813961530470449649
0.00083338182686601654981615602301
0.00083338182686601654981615602301
0.000830919305039053049733737768
0.000830919305039053049733737768
0.00082845442923352654266914321058
0.00082845442923352654266914321058
0.00082598720643238323266824680707
0.00082598720643238323266824680707
0.0008235176436252183176576648208
0.0008235176436252183176576648208
0.00082104574780825618805484682397
0.00082104574780825618805484682397
0.00081857152598433060659779494196
0.00081857152598433060659779494196
0.00081609498516286486945056111875
0.00081609498516286486945056111875
0.00081361613235985194864072573094
0.00081361613235985194864072573094
0.0008111349745978346158851137683
0.0008111349745978346158851137683
0.00080865151890588554786005752937
0.00080865151890588554786005752937
0.00080616577231958741297256735228
0.00080616577231958741297256735228
0.00080367774188101293968882431288
0.00080367774188101293968882431288
0.00080118743463870496647646107443
0.00080118743463870496647646107443
0.0007986948576476564734171491661
0.0007986948576476564734171491661
0.00079620001796929059554606289935
0.00079620001796929059554606289935
0.00079370292267144061797484190465
0.00079370292267144061797484190465
0.00079120357882832995285472588253
0.00079120357882832995285472588253
0.00078870199352055209823658661535
0.00078870199352055209823658661535
0.00078619817383505057888463357749
0.00078619817383505057888463357749
0.00078369212686509886910062061243
0.00078369212686509886910062061243
0.00078118385971028029761543211532
0.00078118385971028029761543211532
0.00077867337947646793460497796884
0.00077867337947646793460497796884
0.0007761606932758044608873771281
0.0007761606932758044608873771281
0.00077364580822668201935846023745
0.00077364580822668201935846023745
0.00077112873145372204872267198779
0.00077112873145372204872267198779
0.00076860947008775509957650408696
0.00076860947008775509957650408696
0.00076608803126580063290163971869
0.00076608803126580063290163971869
0.00076356442213104680102504020657
0.00076356442213104680102504020657
0.0007610386498328302111032542785
0.0007610386498328302111032542785
0.00075851072152661567118827984449
0.00075851072152661567118827984449
0.00075598064437397591893235755585
0.00075598064437397591893235755585
0.00075344842554257133298912460659
0.00075344842554257133298912460659
0.00075091407220612962716860626878
0.00075091407220612962716860626878
0.00074837759154442552740357152155
0.00074837759154442552740357152155
0.00074583899074326043158482783939
0.00074583899074326043158482783939
0.00074329827699444205232307874807
0.00074329827699444205232307874807
0.00074075545749576404269501613688
0.00074075545749576404269501613688
0.00073821053945098560503136753315
0.00073821053945098560503136753315
0.00073566353006981108280466659912
0.00073566353006981108280466659912
0.0007331144365678695356745630025
0.0007331144365678695356745630025
0.00073056326616669429774853553968
0.00073056326616669429774853553968
0.00072801002609370251911591995525
0.00072801002609370251911591995525
0.00072545472358217469071321030234
0.00072545472358217469071321030234
0.00072289736587123415257863992561
0.00072289736587123415257863992561
0.00072033796020582658555409522277
0.00072033796020582658555409522277
0.00071777651383669948649246224992
0.00071777651383669948649246224992
0.00071521303402038162702855298254
0.00071521303402038162702855298254
0.00071264752801916249597180462569
0.00071264752801916249597180462569
0.0007100800031010717253789917848
0.0007100800031010717253789917848
0.00070751046653985850036523756268
0.00070751046653985850036523756268
0.0007049389256149709527116557371
0.0007049389256149709527116557371
0.00070236538761153553832800209915
0.00070236538761153553832800209915
0.00069978985982033639862875879249
0.00069978985982033639862875879249
0.00069721234953779470588112109031
0.00069721234953779470588112109031
0.00069463286406594799258340147766
0.00069463286406594799258340147766
0.00069205141071242946493241117411
0.00069205141071242946493241117411
0.00068946799679044730043842433312
0.00068946799679044730043842433312
0.00068688262961876392974637509191
0.00068688262961876392974637509191
0.00068429531652167530272198241766
0.00068429531652167530272198241766
0.0006817060648289901388615423029
0.0006817060648289901388615423029
0.00067911488187600916208417130515
0.00067911488187600916208417130515
0.00067652177500350431996532970276
0.00067652177500350431996532970276
0.00067392675155769798747049665057
0.00067392675155769798747049665057
0.00067132981889024215524791366569
0.00067132981889024215524791366569
0.00066873098435819760253935655476
0.00066873098435819760253935655476
0.00066613025532401305476793951012
0.00066613025532401305476793951012
0.00066352763915550432586199855266
0.00066352763915550432586199855266
0.00066092314322583344537414478458
0.00066092314322583344537414478458
0.00065831677491348777045462103452
0.00065831677491348777045462103452
0.00065570854160225908273813843245
0.00065570854160225908273813843245
0.00065309845068122267020341223985
0.00065309845068122267020341223985
0.00065048650954471639406465888453
0.00065048650954471639406465888453
0.00064787272559231974075435860703
0.00064787272559231974075435860703
0.00064525710622883285905663041818
0.00064525710622883285905663041818
0.00064263965886425558245060819391
0.00064263965886425558245060819391
0.00064002039091376643672324869547
0.00064002039091376643672324869547
0.00063739930979770163291104409875
0.00063739930979770163291104409875
0.00063477642294153404563015324738
0.00063477642294153404563015324738
0.00063215173777585217685450730971
0.00063215173777585217685450730971
0.00062952526173633910520148681954
0.00062952526173633910520148681954
0.00062689700226375142078480821579
0.00062689700226375142078480821579
0.00062426696680389814569429896563
0.00062426696680389814569429896563
0.00062163516280761964016228116065
0.00062163516280761964016228116065
0.00061900159773076649447632411519
0.00061900159773076649447632411519
0.00061636627903417840669816697086
0.00061636627903417840669816697086
0.00061372921418366304624865262191
0.00061372921418366304624865262191
0.00061109041064997490341855442109
0.00061109041064997490341855442109
0.00060844987590879412486521710773
0.00060844987590879412486521710773
0.00060580761744070533515497321615
0.00060580761744070533515497321615
0.00060316364273117644441133587605
0.00060316364273117644441133587605
0.0006005179592705374421290084053
0.0006005179592705374421290084053
0.0005978705745539591772137904218
0.0005978705745539591772137904218
0.0005952214960814321243084993625
0.0005952214960814321243084993625
0.0005925707313577451364650652979
0.0005925707313577451364650652979
0.0005899182878924641842229957664
0.0005899182878924641842229957664
0.0005872641731999110811544460264
0.0005872641731999110811544460264
0.0005846083947991421959361686374
0.0005846083947991421959361686374
0.0005819509602139271510086546303
0.0005819509602139271510086546303
0.0005792918769727275078828167173
0.0005792918769727275078828167173
0.0005766311526086754391546030183
0.0005766311526086754391546030183
0.0005739687946595523872879676523
0.0005739687946595523872879676523
0.0005713048106677677102266622445
0.0005713048106677677102266622445
0.0005686392081803373138953499546
0.0005686392081803373138953499546
0.000565971994748862271650581019
0.000565971994748862271650581019
0.0005633031779295074307422060305
0.0005633031779295074307422060305
0.0005606327652829800058458402577
0.0005606327652829800058458402577
0.000557960764374508159727029222
0.000557960764374508159727029222
0.000555287182773819571097802512
0.000555287182773819571097802512
0.0005526120280551199897263394263
0.0005526120280551199897263394263
0.0005499353077970717788605064863
0.0005499353077970717788605064863
0.0005472570295827724450260631625
0.0005472570295827724450260631625
0.000544577200999733155260368308
0.000544577200999733155260368308
0.0005418958296398572418424557896
0.0005418958296398572418424557896
0.0005392129230994186945803836572
0.0005392129230994186945803836572
0.000536528488979040640716796893
0.000536528488979040640716796893
0.0005338425348836738125136793359
0.0005338425348836738125136793359
0.0005311550684225750025773057845
0.0005311550684225750025773057845
0.0005284660972092855069844405521
0.0005284660972092855069844405521
0.0005257756288616095562708638649
0.0005257756288616095562708638649
0.000523083671001592734343342485
0.000523083671001592734343342485
0.0005203902312555003853761957817
0.0005203902312555003853761957817
0.0005176953172537960087536431889
0.0005176953172537960087536431889
0.0005149989366311196421191535628
0.0005149989366311196421191535628
0.0005123010970262662325930514016
0.0005123010970262662325930514016
0.0005096018060821639962196692085
0.0005096018060821639962196692085
0.000506901071445852765705369475
0.000506901071445852765705369475
0.0005041989007684623265087938313
0.0005041989007684623265087938313
0.0005014953017051907413447308691
0.0005014953017051907413447308691
0.0004987902819152826631630279776
0.0004987902819152826631630279776
0.0004960838490620076366640062661
0.0004960838490620076366640062661
0.0004933760108126383884118712648
0.0004933760108126383884118712648
0.0004906667748384291056076456195
0.0004906667748384291056076456195
0.0004879561488145937035831834168
0.0004879561488145937035831834168
0.0004852441404202840820778591059
0.0004852441404202840820778591059
0.0004825307573385683703595572319
0.0004825307573385683703595572319
0.000479816007256409161251622356
0.000479816007256409161251622356
0.0004770998978646417341274616321
0.0004770998978646417341274616321
0.0004743824368579522669345255312
0.0004743824368579522669345255312
0.0004716636319348560373094251733
0.0004716636319348560373094251733
0.0004689434907976756128459776398
0.0004689434907976756128459776398
0.0004662220211525190305780035136
0.0004662220211525190305780035136
0.0004634992307092579657387337353
0.0004634992307092579657387337353
0.0004607751271815058898587156846
0.0004607751271815058898587156846
0.0004580497182865962182641412032
0.0004580497182865962182641412032
0.0004553230117455604470375520898
0.0004553230117455604470375520898
0.0004525950152831062795029114202
0.0004525950152831062795029114202
0.0004498657366275957422970619034
0.0004498657366275957422970619034
0.0004471351835110232910896253828
0.0004471351835110232910896253828
0.000444403363668993906013430551
0.000444403363668993906013430551
0.0004416702848407011768675889888
0.0004416702848407011768675889888
0.0004389359547689053781553727744
0.0004389359547689053781553727744
0.00043620038119991153401908017
0.00043620038119991153401908017
0.0004334635718835474731341092897
0.0004334635718835474731341092897
0.000430725534573141873624493226
0.000430725534573141873624493226
0.0004279862770255022980621838727
0.0004279862770255022980621838727
0.0004252458070008932186124056706
0.0004252458070008932186124056706
0.0004225041322630140323874347471
0.0004225041322630140323874347471
0.000419761260578977067071193457
0.000419761260578977067071193457
0.0004170171997192855768770851947
0.0004170171997192855768770851947
0.0004142719574578117289015295845
0.0004142719574578117289015295845
0.0004115255415717745799356938057
0.0004115255415717745799356938057
0.0004087779598417180437979519223
0.0004087779598417180437979519223
0.0004060292200514888492496407222
0.0004060292200514888492496407222
0.0004032793299882144885567177753
0.0004032793299882144885567177753
0.0004005282974422811567599652711
0.0004005282974422811567599652711
0.0003977761302073116817164217505
0.0003977761302073116817164217505
0.0003950228360801434449747631906
0.0003950228360801434449747631906
0.0003922684228608062935473951103
0.0003922684228608062935473951103
0.0003895128983525004426420585355
0.0003895128983525004426420585355
0.0003867562703615743694157948882
0.0003867562703615743694157948882
0.0003839985466975026978141582644
0.0003839985466975026978141582644
0.0003812397351728640745586082465
0.0003812397351728640745586082465
0.0003784798436033190363450625011
0.0003784798436033190363450625011
0.0003757188798075878683166360794
0.0003757188798075878683166360794
0.0003729568516074284538736437254
0.0003729568516074284538736437254
0.0003701937668276141158839927833
0.0003701937668276141158839927833
0.0003674296332959114493571476663
0.0003674296332959114493571476663
0.0003646644588430581456449025209
0.0003646644588430581456449025209
0.0003618982513027408082322569227
0.0003618982513027408082322569227
0.0003591310185115727601817504319
0.0003591310185115727601817504319
0.0003563627683090718432946758941
0.0003563627683090718432946758941
0.0003535935085376382090526588177
0.0003535935085376382090526588177
0.0003508232470425321014031613315
0.0003508232470425321014031613315
0.0003480519916718516314525445055
0.0003480519916718516314525445055
0.0003452797502765105441304026328
0.0003452797502765105441304026328
0.000342506530710215976888967885
0.000342506530710215976888967885
0.0003397323408294462105014740851
0.0003397323408294462105014740851
0.0003369571884934284120234647702
0.0003369571884934284120234647702
0.0003341810815641163699811338772
0.0003341810815641163699811338772
0.0003314040279061682218508979894
0.0003314040279061682218508979894
0.0003286260353869241738945179205
0.0003286260353869241738945179205
0.0003258471118763842134142153649
0.0003258471118763842134142153649
0.000323067265247185813492368386
0.000323067265247185813492368386
0.0003202865033745816302805187488
0.0003202865033745816302805187488
0.0003175048341364171929025857365
0.0003175048341364171929025857365
0.0003147222654131085860373564993
0.0003147222654131085860373564993
0.000311938805087620125245513682
0.000311938805087620125245513682
0.0003091544610454420251066687801
0.0003091544610454420251066687801
0.0003063692411745680602320962837
0.0003063692411745680602320962837
0.0003035831533654732192191113464
0.0003035831533654732192191113464
0.0003007962055110913516133048524
0.0003007962055110913516133048524
0.0002980084055067928079451470752
0.0002980084055067928079451470752
0.0002952197612503620729077976582
0.0002952197612503620729077976582
0.0002924302806419753917433188482
0.0002924302806419753917433188482
0.0002896399715841783899048846307
0.0002896399715841783899048846307
0.0002868488419818636860630150438
0.0002868488419818636860630150438
0.0002840568997422484985243474009
0.0002840568997422484985243474009
0.0002812641527748522451319900444
0.0002812641527748522451319900444
0.0002784706089914741367170958967
0.0002784706089914741367170958967
0.0002756762763061707641719496711
0.0002756762763061707641719496711
0.0002728811626352336792155922978
0.0002728811626352336792155922978
0.0002700852758971669689238182004
0.0002700852758971669689238182004
0.0002672886240126648240962860798
0.0002672886240126648240962860798
0.0002644912149045891015344938725
0.0002644912149045891015344938725
0.0002616930564979468803054973
0.0002616930564979468803054973
0.0002588941567198680120675146322
0.0002588941567198680120675146322
0.0002560945234995826655349759418
0.0002560945234995826655349759418
0.0002532941647683988651621638623
0.0002532941647683988651621638623
0.000250493088459680024126378358
0.000250493088459680024126378358
0.0002476913025088224716935675047
0.0002476913025088224716935675047
0.0002448888148532329750516311159
0.0002448888148532329750516311159
0.0002420856334323062556991604025
0.0002420856334323062556991604025
0.0002392817661874025004802664948
0.0002392817661874025004802664948
0.0002364772210618248673594219161
0.0002364772210618248673594219161
0.0002336720060007969860339480018
0.0002336720060007969860339480018
0.0002308661289514404534859928284
0.0002308661289514404534859928284
0.0002280595978627523245806340798
0.0002280595978627523245806340798
0.0002252524206855825978221975375
0.0002252524206855825978221975375
0.0002224446053726116963871073559
0.0002224446053726116963871073559
0.0002196361598783279445586992032
0.0002196361598783279445586992032
0.0002168270921590050396975725647
0.0002168270921590050396975725647
0.0002140174101726795198903993434
0.0002140174101726795198903993434
0.0002112071218791282274308368076
0.0002112071218791282274308368076
0.0002083962352398457682985431057
0.0002083962352398457682985431057
0.0002055847582180219678165336616
0.0002055847582180219678165336616
0.0002027726987785193226835671577
0.0002027726987785193226835671577
0.0001999600648878504495972905388
0.0001999600648878504495972905388
0.0001971468645141555307059553844
0.0001971468645141555307059553844
0.0001943331056271797561521815707
0.0001943331056271797561521815707
0.0001915187961982507640021316614
0.0001915187961982507640021316614
0.0001887039442002560778883412685
0.0001887039442002560778883412685
0.0001858885576076205427352516202
0.0001858885576076205427352516202
0.000183072644396283758984324075
0.000183072644396283758984324075
0.0001802562125436775157918261339
0.0001802562125436775157918261339
0.0001774392700287032237385910219
0.0001774392700287032237385910219
0.00017462182483170934766924229
0.00017462182483170934766924229
0.0001718038849344688403709443488
0.0001718038849344688403709443488
0.0001689854583201565779116238597
0.0001689854583201565779116238597
0.0001661665529733267975883998454
0.0001661665529733267975883998454
0.0001633471768798905395930790849
0.0001633471768798905395930790849
0.0001605273380270930936884634678
0.0001605273380270930936884634678
0.0001577070444034914524136146865
0.0001577070444034914524136146865
0.0001548863039989317726064936253
0.0001548863039989317726064936253
0.000152065124804526847358960651
0.000152065124804526847358960651
0.0001492435148126335909150274238
0.0001492435148126335909150274238
0.0001464214820168305395048650559
0.0001464214820168305395048650559
0.0001435990344118953716950444549
0.0001435990344118953716950444549
0.0001407761799937824525559574644
0.0001407761799937824525559574644
0.0001379529267596004068335943049
0.0001379529267596004068335943049
0.0001351292827075897274073184255
0.0001351292827075897274073184255
0.0001323052558371004266725214364
0.0001323052558371004266725214364
0.0001294808541485697401774119951
0.0001294808541485697401774119951
0.0001266560856434998939579154037
0.0001266560856434998939579154037
0.0001238309583244359496726463316
0.0001238309583244359496726463316
0.0001210054801949437449970317015
0.0001210054801949437449970317015
0.0001181796592595879509973948517
0.0001181796592595879509973948517
0.0001153535035239102736447190776
0.0001153535035239102736447190776
0.0001125270209944078336076775855
0.0001125270209944078336076775855
0.0001097002196785117674741249003
0.0001097002196785117674741249003
0.0001068731075845661052508488313
0.0001068731075845661052508488313
0.0001040456927218069942840801974
0.0001040456927218069942840801974
0.0001012179831003423598653388704
0.0001012179831003423598653388704
0.0000983899867311321194511761414
0.0000983899867311321194511761414
0.0000955617116259691030215024669
0.0000955617116259691030215024669
0.0000927331657974608799952781946
0.0000927331657974608799952781946
0.0000899043572590127580983402411
0.0000899043572590127580983402411
0.0000870752940248123085029462937
0.0000870752940248123085029462937
0.0000842459841098158943923181432
0.0000842459841098158943923181432
0.0000814164355297378514531056904
0.0000814164355297378514531056904
0.0000785866563010432103391614495
0.0000785866563010432103391614495
0.0000757566544409451954478190766
0.0000757566544409451954478190766
0.0000729264379674092309914720232
0.0000729264379674092309914720232
0.0000700960148991659109147905976
0.0000700960148991659109147905976
0.0000672653932557364637899031613
0.0000672653932557364637899031613
0.0000644345810574758588310527855
0.0000644345810574758588310527855
0.0000616035863256411651184176252
0.0000616035863256411651184176252
0.000058772417082496606378606085
0.000058772417082496606378606085
0.00005594108135147281462872054
0.00005594108135147281462872054
0.000053109587157407572865865903
0.000053109587157407572865865903
0.00005027794252691149389167776
0.00005027794252691149389167776
0.000047446155488929411696270845
0.000047446155488929411696270845
0.000044614234075615746184226663
0.000044614234075615746184226663
0.000041782186323727098221361705
0.000041782186323727098221361705
0.000038950020276892613982903065
0.000038950020276892613982903065
0.000036117743989424775907223026
0.000036117743989424775907223026
0.000033285365532938680741434762
0.000033285365532938680741434762
0.00003045289300832108859074903
0.00003045289300832108859074903
0.000027620334568421947579795846
0.000027620334568421947579795846
0.000024787698463562188902567211
0.000024787698463562188902567211
0.000021954993139189751549714481
0.000021954993139189751549714481
0.00001912222746356179484599257
0.00001912222746356179484599257
0.000016289411316798714810639748
0.000016289411316798714810639748
0.000013456557334779308176889953
0.000013456557334779308176889953
0.000010623687104963082925548614
0.000010623687104963082925548614
7.790859808186553063532574e-6
7.790859808186553063532574e-6
4.95837419397678119817872e-6
4.95837419397678119817872e-6
2.13006250270721016938707e-6
2.13006250270721016938707e-6