0.0019410509880216793940565448997
0.0019410509880216793940565448997
0.00194104367475946375383116758247
0.00194104367475946375383116758247
0.00194102904826258651733124323073
0.00194102904826258651733124323073
0.00194100710858615566864356626056
0.00194100710858615566864356626056
0.00194097785581283292436155406394
0.00194097785581283292436155406394
0.00194094129005283342214221312461
0.00194094129005283342214221312461
0.00194089741144392530545058582532
0.00194089741144392530545058582532
0.00194084622015142920449324249729
0.00194084622015142920449324249729
0.00194078771636821761334277438925
0.00194078771636821761334277438925
0.00194072190031471416325563435253
0.00194072190031471416325563435253
0.00194064877223889279218606314956
0.00194064877223889279218606314956
0.00194056833241627681049923039255
0.00194056833241627681049923039255
0.0019404805811499378628871102082
0.0019404805811499378628871102082
0.00194038551877049478649100279863
0.00194038551877049478649100279863
0.00194028314563611236523500412961
0.00194028314563611236523500412961
0.00194017346213249998037511702088
0.00194017346213249998037511702088
0.00194005646867291015726908794009
0.00194005646867291015726908794009
0.00193993216569813700837244480882
0.00193993216569813700837244480882
0.0019398005536765145724666021161
0.0019398005536765145724666021161
0.00193966163310391505012529059919
0.00193966163310391505012529059919
0.00193951540450374693542595969242
0.00193951540450374693542595969242
0.00193936186842695304391319186075
0.00193936186842695304391319186075
0.00193920102545200843682155882425
0.00193920102545200843682155882425
0.00193903287618491824156574054079
0.00193903287618491824156574054079
0.00193885742125921536850611864653
0.00193885742125921536850611864653
0.0019386746613359581239984468546
0.0019386746613359581239984468546
0.00193848459710372771973659158086
0.00193848459710372771973659158086
0.00193828722927862567839772680052
0.00193828722927862567839772680052
0.00193808255860427113559975783868
0.00193808255860427113559975783868
0.00193787058585179803818113946022
0.00193787058585179803818113946022
0.00193765131181985223881364424891
0.00193765131181985223881364424891
0.00193742473733458848695902784992
0.00193742473733458848695902784992
0.0019371908632496673161809281931
0.0019371908632496673161809281931
0.00193694969044625182782372631495
0.00193694969044625182782372631495
0.00193670121983300437107048685341
0.00193670121983300437107048685341
0.00193644545234608311939248670045
0.00193644545234608311939248670045
0.00193618238894913854340323066059
0.00193618238894913854340323066059
0.00193591203063330978013024327878
0.00193591203063330978013024327878
0.00193563437841722089871831626564
0.00193563437841722089871831626564
0.00193534943334697706257828116155
0.00193534943334697706257828116155
0.00193505719649616058799576704121
0.00193505719649616058799576704121
0.00193475766896582689921479316629
0.00193475766896582689921479316629
0.0019344508518845003800114365434
0.0019344508518845003800114365434
0.00193413674640817012177320433747
0.00193413674640817012177320433747
0.0019338153537202855681001310236
0.0019338153537202855681001310236
0.00193348667503175205594401003434
0.00193348667503175205594401003434
0.00193315071158092625330255947
0.00193315071158092625330255947
0.00193280746463361149348571118835
0.00193280746463361149348571118835
0.00193245693548305300597160227287
0.00193245693548305300597160227287
0.0019320991254499330438702374961
0.0019320991254499330438702374961
0.00193173403588236590801318094381
0.00193173403588236590801318094381
0.00193136166815589286768802444614
0.00193136166815589286768802444614
0.00193098202367347697803676987131
0.00193098202367347697803676987131
0.00193059510386549779413765167487
0.00193059510386549779413765167487
0.00193020091018974598179031536171
0.00193020091018974598179031536171
0.00192979944413141782502465670652
0.00192979944413141782502465670652
0.001929390707203109630354015691
0.001929390707203109630354015691
0.00192897470094481202779380815055
0.00192897470094481202779380815055
0.00192855142692390416866706707794
0.00192855142692390416866706707794
0.00192812088673514782021875440568
0.00192812088673514782021875440568
0.00192768308200068135706109288058
0.00192768308200068135706109288058
0.00192723801437001364947255635155
0.00192723801437001364947255635155
0.00192678568552001784857354541468
0.00192678568552001784857354541468
0.0019263260971549250684021638952
0.0019263260971549250684021638952
0.00192585925100631796491390009351
0.00192585925100631796491390009351
0.00192538514883312421192940508058
0.00192538514883312421192940508058
0.00192490379242160987405494859455
0.00192490379242160987405494859455
0.00192441518358537267660052126474
0.00192441518358537267660052126474
0.00192391932416533517252093996916
0.00192391932416533517252093996916
0.00192341621602973780640570111621
0.00192341621602973780640570111621
0.00192290586107413187554371452901
0.00192290586107413187554371452901
0.0019223882612213723880894383995
0.0019223882612213723880894383995
0.00192186341842161081835732346895
0.00192186341842161081835732346895
0.00192133133465228775927186217913
0.00192133133465228775927186217913
0.00192079201191812547200092602344
0.00192079201191812547200092602344
0.00192024545225112033280046170776
0.00192024545225112033280046170776
0.00191969165771053517709900400596
0.00191969165771053517709900400596
0.00191913063038289154085085036227
0.00191913063038289154085085036227
0.00191856237238196179918712935211
0.00191856237238196179918712935211
0.00191798688584876120239438206148
0.00191798688584876120239438206148
0.00191740417295153980925066228246
0.00191740417295153980925066228246
0.00191681423588577431774954814655
0.00191681423588577431774954814655
0.00191621707687415979324284442701
0.00191621707687415979324284442701
0.00191561269816660129403314123564
0.00191561269816660129403314123564
0.00191500110204020539444778121497
0.00191500110204020539444778121497
0.00191438229079927160542617358501
0.00191438229079927160542617358501
0.00191375626677528369265277954025
0.00191375626677528369265277954025
0.00191312303232690089226847950809
0.00191312303232690089226847950809
0.00191248258983994902419341867207
0.00191248258983994902419341867207
0.00191183494172741150309481293034
0.00191183494172741150309481293034
0.00191118009042942024703358310123
0.00191118009042942024703358310123
0.00191051803841324648382407070131
0.00191051803841324648382407070131
0.00190984878817329145514147400592
0.00190984878817329145514147400592
0.00190917234223107701841202835606
0.00190917234223107701841202835606
0.00190848870313523614652133979786
0.00190848870313523614652133979786
0.00190779787346150332537666612913
0.00190779787346150332537666612913
0.00190709985581270484935932428184
0.00190709985581270484935932428184
0.00190639465281874901470378768633
0.00190639465281874901470378768633
0.00190568226713661621084042184309
0.00190568226713661621084042184309
0.00190496270145034890973919076851
0.00190496270145034890973919076851
0.00190423595847104155329205128074
0.00190423595847104155329205128074
0.00190350204093683033877213624953
0.00190350204093683033877213624953
0.00190276095161288290240821194832
0.00190276095161288290240821194832
0.001902012693291387901113278516
0.001902012693291387901113278516
0.00190125726879154449240656625826
0.00190125726879154449240656625826
0.00190049468095955171256856409389
0.00190049468095955171256856409389
0.00189972493266859775306909987628
0.00189972493266859775306909987628
0.00189894802681884913530887559562
0.00189894802681884913530887559562
0.00189816396633743978371524358967
0.00189816396633743978371524358967
0.00189737275417845999723339285964
0.00189737275417845999723339285964
0.00189657439332294531925449740187
0.00189657439332294531925449740187
0.00189576888677886530602276112282
0.00189576888677886530602276112282
0.00189495623758111219356367640427
0.00189495623758111219356367640427
0.00189413644879148946317619572544
0.00189413644879148946317619572544
0.00189330952349870030553189792735
0.00189330952349870030553189792735
0.00189247546481833598342461272178
0.00189247546481833598342461272178
0.00189163427589286409321434889941
0.00189163427589286409321434889941
0.00189078595989161672500975337992
0.00189078595989161672500975337992
0.00188993052001077852163370976732
0.00188993052001077852163370976732
0.0018890679594733746364170664271
0.0018890679594733746364170664271
0.00188819828152925858986586528483
0.00188819828152925858986586528483
0.00188732148945510002524782355858
0.00188732148945510002524782355858
0.00188643758655437236314420147741
0.00188643758655437236314420147741
0.00188554657615734035501356970463
0.00188554657615734035501356970463
0.00188464846162104753581437067537
0.00188464846162104753581437067537
0.00188374324632930357573354837236
0.00188374324632930357573354837236
0.0018828309336926715310689012002
0.0018828309336926715310689012002
0.0018819115271484549943131925749
0.0018819115271484549943131925749
0.00188098503016068514348843362115
0.00188098503016068514348843362115
0.00188005144622010769077913196319
0.00188005144622010769077913196319
0.00187911077884416973051368000448
0.00187911077884416973051368000448
0.00187816303157700648654343531565
0.00187816303157700648654343531565
0.00187720820798942795906942478748
0.00187720820798942795906942478748
0.00187624631167890547096698305528
0.00187624631167890547096698305528
0.00187527734626955811365901436058
0.00187527734626955811365901436058
0.00187430131541213909258894548497
0.00187430131541213909258894548497
0.00187331822278402197234481566744
0.00187331822278402197234481566744
0.00187232807208918682148632749882
0.00187232807208918682148632749882
0.00187133086705820625712706067464
0.00187133086705820625712706067464
0.00187032661144823138932442817795
0.00187032661144823138932442817795
0.00186931530904297766533033195667
0.00186931530904297766533033195667
0.00186829696365271061375585245245
0.00186829696365271061375585245245
0.00186727157911423148870368343061
0.00186727157911423148870368343061
0.00186623915929086281392240045016
0.00186623915929086281392240045016
0.00186519970807243382703702799878
0.00186519970807243382703702799878
0.00186415322937526582391074679851
0.00186415322937526582391074679851
0.00186309972714215740319295906174
0.00186309972714215740319295906174
0.00186203920534236961110930554349
0.00186203920534236961110930554349
0.00186097166797161098654960409197
0.00186097166797161098654960409197
0.0018598971190520225065100550457
0.0018598971190520225065100550457
0.00185881556263216243194643425859
0.00185881556263216243194643425859
0.00185772700278699105409536975387
0.00185772700278699105409536975387
0.00185663144361785534132117301286
0.00185663144361785534132117301286
0.00185552888925247348654607069211
0.00185552888925247348654607069211
0.00185441934384491935532205713283
0.00185441934384491935532205713283
0.00185330281157560683460296237721
0.00185330281157560683460296237721
0.00185217929665127408227570453609
0.00185217929665127408227570453609
0.00185104880330496767751006926051
0.00185104880330496767751006926051
0.00184991133579602667198673275354
0.00184991133579602667198673275354
0.00184876689841006654206361821832
0.00184876689841006654206361821832
0.00184761549545896304194104887092
0.00184761549545896304194104887092
0.00184645713128083595788653365161
0.00184645713128083595788653365161
0.0018452918102400327635803945441
0.0018452918102400327635803945441
0.00184411953672711217664381695733
0.00184411953672711217664381695733
0.00184294031515882761641127693763
0.00184294031515882761641127693763
0.00184175414997811056300967105895
0.00184175414997811056300967105895
0.00184056104565405381780684668347
0.00184056104565405381780684668347
0.00183936100668189466529260189399
0.00183936100668189466529260189399
0.00183815403758299793645559577028
0.00183815403758299793645559577028
0.0018369401429048389737199808138
0.0018369401429048389737199808138
0.00183571932722098649750594021664
0.00183571932722098649750594021664
0.00183449159513108537447868332067
0.00183449159513108537447868332067
0.00183325695126083928755082301906
0.00183325695126083928755082301906
0.00183201540026199330770342901472
0.00183201540026199330770342901472
0.00183076694681231636769142076585
0.00183076694681231636769142076585
0.00182951159561558363769933361761
0.00182951159561558363769933361761
0.00182824935140155880301386103858
0.00182824935140155880301386103858
0.00182698021892597624377994505029
0.00182698021892597624377994505029
0.00182570420297052311690755585618
0.00182570420297052311690755585618
0.00182442130834282134019667034128
0.00182442130834282134019667034128
0.00182313153987640947874832752477
0.00182313153987640947874832752477
0.0018218349024307245337300072024
0.0018218349024307245337300072024
0.00182053140089108363356394591367
0.00182053140089108363356394591367
0.00181922104016866562760737200788
0.00181922104016866562760737200788
0.00181790382520049258239400896268
0.00181790382520049258239400896268
0.00181657976094941118050656322681
0.00181657976094941118050656322681
0.00181524885240407402215027971417
0.00181524885240407402215027971417
0.00181391110457892082949801466784
0.00181391110457892082949801466784
0.00181256652251415955387764193852
0.00181256652251415955387764193852
0.00181121511127574738587297478116
0.00181121511127574738587297478116
0.00180985687595537166840975106436
0.00180985687595537166840975106436
0.00180849182167043071289859530874
0.00180849182167043071289859530874
0.00180711995356401451850723622063
0.00180711995356401451850723622063
0.00180574127680488539463462336589
0.00180574127680488539463462336589
0.00180435579658745848665995133287
0.00180435579658745848665995133287
0.00180296351813178220503996416295
0.00180296351813178220503996416295
0.00180156444668351855782827698
0.00180156444668351855782827698
0.00180015858751392338669081562531
0.00180015858751392338669081562531
0.0017987459459198265064918387002
0.0017987459459198265064918387002
0.00179732652722361174852536973416
0.00179732652722361174852536973416
0.00179590033677319690746723022963
0.00179590033677319690746723022963
0.00179446737994201359212322708456
0.00179446737994201359212322708456
0.00179302766212898698004941035969
0.00179302766212898698004941035969
0.0017915811887585154761206795366
0.0017915811887585154761206795366
0.00179012796528045027512437830467
0.00179012796528045027512437830467
0.00178866799717007482845587951873
0.00178866799717007482845587951873
0.0017872012899280842149935232818
0.0017872012899280842149935232818
0.00178572784908056441623063212949
0.00178572784908056441623063212949
0.00178424768017897149574268802127
0.00178424768017897149574268802127
0.00178276078880011068306811627842
0.00178276078880011068306811627842
0.0017812671805461153620814817479
0.0017812671805461153620814817479
0.00177976686104442596393826231299
0.00177976686104442596393826231299
0.00177825983594776876467072441622
0.00177825983594776876467072441622
0.00177674611093413458751478450361
0.00177674611093413458751478450361
0.00177522569170675741004809924333
0.00177522569170675741004809924333
0.0017736985839940928762199860122
0.0017736985839940928762199860122
0.00177216479354979671335413348128
0.00177216479354979671335413348128
0.00177062432615270305420542016373
0.00177062432615270305420542016373
0.00176907718760680266415251651426
0.00176907718760680266415251651426
0.0017675233837412210736083035875
0.0017675233837412210736083035875
0.00176596292041019661573049837176
0.00176596292041019661573049837176
0.00176439580349305836951523271349
0.00176439580349305836951523271349
0.00176282203889420400835668923423
0.00176282203889420400835668923423
0.0017612416325430775541562538163
0.0017612416325430775541562538163
0.00175965459039414703706500009217
0.00175965459039414703706500009217
0.0017580609184268820609436769165
0.0017580609184268820609436769165
0.00175646062264573127462472502602
0.00175646062264573127462472502602
0.00175485370908009974906120400055
0.00175485370908009974906120400055
0.00175324018378432626044786522644
0.00175324018378432626044786522644
0.00175162005283766047939996083093
0.00175162005283766047939996083093
0.00174999332234424006627573250043
0.00174999332234424006627573250043
0.00174835999843306767272887771624
0.00174835999843306767272887771624
0.00174672008725798784957764423727
0.00174672008725798784957764423727
0.00174507359499766386107755662799
0.00174507359499766386107755662799
0.00174342052785555440568513127145
0.00174342052785555440568513127145
0.00174176089205989024340028861926
0.00174176089205989024340028861926
0.00174009469386365072977552341237
0.00174009469386365072977552341237
0.00173842193954454025668024525598
0.00173842193954454025668024525598
0.0017367426354049645999090532494
0.0017367426354049645999090532494
0.00173505678777200717372305935341
0.00173505678777200717372305935341
0.00173336440299740519241372582493
0.00173336440299740519241372582493
0.00173166548745752573897903235786
0.00173166548745752573897903235786
0.00172996004755334174100213854053
0.00172996004755334174100213854053
0.00172824808971040785382305687139
0.00172824808971040785382305687139
0.00172652962037883625109420086524
0.00172652962037883625109420086524
0.00172480464603327232281102173004
0.00172480464603327232281102173004
0.0017230731731728702809092956992
0.0017230731731728702809092956992
0.00172133520832126867252097236326
0.00172133520832126867252097236326
0.00171959075802656580098084225839
0.00171959075802656580098084225839
0.00171783982886129505467662953434
0.00171783982886129505467662953434
0.00171608242742240014383546274147
0.00171608242742240014383546274147
0.00171431856033121024534002364258
0.00171431856033121024534002364258
0.00171254823423341505566802047047
0.00171254823423341505566802047047
0.00171077145579903975204897821399
0.00171077145579903975204897821399
0.00170898823172241986193268432336
0.00170898823172241986193268432336
0.00170719856872217604086397367815
0.00170719856872217604086397367815
0.00170540247354118875885888175688
0.00170540247354118875885888175688
0.00170359995294657289537753968502
0.00170359995294657289537753968502
0.00170179101372965224298952921667
0.00170179101372965224298952921667
0.00169997566270593391982775972268
0.00169997566270593391982775972268
0.00169815390671508269092727291406
0.00169815390671508269092727291406
0.00169632575262089519854572432196
0.00169632575262089519854572432196
0.00169449120731127410156263348367
0.00169449120731127410156263348367
0.00169265027769820212405483734622
0.00169265027769820212405483734622
0.00169080297071771601314592359453
0.00169080297071771601314592359453
0.00168894929332988040622776243765
0.00168894929332988040622776243765
0.00168708925251876160765259684369
0.00168708925251876160765259684369
0.00168522285529240127499449230053
0.00168522285529240127499449230053
0.00168335010868279001497928789264
0.00168335010868279001497928789264
0.00168147101974584088918253082533
0.00168147101974584088918253082533
0.00167958559556136282959521649284
0.00167958559556136282959521649284
0.00167769384323303396415749577632
0.00167769384323303396415749577632
0.00167579576988837485236085046964
0.00167579576988837485236085046964
0.00167389138267872163101957656455
0.00167389138267872163101957656455
0.00167198068877919907031275358
0.00167198068877919907031275358
0.00167006369538869354019821619278
0.00167006369538869354019821619278
0.00166814040972982588730038211638
0.00166814040972982588730038211638
0.00166621083904892422237412748104
0.00166621083904892422237412748104
0.00166427499061599661844723788881
0.00166427499061599661844723788881
0.00166233287172470371974429985239
0.00166233287172470371974429985239
0.0016603844896923312614952334734
0.0016603844896923312614952334734
0.00165842985185976250073200297419
0.00165842985185976250073200297419
0.00165646896559145055817737706554
0.00165646896559145055817737706554
0.00165450183827539067132994610942
0.00165450183827539067132994610942
0.00165252847732309235884993762009
0.00165252847732309235884993762009
0.00165054889016955149635070583756
0.00165054889016955149635070583756
0.00164856308427322230370110490216
0.00164856308427322230370110490216
0.00164657106711598924394428855827
0.00164657106711598924394428855827
0.00164457284620313883393881231617
0.00164457284620313883393881231617
0.00164256842906333136682824660323
0.00164256842906333136682824660323
0.00164055782324857254644584163798
0.00164055782324857254644584163798
0.00163854103633418503376111656114
0.00163854103633418503376111656114
0.00163651807591877990547557675572
0.00163651807591877990547557675572
0.00163448894962422802487509428257
0.00163448894962422802487509428257
0.0016324536650956313250468169466
0.0016324536650956313250468169466
0.00163041223000129400456880169149
0.00163041223000129400456880169149
0.00162836465203269363578089779578
0.00162836465203269363578089779578
0.001626310938904452185745734709
0.001626310938904452185745734709
0.00162425109835430695000899832266
0.00162425109835430695000899832266
0.00162218513814308139926850801529
0.00162218513814308139926850801529
0.00162011306605465593906193494276
0.00162011306605465593906193494276
0.00161803488989593858258332976319
0.00161803488989593858258332976319
0.00161595061749683553673895528853
0.00161595061749683553673895528853
0.00161386025671022170155324644208
0.00161386025671022170155324644208
0.00161176381541191108303604636989
0.00161176381541191108303604636989
0.00160966130150062711962259360449
0.00160966130150062711962259360449
0.00160755272289797292229806081014
0.00160755272289797292229806081014
0.00160543808754840142851877084725
0.00160543808754840142851877084725
0.00160331740341918547004254068106
0.00160331740341918547004254068106
0.00160119067850038775478092802206
0.00160119067850038775478092802206
0.00159905792080483076278647952426
0.00159905792080483076278647952426
0.00159691913836806655648840287905
0.00159691913836806655648840287905
0.00159477433924834650529040822717
0.00159477433924834650529040822717
0.00159262353152659092464478696761
0.00159262353152659092464478696761
0.0015904667233063586297171182682
0.0015904667233063586297171182682
0.0015883039227138164037563153784
0.0015883039227138164037563153784
0.00158613513789770838128504520766
0.00158613513789770838128504520766
0.00158396037702932534622587556261
0.00158396037702932534622587556261
0.00158177964830247394507882493149
0.00158177964830247394507882493149
0.00157959295993344581526630976326
0.00157959295993344581526630976326
0.00157740032016098662876180381156
0.00157740032016098662876180381156
0.00157520173724626505111884329729
0.00157520173724626505111884329729
0.00157299721947284161601733038831
0.00157299721947284161601733038831
0.00157078677514663751544440579892
0.00157078677514663751544440579892
0.00156857041259590330562747917352
0.00156857041259590330562747917352
0.00156634814017118752883732333825
0.00156634814017118752883732333825
0.00156411996624530525117945547906
0.00156411996624530525117945547906
0.00156188589921330651649234483422
0.00156188589921330651649234483422
0.0015596459474924447164713025719
0.0015596459474924447164713025719
0.00155740011952214487713722515873
0.00155740011952214487713722515873
0.00155514842376397186176967771081
0.00155514842376397186176967771081
0.001552890868701598490424118555
0.001552890868701598490424118555
0.00155062746284077357615338051223
0.00155062746284077357615338051223
0.00154835821470928987805383824672
0.00154835821470928987805383824672
0.00154608313285695197125700440317
0.00154608313285695197125700440317
0.00154380222585554403398761017709
0.00154380222585554403398761017709
0.00154151550229879755180953843055
0.00154151550229879755180953843055
0.00153922297080235893918128947554
0.00153922297080235893918128947554
0.00153692464000375707844297119852
0.00153692464000375707844297119852
0.00153462051856237077635711629157
0.00153462051856237077635711629157
0.00153231061515939613832593998626
0.00153231061515939613832593998626
0.00152999493849781386040796185572
0.00152999493849781386040796185572
0.00152767349730235643925722495606
0.00152767349730235643925722495606
0.00152534630031947530010865481985
0.00152534630031947530010865481985
0.00152301335631730784293340959051
0.00152301335631730784293340959051
0.00152067467408564440688838089602
0.00152067467408564440688838089602
0.00151833026243589515318431290179
0.00151833026243589515318431290179
0.00151598013020105686649731435556
0.00151598013020105686649731435556
0.00151362428623567967504884533958
0.00151362428623567967504884533958
0.00151126273941583368947956687672
0.00151126273941583368947956687672
0.00150889549863907556064274749616
0.00150889549863907556064274749616
0.00150652257282441495644322634959
0.00150652257282441495644322634959
0.0015041439709122809578482374795
0.0015041439709122809578482374795
0.00150175970186448837419670437582
0.00150175970186448837419670437582
0.00149936977466420397793391801507
0.00149936977466420397793391801507
0.00149697419831591265889881515548
0.00149697419831591265889881515548
0.00149457298184538349829137676214
0.00149457298184538349829137676214
0.00149216613429963576244796905556
0.00149216613429963576244796905556
0.00148975366474690481655275181582
0.00148975366474690481655275181582
0.00148733558227660795841358022939
0.00148733558227660795841358022939
0.00148491189599931017243112773768
0.00148491189599931017243112773768
0.00148248261504668980389025803282
0.00148248261504668980389025803282
0.00148004774857150415370297454669
0.00148004774857150415370297454669
0.00147760730574755499373257549245
0.00147760730574755499373257549245
0.00147516129576965400282894174249
0.00147516129576965400282894174249
0.00147270972785358812370518356217
0.00147270972785358812370518356217
0.00147025261123608484078617046328
0.00147025261123608484078617046328
0.00146778995517477737915976619395
0.00146778995517477737915976619395
0.00146532176894816982476188814181
0.00146532176894816982476188814181
0.00146284806185560216592680719319
0.00146284806185560216592680719319
0.00146036884321721525643440036168
0.00146036884321721525643440036168
0.00145788412237391570018636427445
0.00145788412237391570018636427445
0.00145539390868734065764369288134
0.00145539390868734065764369288134
0.00145289821153982257415801753108
0.00145289821153982257415801753108
0.00145039704033435383032970183757
0.00145039704033435383032970183757
0.00144789040449455131452587753817
0.00144789040449455131452587753817
0.00144537831346462091769190082203
0.00144537831346462091769190082203
0.00144286077670932195059000138074
0.00144286077670932195059000138074
0.00144033780371393148359918870313
0.00144033780371393148359918870313
0.00143780940398420860921077190043
0.00143780940398420860921077190043
0.00143527558704635862735414060699
0.00143527558704635862735414060699
0.00143273636244699715368774525226
0.00143273636244699715368774525226
0.00143019173975311415099050524293
0.00143019173975311415099050524293
0.00142764172855203788378916332707
0.00142764172855203788378916332707
0.00142508633845139879635739363475
0.00142508633845139879635739363475
0.00142252557907909331422275960088
0.00142252557907909331422275960088
0.00141995946008324756931790617367
0.00141995946008324756931790617367
0.00141738799113218104891265839702
0.00141738799113218104891265839702
0.00141481118191437016846398562413
0.00141481118191437016846398562413
0.00141222904213841176852107727325
0.00141222904213841176852107727325
0.00140964158153298653582306217266
0.00140964158153298653582306217266
0.00140704880984682234872718916026
0.00140704880984682234872718916026
0.00140445073684865754710557170173
0.00140445073684865754710557170173
0.00140184737232720412684888387012
0.00140184737232720412684888387012
0.00139923872609111085911567908667
0.00139923872609111085911567908667
0.00139662480796892633446628655735
0.00139662480796892633446628655735
0.00139400562780906193202052335081
0.00139400562780906193202052335081
0.00139138119547975471377874255017
0.00139138119547975471377874255017
0.00138875152086903024424601987148
0.00138875152086903024424601987148
0.00138611661388466533549956257645
0.00138611661388466533549956257645
0.00138347648445415071783970541295
0.00138347648445415071783970541295
0.00138083114252465363616513869462
0.00138083114252465363616513869462
0.0013781805980629803722132934783
0.0013781805980629803722132934783
0.00137552486105553869280708811498
0.00137552486105553869280708811498
0.0013728639415083002242495192343
0.0013728639415083002242495192343
0.00137019784944676275300785847456
0.00137019784944676275300785847456
0.0013675265949159124528294939874
0.0013675265949159124528294939874
0.00136485018798018603843173292894
0.00136485018798018603843173292894
0.00136216863872343284590815779518
0.00136216863872343284590815779518
0.00135948195724887683999440556832
0.00135948195724887683999440556832
0.00135679015367907854833651421148
0.00135679015367907854833651421148
0.00135409323815589692290525608046
0.00135409323815589692290525608046
0.00135139122084045112870015231229
0.00135139122084045112870015231229
0.00134868411191308225988713619967
0.00134868411191308225988713619967
0.00134597192157331498351410696794
0.00134597192157331498351410696794
0.00134325466003981911094888823448
0.00134325466003981911094888823448
0.00134053233755037109718437775018
0.00134053233755037109718437775018
0.00133780496436181546815594679578
0.00133780496436181546815594679578
0.00133507255075002617621641883371
0.00133507255075002617621641883371
0.00133233510700986788391422769521
0.00133233510700986788391422769521
0.0013295926434551571762206257139
0.0013295926434551571762206257139
0.00132684517041862370135208179836
0.00132684517041862370135208179836
0.00132409269825187124033427846729
0.00132409269825187124033427846729
0.00132133523732533870545438534993
0.00132133523732533870545438534993
0.00131857279802826106774855458139
0.00131857279802826106774855458139
0.00131580539076863021367185089523
0.00131580539076863021367185089523
0.00131303302597315573109809603431
0.00131303302597315573109809603431
0.00131025571408722562479737336359
0.00131025571408722562479737336359
0.00130747346557486696153920427451
0.00130747346557486696153920427451
0.00130468629091870644496967311941
0.00130468629091870644496967311941
0.00130189420061993092041104200375
0.00130189420061993092041104200375
0.00129909720519824780973266079454
0.00129909720519824780973266079454
0.00129629531519184547644224117253
0.00129629531519184547644224117253
0.00129348854115735352114682646388
0.00129348854115735352114682646388
0.0012906768936698030075330513321
0.0012906768936698030075330513321
0.00128786038332258661901654719281
0.00128786038332258661901654719281
0.00128503902072741874621061043089
0.00128503902072741874621061043089
0.00128221281651429550536451115118
0.00128221281651429550536451115118
0.00127938178133145468792208027853
0.00127938178133145468792208027853
0.00127654592584533564135147234086
0.00127654592584533564135147234086
0.00127370526074053908139726021716
0.00127370526074053908139726021716
0.00127085979671978683590627651232
0.00127085979671978683590627651232
0.00126800954450388152037887402907
0.00126800954450388152037887402907
0.00126515451483166614539753504525
0.00126515451483166614539753504525
0.00126229471845998365608501576926
0.00126229471845998365608501576926
0.00125943016616363640374446843857
0.00125943016616363640374446843857
0.00125656086873534554983423904331
0.00125656086873534554983423904331
0.00125368683698571040243029359918
0.00125368683698571040243029359918
0.00125080808174316768532948025958
0.00125080808174316768532948025958
0.00124792461385395073994708834552
0.00124792461385395073994708834552
0.00124503644418204866016241858227
0.00124503644418204866016241858227
0.0012421435836091653602663314631
0.0012421435836091653602663314631
0.00123924604303467857616499271136
0.00123924604303467857616499271136
0.00123634383337559879999428628281
0.00123634383337559879999428628281
0.00123343696556652814829961623789
0.00123343696556652814829961623789
0.00123052545055961916393606911919
0.00123052545055961916393606911919
0.0012276092993245335518441581908
0.0012276092993245335518441581908
0.0012246885228484008488566200326
0.0012246885228484008488566200326
0.00122176313213577702769198253405
0.00122176313213577702769198253405
0.00121883313820860303529087129551
0.00121883313820860303529087129551
0.00121589855210616326565126882244
0.00121589855210616326565126882244
0.00121295938488504396731918768553
0.00121295938488504396731918768553
0.00121001564761909158569146501864
0.00121001564761909158569146501864
0.00120706735139937104028763133455
0.00120706735139937104028763133455
0.00120411450733412393714805165555
0.00120411450733412393714805165555
0.00120115712654872671651578138054
0.00120115712654872671651578138054
0.00119819522018564873595982314201
0.00119819522018564873595982314201
0.00119522879940441028909771414335
0.00119522879940441028909771414335
0.00119225787538154056007561610992
0.00119225787538154056007561610992
0.00118928245931053551396432203355
0.00118928245931053551396432203355
0.00118630256240181572322983533997
0.00118630256240181572322983533997
0.00118331819588268413043741796084
0.00118331819588268413043741796084
0.00118032937099728374734824404524
0.00118032937099728374734824404524
0.00117733609900655529056803569969
0.00117733609900655529056803569969
0.00117433839118819475390729619889
0.00117433839118819475390729619889
0.00117133625883661091761299456176
0.00117133625883661091761299456176
0.00116832971326288279463179323716
0.00116832971326288279463179323716
0.00116531876579471701406514789032
0.00116531876579471701406514789032
0.00116230342777640514197684492418
0.00116230342777640514197684492418
0.00115928371056878093971377840721
0.00115928371056878093971377840721
0.00115625962554917755990100351169
0.00115625962554917755990100351169
0.00115323118411138468027233839175
0.00115323118411138468027233839175
0.00115019839766560557549802064837
0.00115019839766560557549802064837
0.00114716127763841412717115813768
0.00114716127763841412717115813768
0.00114411983547271177211494687952
0.00114411983547271177211494687952
0.00114107408262768438917286121253
0.00114107408262768438917286121253
0.00113802403057875912464425312142
0.00113802403057875912464425312142
0.00113496969081756115652802882855
0.00113496969081756115652802882855
0.00113191107485187039773730129634
0.00113191107485187039773730129634
0.00112884819420557813844814722747
0.00112884819420557813844814722747
0.00112578106041864362774582647543
0.00112578106041864362774582647543
0.00112270968504705059473205048902
0.00112270968504705059473205048902
0.0011196340796627637092571145082
0.0011196340796627637092571145082
0.00111655425585368498244093570614
0.00111655425585368498244093570614
0.00111347022522361010714726633142
0.00111347022522361010714726633142
0.00111038199939218473857557714483
0.00111038199939218473857557714483
0.00110728958999486071513533206582
0.00110728958999486071513533206582
0.00110419300868285221976759994409
0.00110419300868285221976759994409
0.00110109226712309188187917375044
0.00110109226712309188187917375044
0.0010979873769981868200545912381
0.0010979873769981868200545912381
0.00109487835000637462571167425899
0.00109487835000637462571167425899
0.00109176519786147928786642642958
0.00109176519786147928786642642958
0.00108864793229286705917335072591
0.00108864793229286705917335072591
0.001085526565045402263407469847
0.001085526565045402263407469847
0.00108240110787940304455455281921
0.00108240110787940304455455281921
0.00107927157257059705767627132004
0.00107927157257059705767627132004
0.00107613797091007710171722857804
0.00107613797091007710171722857804
0.00107300031470425669442102245476
0.00107300031470425669442102245476
0.00106985861577482558952272243414
0.00106985861577482558952272243414
0.00106671288595870523638535773413
0.00106671288595870523638535773413
0.00106356313710800418224823061294
0.00106356313710800418224823061294
0.00106040938108997341725508516847
0.00106040938108997341725508516847
0.00105725162978696166243037752201
0.00105725162978696166243037752201
0.00105408989509637060077210823692
0.00105408989509637060077210823692
0.00105092418893061005162989214757
0.00105092418893061005162989214757
0.00104775452321705308853715446325
0.00104775452321705308853715446325
0.00104458090989799110066655506525
0.00104458090989799110066655506525
0.00104140336093058879807795533185
0.00104140336093058879807795533185
0.00103822188828683916092845360472
0.00103822188828683916092845360472
0.00103503650395351833281422655062
0.00103503650395351833281422655062
0.0010318472199321404584141241736
0.0010318472199321404584141241736
0.00102865404823891246560517609386
0.00102865404823891246560517609386
0.00102545700090468879222037592991
0.00102545700090468879222037592991
0.00102225608997492605761931919935
0.00102225608997492605761931919935
0.00101905132750963767924247809012
0.00101905132750963767924247809012
0.00101584272558334843432010374731
0.00101584272558334843432010374731
0.00101263029628504896690695337007
0.00101263029628504896690695337007
0.00100941405171815024041424541803
0.00100941405171815024041424541803
0.00100619400400043793581045158583
0.00100619400400043793581045158583
0.00100297016526402679566273891789
0.00100297016526402679566273891789
0.00099974254765531491419107950156
0.00099974254765531491419107950156
0.0009965111633349379735072485957
0.0009965111633349379735072485957
0.00099327602447772342621113482171
0.00099327602447772342621113482171
0.00099003714327264462451698816537
0.00099003714327264462451698816537
0.00098679453192277489608243300893
0.00098679453192277489608243300893
0.00098354820264524156671327423325
0.00098354820264524156671327423325
0.00098029816767117993011732459941
0.00098029816767117993011732459941
0.00097704443924568716488068113585
0.00097704443924568716488068113585
0.00097378702962777619884007712161
0.00097378702962777619884007712161
0.00097052595109032952102513446689
0.00097052595109032952102513446689
0.00096726121592005294134453884868
0.00096726121592005294134453884868
0.00096399283641742929819035686048
0.00096399283641742929819035686048
0.0009607208248966721141349106812
0.0009607208248966721141349106812
0.00095744519368567919989482135741
0.00095744519368567919989482135741
0.00095416595512598620673702672568
0.00095416595512598620673702672568
0.00095088312157272012750177427603
0.00095088312157272012750177427603
0.00094759670539455274641778287356
0.00094759670539455274641778287356
0.00094430671897365403788496021215
0.00094430671897365403788496021215
0.00094101317470564551440025517111
0.00094101317470564551440025517111
0.00093771608499955352380241588179
0.00093771608499955352380241588179
0.00093441546227776249601161528681
0.00093441546227776249601161528681
0.00093111131897596813944009628708
0.00093111131897596813944009628708
0.00092780366754313058725017822335
0.00092780366754313058725017822335
0.00092449252044142749363615542562
0.00092449252044142749363615542562
0.00092117789014620708030680688797
0.00092117789014620708030680688797
0.00091785978914594113334542378505
0.00091785978914594113334542378505
0.00091453822994217795062444854032
0.00091453822994217795062444854032
0.00091121322504949523995200548443
0.00091121322504949523995200548443
0.00090788478699545296812778880324
0.00090788478699545296812778880324
0.00090455292832054616108595846992
0.00090455292832054616108595846992
0.00090121766157815765530287918204
0.00090121766157815765530287918204
0.00089787899933451080064772098304
0.00089787899933451080064772098304
0.00089453695416862211485412323712
0.00089453695416862211485412323712
0.00089119153867225388979130594639
0.00089119153867225388979130594639
0.0008878427654498667497131940491
0.0008878427654498667497131940491
0.00088449064711857216166430131675
0.00088449064711857216166430131675
0.00088113519630808489822130077589
0.00088113519630808489822130077589
0.00087777642566067545274938821627
0.00087777642566067545274938821627
0.0008744143478311224073527243104
0.0008744143478311224073527243104
0.00087104897548666475369841916047
0.00087104897548666475369841916047
0.00086768032130695416689370070524
0.00086768032130695416689370070524
0.0008643083979840072325960853626
0.0008643083979840072325960853626
0.00086093321822215762753654555193
0.00086093321822215762753654555193
0.00085755479473800825363584433336
0.00085755479473800825363584433336
0.00085417314026038332589438231905
0.00085417314026038332589438231905
0.00085078826753028041423607625272
0.00085078826753028041423607625272
0.00084740018930082243948696221883
0.00084740018930082243948696221883
0.0008440089183372096236693893307
0.0008440089183372096236693893307
0.00084061446741667139479284195693
0.00084061446741667139479284195693
0.00083721684932841824632260007828
0.00083721684932841824632260007828
0.00083381607687359355150761822087
0.00083381607687359355150761822087
0.00083041216286522533274917358678
0.00083041216286522533274917358678
0.00082700512012817798619200349937
0.00082700512012817798619200349937
0.00082359496149910396171982109682
0.00082359496149910396171982109682
0.000820181699826395398537266344
0.000820181699826395398537266344
0.0008167653479701357165205168888
0.0008167653479701357165205168888
0.0008133459188020511635189500653
0.0008133459188020511635189500653
0.0008099234252054623187904134395
0.0008099234252054623187904134395
0.0008064978800752355527528267079
0.0008064978800752355527528267079
0.0008030692963177344432350024923
0.0008030692963177344432350024923
0.0007996376868507711484097376198
0.0007996376868507711484097376198
0.0007962030646035577365923898529
0.0007962030646035577365923898529
0.0007927654425166574730883177135
0.0007927654425166574730883177135
0.0007893248335419360642727230531
0.0007893248335419360642727230531
0.0007858812506425128590865973419
0.0007858812506425128590865973419
0.0007824347067927120081326332893
0.0007824347067927120081326332893
0.0007789852149780135805551233632
0.0007789852149780135805551233632
0.0007755327881950046388880260522
0.0007755327881950046388880260522
0.0007720774394513302720555393048
0.0007720774394513302720555393048
0.0007686191817656445867096784891
0.0007686191817656445867096784891
0.0007651580281675616570895134433
0.0007651580281675616570895134433
0.0007616939916976064335868757335
0.0007616939916976064335868757335
0.0007582270854071656102035030941
0.0007582270854071656102035030941
0.0007547573223584384510847432115
0.0007547573223584384510847432115
0.0007512847156243875763150935078
0.0007512847156243875763150935078
0.0007478092782886897071610074005
0.0007478092782886897071610074005
0.0007443310234456863709465506526
0.0007443310234456863709465506526
0.0007408499642003345657476438831
0.0007408499642003345657476438831
0.0007373661136681573850907790876
0.0007373661136681573850907790876
0.0007338794849751946028422491169
0.0007338794849751946028422491169
0.0007303900912579532184740794805
0.0007303900912579532184740794805
0.0007268979456633579628930015883
0.0007268979456633579628930015883
0.0007234030613487017650189556076
0.0007234030613487017650189556076
0.0007199054514815961792997595055
0.0007199054514815961792997595055
0.000716405129239921774348728563
0.000716405129239921774348728563
0.0007129021078117784828921766906
0.0007129021078117784828921766906
0.0007093964003954359132138772481
0.0007093964003954359132138772481
0.0007058880201992836222837067722
0.0007058880201992836222837067722
0.000702376980441781350757840049
0.000702376980441781350757840049
0.0006988632943514092200380093348
0.0006988632943514092200380093348
0.0006953469751666178915774842297
0.0006953469751666178915774842297
0.0006918280361357786886215717474
0.0006918280361357786886215717474
0.0006883064905171336805705785026
0.0006883064905171336805705785026
0.0006847823515787457301533186585
0.0006847823515787457301533186585
0.0006812556325984485035993923403
0.0006812556325984485035993923403
0.0006777263468637964439985996355
0.0006777263468637964439985996355
0.0006741945076720147080359950646
0.0006741945076720147080359950646
0.000670660128329949066291226525
0.000670660128329949066291226525
0.000667123222154015767290941187
0.000667123222154015767290941187
0.0006635838024701513655031786609
0.0006635838024701513655031786609
0.0006600418826137625134628089609
0.0006600418826137625134628089609
0.0006564974759296757182172093683
0.0006564974759296757182172093683
0.0006529505957720870622815102522
0.0006529505957720870622815102522
0.0006494012555045118892928752438
0.0006494012555045118892928752438
0.0006458494684997344545534158872
0.0006458494684997344545534158872
0.0006422952481397575406514750092
0.0006422952481397575406514750092
0.0006387386078157520383511465782
0.0006387386078157520383511465782
0.0006351795609280064929400327538
0.0006351795609280064929400327538
0.0006316181208858766162253711839
0.0006316181208858766162253711839
0.000628054301107734764368797386
0.000628054301107734764368797386
0.0006244881150209193817501382677
0.0006244881150209193817501382677
0.0006209195760616844110507635098
0.0006209195760616844110507635098
0.0006173486976751486697471516571
0.0006173486976751486697471516571
0.0006137754933152451932054573666
0.0006137754933152451932054573666
0.0006101999764446705445679953402
0.0006101999764446705445679953402
0.0006066221605348340916226850559
0.0006066221605348340916226850559
0.000603042059065807250846628512
0.000603042059065807250846628512
0.000599459685526272698815120828
0.000599459685526272698815120828
0.0005958750534134735511675207323
0.0005958750534134735511675207323
0.0005922881762331625093215347232
0.0005922881762331625093215347232
0.0005886990674995509751275950346
0.0005886990674995509751275950346
0.0005851077407352581336551375092
0.0005851077407352581336551375092
0.0005815142094712600043027110855
0.0005815142094712600043027110855
0.0005779184872468384604239758887
0.0005779184872468384604239758887
0.0005743205876095302176617718905
0.0005743205876095302176617718905
0.0005707205241150757911825648221
0.0005707205241150757911825648221
0.0005671183103273684220037005009
0.0005671183103273684220037005009
0.0005635139598184029726060230295
0.0005635139598184029726060230295
0.0005599074861682247920245364598
0.0005599074861682247920245364598
0.0005562989029648785506099135599
0.0005562989029648785506099135599
0.0005526882238043570446537792982
0.0005526882238043570446537792982
0.0005490754622905499710708206518
0.0005490754622905499710708206518
0.0005454606320351926723308983856
0.0005454606320351926723308983856
0.0005418437466578148518344606234
0.0005418437466578148518344606234
0.0005382248197856892599246823966
0.0005382248197856892599246823966
0.0005346038650537803507298799979
0.0005346038650537803507298799979
0.0005309808961046929100298739636
0.0005309808961046929100298739636
0.0005273559265886206543400999556
0.0005273559265886206543400999556
0.0005237289701632948014073928113
0.0005237289701632948014073928113
0.0005201000404939326123114956887
0.0005201000404939326123114956887
0.0005164691512531859053664736723
0.0005164691512531859053664736723
0.0005128363161210895420163395592
0.0005128363161210895420163395592
0.0005092015487850098849193289555
0.0005092015487850098849193289555
0.000505564862939593228415392443
0.000505564862939593228415392443
0.0005019262722867142015716045955
0.0005019262722867142015716045955
0.0004982857905354241440003232285
0.0004982857905354241440003232285
0.0004946434314018994546450676641
0.0004946434314018994546450676641
0.000490999208609389913729222214
0.000490999208609389913729222214
0.0004873531358881669780628107871
0.0004873531358881669780628107871
0.000483705226975472049902730792
0.000483705226975472049902730792
0.000480055495615464719561979633
0.000480055495615464719561979633
0.0004764039555591709819635554433
0.0004764039555591709819635554433
0.0004727506205644314273348656235
0.0004727506205644314273348656235
0.000469095504395849406238632684
0.000469095504395849406238632684
0.0004654386208247391691364472751
0.0004654386208247391691364472751
0.000461779983629073980681283645
0.000461779983629073980681283645
0.0004581196065934342089354636484
0.0004581196065934342089354636484
0.0004544575035089553897107324617
0.0004544575035089553897107324617
0.0004507936881732762662272930366
0.0004507936881732762662272930366
0.0004471281743904868042888378016
0.0004471281743904868042888378016
0.0004434609759710761831708160567
0.0004434609759710761831708160567
0.0004397921067318807624193848409
0.0004397921067318807624193848409
0.0004361215804960320247587108356
0.0004361215804960320247587108356
0.0004324494110929044953045222684
0.0004324494110929044953045222684
0.0004287756123580636372820541109
0.0004287756123580636372820541109
0.0004251001981332137244467885597
0.0004251001981332137244467885597
0.0004214231822661456904066674899
0.0004214231822661456904066674899
0.0004177445786106849550447460797
0.0004177445786106849550447460797
0.0004140644010266392282415691469
0.0004140644010266392282415691469
0.0004103826633797462910968861939
0.0004103826633797462910968861939
0.0004066993795416217548506802617
0.0004066993795416217548506802617
0.0004030145633897067977038722977
0.0004030145633897067977038722977
0.0003993282288072158797394800613
0.0003993282288072158797394800613
0.0003956403896830844361454622142
0.0003956403896830844361454622142
0.0003919510599119165489409682277
0.0003919510599119165489409682277
0.0003882602533939325974082476537
0.0003882602533939325974082476537
0.0003845679840349168874330532933
0.0003845679840349168874330532933
0.0003808742657461652599570076716
0.0003808742657461652599570076716
0.0003771791124444326787460975592
0.0003771791124444326787460975592
0.0003734825380518807976802245049
0.0003734825380518807976802245049
0.0003697845564960255077695788773
0.0003697845564960255077695788773
0.0003660851817096844641045303194
0.0003660851817096844641045303194
0.0003623844276309245929467496375
0.0003623844276309245929467496375
0.0003586823082030095791704083247
0.0003586823082030095791704083247
0.0003549788373743473342635561997
0.0003549788373743473342635561997
0.0003512740290984374451011710446
0.0003512740290984374451011710446
0.0003475678973338186037029249378
0.0003475678973338186037029249378
0.0003438604560440160181904410989
0.0003438604560440160181904410989
0.0003401517191974888051607464314
0.0003401517191974888051607464314
0.000336441700767577363694785986
0.000336441700767577363694785986
0.0003327304147324507312222877885
0.0003327304147324507312222877885
0.0003290178750750539214669860756
0.0003290178750750539214669860756
0.0003253040957830552446992696785
0.0003253040957830552446992696785
0.0003215890908487936105267681763
0.0003215890908487936105267681763
0.0003178728742692258134572770627
0.0003178728742692258134572770627
0.0003141554600458738014728188246
0.0003141554600458738014728188246
0.0003104368621847719278586140023
0.0003104368621847719278586140023
0.0003067170946964141865363814859
0.0003067170946964141865363814859
0.0003029961715957014311578010705
0.0003029961715957014311578010705
0.0002992741069018885782212708081
0.0002992741069018885782212708081
0.0002955509146385317944834137177
0.0002955509146385317944834137177
0.0002918266088334356689462928264
0.0002918266088334356689462928264
0.0002881012035186003697121676472
0.0002881012035186003697121676472
0.0002843747127301687860100889219
0.0002843747127301687860100889219
0.0002806471505083736557129403859
0.0002806471505083736557129403859
0.0002769185308974846786800012286
0.0002769185308974846786800012286
0.0002731888679457556162790808168
0.0002731888679457556162790808168
0.0002694581757053713774641941745
0.0002694581757053713774641941745
0.0002657264682323950918101081196
0.0002657264682323950918101081196
0.0002619937595867151699344947533
0.0002619937595867151699344947533
0.0002582600638319923517725973423
0.0002582600638319923517725973423
0.000254525395035606743209099029
0.000254525395035606743209099029
0.0002507897672686048416183117759
0.0002507897672686048416183117759
0.0002470531946056465509181015458
0.0002470531946056465509181015458
0.0002433156911249521868066165967
0.0002433156911249521868066165967
0.0002395772709082494729256760726
0.0002395772709082494729256760726
0.0002358379480407205287827688344
0.0002358379480407205287827688344
0.0002320977366109488503676331687
0.0002320977366109488503676331687
0.0002283566507108662845225327735
0.0002283566507108662845225327735
0.0002246147044356999982715159183
0.0002246147044356999982715159183
0.0002208719118839194444879231746
0.0002208719118839194444879231746
0.0002171282871571833254870687358
0.0002171282871571833254870687358
0.0002133838443602865563796034507
0.0002133838443602865563796034507
0.0002096385976011072303195342929
0.0002096385976011072303195342929
0.0002058925609905535881403495816
0.0002058925609905535881403495816
0.0002021457486425109953070445471
0.0002021457486425109953070445471
0.000198398174673788929638398443
0.000198398174673788929638398443
0.000194649853204067983894399
0.000194649853204067983894399
0.0001909007983558468881057017924
0.0001909007983558468881057017924
0.0001871510242543895574802221603
0.0001871510242543895574802221603
0.0001834005450276721729006091755
0.0001834005450276721729006091755
0.0001796493748063303024819465538
0.0001796493748063303024819465538
0.0001758975277236060744640953934
0.0001758975277236060744640953934
0.0001721450179152954139612040402
0.0001721450179152954139612040402
0.0001683918595196953589033806857
0.0001683918595196953589033806857
0.0001646380666775514740404985637
0.0001646380666775514740404985637
0.0001608836535320053863428738394
0.0001608836535320053863428738394
0.0001571286342285424708014115672
0.0001571286342285424708014115672
0.0001533730229149397228632339838
0.0001533730229149397228632339838
0.0001496168337412138630216038579
0.0001496168337412138630216038579
0.0001458600808595697310611757267
0.0001458600808595697310611757267
0.0001421027784243490430206787983
0.0001421027784243490430206787983
0.0001383449405919796042734593
0.0001383449405919796042734593
0.0001345865815209250988874020806
0.0001345865815209250988874020806
0.0001308277153716356108871483266
0.0001308277153716356108871483266
0.0001270683563064990803821035029
0.0001270683563064990803821035029
0.0001233085184897939612197999974
0.0001233085184897939612197999974
0.0001195482160876434332380840888
0.0001195482160876434332380840888
0.0001157874632679716404538797843
0.0001157874632679716404538797843
0.0001120262742004625898872049474
0.0001120262742004625898872049474
0.0001082646630565225736031111114
0.0001082646630565225736031111114
0.0001045026440092472977874923203
0.0001045026440092472977874923203
0.0001007402312333953605666160191
0.0001007402312333953605666160191
0.0000969774389053703807815713615
0.0000969774389053703807815713615
0.000093214281203215044886919398
0.000093214281203215044886919398
0.0000894507723066217682676392244
0.0000894507723066217682676392244
0.0000856869263969668151266205886
0.0000856869263969668151266205886
0.0000819227576573780006471315445
0.0000819227576573780006471315445
0.0000781582802728511931307772414
0.0000781582802728511931307772414
0.000074393508430438894496876016
0.000074393508430438894496876016
0.000070628456319547193442229306
0.000070628456319547193442229306
0.000066863138132398873206322748
0.000066863138132398873206322748
0.000063097568064756802141154363
0.000063097568064756802141154363
0.000059331760317064886421307281
0.000059331760317064886421307281
0.000055565729096276903693339355
0.000055565729096276903693339355
0.00005179948861885271139034167
0.00005179948861885271139034167
0.000048033053115803121338297463
0.000048033053115803121338297463
0.000044266436841469879498737007
0.000044266436841469879498737007
0.000040499654089420494796543689
0.000040499654089420494796543689
0.000036732719222603268038225748
0.000036732719222603268038225748
0.000032965646733846488708284748
0.000032965646733846488708284748
0.000029198451375711415302616075
0.000029198451375711415302616075
0.000025431148463271704677856551
0.000025431148463271704677856551
0.00002166375465749405013631396
0.00002166375465749405013631396
0.000017896290284483116914768121
0.000017896290284483116914768121
0.000014128787575502648774185197
0.000014128787575502648774185197
0.000010361328758695201542177655
0.000010361328758695201542177655
6.59431467320612532669469e-6
6.59431467320612532669469e-6
2.83284547323833040311115e-6
2.83284547323833040311115e-6