0
-0.03359311935777656
0.03359311935777656
-0.0671483171729551
0.0671483171729551
-0.1006277147106173
0.1006277147106173
-0.1339935188028807
0.1339935188028807
-0.1672080645116635
0.1672080645116635
-0.2002338576466961
0.2002338576466961
-0.2330336170907864
0.2330336170907864
-0.2655703168845569
0.2655703168845569
-0.2978072280231479
0.2978072280231479
-0.3297079599177056
0.3297079599177056
-0.3612365014748497
0.3612365014748497
-0.3923572617477494
0.3923572617477494
-0.423035110112919
0.423035110112919
-0.4532354159273797
0.4532354159273797
-0.4829240876214217
0.4829240876214217
-0.5120676111828354
0.5120676111828354
-0.5406330879891732
0.5406330879891732
-0.5685882719453317
0.5685882719453317
-0.595901605884536
0.595901605884536
-0.6225422571916356
0.6225422571916356
-0.6484801526084999
0.6484801526084999
-0.6736860121822279
0.6736860121822279
-0.6981313823178534
0.6981313823178534
-0.7217886678982397
0.7217886678982397
-0.7446311634349145
0.7446311634349145
-0.766633083214693
0.766633083214693
-0.7877695904080752
0.7877695904080752
-0.8080168251065866
0.8080168251065866
-0.8273519312574519
0.8273519312574519
-0.8457530824652613
0.8457530824652613
-0.8631995066316017
0.8631995066316017
-0.879671509405003
0.879671509405003
-0.895150496414999
0.895150496414999
-0.9096189942656764
0.9096189942656764
-0.9230606702658535
0.9230606702658535
-0.9354603508751893
0.9354603508751893
-0.9468040388484755
0.9468040388484755
-0.9570789290651234
0.9570789290651234
-0.9662734230400591
0.9662734230400591
-0.9743771421334105
0.9743771421334105
-0.9813809395335016
0.9813809395335016
-0.9872769112685723
0.9872769112685723
-0.9920584071920627
0.9920584071920627
-0.9957200462489502
0.9957200462489502
-0.9982577641714128
0.9982577641714128
-0.9996692606571687
0.9996692606571687