-0.00136294637105866480377970089216
0.00136294637105866480377970089216
-0.00408882898581301545245815369346
0.00408882898581301545245815369346
-0.00681468121855368052057243519525
0.00681468121855368052057243519525
-0.00954048281485570671552114839471
0.00954048281485570671552114839471
-0.0122662135206703944293294211534
0.0122662135206703944293294211534
-0.0149918530824757952984433714983
0.0149918530824757952984433714983
-0.0177173812474272058495033283395
0.0177173812474272058495033283395
-0.0204427777635076561128538803754
0.0204427777635076561128538803754
-0.0231680223796783920855862181527
0.0231680223796783920855862181527
-0.0258930948460293509259539352516
0.0258930948460293509259539352516
-0.0286179749139296277610574640449
0.0286179749139296277610574640449
-0.0313426423361779329897546390238
0.0313426423361779329897546390238
-0.0340670768671530389628255058354
0.0340670768671530389628255058354
-0.0367912582629642149224984264145
0.0367912582629642149224984264145
-0.0395151662816016490835317693167
0.0395151662816016490835317693167
-0.042238780683086856738141018941
0.042238780683086856738141018941
-0.0449620812296230732671649870429
0.0449620812296230732671649870429
-0.0476850476857456309399769640166
0.0476850476857456309399769640166
-0.0504076598184723183857671050392
0.0504076598184723183857671050392
-0.0531298973974537216189511064178
0.0531298973974537216189511064178
-0.0558517401951235455015972894072
0.0558517401951235455015972894072
-0.0585731679868489145259095713619
0.0585731679868489145259095713619
-0.0612941605510806517999574662538
0.0612941605510806517999574662538
-0.0640146976695035351200062172023
0.0640146976695035351200062172023
-0.0667347591271865290129704215141
0.0667347591271865290129704215141
-0.0694543247127329916326930625488
0.0694543247127329916326930625488
-0.0721733742184308553939387111917
0.0721733742184308553939387111917
-0.0748918874404027802281848014409
0.0748918874404027802281848014409
-0.077609844178756278345498318139
0.077609844178756278345498318139
-0.0803272242377338093869969587076
0.0803272242377338093869969587076
-0.083044007425862844852613843283
0.083044007425862844852613843283
-0.0857601735561059006891131472882
0.0857601735561059006891131472882
-0.088475702446010536923540615491
0.088475702446010536923540615491
-0.0911905739178593232275377852603
0.0911905739178593232275377852603
-0.0939047677988197692982018971916
0.0939047677988197692982018971916
-0.0966182639210942189414349016788
0.0966182639210942189414349016788
-0.0993310421220697067439946783921
0.0993310421220697067439946783921
-0.102043082244467776220739569998
0.102043082244467776220739569998
-0.104754364136494258323843589754
0.104754364136494258323843589754
-0.107464867651989009201054192682
0.107464867651989009201054192682
-0.11017457265057560609036729974
0.11017457265057560609036729974
-0.112883458997811000238805331432
0.112883458997811000238805331432
-0.115591506565335125733303339386
0.115591506565335125733303339386
-0.118298695231020463132035919212
0.118298695231020463132035919212
-0.121005004879121556784853442903
0.121005004879121556784853442903
-0.12371041540042448473184026182
0.12371041540042448473184026182
-0.126414906692396280069359899179
0.126414906692396280069359899179
-0.129118458659334302673312871464
0.129118458659334302673312871464
-0.131821051212515560169701648557
0.131821051212515560169701648557
-0.134522664270345977042974379869
0.134522664270345977042974379869
-0.137223277758509610773004375631
0.137223277758509610773004375631
-0.139922871610117813891955935821
0.139922871610117813891955935821
-0.142621425765858340852688961109
0.142621425765858340852688961109
-0.145318920174144398600764857633
0.145318920174144398600764857633
-0.148015334791263639742534557418
0.148015334791263639742534557418
-0.150710649581527097202216015638
0.150710649581527097202216015638
-0.153404844517418059261303311531
0.153404844517418059261303311531
-0.156097899579740883874092468464
0.156097899579740883874092468464
-0.158789794757769751153560316981
0.158789794757769751153560316981
-0.161480510049397352922292149419
0.161480510049397352922292149419
-0.164170025461283518223621552368
0.164170025461283518223621552368
-0.166858321009003773688621650428
0.166858321009003773688621650428
-0.16954537671719783765507104782
0.16954537671719783765507104782
-0.172231172619718046935010009901
0.172231172619718046935010009901
-0.174915688759777715128002880751
0.174915688759777715128002880751
-0.177598905190099421377731382164
0.177598905190099421377731382164
-0.180280801973063228470060279674
0.180280801973063228470060279674
-0.182961359180854829171241928918
0.182961359180854829171241928918
-0.185640556895613619705459426772
0.185640556895613619705459426772
-0.18831837520958069927144948229
0.18831837520958069927144948229
-0.190994794225246794498495688564
0.190994794225246794498495688564
-0.193669794055500107742640614072
0.193669794055500107742640614072
-0.19634335482377408812453103679
0.19634335482377408812453103679
-0.199015456664195124210884712038
0.199015456664195124210884712038
-0.201686079721730157242149291582
0.201686079721730157242149291582
-0.204355204152334213809514392387
0.204355204152334213809514392387
-0.207022810123097856885036344454
0.207022810123097856885036344454
-0.20968887781239455410924182375
0.20968887781239455410924182375
-0.212353387410027962241191393933
0.212353387410027962241191393933
-0.21501631911737912667660693482
0.21501631911737912667660693482
-0.217677653147553594940298021653
0.217677653147553594940298021653
-0.220337369725528443059761532561
0.220337369725528443059761532561
-0.222995449088299213727476097442
0.222995449088299213727476097442
-0.225651871485026765160068454913
0.225651871485026765160068454913
-0.22830661717718402956319235024
0.22830661717718402956319235024
-0.230959666438702680111632281228
0.230959666438702680111632281228
-0.233610999556119705354824176024
0.233610999556119705354824176024
-0.236260596828723889958672961525
0.236260596828723889958672961525
-0.238908438568702200695242948569
0.238908438568702200695242948569
-0.241554505101286076592601015029
0.241554505101286076592601015029
-0.24419877676489762215780470527
0.24419877676489762215780470527
-0.24684123391129570258674757866
0.24684123391129570258674757866
-0.2494818569057219398753024258
0.2494818569057219398753024258
-0.252120626127046608746939323308
0.252120626127046608746939323308
-0.254757521967914431312739910928
0.254757521967914431312739910928
-0.257392524834890269380481742943
0.257392524834890269380481742943
-0.260025615148604713330227083692
0.260025615148604713330227083692
-0.26265677334389956647461907883
0.26265677334389956647461907883
-0.265285979869973223822864834064
0.265285979869973223822864834064
-0.267913215190525944168169565773
0.267913215190525944168169565773
-0.270538459783905014419178647176
0.270538459783905014419178647176
-0.273161694143249805096785053876
0.273161694143249805096785053876
-0.275782898776636715918468407526
0.275782898776636715918468407526
-0.278402054207224010393148520169
0.278402054207224010393148520169
-0.281019140973396538350361048361
0.281019140973396538350361048361
-0.283634139628910345328395569381
0.283634139628910345328395569381
-0.286247030743037167746877085494
0.286247030743037167746877085494
-0.288857794900708812790120640059
0.288857794900708812790120640059
-0.291466412702661421928445385078
0.291466412702661421928445385078
-0.294072864765579617005499067019
0.294072864765579617005499067019
-0.296677131722240527820516490183
0.296677131722240527820516490183
-0.299279194221657700135316067901
0.299279194221657700135316067901
-0.301879032929224883036727074932
0.301879032929224883036727074932
-0.304476628526859694586036663067
0.304476628526859694586036663067
-0.307071961713147164687950089296
0.307071961713147164687950089296
-0.309665013203483154112469925455
0.309665013203483154112469925455
-0.312255763730217648604020263063
0.312255763730217648604020263063
-0.314844194042797927013070090382
0.314844194042797927013070090382
-0.31743028490791160238644609364
0.31743028490791160238644609364
-0.320014017109629534953469113862
0.320014017109629534953469113862
-0.322595371449548615946000367928
0.322595371449548615946000367928
-0.325174328746934421191443310127
0.325174328746934421191443310127
-0.327750869838863733418714661622
0.327750869838863733418714661622
-0.33032497558036693221817366252
0.33032497558036693221817366252
-0.332896626844570250597481997559
0.332896626844570250597481997559
-0.335465804522837897076358104377
0.335465804522837897076358104377
-0.338032489524914042264188685597
0.338032489524914042264188685597
-0.340596662779064668865467205091
0.340596662779064668865467205091
-0.343158305232219284059043947313
0.343158305232219284059043947313
-0.345717397850112493198194848998
0.345717397850112493198194848998
-0.348273921617425433779546767145
0.348273921617425433779546767145
-0.350827857537927068629935118456
0.350827857537927068629935118456
-0.353379186634615337261315905508
0.353379186634615337261315905508
-0.355927889949858164344908026196
0.355927889949858164344908026196
-0.358473948545534324256803437479
0.358473948545534324256803437479
-0.361017343503174160648352204368
0.361017343503174160648352204368
-0.363558055924100159995706702464
0.363558055924100159995706702464
-0.366096066929567378083994249106
0.366096066929567378083994249106
-0.368631357660903718382680206413
0.368631357660903718382680206413
-0.371163909279650061269784120867
0.371163909279650061269784120867
-0.37369370296770024306371973065
0.37369370296770024306371973065
-0.376220719927440883822645675253
0.376220719927440883822645675253
-0.37874494138189106287233747382
0.37874494138189106287233747382
-0.381266348574841841024722790768
0.381266348574841841024722790768
-0.38378492277099562845036117116
0.38378492277099562845036117116
-0.38630064525610539716929629552
0.38630064525610539716929629552
-0.388813497337113737125863365844
0.388813497337113737125863365844
-0.39132346034229175481419648283
0.39132346034229175481419648283
-0.393830515621377813422350800244
0.393830515621377813422350800244
-0.396334644545716113464131837069
0.396334644545716113464131837069
-0.398835828508395112868909583078
0.398835828508395112868909583078
-0.40133404892438578550088793968
0.40133404892438578550088793968
-0.403829287230679717080500586687
0.403829287230679717080500586687
-0.406321524886427037481812547925
0.406321524886427037481812547925
-0.40881074337307418838102253556
0.40881074337307418838102253556
-0.411296924194501525232384575383
0.411296924194501525232384575383
-0.413780048877160752549098444277
0.413780048877160752549098444277
-0.416260098970212191467957077238
0.416260098970212191467957077238
-0.418737056045661878577785315689
0.418737056045661878577785315689
-0.421210901698498494992958161963
0.421210901698498494992958161963
-0.423681617546830124654548067555
0.423681617546830124654548067555
-0.426149185232020840842919705582
0.426149185232020840842919705582
-0.428613586418827119886867151485
0.428613586418827119886867151485
-0.431074802795534081055672410847
0.431074802795534081055672410847
-0.433532816074091551621755779721
0.433532816074091551621755779721
-0.435987607990249956082887591523
0.435987607990249956082887591523
-0.438439160303696028534237485637
0.438439160303696028534237485637
-0.440887454798188347181851416718
0.440887454798188347181851416718
-0.443332473281692689990468200525
0.443332473281692689990468200525
-0.445774197586517210459916452066
0.445774197586517210459916452066
-0.448212609569447432525669305173
0.448212609569447432525669305173
-0.450647691111881063580478299184
0.450647691111881063580478299184
-0.453079424119962624615359268467
0.453079424119962624615359268467
-0.455507790524717896479561963815
0.455507790524717896479561963815
-0.457932772282188181260521461297
0.457932772282188181260521461297
-0.460354351373564377786163163805
0.460354351373564377786163163805
-0.462772509805320870253314363
0.462772509805320870253314363
-0.465187229609349228987363894508
0.465187229609349228987363894508
-0.467598492843091722339707376594
0.467598492843091722339707376594
-0.470006281589674638730918861842
0.470006281589674638730918861842
-0.472410577958041417849000442208
0.472410577958041417849000442208
-0.474811364083085590013479419585
0.474811364083085590013479419585
-0.47720862212578352271754807632
0.47720862212578352271754807632
-0.479602334273326973361873842267
0.479602334273326973361873842267
-0.481992482739255447195147746367
0.481992482739255447195147746367
-0.484379049763588359477886450629
0.484379049763588359477886450629
-0.486762017612957000887457882132
0.486762017612957000887457882132
-0.489141368580736305183762493287
0.489141368580736305183762493287
-0.491517084987176418156471481394
0.491517084987176418156471481394
-0.493889149179534066876199874459
0.493889149179534066876199874459
-0.496257543532203728273476230433
0.496257543532203728273476230433
-0.498622250446848596070861790358
0.498622250446848596070861790358
-0.500983252352531345095070261401
0.500983252352531345095070261401
-0.50334053170584469199744497217
0.50334053170584469199744497217
-0.505694070991041751412662928964
0.505694070991041751412662928964
-0.50804385272016618658705529636
0.50804385272016618658705529636
-0.510389859433182153509461017604
0.510389859433182153509461017604
-0.512732073698104037579064668168
0.512732073698104037579064668168
-0.515070478111125981846211188331
0.515070478111125981846211188331
-0.51740505529675120586373885608
0.51740505529675120586373885608
-0.519735787907921114187927728708
0.519735787907921114187927728708
-0.52206265862614419356972378848
0.52206265862614419356972378848
-0.524385650161624697878469163128
0.524385650161624697878469163128
-0.526704745253391119801946044026
0.526704745253391119801946044026
-0.529019926669424448368126281961
0.529019926669424448368126281961
-0.531331177206786211335610090695
0.531331177206786211335610090695
-0.533638479691746301501335820178
0.533638479691746301501335820178
-0.53594181697991058597574836242
0.53594181697991058597574836242
-0.538241171956348297477226411811
0.538241171956348297477226411811
-0.540536527535719206699188505953
0.540536527535719206699188505953
-0.542827866662400574804924511028
0.542827866662400574804924511028
-0.545115172310613885106832975025
0.545115172310613885106832975025
-0.547398427484551352988385540895
0.547398427484551352988385540895
-0.549677615218502213128787377493
0.549677615218502213128787377493
-0.551952718576978783091957336903
0.551952718576978783091957336903
-0.5542237206548423023431132701
0.5542237206548423023431132701
-0.556490604577428545757916616416
0.556490604577428545757916616416
-0.558753353500673210690806013777
0.558753353500673210690806013777
-0.561011950611237076670832243454
0.561011950611237076670832243454
-0.563266379126630936794996312843
0.563266379126630936794996312843
-0.565516622295340299890788879842
0.565516622295340299890788879842
-0.567762663396949862521332520239
0.567762663396949862521332520239
-0.570004485742267749908238522388
0.570004485742267749908238522388
-0.572242072673449524849006948793
0.572242072673449524849006948793
-0.574475407564121963707522619065
0.574475407564121963707522619065
-0.576704473819506598557930430455
0.576704473819506598557930430455
-0.578929254876543024563911027832
0.578929254876543024563911027832
-0.581149734204011971677122251657
0.581149734204011971677122251657
-0.583365895302658139740323017288
0.583365895302658139740323017288
-0.585577721705312796082454298785
0.585577721705312796082454298785
-0.587785196977016134694716692229
0.587785196977016134694716692229
-0.589988304715139396078455604293
0.589988304715139396078455604293
-0.592187028549506746857443438248
0.592187028549506746857443438248
-0.594381352142516918248933218562
0.594381352142516918248933218562
-0.596571259189264602489649893438
0.596571259189264602489649893438
-0.598756733417661606314684068807
0.598756733417661606314684068807
-0.600937758588557760589058143962
0.600937758588557760589058143962
-0.603114318495861585193546724922
0.603114318495861585193546724922
-0.605286396966660708268151773141
0.605286396966660708268151773141
-0.607453977861342038918458190935
0.607453977861342038918458190935
-0.609617045073711692491927437335
0.609617045073711692491927437335
-0.611775582531114667533025295439
0.611775582531114667533025295439
-0.613929574194554273527925061043
0.613929574194554273527925061043
-0.616079004058811308551379178648
0.616079004058811308551379178648
-0.618223856152562985930210701168
0.618223856152562985930210701168
-0.62036411453850160903974087993
0.62036411453850160903974087993
-0.622499763313452993351340688028
0.622499763313452993351340688028
-0.624630786608494634851172128917
0.624630786608494634851172128917
-0.626757168589073623952069769212
0.626757168589073623952069769212
-0.628878893455124304022404046188
0.628878893455124304022404046188
-0.630995945441185673657665522217
0.630995945441185673657665522217
-0.633108308816518531822413376356
0.633108308816518531822413376356
-0.635215967885222364992142023293
0.635215967885222364992142023293
-0.637318906986351975426536817742
0.637318906986351975426536817742
-0.639417110494033849707513323814
0.639417110494033849707513323814
-0.641510562817582266677364589664
0.641510562817582266677364589664
-0.643599248401615143914277253468
0.643599248401615143914277253468
-0.645683151726169621884420103102
0.645683151726169621884420103102
-0.647762257306817384911757904347
0.647762257306817384911757904347
-0.64983654969477971810869888661
0.64983654969477971810869888661
-0.651906013477042299412646216374
0.651906013477042299412646216374
-0.653970633276469725875492082456
0.653970633276469725875492082456
-0.656030393751919773355067648858
0.656030393751919773355067648858
-0.658085279598357388759543086029
0.658085279598357388759543086029
-0.660135275546968413997759154885
0.660135275546968413997759154885
-0.662180366365273040790465375257
0.662180366365273040790465375257
-0.664220536857238995499439646705
0.664220536857238995499439646705
-0.666255771863394453133470290012
0.666255771863394453133470290012
-0.668286056260940679692193827236
0.668286056260940679692193827236
-0.670311374963864402010800402002
0.670311374963864402010800402002
-0.67233171292304990427064354477
0.67233171292304990427064354477
-0.674347055126390850342821995057
0.674347055126390850342821995057
-0.67635738659890183113383848894
0.67635738659890183113383848894
-0.678362692402829636104483790487
0.678362692402829636104483790487
-0.680362957637764248135143774875
0.680362957637764248135143774875
-0.682358167440749560912783043601
0.682358167440749560912783043601
-0.684348306986393818016920353163
0.684348306986393818016920353163
-0.68633336148697977288397905246
0.68633336148697977288397905246
-0.688313316192574568831469735701
0.688313316192574568831469735701
-0.690288156391139338325542411289
0.690288156391139338325542411289
-0.692257867408638520677531647565
0.692257867408638520677531647565
-0.694222434609148897357210367964
0.694222434609148897357210367964
-0.696181843394968344112566215477
0.696181843394968344112566215477
-0.698136079206724299088018673725
0.698136079206724299088018673725
-0.700085127523481946135105403881
0.700085127523481946135105403881
-0.702028973862852112511782517311
0.702028973862852112511782517311
-0.703967603781098880168605737561
0.703967603781098880168605737561
-0.705901002873246909822187596317
0.705901002873246909822187596317
-0.707829156773188477018459940457
0.707829156773188477018459940457
-0.709752051153790219390411085417
0.709752051153790219390411085417
-0.71166967172699959431711291791
0.71166967172699959431711291791
-0.713582004243951046193005112632
0.713582004243951046193005112632
-0.71548903449507188251856136695
0.71548903449507188251856136695
-0.717390748310187858025626158691
0.717390748310187858025626158691
-0.719287131558628466052879978959
0.719287131558628466052879978959
-0.721178170149331936389066268214
0.721178170149331936389066268214
-0.723063850030949938803794373633
0.723063850030949938803794373633
-0.724944157191951991487919732664
0.724944157191951991487919732664
-0.726819077660729573627695155556
0.726819077660729573627695155556
-0.728688597505699941339085512149
0.728688597505699941339085512149
-0.73055270283540964619084230903
0.73055270283540964619084230903
-0.73241137979863775554714455591
0.73241137979863775554714455591
-0.734264614584498773962827948327
0.734264614584498773962827948327
-0.736112393422545264866445721113
0.736112393422545264866445721113
-0.737954702582870171768631536913
0.737954702582870171768631536913
-0.739791528376208838235467449908
0.739791528376208838235467449908
-0.741622857154040725868798310173
0.741622857154040725868798310173
-0.743448675308690829537677932142
0.743448675308690829537677932142
-0.745268969273430789107381924834
0.745268969273430789107381924834
-0.747083725522579696914677255045
0.747083725522579696914677255045
-0.748892930571604600240299370888
0.748892930571604600240299370888
-0.750696570977220698031854035148
0.750696570977220698031854035148
-0.752494633337491231132632888917
0.752494633337491231132632888917
-0.754287104291927065274109169161
0.754287104291927065274109169161
-0.756073970521585966092162922246
0.756073970521585966092162922246
-0.757855218749171565429373472059
0.757855218749171565429373472059
-0.7596308357391320181880107992
0.7596308357391320181880107992
-0.761400808297758349000656849808
0.761400808297758349000656849808
-0.763165123273282487987692601698
0.763165123273282487987692601698
-0.764923767555974994873196954688
0.764923767555974994873196954688
-0.766676728078242470733119163958
0.766676728078242470733119163958
-0.768423991814724656651907582869
0.768423991814724656651907582869
-0.770165545782391218566103907686
0.770165545782391218566103907686
-0.771901377040638217575743903709
0.771901377040638217575743903709
-0.773631472691384265006742723148
0.773631472691384265006742723148
-0.775355819879166361509785382366
0.775355819879166361509785382366
-0.777074405791235419483590732338
0.777074405791235419483590732338
-0.77878721765765146811277031403
0.77878721765765146811277031403
-0.780494242751378540312861822283
0.780494242751378540312861822283
-0.782195468388379240877480490251
0.782195468388379240877480490251
-0.783890881927708995124900533945
0.783890881927708995124900533945
-0.785580470771609977343752845258
0.785580470771609977343752845258
-0.787264222365604718339904374532
0.787264222365604718339904374532
-0.788942124198589391388969082442
0.788942124198589391388969082442
-0.790614163802926775901289948098
0.790614163802926775901289948098
-0.792280328754538898108626277999
0.792280328754538898108626277999
-0.793940606672999348084180451085
0.793940606672999348084180451085
-0.795594985221625272410003240699
0.795594985221625272410003240699
-0.797243452107569041808226957043
0.797243452107569041808226957043
-0.798885995081909593054990835692
0.798885995081909593054990835692
-0.800522601939743444498343341022
0.800522601939743444498343341022
-0.802153260520275384503831340043
0.802153260520275384503831340043
-0.80377795870690883215391641405
0.80377795870690883215391641405
-0.805396684427335869529793894708
0.805396684427335869529793894708
-0.807009425653626944906630519568
0.807009425653626944906630519568
-0.808616170402320246195681881398
0.808616170402320246195681881398
-0.810216906734510743969201078053
0.810216906734510743969201078053
-0.811811622755938903406505136565
0.811811622755938903406505136565
-0.813400306617079064502025868615
0.813400306617079064502025868615
-0.814982946513227489878636796131
0.814982946513227489878636796131
-0.816559530684590079552017647311
0.816559530684590079552017647311
-0.818130047416369751994292646365
0.818130047416369751994292646365
-0.819694485038853490847658386509
0.819694485038853490847658386509
-0.821252831927499056641201466644
0.821252831927499056641201466644
-0.822805076503021362866595269432
0.822805076503021362866595269432
-0.824351207231478515770859243495
0.824351207231478515770859243495
-0.825891212624357517226862806852
0.825891212624357517226862806852
-0.827425081238659630044759493749
0.827425081238659630044759493749
-0.828952801676985405090045204325
0.828952801676985405090045204325
-0.830474362587619369576447367311
0.830474362587619369576447367311
-0.831989752664614375904369471614
0.831989752664614375904369471614
-0.833498960647875610418137744489
0.833498960647875610418137744489
-0.835001975323244261457823733304
0.835001975323244261457823733304
-0.83649878552258084608394816592
0.83649878552258084608394816592
-0.837989380123848194855907702631
0.837989380123848194855907702631
-0.839473748051194094047507031632
0.839473748051194094047507031632
-0.840951878275033584685524181268
0.840951878275033584685524181268
-0.84242375981213091779978690688
0.84242375981213091779978690688
-0.843889381725681165275792539134
0.843889381725681165275792539134
-0.845348733125391485703462735215
0.845348733125391485703462735215
-0.846801803167562044618188135239
0.846801803167562044618188135239
-0.848248581055166588532885974731
0.848248581055166588532885974731
-0.84968905603793267216236622085
0.84968905603793267216236622085
-0.851123217412421538243878766301
0.851123217412421538243878766301
-0.852551054522107649360295611273
0.852551054522107649360295611273
-0.85397255675745787117496777131
0.85397255675745787117496777131
-0.855387713556010306489886848417
0.855387713556010306489886848417
-0.856796514402452779541375774891
0.856796514402452779541375774891
-0.858198948828700969950132164945
0.858198948828700969950132164945
-0.859595006413976195745050969059
0.859595006413976195745050969059
-0.860984676784882844882860700747
0.860984676784882844882860700747
-0.862367949615485454688219375763
0.862367949615485454688219375763
-0.863744814627385438641532450404
0.863744814627385438641532450404
-0.865115261589797459944375449056
0.865115261589797459944375449056
-0.866479280319625451295028612061
0.866479280319625451295028612061
-0.867836860681538280309259754023
0.867836860681538280309259754023
-0.8691879925880450600241245802
0.8691879925880450600241245802
-0.870532665999570103925190945355
0.870532665999570103925190945355
-0.871870870924527524940234935649
0.871870870924527524940234935649
-0.873202597419395477845102190507
0.873202597419395477845102190507
-0.874527835588790044530077538139
0.874527835588790044530077538139
-0.875846575585538761577759776125
0.875846575585538761577759776125
-0.877158807610753789606096267433
0.877158807610753789606096267433
-0.878464521913904723832893922886
0.878464521913904723832893922886
-0.879763708792891045320789083724
0.879763708792891045320789083724
-0.881056358594114212364328782901
0.881056358594114212364328782901
-0.882342461712549391483489831313
0.882342461712549391483489831313
-0.883622008591816827490640125674
0.883622008591816827490640125674
-0.884894989724252852100628488438
0.884894989724252852100628488438
-0.88616139565098053055637520722
0.88616139565098053055637520722
-0.887421216961979945745025221928
0.887421216961979945745025221928
-0.888674444296158119282419592366
0.888674444296158119282419592366
-0.889921068341418569046338447699
0.889921068341418569046338447699
-0.891161079834730502641670052017
0.891161079834730502641670052017
-0.892394469562197646283365897459
0.892394469562197646283365897459
-0.893621228359126708585750838129
0.893621228359126708585750838129
-0.894841347110095478749470184531
0.894841347110095478749470184531
-0.896054816749020558640072369509
0.896054816749020558640072369509
-0.897261628259224728254946252955
0.897261628259224728254946252955
-0.898461772673503944078056333869
0.898461772673503944078056333869
-0.899655241074193969824647064877
0.899655241074193969824647064877
-0.900842024593236639080819096177
0.900842024593236639080819096177
-0.902022114412245749345615593163
0.902022114412245749345615593163
-0.90319550176257258698599575484
0.90319550176257258698599575484
-0.90436217792537108261781528869
0.90436217792537108261781528869
-0.905522134231662596428679852022
0.905522134231662596428679852022
-0.906675362062400332961287330246
0.906675362062400332961287330246
-0.907821852848533384878628268975
0.907821852848533384878628268975
-0.908961598071070405235170789791
0.908961598071070405235170789791
-0.910094589261142907780916878849
0.910094589261142907780916878849
-0.911220818000068194827981023753
0.911220818000068194827981023753
-0.912340275919411912212109767324
0.912340275919411912212109767324
-0.913452954701050230884331827532
0.913452954701050230884331827532
-0.914558846077231654670702981134
0.914558846077231654670702981134
-0.915657941830638453740887905009
0.915657941830638453740887905009
-0.916750233794447723329102594113
0.916750233794447723329102594113
-0.917835713852392067253725809031
0.917835713852392067253725809031
-0.918914373938819905784676229802
0.918914373938819905784676229802
-0.919986206038755407410443586671
0.919986206038755407410443586671
-0.921051202187958044059456983535
0.921051202187958044059456983535
-0.922109354472981769333271906815
0.922109354472981769333271906815
-0.923160655031233819311859002388
0.923160655031233819311859002388
-0.924205096051033135494082587032
0.924205096051033135494082587032
-0.925242669771668409439265019889
0.925242669771668409439265019889
-0.926273368483455748678544474977
0.926273368483455748678544474977
-0.927297184527795963467548309484
0.927297184527795963467548309484
-0.928314110297231473954722096021
0.928314110297231473954722096021
-0.929324138235502837342475462183
0.929324138235502837342475462183
-0.930327260837604894621130139891
0.930327260837604894621130139891
-0.931323470649842536458483052316
0.931323470649842536458483052316
-0.932312760269886087830627840509
0.932312760269886087830627840509
-0.933295122346826310982511938183
0.933295122346826310982511938183
-0.934270549581229026309543124589
0.934270549581229026309543124589
-0.935239034725189350754399405985
0.935239034725189350754399405985
-0.936200570582385553316039079807
0.936200570582385553316039079807
-0.937155150008132527270753906892
0.937155150008132527270753906892
-0.938102765909434878707957441094
0.938102765909434878707957441094
-0.939043411245039630986252727999
0.939043411245039630986252727999
-0.939977079025488544718178771381
0.939977079025488544718178771381
-0.940903762313170052894893364568
0.940903762313170052894893364568
-0.941823454222370810764911081628
0.941823454222370810764911081628
-0.942736147919326860083879408846
0.942736147919326860083879408846
-0.943641836622274407355243159735
0.943641836622274407355243159735
-0.944540513601500215684517447367
0.944540513601500215684517447367
-0.945432172179391609872762577759
0.945432172179391609872762577759
-0.946316805730486094377730270274
0.946316805730486094377730270274
-0.94719440768152058377402959993
0.94719440768152058377402959993
-0.948064971511480245346542987918
0.948064971511480245346542987918
-0.948928490751646953454207438299
0.948928490751646953454207438299
-0.949784958985647355304164030266
0.949784958985647355304164030266
-0.950634369849500547779169428366
0.950634369849500547779169428366
-0.951476717031665364964056871792
0.951476717031665364964056871792
-0.95231199427308727601993075517
0.95231199427308727601993075517
-0.953140195367244893057678527134
0.953140195367244893057678527134
-0.953961314160196088665286222504
0.953961314160196088665286222504
-0.954775344550623722746349526229
0.954775344550623722746349526229
-0.955582280489880978330080863566
0.955582280489880978330080863566
-0.956382115982036306016024647191
0.956382115982036306016024647191
-0.957174845083917976719607519354
0.957174845083917976719607519354
-0.957960461905158242387568243014
0.957960461905158242387568243014
-0.958738960608237104355232863886
0.958738960608237104355232863886
-0.95951033540852568902052493706
0.95951033540852568902052493706
-0.960274580574329230512528047066
0.960274580574329230512528047066
-0.961031690426929660035348618395
0.961031690426929660035348618395
-0.961781659340627801570961194779
0.961781659340627801570961194779
-0.96252448174278517362765605232
0.96252448174278517362765605232
-0.963260152113865396723650309965
0.963260152113865396723650309965
-0.963988664987475206298368732633
0.963988664987475206298368732633
-0.964710014950405070746849326934
0.964710014950405070746849326934
-0.965424196642669414275681766277
0.965424196642669414275681766277
-0.966131204757546444281843833762
0.966131204757546444281843833762
-0.966831034041617582958762645615
0.966831034041617582958762645615
-0.96752367929480650283689365317
0.96752367929480650283689365317
-0.968209135370417765969081588934
0.968209135370417765969081588934
-0.96888739717517506647394393244
0.96888739717517506647394393244
-0.969558459669259076153499478639
0.969558459669259076153499478639
-0.970222317866344892904252600314
0.970222317866344892904252600314
-0.970878966833639091643938269444
0.970878966833639091643938269444
-0.971528401691916377479134369874
0.971528401691916377479134369874
-0.972170617615555840841956901444
0.972170617615555840841956901444
-0.972805609832576814327071038294
0.972805609832576814327071038294
-0.973433373624674330963277458039
0.973433373624674330963277458039
-0.974053904327254183656969818343
0.974053904327254183656969818343
-0.974667197329467585547806774165
0.974667197329467585547806774165
-0.975273248074245431020001712125
0.975273248074245431020001712125
-0.975872052058332157115706821468
0.975872052058332157115706821468
-0.976463604832319205100056831924
0.976463604832319205100056831924
-0.977047902000678081930543584819
0.977047902000678081930543584819
-0.977624939221793021386517714744
0.977624939221793021386517714744
-0.978194712207993244617760595832
0.978194712207993244617760595832
-0.978757216725584819874241241084
0.978757216725584819874241241084
-0.979312448594882121182372397467
0.979312448594882121182372397467
-0.979860403690238885736311570331
0.979860403690238885736311570331
-0.980401077940078869776120708478
0.980401077940078869776120708478
-0.980934467326926102727908129646
0.980934467326926102727908129646
-0.981460567887434739384434224779
0.981460567887434739384434224779
-0.981979375712418509908075896194
0.981979375712418509908075896194
-0.982490886946879767441522202327
0.982490886946879767441522202327
-0.982995097790038133115125488593
0.982995097790038133115125488593
-0.98349200449535873824347041658
0.98349200449535873824347041658
-0.983981603370580063507462015831
0.983981603370580063507462015831
-0.984463890777741374922090091664
0.984463890777741374922090091664
-0.984938863133209756394021159093
0.984938863133209756394021159093
-0.985406516907706738677324549641
0.985406516907706738677324549641
-0.985866848626334524539985173116
0.985866848626334524539985173116
-0.986319854868601809958426049919
0.986319854868601809958426049919
-0.986765532268449201162100575295
0.986765532268449201162100575295
-0.987203877514274227355367480345
0.987203877514274227355367480345
-0.98763488734895594894939102671
0.98763488734895594894939102671
-0.988058558569879161142788407154
0.988058558569879161142788407154
-0.988474888028958192696264829518
0.988474888028958192696264829518
-0.988883872632660299753643265521
0.988883872632660299753643265521
-0.989285509342028654569643810428
0.989285509342028654569643810428
-0.989679795172704929013661117654
0.989679795172704929013661117654
-0.990066727194951472728829931396
0.990066727194951472728829931396
-0.990446302533673085837109145009
0.990446302533673085837109145009
-0.990818518368438386094265927172
0.990818518368438386094265927172
-0.991183371933500770413892638689
0.991183371933500770413892638689
-0.99154086051781897069742865883
0.99154086051781897069742865883
-0.991890981465077203928201528803
0.991890981465077203928201528803
-0.992233732173704916512524517122
0.992233732173704916512524517122
-0.992569110096896122880878952738
0.992569110096896122880878952738
-0.992897112742628338398431440708
0.992897112742628338398431440708
-0.993217737673681106678208354006
0.993217737673681106678208354006
-0.993530982507654121444263433644
0.993530982507654121444263433644
-0.993836844916984943158842043154
0.993836844916984943158842043154
-0.994135322628966310710409050807
0.994135322628966310710409050807
-0.994426413425763048563117291026
0.994426413425763048563117291026
-0.994710115144428569898996852158
0.994710115144428569898996852158
-0.994986425676920976450020282464
0.994986425676920976450020282464
-0.995255342970118755929202711384
0.995255342970118755929202711384
-0.99551686502583607824281850462
0.99551686502583607824281850462
-0.99577098990083769201977442419
0.99577098990083769201977442419
-0.996017715706853423456760534069
0.996017715706853423456760534069
-0.996257040610592280087162095395
0.996257040610592280087162095395
-0.996488962833756162891118568412
0.996488962833756162891118568412
-0.996713480653053191248616795363
0.996713480653053191248616795363
-0.996930592400210646703961610137
0.996930592400210646703961610137
-0.997140296461987543512161465856
0.997140296461987543512161465856
-0.997342591280186836699574177737
0.997342591280186836699574177737
-0.997537475351667282222510521184
0.997537475351667282222510521184
-0.997724947228354969241028706714
0.997724947228354969241028706714
-0.997905005517254552286832051641
0.997905005517254552286832051641
-0.998077648880460222340672302131
0.998077648880460222340672302131
-0.998242876035166472337343148787
0.998242876035166472337343148787
-0.998400685753678737233133284055
0.998400685753678737233133284055
-0.998551076863424026115525149522
0.998551076863424026115525149522
-0.998694048246961721538605844673
0.998694048246961721538605844673
-0.998829598841994812235617733815
0.998829598841994812235617733815
-0.998957727641381971961550021384
0.998957727641381971961550021384
-0.999078433693151139287758700526
0.999078433693151139287758700526
-0.999191716100515663792172130291
0.999191716100515663792172130291
-0.999297574021894801881398205546
0.999297574021894801881398205546
-0.99939600667094164331612521806
0.99939600667094164331612521806
-0.999487013316583987522389187086
0.999487013316583987522389187086
-0.999570593283088472873293254977
0.999570593283088472873293254977
-0.999646745950168134502097901205
0.999646745950168134502097901205
-0.999715470753175171414927906912
0.999715470753175171414927906912
-0.999776767183471392735504328282
0.999776767183471392735504328282
-0.999830634789198142221574970513
0.999830634789198142221574970513
-0.999877073177033410847118218549
0.999877073177033410847118218549
-0.999916082016704196275638854219
0.999916082016704196275638854219
-0.999947661054549307102561074982
0.999947661054549307102561074982
-0.999971810164548702946098484365
0.999971810164548702946098484365
-0.999988529622134641801026443512
0.999988529622134641801026443512
-0.999997823016642383915001061799
0.999997823016642383915001061799