0.00187950494348463118793555120144
0.00187950162377321194477349126632
0.00187950162377321194477349126632
0.00187949166465068122238592404988
0.00187949166465068122238592404988
0.00187947506615222000064258784172
0.00187947506615222000064258784172
0.00187945182833646310790619453996
0.00187945182833646310790619453996
0.00187942195128549901390266396143
0.00187942195128549901390266396143
0.00187938543510486953974047624789
0.00187938543510486953974047624789
0.00187934227992356948508016673606
0.00187934227992356948508016673606
0.00187929248589404617245528032942
0.00187929248589404617245528032942
0.00187923605319219890874639507533
0.00187923605319219890874639507533
0.00187917298201737836381011731101
0.00187917298201737836381011731101
0.00187910327259238586626524339521
0.00187910327259238586626524339521
0.0018790269251634726164385756877
0.0018790269251634726164385756877
0.00187894394000033881647317307552
0.00187894394000033881647317307552
0.00187885431739613271760210897177
0.00187885431739613271760210897177
0.0018787580576674495845911023286
0.0018787580576674495845911023286
0.00187865516115433057735367981048
0.00187865516115433057735367981048
0.00187854562822026154974281986451
0.00187854562822026154974281986451
0.00187842945925217176552332200239
0.00187842945925217176552332200239
0.00187830665466043253152943717031
0.00187830665466043253152943717031
0.0018781772148788557480125876297
0.0018781772148788557480125876297
0.00187804114036469237618429730073
0.00187804114036469237618429730073
0.0018778984315986308229597460315
0.0018778984315986308229597460315
0.00187774908908479524290765374792
0.00187774908908479524290765374792
0.00187759311335074375741249291109
0.00187759311335074375741249291109
0.00187743050494746659105532015933
0.00187743050494746659105532015933
0.00187726126444938412521981044088
0.00187726126444938412521981044088
0.0018770853924543448689303693479
0.0018770853924543448689303693479
0.00187690288958362334692949174356
0.00187690288958362334692949174356
0.00187671375648191790500182712945
0.00187671375648191790500182712945
0.00187651799381734843255270452969
0.00187651799381734843255270452969
0.00187631560228145400244916196982
0.00187631560228145400244916196982
0.00187610658258919042813181790208
0.00187610658258919042813181790208
0.00187589093547892773800621417246
0.00187589093547892773800621417246
0.00187566866171244756712255233828
0.00187566866171244756712255233828
0.00187543976207494046615303732718
0.00187543976207494046615303732718
0.00187520423737500312767633457748
0.00187520423737500312767633457748
0.00187496208844463552977893891583
0.00187496208844463552977893891583
0.00187471331613923799698354550917
0.00187471331613923799698354550917
0.00187445792133760817851480527353
0.00187445792133760817851480527353
0.00187419590494193794391313913108
0.00187419590494193794391313913108
0.00187392726787781019600757747785
0.00187392726787781019600757747785
0.00187365201109419560125888315719
0.00187365201109419560125888315719
0.00187337013556344923748450812627
0.00187337013556344923748450812627
0.00187308164228130715897722585524
0.00187308164228130715897722585524
0.00187278653226688287902957330807
0.00187278653226688287902957330807
0.00187248480656266376987652812188
0.00187248480656266376987652812188
0.00187217646623450738006913832413
0.00187217646623450738006913832413
0.00187186151237163766929211360587
0.00187186151237163766929211360587
0.00187153994608664116063867880139
0.00187153994608664116063867880139
0.00187121176851546301035628180988
0.00187121176851546301035628180988
0.00187087698081740299507703973224
0.00187087698081740299507703973224
0.00187053558417511141654709848446
0.00187053558417511141654709848446
0.00187018757979458492386937258713
0.00187018757979458492386937258713
0.00186983296890516225327442321777
0.00186983296890516225327442321777
0.00186947175275951988543452394783
0.00186947175275951988543452394783
0.00186910393263366762033625486783
0.00186910393263366762033625486783
0.00186872950982694406972725703188
0.00186872950982694406972725703188
0.00186834848566201206715307032523
0.00186834848566201206715307032523
0.00186796086148485399560026897459
0.00186796086148485399560026897459
0.00186756663866476703276239997996
0.00186756663866476703276239997996
0.00186716581859435831394552074722
0.00186716581859435831394552074722
0.00186675840268954001263042314204
0.00186675840268954001263042314204
0.0018663443923895243387089220665
0.0018663443923895243387089220665
0.00186592378915681845441187747939
0.00186592378915681845441187747939
0.00186549659447721930794690953818
0.00186549659447721930794690953818
0.00186506280985980838486405723434
0.00186506280985980838486405723434
0.00186462243683694637716792152283
0.00186462243683694637716792152283
0.00186417547696426777019512451035
0.00186417547696426777019512451035
0.00186372193182067534727620676389
0.00186372193182067534727620676389
0.00186326180300833461220137523101
0.00186326180300833461220137523101
0.00186279509215266812950980462401
0.00186279509215266812950980462401
0.00186232180090234978262248541192
0.00186232180090234978262248541192
0.00186184193092929894983890178459
0.00186184193092929894983890178459
0.00186135548392867459821811310286
0.00186135548392867459821811310286
0.00186086246161886929536510242473
0.00186086246161886929536510242473
0.00186036286574150313914354570067
0.00186036286574150313914354570067
0.00185985669806141760533644515885
0.00185985669806141760533644515885
0.00185934396036666931327636025378
0.00185934396036666931327636025378
0.00185882465446852370946725932704
0.00185882465446852370946725932704
0.00185829878220144866922030482667
0.00185829878220144866922030482667
0.00185776634542310801632617455061
0.00185776634542310801632617455061
0.00185722734601435496078681091877
0.00185722734601435496078681091877
0.00185668178587922545462977973636
0.00185668178587922545462977973636
0.00185612966694493146582870928749
0.00185612966694493146582870928749
0.00185557099116185417035356989139
0.00185557099116185417035356989139
0.0018550057605035370623748432632
0.0018550057605035370623748432632
0.00185443397696667898264592014554
0.00185443397696667898264592014554
0.00185385564257112706508835371579
0.00185385564257112706508835371579
0.0018532707593598696016048852256
0.0018532707593598696016048852256
0.00185267932939902882514544719229
0.00185267932939902882514544719229
0.00185208135477785361105163823681
0.00185208135477785361105163823681
0.00185147683760871209670545234686
0.00185147683760871209670545234686
0.0018508657800270842195083339374
0.0018508657800270842195083339374
0.00185024818419155417321691858187
0.00185024818419155417321691858187
0.00184962405228380278266210769569
0.00184962405228380278266210769569
0.00184899338650859979687841376744
0.00184899338650859979687841376744
0.00184835618909379610067080095203
0.00184835618909379610067080095203
0.00184771246229031584464653396289
0.00184771246229031584464653396289
0.00184706220837214849373983622555
0.00184706220837214849373983622555
0.00184640542963634079425744618225
0.00184640542963634079425744618225
0.00184574212840298865947344846543
0.00184574212840298865947344846543
0.00184507230701522897380204438547
0.00184507230701522897380204438547
0.0018443959678392313155772138048
0.0018443959678392313155772138048
0.00184371311326418959846850799466
0.00184371311326418959846850799466
0.00184302374570231363156250049179
0.00184302374570231363156250049179
0.00184232786758882059813971028891
0.00184232786758882059813971028891
0.00184162548138192645317709890436
0.00184162548138192645317709890436
0.00184091658956283723960652998114
0.00184091658956283723960652998114
0.00184020119463574032335986706329
0.00184020119463574032335986706329
0.00183947929912779554723167208677
0.00183947929912779554723167208677
0.00183875090558912630359075390218
0.00183875090558912630359075390218
0.00183801601659281052597210281578
0.00183801601659281052597210281578
0.00183727463473487159958103369385
0.00183727463473487159958103369385
0.00183652676263426919074164662065
0.00183652676263426919074164662065
0.00183577240293288999532200043313
0.00183577240293288999532200043313
0.00183501155829553840616868067266
0.00183501155829553840616868067266
0.00183424423140992709958372959728
0.00183424423140992709958372959728
0.00183347042498666754087719188302
0.00183347042498666754087719188302
0.0018326901417592604090288155122
0.0018326901417592604090288155122
0.00183190338448408594049273309586
0.00183190338448408594049273309586
0.00183111015594039419217923450843
0.00183111015594039419217923450843
0.00183031045893029522364802722266
0.00183031045893029522364802722266
0.00182950429627874919854766612116
0.00182950429627874919854766612116
0.00182869167083355640533611982714
0.00182869167083355640533611982714
0.00182787258546534719731772573919
0.00182787258546534719731772573919
0.001827047043067571852032070973
0.001827047043067571852032070973
0.00182621504655649035003062130526
0.00182621504655649035003062130526
0.00182537659887116207307720498083
0.00182537659887116207307720498083
0.00182453170297343542180874288259
0.00182453170297343542180874288259
0.0018236803618479373528929010732
0.0018236803618479373528929010732
0.001822822578502062835719626098
0.001822822578502062835719626098
0.00182195835596596422866380768806
0.00182195835596596422866380768806
0.00182108769729254057495659762053
0.00182108769729254057495659762053
0.00182021060555742681820319747862
0.00182021060555742681820319747862
0.00181932708385898293758521190576
0.00181932708385898293758521190576
0.0018184371353182830027859476657
0.0018184371353182830027859476657
0.00181754076307910414867732240199
0.00181754076307910414867732240199
0.00181663797030791546980733043566
0.00181663797030791546980733043566
0.00181572876019386683472729624718
0.00181572876019386683472729624718
0.00181481313594877762019842945821
0.00181481313594877762019842945821
0.0018138911008071253653174781577
0.0018138911008071253653174781577
0.00181296265802603434560156030588
0.00181296265802603434560156030588
0.00181202781088526406707253569704
0.00181202781088526406707253569704
0.00181108656268719768038156356642
0.00181108656268719768038156356642
0.00181013891675683031501477338794
0.00181013891675683031501477338794
0.00180918487644175733362125872569
0.00180918487644175733362125872569
0.00180822444511216250650488617328
0.00180822444511216250650488617328
0.00180725762616080610632169343944
0.00180725762616080610632169343944
0.00180628442300301292302493251494
0.00180628442300301292302493251494
0.00180530483907666019910009558437
0.00180530483907666019910009558437
0.00180431887784216548513254292481
0.00180431887784216548513254292481
0.00180332654278247441575063346157
0.00180332654278247441575063346157
0.00180232783740304840598753992778
0.00180232783740304840598753992778
0.00180132276523185226810521169873
0.00180132276523185226810521169873
0.00180031132981934174892422934209
0.00180031132981934174892422934209
0.00179929353473845098770357574146
0.00179929353473845098770357574146
0.00179826938358457989461462931081
0.00179826938358457989461462931081
0.00179723887997558144985396532161
0.00179723887997558144985396532161
0.00179620202755174892343983171062
0.00179620202755174892343983171062
0.0017951588299758030157374459244
0.0017951588299758030157374459244
0.00179410929093287891875853938513
0.00179410929093287891875853938513
0.00179305341413051329828085603007
0.00179305341413051329828085603007
0.0017919912032986311968335910838
0.0017919912032986311968335910838
0.00179092266218953285759503576629
0.00179092266218953285759503576629
0.00178984779457788046924897302048
0.00178984779457788046924897302048
0.00178876660426068483184664855952
0.00178876660426068483184664855952
0.00178767909505729194372142058424
0.00178767909505729194372142058424
0.00178658527080936950950347040622
0.00178658527080936950950347040622
0.00178548513538089336928223492861
0.00178548513538089336928223492861
0.00178437869265813384896450048567
0.00178437869265813384896450048567
0.00178326594654964203187637592134
0.00178326594654964203187637592134
0.00178214690098623595165764099597
0.00178214690098623595165764099597
0.0017810215599209867064972442483
0.0017810215599209867064972442483
0.00177988992732920449475900230484
0.00177988992732920449475900230484
0.00177875200720842457204683032135
0.00177875200720842457204683032135
0.00177760780357839312975911075841
0.00177760780357839312975911075841
0.00177645732048105309518208503621
0.00177645732048105309518208503621
0.00177530056198052985317242977975
0.00177530056198052985317242977975
0.00177413753216311688947945635501
0.00177413753216311688947945635501
0.00177296823513726135575764920745
0.00177296823513726135575764920745
0.00177179267503354955632053514647
0.00177179267503354955632053514647
0.00177061085600469235668715217059
0.00177061085600469235668715217059
0.00176942278222551051397266269944
0.00176942278222551051397266269944
0.00176822845789291992917493216656
0.00176822845789291992917493216656
0.0017670278872259168214091698328
0.0017670278872259168214091698328
0.00176582107446556282414300440172
0.00176582107446556282414300440172
0.00176460802387497000348464255426
0.00176460802387497000348464255426
0.00176338873973928579857703387111
0.00176338873973928579857703387111
0.00176216322636567788415124077412
0.00176216322636567788415124077412
0.00176093148808331895529248709413
0.00176093148808331895529248709413
0.00175969352924337143447263365876
0.00175969352924337143447263365876
0.00175844935421897210090310389121
0.00175844935421897210090310389121
0.00175719896740521664226255681631
0.00175719896740521664226255681631
0.00175594237321914412885387908482
0.00175594237321914412885387908482
0.00175467957609972141024534164819
0.00175467957609972141024534164819
0.0017534105805078274344510405434
0.0017534105805078274344510405434
0.00175213539092623748970601488081
0.00175213539092623748970601488081
0.00175085401185960736889170856498
0.00175085401185960736889170856498
0.00174956644783445745666771551901
0.00174956644783445745666771551901
0.00174827270339915673936602122612
0.00174827270339915673936602122612
0.00174697278312390673770422624641
0.00174697278312390673770422624641
0.00174566669160072536237451001179
0.00174566669160072536237451001179
0.0017443544334434306925653656464
0.0017443544334434306925653656464
0.00174303601328762467747340880272
0.00174303601328762467747340880272
0.00174171143579067676086283554418
0.00174171143579067676086283554418
0.00174038070563170742873037614205
0.00174038070563170742873037614205
0.00173904382751157168013386328728
0.00173904382751157168013386328728
0.00173770080615284242124280464538
0.00173770080615284242124280464538
0.00173635164629979378266962090362
0.00173635164629979378266962090362
0.00173499635271838436014048147375
0.00173499635271838436014048147375
0.00173363493019624037856494081939
0.00173363493019624037856494081939
0.00173226738354263877956384897372
0.00173226738354263877956384897372
0.00173089371758849023251528019982
0.00173089371758849023251528019982
0.0017295139371863220691784939213
0.0017295139371863220691784939213
0.00172812804721026114195621201478
0.00172812804721026114195621201478
0.00172673605255601660585576630581
0.00172673605255601660585576630581
0.00172533795814086262420993964693
0.00172533795814086262420993964693
0.00172393376890362099821859327813
0.00172393376890362099821859327813
0.00172252348980464372037244227597
0.00172252348980464372037244227597
0.00172110712582579545182060978684
0.00172110712582579545182060978684
0.00171968468197043592374385941148
0.00171968468197043592374385941148
0.00171825616326340226279567356041
0.00171825616326340226279567356041
0.00171682157475099124067361383351
0.00171682157475099124067361383351
0.00171538092150094144788366748939
0.00171538092150094144788366748939
0.00171393420860241539176055186153
0.00171393420860241539176055186153
0.00171248144116598151880721614672
0.00171248144116598151880721614672
0.00171102262432359616141704733687
0.00171102262432359616141704733687
0.00170955776322858540904255418604
0.00170955776322858540904255418604
0.00170808686305562690387457000027
0.00170808686305562690387457000027
0.0017066099290007315610962817075
0.0017066099290007315610962817075
0.00170512696628122521377665910671
0.00170512696628122521377665910671
0.00170363798013573018246812441013
0.00170363798013573018246812441013
0.00170214297582414676957356817711
0.00170214297582414676957356817711
0.00170064195862763467854808349355
0.00170064195862763467854808349355
0.00169913493384859435800105577506
0.00169913493384859435800105577506
0.00169762190681064827076451086431
0.00169762190681064827076451086431
0.00169610288285862208799388915254
0.00169610288285862208799388915254
0.00169457786735852580836767828115
0.00169457786735852580836767828115
0.00169304686569753480245260157031
0.00169304686569753480245260157031
0.00169150988328397078230132367714
0.00169150988328397078230132367714
0.00168996692554728269634989910485
0.00168996692554728269634989910485
0.00168841799793802754968245306599
0.00168841799793802754968245306599
0.00168686310592785114973084784582
0.00168686310592785114973084784582
0.0016853022550094687774773512157
0.0016853022550094687774773512157
0.00168373545069664578422858660974
0.00168373545069664578422858660974
0.00168216269852417811402930770062
0.00168216269852417811402930770062
0.00168058400404787275178480268995
0.00168058400404787275178480268995
0.00167899937284452809716099606653
0.00167899937284452809716099606653
0.0016774088105119142643315777781
0.0016774088105119142643315777781
0.00167581232266875330764175171108
0.00167581232266875330764175171108
0.00167420991495469937325845707477
0.00167420991495469937325845707477
0.00167260159303031877687717774214
0.00167260159303031877687717774214
0.00167098736257707000755571580747
0.00167098736257707000755571580747
0.00166936722929728365774556658014
0.00166936722929728365774556658014
0.00166774119891414227959179294386
0.00166774119891414227959179294386
0.00166610927717166016757255746986
0.00166610927717166016757255746986
0.0016644714698346630675497308806
0.0016644714698346630675497308806
0.00166282778268876781230225541621
0.00166282778268876781230225541621
0.00166117822154036188361420135831
0.00166117822154036188361420135831
0.00165952279221658290098971441428
0.00165952279221658290098971441428
0.00165786150056529803706731085827
0.00165786150056529803706731085827
0.00165619435245508335980623626277
0.00165619435245508335980623626277
0.0016545213537752031015178623347
0.0016545213537752031015178623347
0.00165284251043558885481535479307
0.00165284251043558885481535479307
0.00165115782836681869555510338905
0.00165115782836681869555510338905
0.00164946731352009623284366307362
0.00164946731352009623284366307362
0.00164777097186722958618421296194
0.00164777097186722958618421296194
0.00164606880940061028983679712605
0.00164606880940061028983679712605
0.00164436083213319212446686836756
0.00164436083213319212446686836756
0.00164264704609846987615691297863
0.00164264704609846987615691297863
0.00164092745735045802285619109274
0.00164092745735045802285619109274
0.00163920207196366934834388355373
0.00163920207196366934834388355373
0.00163747089603309348378119229382
0.00163747089603309348378119229382
0.00163573393567417537692819700573
0.00163573393567417537692819700573
0.00163399119702279368910152642122
0.00163399119702279368910152642122
0.00163224268623523911994915776662
0.00163224268623523911994915776662
0.0016304884094881926601189129547
0.0016304884094881926601189129547
0.00162872837297870377189747479052
0.00162872837297870377189747479052
0.00162696258292416849789700091571
0.00162696258292416849789700091571
0.00162519104556230749786666739035
0.00162519104556230749786666739035
0.00162341376715114401370672771294
0.00162341376715114401370672771294
0.00162163075396898176276292670645
0.00162163075396898176276292670645
0.00161984201231438275947936205061
0.00161984201231438275947936205061
0.00161804754850614506548813931731
0.00161804754850614506548813931731
0.00161624736888328046821441916575
0.00161624736888328046821441916575
0.00161444147980499208807570787583
0.00161444147980499208807570787583
0.00161262988765065191435449464224
0.00161262988765065191435449464224
0.00161081259881977826982359101539
0.00161081259881977826982359101539
0.00160898961973201320420377955956
0.00160898961973201320420377955956
0.00160716095682709981653363020088
0.00160716095682709981653363020088
0.00160532661656485950653159385836
0.00160532661656485950653159385836
0.00160348660542516915503073378885
0.00160348660542516915503073378885
0.00160164092990793823356670563017
0.00160164092990793823356670563017
0.00159978959653308584319984739557
0.00159978959653308584319984739557
0.00159793261184051768265249065605
0.00159793261184051768265249065605
0.00159606998239010294584285384359
0.00159606998239010294584285384359
0.00159420171476165114889712801766
0.00159420171476165114889712801766
0.0015923278155548888867216145583
0.0015923278155548888867216145583
0.00159044829138943651921702308107
0.00159044829138943651921702308107
0.00158856314890478478721728641069
0.00158856314890478478721728641069
0.0015866723947602713582354977011
0.0015866723947602713582354977011
0.00158477603563505730209982274881
0.00158477603563505730209982274881
0.00158287407822810349656248821259
0.00158287407822810349656248821259
0.00158096652925814696296519382542
0.00158096652925814696296519382542
0.00157905339546367713204454376296
0.00157905339546367713204454376296
0.00157713468360291203996133911585
0.00157713468360291203996133911585
0.00157521040045377445463781990014
0.00157521040045377445463781990014
0.00157328055281386793248719122967
0.00157328055281386793248719122967
0.00157134514750045280562001416655
0.00157134514750045280562001416655
0.00156940419135042209961228735874
0.00156940419135042209961228735874
0.0015674576912202773819202908673
0.0015674576912202773819202908673
0.00156550565398610454102750857888
0.00156550565398610454102750857888
0.0015635480865435494964091902905
0.0015635480865435494964091902905
0.00156158499580779383940035894322
0.00156158499580779383940035894322
0.00155961638871353040505331256714
0.00155961638871353040505331256714
0.00155764227221493877507091428298
0.00155764227221493877507091428298
0.00155566265328566071190220718227
0.00155566265328566071190220718227
0.00155367753891877552408713408051
0.00155367753891877552408713408051
0.00155168693612677536293738500224
0.00155168693612677536293738500224
0.00154969085194154045064063781537
0.00154969085194154045064063781537
0.00154768929341431423987569968093
0.00154768929341431423987569968093
0.00154568226761567850502629892535
0.00154568226761567850502629892535
0.00154366978163552836508151857236
0.00154366978163552836508151857236
0.00154165184258304723831110409137
0.00154165184258304723831110409137
0.00153962845758668172880411892703
0.00153962845758668172880411892703
0.0015375996337941164449596620699
0.0015375996337941164449596620699
0.00153556537837224875001860231031
0.00153556537837224875001860231031
0.00153352569850716344472552388493
0.00153352569850716344472552388493
0.00153148060140410738221031797845
0.00153148060140410738221031797845
0.00152943009428746401517909397942
0.00152943009428746401517909397942
0.00152737418440072787550432350898
0.00152737418440072787550432350898
0.00152531287900647898630436904397
0.00152531287900647898630436904397
0.00152324618538635720660278743926
0.00152324618538635720660278743926
0.00152117411084103650865803681903
0.00152117411084103650865803681903
0.00151909666269019918805445315097
0.00151909666269019918805445315097
0.0015170138482725100066456003407
0.0015170138482725100066456003407
0.00151492567494559026844133488548
0.00151492567494559026844133488548
0.00151283215008599182853016300496
0.00151283215008599182853016300496
0.00151073328108917103512870472224
0.00151073328108917103512870472224
0.00150862907536946260485031559962
0.00150862907536946260485031559962
0.00150651954036005343128515273916
0.00150651954036005343128515273916
0.00150440468351295632698420723819
0.00150440468351295632698420723819
0.00150228451229898369894006054288
0.00150228451229898369894006054288
0.00150015903420772115765735706843
0.00150015903420772115765735706843
0.00149802825674750105990622005123
0.00149802825674750105990622005123
0.00149589218744537598525207186596
0.00149589218744537598525207186596
0.00149375083384709214645555397795
0.00149375083384709214645555397795
0.00149160420351706273383647530772
0.00149160420351706273383647530772
0.00148945230403834119369595105875
0.00148945230403834119369595105875
0.00148729514301259444089112700224
0.00148729514301259444089112700224
0.0014851327280600760056571168204
0.0014851327280600760056571168204
0.0014829650668195991147710123846
0.0014829650668195991147710123846
0.00148079216694850970715305878365
0.00148079216694850970715305878365
0.00147861403612265938400031752065
0.00147861403612265938400031752065
0.00147643068203637829354837256354
0.00147643068203637829354837256354
0.00147424211240244795055686486331
0.00147424211240244795055686486331
0.00147204833495207399061487154451
0.00147204833495207399061487154451
0.00146984935743485885936237622396
0.00146984935743485885936237622396
0.00146764518761877443672430682523
0.00146764518761877443672430682523
0.00146543583329013459625384682674
0.00146543583329013459625384682674
0.00146322130225356769968195511074
0.00146322130225356769968195511074
0.00146100160233198902677025846659
0.00146100160233198902677025846659
0.0014587767413665731405647093453
0.0014587767413665731405647093453
0.00145654672721672618814762966169
0.00145654672721672618814762966169
0.00145431156776005813698598929468
0.00145431156776005813698598929468
0.00145207127089235494697399544532
0.00145207127089235494697399544532
0.00144982584452755067826829617423
0.00144982584452755067826829617423
0.00144757529659769953501432825543
0.00144757529659769953501432825543
0.0014453196350529478450625659504
0.0014453196350529478450625659504
0.00144305886786150597577365342439
0.00144305886786150597577365342439
0.00144079300300962018601162929564
0.00144079300300962018601162929564
0.00143852204850154441442467722587
0.00143852204850154441442467722587
0.00143624601235951200411306152765
0.00143624601235951200411306152765
0.00143396490262370736378413147851
0.00143396490262370736378413147851
0.00143167872735223756549450239401
0.00143167872735223756549450239401
0.00142938749462110387907974551979
0.00142938749462110387907974551979
0.00142709121252417324337214245691
0.00142709121252417324337214245691
0.00142478988917314967430728313296
0.00142478988917314967430728313296
0.0014224835326975456100205092745
0.0014224835326975456100205092745
0.00142017215124465319303442792172
0.00142017215124465319303442792172
0.00141785575297951548963894175491
0.00141785575297951548963894175491
0.00141553434608489764656546487187
0.00141553434608489764656546487187
0.00141320793876125798505721416637
0.00141320793876125798505721416637
0.0014108765392267190324376876083
0.0014108765392267190324376876083
0.00140854015571703849127966151659
0.00140854015571703849127966151659
0.00140619879648558014627725934423
0.00140619879648558014627725934423
0.0014038524698032847089238645614
0.0014038524698032847089238645614
0.00140150118395864060009886992557
0.00140150118395864060009886992557
0.00139914494725765467066647476743
0.00139914494725765467066647476743
0.00139678376802382286018996089589
0.00139678376802382286018996089589
0.00139441765459810079386509633519
0.00139441765459810079386509633519
0.00139204661533887431777653435036
0.00139204661533887431777653435036
0.0013896706586219299725812930938
0.0013896706586219299725812930938
0.00138728979284042540572361871449
0.00138728979284042540572361871449
0.00138490402640485972228575191145
0.00138490402640485972228575191145
0.0013825133677430437745793346846
0.0013825133677430437745793346846
0.0013801178253000703905824104367
0.0013801178253000703905824104367
0.00137771740753828454132718661091
0.00137771740753828454132718661091
0.00137531212293725344734394470698
0.00137531212293725344734394470698
0.00137290197999373662426669780588
0.00137290197999373662426669780588
0.00137048698722165586770641064604
0.00137048698722165586770641064604
0.00136806715315206517749781183426
0.00136806715315206517749781183426
0.00136564248633312062142604193936
0.00136564248633312062142604193936
0.00136321299533005013853959500673
0.00136321299533005013853959500673
0.00136077868872512328215622444557
0.00136077868872512328215622444557
0.00135833957511762090266869727759
0.00135833957511762090266869727759
0.00135589566312380477025749339562
0.00135589566312380477025749339562
0.0013534469613768871376177587614
0.0013534469613768871376177587614
0.00135099347852700024280803337398
0.00135099347852700024280803337398
0.0013485352232411657523284863624
0.0013485352232411657523284863624
0.00134607220420326414453660169786
0.00134607220420326414453660169786
0.00134360443011400403350846878119
0.00134360443011400403350846878119
0.0013411319096908914334540425393
0.0013411319096908914334540425393
0.00133865465166819896379494766015
0.00133865465166819896379494766015
0.00133617266479693499501361120754
0.00133617266479693499501361120754
0.00133368595784481273538271708474
0.00133368595784481273538271708474
0.00133119453959621925868418465859
0.00133119453959621925868418465859
0.00132869841885218447302708231255
0.00132869841885218447302708231255
0.00132619760443035003087409476769
0.00132619760443035003087409476769
0.00132369210516493818038637069364
0.00132369210516493818038637069364
0.00132118192990672055819678442685
0.00132118192990672055819678442685
0.00131866708752298692372185251976
0.00131866708752298692372185251976
0.00131614758689751383512275236197
0.00131614758689751383512275236197
0.00131362343693053326702609624098
0.00131362343693053326702609624098
0.00131109464653870117011531994639
0.00131109464653870117011531994639
0.00130856122465506597270375036584
0.00130856122465506597270375036584
0.00130602318022903702440062147291
0.00130602318022903702440062147291
0.00130348052222635298198151266649
0.00130348052222635298198151266649
0.00130093325962905013757488758604
0.00130093325962905013757488758604
0.00129838140143543068927661529836
0.00129838140143543068927661529836
0.00129582495666003095430455912653
0.00129582495666003095430455912653
0.00129326393433358952480552137161
0.00129326393433358952480552137161
0.00129069834350301536642703476058
0.00129069834350301536642703476058
0.0012881281932313558597666936393
0.0012881281932313558597666936393
0.00128555349259776478481191971717
0.00128555349259776478481191971717
0.00128297425069747024848325855832
0.00128297425069747024848325855832
0.00128039047664174255539450400391
0.00128039047664174255539450400391
0.00127780217955786202194314829847
0.00127780217955786202194314829847
0.00127520936858908673384485588168
0.00127520936858908673384485588168
0.0012726120528946202472258585931
0.0012726120528946202472258585931
0.00127001024164957923338736942147
0.00127001024164957923338736942147
0.00126740394404496106735631091123
0.00126740394404496106735631091123
0.00126479316928761136033685291613
0.00126479316928761136033685291613
0.00126217792660019143617745256239
0.00126217792660019143617745256239
0.00125955822522114575196828705199
0.00125955822522114575196828705199
0.00125693407440466926288416729782
0.00125693407440466926288416729782
0.00125430548342067473138821733824
0.00125430548342067473138821733824
0.00125167246155475998091180102626
0.00125167246155475998091180102626
0.00124903501810817509412637362871
0.00124903501810817509412637362871
0.00124639316239778955592313170231
0.00124639316239778955592313170231
0.00124374690375605934121652993547
0.00124374690375605934121652993547
0.00124109625153099394768792855704
0.00124109625153099394768792855704
0.0012384412150861233735858294143
0.0012384412150861233735858294143
0.00123578180380046504069935291293
0.00123578180380046504069935291293
0.00123311802706849066262180168929
0.00123311802706849066262180168929
0.00123044989430009305842135015081
0.00123044989430009305842135015081
0.00122777741492055291183609187195
0.00122777741492055291183609187195
0.00122510059837050547611086927089
0.00122510059837050547611086927089
0.00122241945410590722459350201497
0.00122241945410590722459350201497
0.00121973399159800244720822221039
0.00121973399159800244720822221039
0.00121704422033328979292431562269
0.00121704422033328979292431562269
0.00121435014981348875833815894931
0.00121435014981348875833815894931
0.00121165178955550612248703352209
0.00121165178955550612248703352209
0.00120894914909140232801328575658
0.00120894914909140232801328575658
0.00120624223796835780879759418488
0.00120624223796835780879759418488
0.00120353106574863926418029200904
0.00120353106574863926418029200904
0.00120081564200956587988988279246
0.00120081564200956587988988279246
0.00119809597634347549579807516592
0.00119809597634347549579807516592
0.00119537207835769072062085026291
0.00119537207835769072062085026291
0.00119264395767448499368526301456
0.00119264395767448499368526301456
0.00118991162393104859388186542729
0.00118991162393104859388186542729
0.00118717508677945459592282653584
0.00118717508677945459592282653584
0.00118443435588662477402600986948
0.00118443435588662477402600986948
0.00118168944093429545314545498951
0.00118168944093429545314545498951
0.00117894035161898330786889495137
0.00117894035161898330786889495137
0.00117618709765195110910312641333
0.00117618709765195110910312641333
0.00117342968875917341866823355587
0.00117342968875917341866823355587
0.0011706681346813022319218509905
0.0011706681346813022319218509905
0.00116790244517363256853483442343
0.00116790244517363256853483442343
0.00116513263000606801153989099714
0.00116513263000606801153989099714
0.0011623586989630861947749039618
0.0011623586989630861947749039618
0.00115958066184370423884286862652
0.00115958066184370423884286862652
0.00115679852846144413571053840863
0.00115679852846144413571053840863
0.00115401230864429808206806123548
0.00115401230864429808206806123548
0.00115122201223469376157206755812
0.00115122201223469376157206755812
0.00114842764908945957609485180791
0.00114842764908945957609485180791
0.00114562922907978982610246926639
0.00114562922907978982610246926639
0.00114282676209120984028475002325
0.00114282676209120984028475002325
0.00114002025802354105456041096825
0.00114002025802354105456041096825
0.00113720972679086604058062559784
0.00113720972679086604058062559784
0.0011343951783214934838545898173
0.0011343951783214934838545898173
0.00113157662255792311162079988235
0.00113157662255792311162079988235
0.00112875406945681057058793615036
0.00112875406945681057058793615036
0.00112592752898893225466942340019
0.00112592752898893225466942340019
0.00112309701113915008283591512995
0.00112309701113915008283591512995
0.00112026252590637622721012545352
0.00112026252590637622721012545352
0.00111742408330353779152860798894
0.00111742408330353779152860798894
0.00111458169335754144009525646337
0.00111458169335754144009525646337
0.00111173536610923797735147665086
0.00111173536610923797735147665086
0.00110888511161338687818815370894
0.00110888511161338687818815370894
0.00110603093993862076912471298781
0.00110603093993862076912471298781
0.00110317286116740986048074595161
0.00110317286116740986048074595161
0.00110031088539602632966584597292
0.00110031088539602632966584597292
0.00109744502273450865571347144048
0.00109744502273450865571347144048
0.00109457528330662590518482585373
0.00109457528330662590518482585373
0.00109170167724984196956891636693
0.00109170167724984196956891636693
0.00108882421471527975430512358891
0.00108882421471527975430512358891
0.00108594290586768531955478634149
0.00108594290586768531955478634149
0.00108305776088539197284847553014
0.00108305776088539197284847553014
0.00108016878996028431373580128321
0.00108016878996028431373580128321
0.00107727600329776223056476707083
0.00107727600329776223056476707083
0.00107437941111670484951785362112
0.00107437941111670484951785362112
0.00107147902364943443603218410801
0.00107147902364943443603218410801
0.00106857485114168024873129029269
0.00106857485114168024873129029269
0.00106566690385254234599616705706
0.00106566690385254234599616705706
0.0010627551920544553453034700738
0.0010627551920544553453034700738
0.00105983972603315213545887821181
0.00105983972603315213545887821181
0.001056920516087627541853808678
0.001056920516087627541853808678
0.00105399757253010194487383884571
0.00105399757253010194487383884571
0.00105107090568598485158735421614
0.00105107090568598485158735421614
0.00104814052589383842084310700155
0.00104814052589383842084310700155
0.0010452064435053409419055344063
0.0010452064435053409419055344063
0.00104226866888525026675684981481
0.00104226866888525026675684981481
0.00103932721241136719619508377218
0.00103932721241136719619508377218
0.00103638208447449881985741486431
0.00103638208447449881985741486431
0.00103343329547842181029829336808
0.00103343329547842181029829336808
0.00103048085583984567125202284886
0.00103048085583984567125202284886
0.00102752477598837594020962673151
0.00102752477598837594020962673151
0.00102456506636647734543998826091
0.00102456506636647734543998826091
0.00102160173742943691758541319967
0.00102160173742943691758541319967
0.00101863479964532705596192508167
0.00101863479964532705596192508167
0.00101566426349496854969476285206
0.00101566426349496854969476285206
0.00101269013947189355381971027439
0.00101269013947189355381971027439
0.00100971243808230852048104557539
0.00100971243808230852048104557539
0.0010067311698450570853570584249
0.0010067311698450570853570584249
0.00100374634529158290944423951401
0.00100374634529158290944423951401
0.00100075797496589247633140569615
0.00100075797496589247633140569615
0.00099776606942451784509518089479
0.00099776606942451784509518089479
0.0009947706392364793589484097557
0.0009947706392364793589484097557
0.00099177169498324830977323733191
0.00099177169498324830977323733191
0.00098876924725870955867074393407
0.00098876924725870955867074393407
0.00098576330666912411265917965813
0.00098576330666912411265917965813
0.00098275388383309165765299801523
0.00098275388383309165765299801523
0.00097974098938151304785504253445
0.00097974098938151304785504253445
0.0009767246339575527516943941884
0.0009767246339575527516943941884
0.00097370482821660125444254100202
0.00097370482821660125444254100202
0.00097068158282623741764068424804
0.00097068158282623741764068424804
0.00096765490846619079547114820588
0.00096765490846619079547114820588
0.00096462481582830390820601256532
0.00096462481582830390820601256532
0.00096159131561649447286623819041
0.00096159131561649447286623819041
0.00095855441854671759122470812292
0.00095855441854671759122470812292
0.00095551413534692789528675639768
0.00095551413534692789528675639768
0.00095247047675704165038190746321
0.00095247047675704165038190746321
0.00094942345352889881600069875053
0.00094942345352889881600069875053
0.00094637307642622506451060820981
0.00094637307642622506451060820981
0.00094331935622459375788525743803
0.00094331935622459375788525743803
0.00094026230371138788258120935114
0.00094026230371138788258120935114
0.00093720192968576194269682721021
0.00093720192968576194269682721021
0.00093413824495860381154780919253
0.00093413824495860381154780919253
0.00093107126035249654179415960496
0.00093107126035249654179415960496
0.00092800098670168013425350426787
0.00092800098670168013425350426787
0.00092492743485201326553580355247
0.00092492743485201326553580355247
0.00092185061566093497463466203273
0.00092185061566093497463466203273
0.00091877053999742630861057871417
0.00091877053999742630861057871417
0.00091568721874197192750162632529
0.00091568721874197192750162632529
0.00091260066278652166859719220304
0.00091260066278652166859719220304
0.0009095108830344520702105568708
0.0009095108830344520702105568708
0.00090641789040052785508622949514
0.00090641789040052785508622949514
0.00090332169581086337357810201654
0.00090332169581086337357810201654
0.00090022231020288400673462587753
0.00090022231020288400673462587753
0.00089711974452528752942735692014
0.00089711974452528752942735692014
0.00089401400973800543365935519173
0.00089401400973800543365935519173
0.00089090511681216421219006708428
0.00089090511681216421219006708428
0.0008877930767300466026134574364
0.0008877930767300466026134574364
0.00088467790048505279202629894922
0.00088467790048505279202629894922
0.0008815595990816615824236655064
0.0008815595990816615824236655064
0.00087843818353539151695881474463
0.00087843818353539151695881474463
0.00087531366487276196720478349334
0.00087531366487276196720478349334
0.0008721860541312541815551574907
0.0008721860541312541815551574907
0.00086905536235927229490161408681
0.00086905536235927229490161408681
0.00086592160061610429972597346389
0.00086592160061610429972597346389
0.00086278477997188297874463023703
0.00086278477997188297874463023703
0.00085964491150754679924337314659
0.00085964491150754679924337314659
0.00085650200631480076924073591514
0.00085650200631480076924073591514
0.00085335607549607725561815721675
0.00085335607549607725561815721675
0.0008502071301644967643553620945
0.0008502071301644967643553620945
0.00084705518144382868300951106236
0.00084705518144382868300951106236
0.0008439002404684519855767965407
0.0008439002404684519855767965407
0.00084074231838331589987529919885
0.00084074231838331589987529919885
0.0008375814263439005375880492142
0.0008375814263439005375880492142
0.0008344175755161774871053694042
0.0008344175755161774871053694042
0.00083125077707657036930570864515
0.00083125077707657036930570864515
0.00082808104221191535641430495949
0.00082808104221191535641430495949
0.00082490838211942165407914813102
0.00082490838211942165407914813102
0.00082173280800663194680384169473
0.00082173280800663194680384169473
0.00081855433109138280687709364451
0.00081855433109138280687709364451
0.00081537296260176506693869420711
0.00081537296260176506693869420711
0.00081218871377608415632196754498
0.00081218871377608415632196754498
0.00080900159586282040131281227224
0.00080900159586282040131281227224
0.0008058116201205892894655731985
0.0008058116201205892894655731985
0.00080261879781810169811611375251
0.00080261879781810169811611375251
0.00079942314023412408723258508266
0.00079942314023412408723258508266
0.00079622465865743865674451388327
0.00079622465865743865674451388327
0.00079302336438680346849095655423
0.00079302336438680346849095655423
0.00078981926873091253292859236667
0.00078981926873091253292859236667
0.00078661238300835586074075287894
0.00078661238300835586074075287894
0.00078340271854757947948850892421
0.00078340271854757947948850892421
0.00078019028668684541544506007456
0.00078019028668684541544506007456
0.00077697509877419164075479457498
0.00077697509877419164075479457498
0.00077375716616739198605851033471
0.00077375716616739198605851033471
0.00077053650023391601872640966302
0.00077053650023391601872640966302
0.0007673131123508888868406020406
0.0007673131123508888868406020406
0.0007640870139050511290689703271
0.0007640870139050511290689703271
0.0007608582162927184505723764192
0.0007608582162927184505723764192
0.0007576267309197414650873024931
0.0007576267309197414650873024931
0.0007543925692014654033261435875
0.0007543925692014654033261435875
0.0007511557425626897878374864108
0.0007511557425626897878374864108
0.0007479162624376280744688278914
0.0007479162624376280744688278914
0.0007446741402698672605743051215
0.0007446741402698672605743051215
0.0007414293875123274601101259919
0.0007414293875123274601101259919
0.0007381820156272214457605069564
0.0007381820156272214457605069564
0.0007349320360860141582370410172
0.0007349320360860141582370410172
0.0007316794603693821828945351777
0.0007316794603693821828945351777
0.0007284242999671731938064722673
0.0007284242999671731938064722673
0.0007251665663783653654433672098
0.0007251665663783653654433672098
0.0007219062711110267520974024755
0.0007219062711110267520974024755
0.0007186434256822746351968416335
0.0007186434256822746351968416335
0.0007153780416182348386538336019
0.0007153780416182348386538336019
0.0007121101304540010123893333797
0.0007121101304540010123893333797
0.0007088397037335938841789777402
0.0007088397037335938841789777402
0.0007055667730099204799638665653
0.0007055667730099204799638665653
0.0007022913498447333127703122071
0.0007022913498447333127703122071
0.0006990134458085895403827304813
0.0006990134458085895403827304813
0.0006957330724808100919139576201
0.0006957330724808100919139576201
0.0006924502414494387634173877473
0.0006924502414494387634173877473
0.0006891649643112012826854351809
0.0006891649643112012826854351809
0.0006858772526714643433789351235
0.0006858772526714643433789351235
0.0006825871181441946086322050684
0.0006825871181441946086322050684
0.0006792945723519176842785975272
0.0006792945723519176842785975272
0.0006759996269256770618414824774
0.0006759996269256770618414824774
0.0006727022935049930314357052383
0.0006727022935049930314357052383
0.0006694025837378215647246723054
0.0006694025837378215647246723054
0.0006661005092805131680783240188
0.0006661005092805131680783240188
0.0006627960817977717060773587977
0.0006627960817977717060773587977
0.0006594893129626131955091790613
0.0006594893129626131955091790613
0.0006561802144563245700011338569
0.0006561802144563245700011338569
0.0006528687979684224154367376474
0.0006528687979684224154367376474
0.000649555075196611676300648668
0.000649555075196611676300648668
0.0006462390578467443330982937476
0.0006462390578467443330982937476
0.0006429207576327780509961295059
0.0006429207576327780509961295059
0.0006396001862767347998286323936
0.0006396001862767347998286323936
0.0006362773555086594456182121277
0.0006362773555086594456182121277
0.0006329522770665783137543447082
0.0006329522770665783137543447082
0.0006296249626964577239783223734
0.0006296249626964577239783223734
0.0006262954241521624973201185743
0.0006262954241521624973201185743
0.0006229636731954144351339663202
0.0006229636731954144351339663202
0.0006196297215957507703793480794
0.0006196297215957507703793480794
0.0006162935811304825912941948045
0.0006162935811304825912941948045
0.0006129552635846532376071906121
0.0006129552635846532376071906121
0.0006096147807509966694361781684
0.0006096147807509966694361781684
0.0006062721444298958090197579385
0.0006062721444298958090197579385
0.0006029273664293408554292721425
0.0006029273664293408554292721425
0.0005995804585648875724084615393
0.0005995804585648875724084615393
0.0005962314326596155494881800306
0.0005962314326596155494881800306
0.0005928803005440864365236485604
0.0005928803005440864365236485604
0.0005895270740563021518018258763
0.0005895270740563021518018258763
0.0005861717650416630638665694373
0.0005861717650416630638665694373
0.0005828143853529261472093551031
0.0005828143853529261472093551031
0.0005794549468501631119734192345
0.0005794549468501631119734192345
0.0005760934614007185078192814849
0.0005760934614007185078192814849
0.0005727299408791678020997008852
0.0005727299408791678020997008852
0.0005693643971672754324922118233
0.0005693643971672754324922118233
0.0005659968421539528342374802233
0.0005659968421539528342374802233
0.0005626272877352164421318136394
0.0005626272877352164421318136394
0.0005592557458141456674222521299
0.0005592557458141456674222521299
0.000555882228300840849752759666
0.000555882228300840849752759666
0.0005525067471123811843101285005
0.0005525067471123811843101285005
0.0005491293141727826243183013798
0.0005491293141727826243183013798
0.0005457499414129557590299087575
0.0005457499414129557590299087575
0.0005423686407706636673639102886
0.0005423686407706636673639102886
0.0005389854241904797473383218762
0.0005389854241904797473383218762
0.0005356003036237455214471014337
0.0005356003036237455214471014337
0.0005322132910285284181303583606
0.0005322132910285284181303583606
0.0005288243983695795294871435307
0.0005288243983695795294871435307
0.0005254336376182913453801684089
0.0005254336376182913453801684089
0.000522041020752655464081893786
0.000522041020752655464081893786
0.0005186465597572202796115205952
0.0005186465597572202796115205952
0.0005152502666230486459125074037
0.0005152502666230486459125074037
0.000511852153347675518020331513
0.000511852153347675518020331513
0.0005084522319350655703703032102
0.0005084522319350655703703032102
0.0005050505143955707923953356633
0.0005050505143955707923953356633
0.0005016470127458880615636663071
0.0005016470127458880615636663071
0.0004982417390090166940066194169
0.0004982417390090166940066194169
0.0004948347052142159728865939861
0.0004948347052142159728865939861
0.0004914259233969626546555561171
0.0004914259233969626546555561171
0.0004880154055989084533544110012
0.0004880154055989084533544110012
0.0004846031638678375031037263138
0.0004846031638678375031037263138
0.0004811892102576237989363766173
0.0004811892102576237989363766173
0.0004777735568281886161227772704
0.0004777735568281886161227772704
0.0004743562156454579081394765521
0.0004743562156454579081394765521
0.0004709371987813196834319763724
0.0004709371987813196834319763724
0.0004675165183135813611227552469
0.0004675165183135813611227552469
0.0004640941863259271058155723527
0.0004640941863259271058155723527
0.000460670214907875141647238681
0.000460670214907875141647238681
0.0004572446161547350457381507858
0.0004572446161547350457381507858
0.0004538174021675650211929946737
0.0004538174021675650211929946737
0.0004503885850531291498031422672
0.0004503885850531291498031422672
0.0004469581769238546246023809269
0.0004469581769238546246023809269
0.0004435261898977889624277380894
0.0004435261898977889624277380894
0.0004400926360985571966372885535
0.0004400926360985571966372885535
0.0004366575276553190501369617626
0.0004366575276553190501369617626
0.0004332208767027260888685010571
0.0004332208767027260888685010571
0.0004297826953808788559108668379
0.0004297826953808788559108668379
0.0004263429958352839863475214685
0.0004263429958352839863475214685
0.0004229017902168113030521862042
0.0004229017902168113030521862042
0.0004194590906816508935458201811
0.0004194590906816508935458201811
0.0004160149093912701680777393235
0.0004160149093912701680777393235
0.0004125692585123708990839698317
0.0004125692585123708990839698317
0.0004091221502168462421761176573
0.0004091221502168462421761176573
0.0004056735966817377388142331802
0.0004056735966817377388142331802
0.0004022236100891923008173603726
0.0004022236100891923008173603726
0.0003987722026264191768656834454
0.0003987722026264191768656834454
0.0003953193864856469011484228364
0.0003953193864856469011484228364
0.0003918651738640802243118881199
0.0003918651738640802243118881199
0.0003884095769638570268623698945
0.0003884095769638570268623698945
0.0003849526079920052151788480655
0.0003849526079920052151788480655
0.0003814942791603996002908125696
0.0003814942791603996002908125696
0.0003780346026857187595768371645
0.0003780346026857187595768371645
0.0003745735907894018815399204288
0.0003745735907894018815399204288
0.0003711112556976055938160139652
0.0003711112556976055938160139652
0.0003676476096411607745725997767
0.0003676476096411607745725997767
0.0003641826648555293474546611584
0.0003641826648555293474546611584
0.0003607164335807610602359190633
0.0003607164335807610602359190633
0.000357248928061450247333784189
0.000357248928061450247333784189
0.0003537801605466925763471101675
0.0003537801605466925763471101675
0.0003503101432900417787765321841
0.0003503101432900417787765321841
0.0003468388885494663650879460051
0.0003468388885494663650879460051
0.0003433664085873063242805337128
0.0003433664085873063242805337128
0.0003398927156702298081216846058
0.0003398927156702298081216846058
0.0003364178220691898002122042873
0.0003364178220691898002122042873
0.0003329417400593807700463651112
0.0003329417400593807700463651112
0.0003294644819201953122326418992
0.0003294644819201953122326418992
0.0003259860599351807710424153284
0.0003259860599351807710424153284
0.0003225064863919958504555312155
0.0003225064863919958504555312155
0.0003190257735823672098733995294
0.0003190257735823672098733995294
0.0003155439338020460456723280729
0.0003155439338020460456723280729
0.000312060979350764658772041911
0.000312060979350764658772041911
0.0003085769225321930083968747495
0.0003085769225321930083968747495
0.000305091775653895252209971682
0.000305091775653895252209971682
0.0003016055510272862730040591125
0.0003016055510272862730040591125
0.0002981182609675881921359693272
0.0002981182609675881921359693272
0.0002946299177937868698962143937
0.0002946299177937868698962143937
0.0002911405338285883930095566571
0.0002911405338285883930095566571
0.0002876501213983755494678021765
0.0002876501213983755494678021765
0.0002841586928331642909020432893
0.0002841586928331642909020432893
0.0002806662604665601827084069671
0.0002806662604665601827084069671
0.0002771728366357148421491549476
0.0002771728366357148421491549476
0.00027367843368128236465987971
0.00027367843368128236465987971
0.0002701830639473757386037228311
0.0002701830639473757386037228311
0.0002666867397815232487252152789
0.0002666867397815232487252152789
0.0002631894735346248685697452288
0.0002631894735346248685697452288
0.0002596912775609086421500838051
0.0002596912775609086421500838051
0.0002561921642178870551591802545
0.0002561921642178870551591802545
0.0002526921458663133960489749418
0.0002526921458663133960489749418
0.0002491912348701381073187450961
0.0002491912348701381073187450961
0.000245689443596465127384057856
0.000245689443596465127384057856
0.0002421867844155082234294293155
0.0002421867844155082234294293155
0.0002386832697005473156850790714
0.0002386832697005473156850790714
0.0002351789118278847936116878065
0.0002351789118278847936116878065
0.0002316737231768018245279639816
0.0002316737231768018245279639816
0.0002281677161295146552754930102
0.0002281677161295146552754930102
0.0002246609030711309075854539607
0.0002246609030711309075854539607
0.0002211532963896058678943728963
0.0002211532963896058678943728963
0.0002176449084756987724536000553
0.0002176449084756987724536000553
0.0002141357517229290886926468448
0.0002141357517229290886926468448
0.000210625838527532793933557172
0.000210625838527532793933557172
0.0002071151812884186527165978966
0.0002071151812884186527165978966
0.0002036037924071244941922426689
0.0002036037924071244941922426689
0.0002000916842877734912674824796
0.0002000916842877734912674824796
0.0001965788693370304434743256931
0.0001965788693370304434743256931
0.0001930653599640580658653803953
0.0001930653599640580658653803953
0.0001895511685804732866486400477
0.0001895511685804732866486400477
0.0001860363076003035567672781279
0.0001860363076003035567672781279
0.0001825207894399431752308161922
0.0001825207894399431752308161922
0.0001790046265181096347372080828
0.0001790046265181096347372080828
0.0001754878312557999930237818354
0.0001754878312557999930237818354
0.0001719704160762472764900636801
0.0001719704160762472764900636801
0.0001684523934048769240002508653
0.0001684523934048769240002508653
0.0001649337756692632804655061247
0.0001649337756692632804655061247
0.0001614145752990861519140428536
0.0001614145752990861519140428536
0.0001578948047260874363939042432
0.0001578948047260874363939042432
0.0001543744763840278483676859465
0.0001543744763840278483676859465
0.0001508536027086437584445650844
0.0001508536027086437584445650844
0.0001473321961376041756091114618
0.0001473321961376041756091114618
0.0001438102691104679058883257777
0.0001438102691104679058883257777
0.0001402878340686409301017950279
0.0001402878340686409301017950279
0.0001367649034553340545742497324
0.0001367649034553340545742497324
0.0001332414897155209032796944562
0.0001332414897155209032796944562
0.0001297176052958963389552714279
0.0001297176052958963389552714279
0.0001261932626448354258139241173
0.0001261932626448354258139241173
0.0001226684742123530797331477308
0.0001226684742123530797331477308
0.0001191432524500645961831260636
0.0001191432524500645961831260636
0.0001156176098111473058783020927
0.0001156176098111473058783020927
0.000112091558750303689157176552
0.000112091558750303689157176552
0.0001085651117237263909784490947
0.0001085651117237263909784490947
0.0001050382811890657315870641455
0.0001050382811890657315870641455
0.00010151107960540052156531401
0.00010151107960540052156531401
0.0000979835194332132911690264115
0.0000979835194332132911690264115
0.0000944556131343714731652860045
0.0000944556131343714731652860045
0.0000909273731721166976671243565
0.0000909273731721166976671243565
0.0000873988120110652621949853835
0.0000873988120110652621949853835
0.0000838699421172241801268954446
0.0000838699421172241801268954446
0.0000803407759580292245080836335
0.0000803407759580292245080836335
0.0000768113260024144590638174539
0.0000768113260024144590638174539
0.0000732816047209275243354298937
0.0000732816047209275243354298937
0.000069751624585912504471883891
0.000069751624585912504471883891
0.000066221398071794403789994478
0.000066221398071794403789994478
0.000062690937655519408803408848
0.000062690937655519408803408848
0.000059160255817239189279359531
0.000059160255817239189279359531
0.000055629365041386701711864447
0.000055629365041386701711864447
0.00005209827781839694319122889
0.00005209827781839694319122889
0.000048567006647522223822463612
0.000048567006647522223822463612
0.000045035564041568247256985878
0.000045035564041568247256985878
0.00004150396253513218631684901
0.00004150396253513218631684901
0.000037972214699511565435162682
0.000037972214699511565435162682
0.000034440333170983354514015018
0.000034440333170983354514015018
0.000030908330707533430238668415
0.000030908330707533430238668415
0.000027376220310611402992655512
0.000027376220310611402992655512
0.000023844015509019432121445744
0.000023844015509019432121445744
0.000020311731093407591746406144
0.000020311731093407591746406144
0.000016779385290779166835129514
0.000016779385290779166835129514
0.000013247007490252332214710778
0.000013247007490252332214710778
9.714673957455058926637688e-6
9.714673957455058926637688e-6
6.18275968426003326399758e-6
6.18275968426003326399758e-6
2.65604569005825509620967e-6
2.65604569005825509620967e-6