-0.003771408094104311
0.003771408094104311
-0.01131400971122479
0.01131400971122479
-0.01885596762728868
0.01885596762728868
-0.02639685274895037
0.02639685274895037
-0.03393623604389997
0.03393623604389997
-0.04147368856527276
0.04147368856527276
-0.04900878147605378
0.04900878147605378
-0.0565410860734761
0.0565410860734761
-0.06407017381341154
0.06407017381341154
-0.07159561633475232
0.07159561633475232
-0.07911698548378231
0.07911698548378231
-0.08663385333853644
0.08663385333853644
-0.09414579223314703
0.09414579223314703
-0.1016523747821754
0.1016523747821754
-0.1091531739049277
0.1091531739049277
-0.1166477628497531
0.1166477628497531
-0.1241357152183238
0.1241357152183238
-0.1316166049898944
0.1316166049898944
-0.1390900065455398
0.1390900065455398
-0.1465554946923709
0.1465554946923709
-0.1540126446877252
0.1540126446877252
-0.1614610322633323
0.1614610322633323
-0.1689002336494523
0.1689002336494523
-0.1763298255989859
0.1763298255989859
-0.1837493854115545
0.1837493854115545
-0.1911584909575496
0.1911584909575496
-0.1985567207021493
0.1985567207021493
-0.2059436537293012
0.2059436537293012
-0.2133188697656704
0.2133188697656704
-0.2206819492045499
0.2206819492045499
-0.2280324731297346
0.2280324731297346
-0.2353700233393546
0.2353700233393546
-0.2426941823696686
0.2426941823696686
-0.2500045335188152
0.2500045335188152
-0.2573006608705208
0.2573006608705208
-0.2645821493177629
0.2645821493177629
-0.2718485845863868
0.2718485845863868
-0.2790995532586761
0.2790995532586761
-0.2863346427968731
0.2863346427968731
-0.2935534415666502
0.2935534415666502
-0.3007555388605294
0.3007555388605294
-0.307940524921249
0.307940524921249
-0.3151079909650765
0.3151079909650765
-0.322257529205066
0.322257529205066
-0.3293887328742592
0.3293887328742592
-0.3365011962488272
0.3365011962488272
-0.343594514671155
0.343594514671155
-0.3506682845728631
0.3506682845728631
-0.3577221034977688
0.3577221034977688
-0.3647555701247834
0.3647555701247834
-0.3717682842907451
0.3717682842907451
-0.3787598470131857
0.3787598470131857
-0.3857298605130309
0.3857298605130309
-0.392677928237231
0.392677928237231
-0.3996036548813229
0.3996036548813229
-0.4065066464119203
0.4065066464119203
-0.4133865100891321
0.4133865100891321
-0.420242854488907
0.420242854488907
-0.4270752895253031
0.4270752895253031
-0.4338834264726818
0.4338834264726818
-0.4406668779878234
0.4406668779878234
-0.4474252581319656
0.4474252581319656
-0.4541581823927602
0.4541581823927602
-0.4608652677061503
0.4608652677061503
-0.4675461324781642
0.4675461324781642
-0.4742003966066255
0.4742003966066255
-0.4808276815027795
0.4808276815027795
-0.4874276101128318
0.4874276101128318
-0.493999806939401
0.493999806939401
-0.5005438980628822
0.5005438980628822
-0.5070595111627209
0.5070595111627209
-0.5135462755385956
0.5135462755385956
-0.5200038221315087
0.5200038221315087
-0.5264317835447839
0.5264317835447839
-0.5328297940649687
0.5328297940649687
-0.5391974896826413
0.5391974896826413
-0.545534508113121
0.545534508113121
-0.5518404888170797
0.5518404888170797
-0.5581150730210547
0.5581150730210547
-0.5643579037378606
0.5643579037378606
-0.5705686257869001
0.5705686257869001
-0.5767468858143713
0.5767468858143713
-0.5828923323133719
0.5828923323133719
-0.5890046156438975
0.5890046156438975
-0.5950833880527344
0.5950833880527344
-0.6011283036932445
0.6011283036932445
-0.607139018645042
0.607139018645042
-0.6131151909335606
0.6131151909335606
-0.6190564805495096
0.6190564805495096
-0.6249625494682187
0.6249625494682187
-0.6308330616688694
0.6308330616688694
-0.636667683153613
0.636667683153613
-0.6424660819665725
0.6424660819665725
-0.6482279282127295
0.6482279282127295
-0.6539528940766933
0.6539528940766933
-0.6596406538413511
0.6596406538413511
-0.6652908839064001
0.6652908839064001
-0.6709032628067581
0.6709032628067581
-0.676477471230853
0.676477471230853
-0.6820131920387897
0.6820131920387897
-0.6875101102803939
0.6875101102803939
-0.6929679132131304
0.6929679132131304
-0.6983862903198967
0.6983862903198967
-0.7037649333266895
0.7037649333266895
-0.7091035362201435
0.7091035362201435
-0.7144017952649421
0.7144017952649421
-0.7196594090210979
0.7196594090210979
-0.724876078361103
0.724876078361103
-0.7300515064869478
0.7300515064869478
-0.7351853989470065
0.7351853989470065
-0.7402774636527903
0.7402774636527903
-0.7453274108955651
0.7453274108955651
-0.7503349533628347
0.7503349533628347
-0.7552998061546864
0.7552998061546864
-0.7602216868000012
0.7602216868000012
-0.7651003152725238
0.7651003152725238
-0.769935414006795
0.769935414006795
-0.7747267079139435
0.7747267079139435
-0.7794739243973367
0.7794739243973367
-0.7841767933680899
0.7841767933680899
-0.7888350472604327
0.7888350472604327
-0.7934484210469323
0.7934484210469323
-0.7980166522535715
0.7980166522535715
-0.8025394809746823
0.8025394809746823
-0.8070166498877329
0.8070166498877329
-0.8114479042679678
0.8114479042679678
-0.8158329920029002
0.8158329920029002
-0.8201716636066559
0.8201716636066559
-0.8244636722341672
0.8244636722341672
-0.8287087736952172
0.8287087736952172
-0.8329067264683329
0.8329067264683329
-0.837057291714526
0.837057291714526
-0.8411602332908819
0.8411602332908819
-0.8452153177639945
0.8452153177639945
-0.8492223144232474
0.8492223144232474
-0.8531809952939398
0.8531809952939398
-0.8570911351502572
0.8570911351502572
-0.860952511528085
0.860952511528085
-0.864764904737666
0.864764904737666
-0.868528097876099
0.868528097876099
-0.8722418768396795
0.8722418768396795
-0.8759060303360809
0.8759060303360809
-0.8795203498963759
0.8795203498963759
-0.883084629886897
0.883084629886897
-0.886598667520936
0.886598667520936
-0.8900622628702813
0.8900622628702813
-0.8934752188765928
0.8934752188765928
-0.8968373413626132
0.8968373413626132
-0.9001484390432155
0.9001484390432155
-0.9034083235362865
0.9034083235362865
-0.9066168093734439
0.9066168093734439
-0.909773714010589
0.909773714010589
-0.9128788578382921
0.9128788578382921
-0.9159320641920115
0.9159320641920115
-0.9189331593621442
0.9189331593621442
-0.9218819726039097
0.9218819726039097
-0.9247783361470637
0.9247783361470637
-0.9276220852054437
0.9276220852054437
-0.9304130579863443
0.9304130579863443
-0.9331510956997222
0.9331510956997222
-0.9358360425672306
0.9358360425672306
-0.9384677458310821
0.9384677458310821
-0.9410460557627396
0.9410460557627396
-0.9435708256714352
0.9435708256714352
-0.9460419119125163
0.9460419119125163
-0.9484591738956177
0.9484591738956177
-0.950822474092661
0.950822474092661
-0.953131678045679
0.953131678045679
-0.9553866543744656
0.9553866543744656
-0.957587274784051
0.957587274784051
-0.9597334140720008
0.9597334140720008
-0.9618249501355398
0.9618249501355398
-0.9638617639784991
0.9638617639784991
-0.9658437397180864
0.9658437397180864
-0.9677707645914796
0.9677707645914796
-0.969642728962243
0.969642728962243
-0.9714595263265651
0.9714595263265651
-0.973221053319319
0.973221053319319
-0.9749272097199441
0.9749272097199441
-0.9765778984581492
0.9765778984581492
-0.9781730256194363
0.9781730256194363
-0.9797125004504458
0.9797125004504458
-0.9811962353641219
0.9811962353641219
-0.9826241459446984
0.9826241459446984
-0.9839961509525052
0.9839961509525052
-0.9853121723285953
0.9853121723285953
-0.986572135199192
0.986572135199192
-0.9877759678799573
0.9877759678799573
-0.9889236018800817
0.9889236018800817
-0.9900149719061976
0.9900149719061976
-0.9910500158661158
0.9910500158661158
-0.9920286748723904
0.9920286748723904
-0.9929508932457162
0.9929508932457162
-0.9938166185181659
0.9938166185181659
-0.9946258014362809
0.9946258014362809
-0.9953783959640398
0.9953783959640398
-0.9960743592857458
0.9960743592857458
-0.9967136518089125
0.9967136518089125
-0.9972962371673014
0.9972962371673014
-0.997822082224432
0.997822082224432
-0.9982911570782721
0.9982911570782721
-0.9987034350688059
0.9987034350688059
-0.9990588927929806
0.9990588927929806
-0.9993575101405686
0.9993575101405686
-0.9995992703991477
0.9995992703991477
-0.9997841606457773
0.9997841606457773
-0.9999121738443096
0.9999121738443096
-0.9999833311462835
0.9999833311462835