0.00207024216346568627631009166582
0.00207023772703863770710114878965
0.00207023772703863770710114878965
0.00207022441777650608903797541319
0.00207022441777650608903797541319
0.00207020223573633360931902136276
0.00207020223573633360931902136276
0.00207017118101319030830033251828
0.00207017118101319030830033251828
0.00207013125374017367203471750693
0.00207013125374017367203471750693
0.00207008245408840806182902594832
0.00207008245408840806182902594832
0.00207002478226704398082198311231
0.00207002478226704398082198311231
0.00206995823852325717758572436483
0.00206995823852325717758572436483
0.00206988282314224758675487127725
0.00206988282314224758675487127725
0.00206979853644723810668768975866
0.00206979853644723810668768975866
0.00206970537879947321416456903524
0.00206970537879947321416456903524
0.00206960335059821741612975874241
0.00206960335059821741612975874241
0.00206949245228075353848299981244
0.00206949245228075353848299981244
0.00206937268432238085192838322799
0.00206937268432238085192838322799
0.002069244047236413034888469069
0.002069244047236413034888469069
0.00206910654157417597349239660234
0.00206910654157417597349239660234
0.00206896016792500539864741444869
0.00206896016792500539864741444869
0.00206880492691624436020395810541
0.00206880492691624436020395810541
0.00206864081921324053822510030521
0.00206864081921324053822510030521
0.0020684678455193433913718978451
0.0020684678455193433913718978451
0.0020682860065759011424168566252
0.0020682860065759011424168566252
0.00206809530316225760089843469009
0.00206809530316225760089843469009
0.00206789573609574882293020106249
0.00206789573609574882293020106249
0.00206768730623169960817896609859
0.00206768730623169960817896609859
0.00206747001446341983402689697176
0.00206747001446341983402689697176
0.00206724386172220062693332970497
0.00206724386172220062693332970497
0.0020670088489773103710126869183
0.0020670088489773103710126869183
0.00206676497723599055384560813361
0.00206676497723599055384560813361
0.00206651224754345144954109708089
0.00206651224754345144954109708089
0.00206625066098286763906818797696
0.00206625066098286763906818797696
0.00206598021867537336787633019401
0.00206598021867537336787633019401
0.00206570092178005774082438809989
0.00206570092178005774082438809989
0.00206541277149395975443885013158
0.00206541277149395975443885013158
0.00206511576905206316652253835388
0.00206511576905206316652253835388
0.00206480991572729120313580685552
0.00206480991572729120313580685552
0.00206449521283050110297291434007
0.00206449521283050110297291434007
0.00206417166171047849915695317747
0.00206417166171047849915695317747
0.00206383926375393163847741399002
0.00206383926375393163847741399002
0.00206349802038548543809516155155
0.00206349802038548543809516155155
0.00206314793306767537974029437702
0.00206314793306767537974029437702
0.00206278900330094124142905686968
0.00206278900330094124142905686968
0.00206242123262362066672666926974
0.00206242123262362066672666926974
0.00206204462261194257158363691113
0.00206204462261194257158363691113
0.00206165917488002038877379643682
0.00206165917488002038877379643682
0.00206126489107984514996305264619
0.00206126489107984514996305264619
0.00206086177290127840543845554671
0.00206086177290127840543845554671
0.00206044982207204498152796295419
0.00206044982207204498152796295419
0.00206002904035772557574192962746
0.00206002904035772557574192962746
0.00205959942956174918966805943194
0.00205959942956174918966805943194
0.00205916099152538539965225239965
0.00205916099152538539965225239965
0.00205871372812773646529847378631
0.00205871372812773646529847378631
0.00205825764128572927582146731846
0.00205825764128572927582146731846
0.00205779273295410713428682976984
0.00205779273295410713428682976984
0.00205731900512542137977365880535
0.00205731900512542137977365880535
0.00205683645983002284749568067871
0.00205683645983002284749568067871
0.00205634509913605316691745886385
0.00205634509913605316691745886385
0.00205584492514943589790297903744
0.00205584492514943589790297903744
0.00205533594001386750493460000696
0.00205533594001386750493460000696
0.0020548181459108081694410541934
0.0020548181459108081694410541934
0.00205429154505947244027387512636
0.00205429154505947244027387512636
0.00205375613971681972237232308892
0.00205375613971681972237232308892
0.00205321193217754460365757355837
0.00205321193217754460365757355837
0.00205265892477406702019762642173
0.00205265892477406702019762642173
0.00205209711987652225968508710126
0.00205209711987652225968508710126
0.0020515265198927508032706636999
0.0020515265198927508032706636999
0.00205094712726828800579591706844
0.00205094712726828800579591706844
0.00205035894448635361446949330068
0.00205035894448635361446949330068
0.0020497619740678411260317605786
0.0020497619740678411260317605786
0.00204915621857130698245346451196
0.00204915621857130698245346451196
0.00204854168059295960521470814447
0.00204854168059295960521470814447
0.00204791836276664826821125462708
0.00204791836276664826821125462708
0.00204728626776385180933584218672
0.00204728626776385180933584218672
0.00204664539829366718078289244149
0.00204664539829366718078289244149
0.00204599575710279783812568432937
0.00204599575710279783812568432937
0.00204533734697554196821575692238
0.00204533734697554196821575692238
0.00204467017073378055595499519064
0.00204467017073378055595499519064
0.0020439942312369652899915433563
0.0020439942312369652899915433563
0.0020433095313821063073913808339
0.0020433095313821063073913808339
0.0020426160741037597773380858886
0.0020426160741037597773380858886
0.00204191386237401532391400205239
0.00204191386237401532391400205239
0.00204120289920248328801671202027
0.00204120289920248328801671202027
0.00204048318763628182846541319836
0.00204048318763628182846541319836
0.00203975473076002386235247829199
0.00203975473076002386235247829199
0.00203901753169580384469617330153
0.00203901753169580384469617330153
0.00203827159360318438745119403276
0.00203827159360318438745119403276
0.0020375169196791827179343707254
0.0020375169196791827179343707254
0.0020367535131582569767235786541
0.0020367535131582569767235786541
0.00203598137731229235508858055819
0.00203598137731229235508858055819
0.00203520051545058707201321450694
0.00203520051545058707201321450694
0.00203441093091983819086902830275
0.00203441093091983819086902830275
0.00203361262710412727580114876266
0.00203361262710412727580114876266
0.00203280560742490588788786119644
0.00203280560742490588788786119644
0.00203198987534098092113606111332
0.00203198987534098092113606111332
0.00203116543434849977837542663732
0.00203116543434849977837542663732
0.00203033228798093538711484628935
0.00203033228798093538711484628935
0.00202949043980907105542532270031
0.00202949043980907105542532270031
0.00202863989344098516791425845022
0.00202863989344098516791425845022
0.00202778065252203572185671558094
0.00202778065252203572185671558094
0.00202691272073484470354992540151
0.00202691272073484470354992540151
0.00202603610179928230495800999275
0.00202603610179928230495800999275
0.00202515079947245098071456131784
0.00202515079947245098071456131784
0.00202425681754866934555140805646
0.00202425681754866934555140805646
0.0020233541598594559122225841975
0.0020233541598594559122225841975
0.00202244283027351266999319704729
0.00202244283027351266999319704729
0.00202152283269670850376357563345
0.00202152283269670850376357563345
0.00202059417107206245389976350593
0.00202059417107206245389976350593
0.00201965684937972681684210265377
0.00201965684937972681684210265377
0.00201871087163697008656433766549
0.00201871087163697008656433766549
0.00201775624189815973695635136012
0.00201775624189815973695635136012
0.00201679296425474484520432490139
0.00201679296425474484520432490139
0.0020158210428352385562427968771
0.0020158210428352385562427968771
0.00201484048180520038835377697589
0.00201484048180520038835377697589
0.00201385128536721837998875072162
0.00201385128536721837998875072162
0.0020128534577608910778900922287
0.0020128534577608910778900922287
0.00201184700326280936658908211686
0.00201184700326280936658908211686
0.00201083192618653813935840756796
0.00201083192618653813935840756796
0.00200980823088259781069770101818
0.00200980823088259781069770101818
0.00200877592173844567043135315233
0.00200877592173844567043135315233
0.00200773500317845707949851470172
0.00200773500317845707949851470172
0.00200668547966390650751588003828
0.00200668547966390650751588003828
0.00200562735569294841219452370409
0.00200562735569294841219452370409
0.00200456063580059796069273881359
0.00200456063580059796069273881359
0.00200348532455871159298750371212
0.00200348532455871159298750371212
0.00200240142657596742734788036741
0.00200240142657596742734788036741
0.0020013089464978455079943247059
0.0020013089464978455079943247059
0.00200020788900660789502856548179
0.00200020788900660789502856548179
0.00199909825882127859671938427902
0.00199909825882127859671938427902
0.00199798006069762334423030489413
0.00199798006069762334423030489413
0.00199685329942812920887587562568
0.00199685329942812920887587562568
0.00199571797984198406199390290353
0.00199571797984198406199390290353
0.00199457410680505587752166922338
0.00199457410680505587752166922338
0.00199342168521987187736484250737
0.00199342168521987187736484250737
0.00199226072002559751964845778658
0.00199226072002559751964845778658
0.00199109121619801532994002549328
0.00199109121619801532994002549328
0.00198991317874950357553549365666
0.00198991317874950357553549365666
0.00198872661272901478289946391312
0.00198872661272901478289946391312
0.00198753152322205409835173346736
0.00198753152322205409835173346736
0.00198632791535065749209290697166
0.00198632791535065749209290697166
0.00198511579427336980566249372385
0.00198511579427336980566249372385
0.00198389516518522264292357661731
0.00198389516518522264292357661731
0.00198266603331771210466880990651
0.00198266603331771210466880990651
0.00198142840393877636694317307455
0.00198142840393877636694317307455
0.00198018228235277310317957790443
0.00198018228235277310317957790443
0.00197892767390045675024409525791
0.00197892767390045675024409525791
0.00197766458395895561848823705429
0.00197766458395895561848823705429
0.00197639301794174884590639751157
0.00197639301794174884590639751157
0.00197511298129864319649722586253
0.00197511298129864319649722586253
0.00197382447951574970292837048478
0.00197382447951574970292837048478
0.00197252751811546015360470168437
0.00197252751811546015360470168437
0.00197122210265642342424078724381
0.00197122210265642342424078724381
0.00196990823873352165403906128496
0.00196990823873352165403906128496
0.00196858593197784626657579300169
0.00196858593197784626657579300169
0.00196725518805667383549762738475
0.00196725518805667383549762738475
0.00196591601267344179513213518724
0.00196591601267344179513213518724
0.00196456841156772399611647406321
0.00196456841156772399611647406321
0.00196321239051520610614892704804
0.00196321239051520610614892704804
0.00196184795532766085596874833844
0.00196184795532766085596874833844
0.0019604751118529231306704096651
0.0019604751118529231306704096651
0.00195909386597486490645900343337
0.00195909386597486490645900343337
0.00195770422361337003295422123097
0.00195770422361337003295422123097
0.00195630619072430886115098826522
0.00195630619072430886115098826522
0.00195489977329951271714549579303
0.00195489977329951271714549579303
0.0019534849773667482217360346409
0.0019534849773667482217360346409
0.0019520618089896914560086934777
0.0019520618089896914560086934777
0.00195063027426790197301864559687
0.00195063027426790197301864559687
0.00194919037933679665567840758345
0.00194919037933679665567840758345
0.0019477421303676234209651123837
0.0019477421303676234209651123837
0.00194628553356743477055949795601
0.00194628553356743477055949795601
0.00194482059517906118802997086094
0.00194482059517906118802997086094
0.00194334732148108438267576184045
0.00194334732148108438267576184045
0.00194186571878781038014384764081
0.00194186571878781038014384764081
0.00194037579344924245993497004594
0.00194037579344924245993497004594
0.00193887755185105393991473930637
0.00193887755185105393991473930637
0.00193737100041456080794646487006
0.00193737100041456080794646487006
0.00193585614559669420076301154265
0.00193585614559669420076301154265
0.00193433299388997273019563392312
0.00193433299388997273019563392312
0.00193280155182247465687839617378
0.00193280155182247465687839617378
0.00193126182595780991154743788838
0.00193126182595780991154743788838
0.00192971382289509196405500001515
0.00192971382289509196405500001515
0.00192815754926890954021877747177
0.00192815754926890954021877747177
0.00192659301174929818662781725141
0.00192659301174929818662781725141
0.00192502021704171168352683246283
0.00192502021704171168352683246283
0.00192343917188699330590145386808
0.00192343917188699330590145386808
0.00192184988306134693288759107745
0.00192184988306134693288759107745
0.00192025235737630800562872562908
0.00192025235737630800562872562908
0.00191864660167871433370560771804
0.00191864660167871433370560771804
0.00191703262285067675026347734328
0.00191703262285067675026347734328
0.00191541042780954961596257910863
0.00191541042780954961596257910863
0.00191378002350790117187838784221
0.00191378002350790117187838784221
0.00191214141693348374147860958549
0.00191214141693348374147860958549
0.00191049461510920378180466934537
0.00191049461510920378180466934537
0.00190883962509309178398604329711
0.00190883962509309178398604329711
0.00190717645397827202321643887088
0.00190717645397827202321643887088
0.00190550510889293215832147134612
0.00190550510889293215832147134612
0.00190382559700029268104813021415
0.00190382559700029268104813021415
0.00190213792549857621520697264695
0.00190213792549857621520697264695
0.00190044210162097666579862492653
0.00190044210162097666579862492653
0.00189873813263562821825681564188
0.00189873813263562821825681564188
0.00189702602584557418794080684603
0.00189702602584557418794080684603
0.0018953057885887357200107311824
0.0018953057885887357200107311824
0.00189357742823788033981998423366
0.00189357742823788033981998423366
0.00189184095220059035395946201528
0.00189184095220059035395946201528
0.00189009636791923110208907362787
0.00189009636791923110208907362787
0.00188834368287091905969259859308
0.00188834368287091905969259859308
0.00188658290456748979189259732599
0.00188658290456748979189259732599
0.0018848140405554657584627215386
0.0018848140405554657584627215386
0.00188303709841602397017540912263
0.00188303709841602397017540912263
0.00188125208576496349662358522151
0.00188125208576496349662358522151
0.00187945901025267282565562776941
0.00187945901025267282565562776941
0.00187765787956409707456349174595
0.00187765787956409707456349174595
0.00187584870141870505316452176667
0.00187584870141870505316452176667
0.00187403148357045617891811739864
0.00187403148357045617891811739864
0.00187220623380776724421904975411
0.00187220623380776724421904975411
0.00187037295995347903600986147204
0.00187037295995347903600986147204
0.00186853166986482280785541514287
0.00186853166986482280785541514287
0.00186668237143338660462328756462
0.00186668237143338660462328756462
0.00186482507258508143991433893541
0.00186482507258508143991433893541
0.00186295978128010732638841718563
0.00186295978128010732638841718563
0.00186108650551291915913078812997
0.00186108650551291915913078812997
0.00185920525331219245220551197266
0.00185920525331219245220551197266
0.00185731603274078892854261592523
0.00185731603274078892854261592523
0.00185541885189572196330654129357
0.00185541885189572196330654129357
0.00185351371890812188089397135523
0.00185351371890812188089397135523
0.0018516006419432011057097736787
0.0018516006419432011057097736787
0.00184967962920021916687041722831
0.00184967962920021916687041722831
0.00184775068891244755698485065151
0.00184775068891244755698485065151
0.00184581382934713444516345355445
0.00184581382934713444516345355445
0.00184386905880546924440629733624
0.00184386905880546924440629733624
0.00184191638562254703352257626795
0.00184191638562254703352257626795
0.00183995581816733283373369296786
0.00183995581816733283373369296786
0.00183798736484262574011310523556
0.00183798736484262574011310523556
0.00183601103408502290801666336343
0.00183601103408502290801666336343
0.00183402683436488339465778853991
0.00183402683436488339465778853991
0.00183203477418629185598246379448
0.00183203477418629185598246379448
0.00183003486208702209899962910474
0.00183003486208702209899962910474
0.00182802710663850048972319178989
0.00182802710663850048972319178989
0.00182601151644576921688248214945
0.00182601151644576921688248214945
0.00182398810014744941155860246839
0.00182398810014744941155860246839
0.00182195686641570412290473499691
0.00182195686641570412290473499691
0.00181991782395620115010909132364
0.00181991782395620115010909132364
0.00181787098150807573075980169049
0.00181787098150807573075980169049
0.00181581634784389308577165824478
0.00181581634784389308577165824478
0.00181375393176961082103524098599
0.00181375393176961082103524098599
0.00181168374212454118594956923823
0.00181168374212454118594956923823
0.00180960578778131318900003486282
0.00180960578778131318900003486282
0.0018075200776458345705439861149
0.0018075200776458345705439861149
0.00180542662065725363296694304242
0.00180542662065725363296694304242
0.00180332542578792092837303662081
0.00180332542578792092837303662081
0.00180121650204335080397387441142
0.00180121650204335080397387441142
0.00179909985846218280534064542194
0.00179909985846218280534064542194
0.00179697550411614293768488603162
0.00179697550411614293768488603162
0.0017948434481100047853339373188
0.0017948434481100047853339373188
0.00179270369958155048956773189243
0.00179270369958155048956773189243
0.00179055626770153158498415537823
0.00179055626770153158498415537823
0.00178840116167362969456083404301
0.00178840116167362969456083404301
0.00178623839073441708358180565382
0.00178623839073441708358180565382
0.00178406796415331707259813555977
0.00178406796415331707259813555977
0.00178188989123256430959214415117
0.00178188989123256430959214415117
0.00177970418130716490151551529005
0.00177970418130716490151551529005
0.00177751084374485640537215801569
0.00177751084374485640537215801569
0.00177530988794606767901729580647
0.00177530988794606767901729580647
0.00177310132334387859184485892161
0.00177310132334387859184485892161
0.00177088515940397959553585585126
0.00177088515940397959553585585126
0.00176866140562463115504099966867
0.00176866140562463115504099966867
0.00176643007153662303997146409981
0.00176643007153662303997146409981
0.00176419116670323347657224240358
0.00176419116670323347657224240358
0.00176194470072018816045317968429
0.00176194470072018816045317968429
0.00175969068321561913025334603755
0.00175969068321561913025334603755
0.0017574291238500235024150139566
0.0017574291238500235024150139566
0.00175516003231622206724409869649
0.00175516003231622206724409869649
0.00175288341833931774643451480642
0.00175288341833931774643451480642
0.0017505992916766539122344957924
0.0017505992916766539122344957924
0.00174830766211777256843351686148
0.00174830766211777256843351686148
0.00174600853948437239334905292189
0.00174600853948437239334905292189
0.00174370193363026664499299546897
0.00174370193363026664499299546897
0.00174138785444134092859814267073
0.00174138785444134092859814267073
0.00173906631183551082668576687857
0.00173906631183551082668576687857
0.00173673731576267939185585292374
0.00173673731576267939185585292374
0.00173440087620469450248218891755
0.00173440087620469450248218891755
0.00173205700317530608149507884947
0.00173205700317530608149507884947
0.00172970570672012317843503307055
0.00172970570672012317843503307055
0.00172734699691657091496137875626
0.00172734699691657091496137875626
0.0017249808838738472940003176624
0.0017249808838738472940003176624
0.0017226073777328798727175429148
0.0017226073777328798727175429148
0.00172022648866628229950111020891
0.00172022648866628229950111020891
0.0017178382268783107151408416335
0.0017178382268783107151408416335
0.00171544260260482001839112237338
0.00171544260260482001839112237338
0.00171303962611321999610453178527
0.00171303962611321999610453178527
0.00171062930770243131812433077725
0.00171062930770243131812433077725
0.00170821165770284139712440705247
0.00170821165770284139712440705247
0.00170578668647626011358585859953
0.00170578668647626011358585859953
0.00170335440441587540609997382341
0.00170335440441587540609997382341
0.00170091482194620872718794390847
0.00170091482194620872718794390847
0.0016984679495230703648282193871
0.0016984679495230703648282193871
0.0016960137976335146298829984517
0.0016960137976335146298829984517
0.00169355237679579490961590929053
0.00169355237679579490961590929053
0.00169108369755931858749352264826
0.00169108369755931858749352264826
0.00168860777050460182946390390627
0.00168860777050460182946390390627
0.00168612460624322423690598624411
0.00168612460624322423690598624411
0.0016836342154177833664441178794
0.0016836342154177833664441178794
0.0016811366087018491168227069861
0.0016811366087018491168227069861
0.00167863179679991798303645765864
0.00167863179679991798303645765864
0.00167611979044736717791225921888
0.00167611979044736717791225921888
0.00167360060041040862133935925197
0.00167360060041040862133935925197
0.00167107423748604279734501800389
0.00167107423748604279734501800389
0.00166854071250201247921340817462
0.00166854071250201247921340817462
0.00166600003631675632284608969455
0.00166600003631675632284608969455
0.00166345221981936232856295377578
0.00166345221981936232856295377578
0.00166089727392952117154309438073
0.00166089727392952117154309438073
0.00165833520959747940110562824735
0.00165833520959747940110562824735
0.00165576603780399250903104674908
0.00165576603780399250903104674908
0.00165318976956027786712424414728
0.00165318976956027786712424414728
0.00165060641590796753422092721118
0.00165060641590796753422092721118
0.00164801598791906093283967073342
0.00164801598791906093283967073342
0.001645418496695877395682442155
0.001645418496695877395682442155
0.00164281395337100858218697633051
0.00164281395337100858218697633051
0.00164020236910727076533493840933
0.00164020236910727076533493840933
0.0016375837550976569889203688796
0.0016375837550976569889203688796
0.0016349581225652890954834600163
0.0016349581225652890954834600163
0.00163232548276336962511526729055
0.00163232548276336962511526729055
0.00162968584697513358533951273177
0.00162968584697513358533951273177
0.00162703922651380009227818978536
0.00162703922651380009227818978536
0.00162438563272252388330823087356
0.00162438563272252388330823087356
0.00162172507697434670141704964393
0.00162172507697434670141704964393
0.00161905757067214855146531977604
0.00161905757067214855146531977604
0.00161638312524859882856590120999
0.00161638312524859882856590120999
0.00161370175216610731878837275797
0.00161370175216610731878837275797
0.00161101346291677507239917726039
0.00161101346291677507239917726039
0.0016083182690223451498479317477
0.0016083182690223451498479317477
0.00160561618203415324071100046667
0.00160561618203415324071100046667
0.00160290721353307815580397312278
0.00160290721353307815580397312278
0.00160019137512949219267523427599
0.00160019137512949219267523427599
0.0015974686784632113746933525034
0.0015974686784632113746933525034
0.00159473913520344556394155970702
0.00159473913520344556394155970702
0.00159200275704874844813313179532
0.00159200275704874844813313179532
0.00158925955572696740176202190135
0.00158925955572696740176202190135
0.00158650954299519322170363631587
0.00158650954299519322170363631587
0.00158375273063970973748118140797
0.00158375273063970973748118140797
0.00158098913047594329641354697751
0.00158098913047594329641354697751
0.00157821875434841212386122772852
0.00157821875434841212386122772852
0.001575441614130675558787319871
0.001575441614130675558787319871
0.0015726577217252831648511642457
0.0015726577217252831648511642457
0.0015698670890637237172527408214
0.0015698670890637237172527408214
0.00156706972810637406554645193476
0.00156706972810637406554645193476
0.0015642656508424478726434632256
0.0015642656508424478726434632256
0.00156145486928994423022230186454
0.00156145486928994423022230186454
0.00155863739549559615076794137201
0.00155863739549559615076794137201
0.00155581324153481893646013108612
0.00155581324153481893646013108612
0.00155298241951165842513225614905
0.00155298241951165842513225614905
0.00155014494155873911352254074522
0.00155014494155873911352254074522
0.00154730081983721215803993323802
0.00154730081983721215803993323802
0.00154445006653670325326753681182
0.00154445006653670325326753681182
0.00154159269387526038842697323102
0.00154159269387526038842697323102
0.0015387287140993014820275903758
0.0015387287140993014820275903758
0.00153585813948356189492494630196
0.00153585813948356189492494630196
0.00153298098233104182201352369846
0.00153298098233104182201352369846
0.00153009725497295356277914877827
0.00153009725497295356277914877827
0.00152720696976866867093710783371
0.00152720696976866867093710783371
0.00152431013910566498338247291456
0.00152431013910566498338247291456
0.00152140677539947352867966534332
0.00152140677539947352867966534332
0.00151849689109362531531880206561
0.00151849689109362531531880206561
0.00151558049865959799996688514111
0.00151558049865959799996688514111
0.0015126576105967624359424090117
0.0015126576105967624359424090117
0.00150972823943232910214247353372
0.00150972823943232910214247353372
0.00150679239772129441265200313091
0.00150679239772129441265200313091
0.00150385009804638690726518380933
0.00150385009804638690726518380933
0.00150090135301801332314974017441
0.00150090135301801332314974017441
0.00149794617527420454788518400083
0.00149794617527420454788518400083
0.00149498457748056145410667432559
0.00149498457748056145410667432559
0.00149201657233020061598663646177
0.00149201657233020061598663646177
0.00148904217254369990778679376253
0.00148904217254369990778679376253
0.00148606139086904398471377139983
0.00148606139086904398471377139983
0.00148307424008156964631193585803
0.00148307424008156964631193585803
0.00148008073298391108262763727685
0.00148008073298391108262763727685
0.00147708088240594500337952420869
0.00147708088240594500337952420869
0.0014740747012047356503701017801
0.0014740747012047356503701017801
0.00147106220226447969337420466447
0.00147106220226447969337420466447
0.0014680433984964510097405556794
0.0014680433984964510097405556794
0.00146501830283894534794307921744
0.00146501830283894534794307921744
0.00146198692825722487531913609887
0.00146198692825722487531913609887
0.00145894928774346261023234279937
0.00145894928774346261023234279937
0.0014559053943166867388981333506
0.0014559053943166867388981333506
0.00145285526102272481711071653641
0.00145285526102272481711071653641
0.00144979890093414785711057430922
0.00144979890093414785711057430922
0.00144673632715021429983213962792
0.00144673632715021429983213962792
0.0014436675527968138727717831684
0.0014436675527968138727717831684
0.00144059259102641133371672857862
0.00144059259102641133371672857862
0.00143751145501799010057600513942
0.00143751145501799010057600513942
0.00143442415797699576755503484825
0.00143442415797699576755503484825
0.0014313307131352795079159380638
0.0014313307131352795079159380638
0.00142823113375104136356612793234
0.00142823113375104136356612793234
0.00142512543310877342171824886033
0.00142512543310877342171824886033
0.00142201362451920287886499829924
0.00142201362451920287886499829924
0.00141889572131923499231285406692
0.00141889572131923499231285406692
0.00141577173687189591951921134168
0.00141577173687189591951921134168
0.00141264168456627544547791432989
0.00141264168456627544547791432989
0.0014095055778174695983986474217
0.0014095055778174695983986474217
0.00140636343006652315392612941231
0.00140636343006652315392612941231
0.0014032152547803720281455320741
0.0014032152547803720281455320741
0.00140006106545178555962102101712
0.00140006106545178555962102101712
0.00139690087559930868071479236948
0.00139690087559930868071479236948
0.00139373469876720397843445334282
0.00139373469876720397843445334282
0.00139056254852539364505706821972
0.00139056254852539364505706821972
0.00138738443846940131877866370703
0.00138738443846940131877866370703
0.00138420038222029381463845894032
0.00138420038222029381463845894032
0.00138101039342462274596755569703
0.00138101039342462274596755569703
0.00137781448575436603661229357876
0.00137781448575436603661229357876
0.00137461267290686932418294305282
0.00137461267290686932418294305282
0.001371404968604787254578876299
0.001371404968604787254578876299
0.00136819138659602466804182178722
0.00136819138659602466804182178722
0.00136497194065367767698927341234
0.00136497194065367767698927341234
0.00136174664457597463588058883373
0.00136174664457597463588058883373
0.0013585155121862170033687744052
0.0013585155121862170033687744052
0.00135527855733272009699141573545
0.00135527855733272009699141573545
0.00135203579388875374065467348696
0.00135203579388875374065467348696
0.00134878723575248280516472350106
0.00134878723575248280516472350106
0.00134553289684690764206147872626
0.00134553289684690764206147872626
0.00134227279111980441100988772453
0.00134227279111980441100988772453
0.0013390069325436653010045607332
0.0013390069325436653010045607332
0.00133573533511563864564392936745
0.00133573533511563864564392936745
0.00133245801285746893273060005735
0.00133245801285746893273060005735
0.00132917497981543670845501422285
0.00132917497981543670845501422285
0.00132588625006029837641997999693
0.00132588625006029837641997999693
0.00132259183768722589176409101101
0.00132259183768722589176409101101
0.00131929175681574635064249735392
0.00131929175681574635064249735392
0.00131598602158968147532394230606
0.00131598602158968147532394230606
0.00131267464617708699516342583034
0.00131267464617708699516342583034
0.00130935764477019192371030207063
0.00130935764477019192371030207063
0.00130603503158533773221206326352
0.00130603503158533773221206326352
0.0013027068208629174197745065093
0.0013027068208629174197745065093
0.00129937302686731448043942277093
0.00129937302686731448043942277093
0.00129603366388684176744138927313
0.00129603366388684176744138927313
0.00129268874623368025490568715661
0.00129268874623368025490568715661
0.0012893382882438176972498058018
0.0012893382882438176972498058018
0.00128598230427698718655143367153
0.00128598230427698718655143367153
0.00128262080871660560814627283015
0.00128262080871660560814627283015
0.00127925381596971199471945047629
0.00127925381596971199471945047629
0.00127588134046690577915473587565
0.00127588134046690577915473587565
0.0012725033966622849464062049971
0.0012725033966622849464062049971
0.00126911999903338408465742793816
0.00126911999903338408465742793816
0.00126573116208111233603368587293
0.00126573116208111233603368587293
0.00126233690032969124713315476431
0.00126233690032969124713315476431
0.00125893722832659251964342245181
0.00125893722832659251964342245181
0.0012555321606424756613101339539
0.0012555321606424756613101339539
0.00125212171187112553752498690871
0.00125212171187112553752498690871
0.00124870589662938982380072501559
0.00124870589662938982380072501559
0.00124528472955711635940120213311
0.00124528472955711635940120213311
0.00124185822531709040239501333182
0.00124185822531709040239501333182
0.00123842639859497178640161169384
0.00123842639859497178640161169384
0.00123498926409923197929925099106
0.00123498926409923197929925099106
0.00123154683656109104416451456066
0.00123154683656109104416451456066
0.00122809913073445450271360972653
0.00122809913073445450271360972653
0.00122464616139585010151602498786
0.00122464616139585010151602498786
0.00122118794334436448125156390898
0.00122118794334436448125156390898
0.00121772449140157974928218519608
0.00121772449140157974928218519608
0.00121425582041150995581049283486
0.00121425582041150995581049283486
0.0012107819452405374738971333866
0.0012107819452405374738971333866
0.00120730288077734928360976959692
0.00120730288077734928360976959692
0.0012038186419328731605767103601
0.0012038186419328731605767103601
0.00120032924364021376921868679961
0.00120032924364021376921868679961
0.0011968347008545886609326727724
0.0011968347008545886609326727724
0.00119333502855326417750205547633
0.00119333502855326417750205547633
0.00118983024173549126000786803808
0.00118983024173549126000786803808
0.00118632035542244116351620097842
0.00118632035542244116351620097842
0.00118280538465714107781731329304
0.00118280538465714107781731329304
0.00117928534450440965449236654796
0.00117928534450440965449236654796
0.0011757602500507924405841068665
0.0011757602500507924405841068665
0.00117223011640449721914821997941
0.00117223011640449721914821997941
0.00116869495869532925696248361809
0.00116869495869532925696248361809
0.00116515479207462645967123945224
0.00116515479207462645967123945224
0.00116160963171519443464310350519
0.00116160963171519443464310350519
0.00115805949281124146182022952154
0.00115805949281124146182022952154
0.00115450439057831337283783411051
0.00115450439057831337283783411051
0.0011509443402532283386930856431
0.0011509443402532283386930856431
0.00114737935709401156624285084006
0.00114737935709401156624285084006
0.00114380945637982990381018374899
0.00114380945637982990381018374899
0.00114023465341092635617983137119
0.00114023465341092635617983137119
0.0011366549635085545092634185604
0.0011366549635085545092634185604
0.00113307040201491286471536197441
0.00113307040201491286471536197441
0.00112948098429307908478094881579
0.00112948098429307908478094881579
0.00112588672572694414765840084701
0.00112588672572694414765840084701
0.0011222876417211464136571277073
0.0011222876417211464136571277073
0.00111868374770100560243475589141
0.00111868374770100560243475589141
0.00111507505911245668159590087322
0.00111507505911245668159590087322
0.00111146159142198366693602976682
0.00111146159142198366693602976682
0.00110784336011655333461414061486
0.00110784336011655333461414061486
0.00110422038070354884553836187427
0.00110422038070354884553836187427
0.00110059266871070328224895193445
0.00110059266871070328224895193445
0.00109696023968603309858355354779
0.00109696023968603309858355354779
0.00109332310919777148240993187854
0.00109332310919777148240993187854
0.00108968129283430163171179747942
0.00108968129283430163171179747942
0.00108603480620408994431368688602
0.00108603480620408994431368688602
0.00108238366493561912153124367489
0.00108238366493561912153124367489
0.00107872788467732118603361176046
0.00107872788467732118603361176046
0.00107506748109751041420502040745
0.00107506748109751041420502040745
0.00107140246988431618329300690752
0.00107140246988431618329300690752
0.00106773286674561573363108811013
0.00106773286674561573363108811013
0.00106405868740896684622405600596
0.00106405868740896684622405600596
0.0010603799476215404359844353362
0.0010603799476215404359844353362
0.00105669666315005306090900273996
0.00105669666315005306090900273996
0.00105300884978069934748462725439
0.00105300884978069934748462725439
0.00104931652331908433261305104582
0.00104931652331908433261305104582
0.00104561969959015572234458707382
0.00104561969959015572234458707382
0.00104191839443813606771106697282
0.00104191839443813606771106697282
0.00103821262372645485794872777498
0.00103821262372645485794872777498
0.00103450240333768053140208019349
0.00103450240333768053140208019349
0.00103078774917345240440015403465
0.00103078774917345240440015403465
0.00102706867715441251839686790937
0.00102706867715441251839686790937
0.00102334520322013740566762076814
0.00102334520322013740566762076814
0.00101961734332906977385455188706
0.00101961734332906977385455188706
0.00101588511345845010965326378453
0.00101588511345845010965326378453
0.00101214852960424820193414914726
0.00101214852960424820193414914726
0.00100840760778109458459180818929
0.00100840760778109458459180818929
0.00100466236402221189941638695685
0.00100466236402221189941638695685
0.00100091281437934617928100992435
0.00100091281437934617928100992435
0.00099715897492269805193982180059
0.00099715897492269805193982180059
0.00099340086174085386473149377869
0.00099340086174085386473149377869
0.00098963849094071673048338851648
0.00098963849094071673048338851648
0.00098587187864743749491191592495
0.00098587187864743749491191592495
0.00098210104100434562581494836987
0.00098210104100434562581494836987
0.00097832599417288002435249915396
0.00097832599417288002435249915396
0.00097454675433251975871220214323
0.00097454675433251975871220214323
0.00097076333768071472045646312983
0.00097076333768071472045646312983
0.00096697576043281620384848498396
0.00096697576043281620384848498396
0.00096318403882200740845469883721
0.00096318403882200740845469883721
0.00095938818909923386532146245898
0.00095938818909923386532146245898
0.00095558822753313378702421463397
0.00095558822753313378702421463397
0.00095178417040996834188760072189
0.00095178417040996834188760072189
0.000947976034033551852675409679
0.000947976034033551852675409679
0.0009441638347251819200494866434
0.0009441638347251819200494866434
0.0009403475888235694710971077316
0.0009403475888235694710971077316
0.0009365273126847687332266249617
0.0009365273126847687332266249617
0.0009327030226821071337315092061
0.0009327030226821071337315092061
0.0009288747352061151253232377854
0.0009288747352061151253232377854
0.0009250424666644559379337907418
0.0009250424666644559379337907418
0.0009212062334818552570888359744
0.0009212062334818552570888359744
0.0009173660521000308291529982808
0.0009173660521000308291529982808
0.0009135219389776219937489209264
0.0009135219389776219937489209264
0.0009096739105901191436521406534
0.0009096739105901191436521406534
0.0009058219834297931124641080497
0.0009058219834297931124641080497
0.0009019661740056244903659949144
0.0009019661740056244903659949144
0.0008981064988432328682562386895
0.0008981064988432328682562386895
0.0008942429744848060105750811698
0.0008942429744848060105750811698
0.0008903756174890289571196645545
0.0008903756174890289571196645545
0.0008865044444310130541535524707
0.0008865044444310130541535524707
0.0008826294719022249151148468678
0.0008826294719022249151148468678
0.0008787507165104153112273736651
0.0008787507165104153112273736651
0.0008748681948795479923197107248
0.0008748681948795479923197107248
0.0008709819236497284381571311161
0.0008709819236497284381571311161
0.000867091919477132540591832744
0.000867091919477132540591832744
0.0008631981990339352168371222231
0.0008631981990339352168371222231
0.0008593007790082389541715163951
0.0008593007790082389541715163951
0.0008553996761040022863790191109
0.0008553996761040022863790191109
0.0008514949070409682022321238254
0.0008514949070409682022321238254
0.0008475864885545924863243841875
0.0008475864885545924863243841875
0.0008436744373959719925596851458
0.0008436744373959719925596851458
0.0008397587703317728506056361353
0.0008397587703317728506056361353
0.0008358395041441586056187956597
0.0008358395041441586056187956597
0.0008319166556307182915497230382
0.0008319166556307182915497230382
0.0008279902416043944383361382484
0.0008279902416043944383361382484
0.0008240602788934110132927546628
0.0008240602788934110132927546628
0.0008201267843412012970066320488
0.0008201267843412012970066320488
0.0008161897748063356940471784858
0.0008161897748063356940471784858
0.0008122492671624494788002098404
0.0008122492671624494788002098404
0.0008083052782981704767357541357
0.0008083052782981704767357541357
0.000804357825117046681419565564
0.000804357825117046681419565564
0.0008004069245374738075785890031
0.0008004069245374738075785890031
0.0007964525934926227805308907329
0.0007964525934926227805308907329
0.0007924948489303671622908445882
0.0007924948489303671622908445882
0.0007885337078132105146606350466
0.0007885337078132105146606350466
0.0007845691871182136996194097235
0.0007845691871182136996194097235
0.0007806013038369221173216834456
0.0007806013038369221173216834456
0.0007766300749752928820168644875
0.0007766300749752928820168644875
0.0007726555175536219362020407018
0.0007726555175536219362020407018
0.000768677648606471103320429138
0.000768677648606471103320429138
0.0007646964851825950793181573469
0.0007646964851825950793181573469
0.0007607120443448683633723078988
0.0007607120443448683633723078988
0.0007567243431702121281034197129
0.0007567243431702121281034197129
0.0007527333987495210295859006075
0.0007527333987495210295859006075
0.0007487392281875899574700650391
0.0007487392281875899574700650391
0.0007447418486030407255297693044
0.0007447418486030407255297693044
0.0007407412771282487029498735476
0.0007407412771282487029498735476
0.0007367375309092693866680157405
0.0007367375309092693866680157405
0.0007327306271057649150854374008
0.0007327306271057649150854374008
0.0007287205828909305234618541859
0.0007287205828909305234618541859
0.000724707415451420941309616655
0.000724707415451420941309616655
0.0007206911419872767321026574404
0.0007206911419872767321026574404
0.0007166717797118505756159708174
0.0007166717797118505756159708174
0.0007126493458517334932116192209
0.0007126493458517334932116192209
0.0007086238576466810163875086374
0.0007086238576466810163875086374
0.000704595332349539298905421016
0.000704595332349539298905421016
0.0007005637872261711728150368963
0.0007005637872261711728150368963
0.0006965292395553821486909253755
0.0006965292395553821486909253755
0.0006924917066288463603997213221
0.0006924917066288463603997213221
0.0006884512057510324547149514305
0.0006884512057510324547149514305
0.0006844077542391294260972112974
0.0006844077542391294260972112974
0.0006803613694229723969576352164
0.0006803613694229723969576352164
0.0006763120686449683437228388524
0.0006763120686449683437228388524
0.0006722598692600217690197523863
0.0006722598692600217690197523863
0.0006682047886354603202989981497
0.0006682047886354603202989981497
0.0006641468441509603552157022128
0.0006641468441509603552157022128
0.000660086053198472454086863885
0.000660086053198472454086863885
0.0006560224331821468797446406641
0.0006560224331821468797446406641
0.0006519560015182589851051388555
0.0006519560015182589851051388555
0.0006478867756351345687725319284
0.0006478867756351345687725319284
0.0006438147729730751789985597009
0.0006438147729730751789985597009
0.0006397400109842833663176917186
0.0006397400109842833663176917186
0.0006356625071327878851784677355
0.0006356625071327878851784677355
0.0006315822788943688448917570896
0.0006315822788943688448917570896
0.0006274993437564828102169070419
0.0006274993437564828102169070419
0.0006234137192181878519069778713
0.0006234137192181878519069778713
0.0006193254227900685475344897634
0.0006193254227900685475344897634
0.0006152344719941609329193333732
0.0006152344719941609329193333732
0.0006111408843638774044807224488
0.0006111408843638774044807224488
0.0006070446774439315728352931795
0.0006070446774439315728352931795
0.0006029458687902630679636810562
0.0006029458687902630679636810562
0.0005988444759699622962681321218
0.0005988444759699622962681321218
0.0005947405165611951498439316513
0.0005947405165611951498439316513
0.0005906340081531276682876596626
0.0005906340081531276682876596626
0.0005865249683458506533655093579
0.0005865249683458506533655093579
0.0005824134147503042368651317793
0.0005824134147503042368651317793
0.0005782993649882024019546977969
0.0005782993649882024019546977969
0.0005741828366919574583730972151
0.0005741828366919574583730972151
0.0005700638475046044717754244759
0.0005700638475046044717754244759
0.0005659424150797256475581313812
0.0005659424150797256475581313812
0.0005618185570813746694884596811
0.0005618185570813746694884596811
0.0005576922911840009934630005538
0.0005576922911840009934630005538
0.0005535636350723740967204642108
0.0005535636350723740967204642108
0.0005494326064415076828339814344
0.0005494326064415076828339814344
0.0005452992229965838428085001282
0.0005452992229965838428085001282
0.0005411635024528771726090843329
0.0005411635024528771726090843329
0.0005370254625356788474461710511
0.0005370254625356788474461710511
0.0005328851209802206531440921105
0.0005328851209802206531440921105
0.000528742495531598974919424696
0.000528742495531598974919424696
0.0005245976039446987438959956726
0.0005245976039446987438959956726
0.0005204504639841173416836320432
0.0005204504639841173416836320432
0.000516301093424088463348023546
0.000516301093424088463348023546
0.000512149510048405939099344278
0.000512149510048405939099344278
0.000507995731650347515027569202
0.000507995731650347515027569202
0.0005038397760325985932127194282
0.0005038397760325985932127194282
0.0004996816610071759315385783211
0.0004996816610071759315385783211
0.0004955214043953513035387399744
0.0004955214043953513035387399744
0.0004913590240275751186041837373
0.0004913590240275751186041837373
0.0004871945377434000028819147593
0.0004871945377434000028819147593
0.0004830279633914043411945725951
0.0004830279633914043411945725951
0.000478859318829115780311289615
0.000478859318829115780311289615
0.0004746886219229346939004803763
0.0004746886219229346939004803763
0.0004705158905480576094956645155
0.0004705158905480576094956645155
0.0004663411425884005978058717177
0.0004663411425884005978058717177
0.0004621643959365226247026507874
0.0004621643959365226247026507874
0.0004579856684935488662162090401
0.0004579856684935488662162090401
0.0004538049781690939868737467943
0.0004538049781690939868737467943
0.0004496223428811853817136287677
0.0004496223428811853817136287677
0.0004454377805561863823096542776
0.0004454377805561863823096542776
0.0004412513091287194271403565097
0.0004412513091287194271403565097
0.0004370629465415891966389836028
0.0004370629465415891966389836028
0.000432872710745705713260597516
0.000432872710745705713260597516
0.0004286806197000074069035780651
0.0004286806197000074069035780651
0.0004244866913713841460237476062
0.0004244866913713841460237476062
0.0004202909437346002347803461671
0.0004202909437346002347803461671
0.0004160933947722173765541982706
0.0004160933947722173765541982706
0.0004118940624745176041796335834
0.0004118940624745176041796335834
0.000407692964839426177233067904
0.000407692964839426177233067904
0.0004034901198724344467226348543
0.0004034901198724344467226348543
0.0003992855455865226875249001758
0.0003992855455865226875249001758
0.0003950792600020828989165105588
0.0003950792600020828989165105588
0.0003908712811468415735506512316
0.0003908712811468415735506512316
0.0003866616270557824352304383198
0.0003866616270557824352304383198
0.0003824503157710691458338844738
0.0003824503157710691458338844738
0.0003782373653419679817478852694
0.0003782373653419679817478852694
0.0003740227938247704801718206238
0.0003740227938247704801718206238
0.0003698066192827160556548973588
0.0003698066192827160556548973588
0.0003655888597859145872353308091
0.0003655888597859145872353308091
0.0003613695334112689765539382054
0.0003613695334112689765539382054
0.0003571486582423976773197675921
0.0003571486582423976773197675921
0.000352926252369557196511097999
0.000352926252369557196511097999
0.0003487023338895645677016178703
0.0003487023338895645677016178703
0.0003444769209057197969089337616
0.0003444769209057197969089337616
0.0003402500315277282813709133286
0.0003402500315277282813709133286
0.0003360216838716232016648812175
0.0003360216838716232016648812175
0.0003317918960596878875955455001
0.0003317918960596878875955455001
0.0003275606862203781582899488727
0.0003275606862203781582899488727
0.0003233280724882446369519630736
0.0003233280724882446369519630736
0.0003190940730038550407451710404
0.0003190940730038550407451710404
0.0003148587059137164462917559546
0.0003148587059137164462917559546
0.0003106219893701975312966489763
0.0003106219893701975312966489763
0.0003063839415314507928311628473
0.0003063839415314507928311628473
0.0003021445805613347428392315759
0.0003021445805613347428392315759
0.0002979039246293360814628706917
0.0002979039246293360814628706917
0.0002936619919104918488223827204
0.0002936619919104918488223827204
0.0002894188005853115559321317645
0.0002894188005853115559321317645
0.0002851743688396992954855648077
0.0002851743688396992954855648077
0.0002809287148648758333049648426
0.0002809287148648758333049648426
0.0002766818568573006813238664464
0.0002766818568573006813238664464
0.0002724338130185941530551809668
0.0002724338130185941530551809668
0.0002681846015554594025983265665
0.0002681846015554594025983265665
0.0002639342406796044483570245965
0.0002639342406796044483570245965
0.0002596827486076641827795438772
0.0002596827486076641827795438772
0.0002554301435611223695994879152
0.0002554301435611223695994879152
0.0002511764437662336302531646199
0.0002511764437662336302531646199
0.0002469216674539454213858357998
0.0002469216674539454213858357998
0.0002426658328598200056419530892
0.0002426658328598200056419530892
0.0002384089582239564182740403998
0.0002384089582239564182740403998
0.0002341510617909124325138351013
0.0002341510617909124325138351013
0.0002298921618096265271434203356
0.0002298921618096265271434203356
0.0002256322765333398603030948858
0.0002256322765333398603030948858
0.0002213714242195182543014067564
0.0002213714242195182543014067564
0.0002171096231297741970823581045
0.0002171096231297741970823581045
0.0002128468915297888670948260412
0.0002128468915297888670948260412
0.0002085832476892341896500422348
0.0002085832476892341896500422348
0.0002043187098816949345088074453
0.0002043187098816949345088074453
0.0002000532963845908664934922512
0.0002000532963845908664934922512
0.0001957870254790989634772275744
0.0001957870254790989634772275744
0.0001915199154500757193020242894
0.0001915199154500757193020242894
0.0001872519845859795531987759977
0.0001872519845859795531987759977
0.0001829832511787933523609966294
0.0001829832511787933523609966294
0.0001787137335239471807716031311
0.0001787137335239471807716031311
0.000174443449920241195610408247
0.000174443449920241195610408247
0.0001701724186697688231296009825
0.0001701724186697688231296009825
0.0001659006580778402595148139403
0.0001659006580778402595148139403
0.0001616281864529063799507962756
0.0001616281864529063799507962756
0.0001573550221064831622464632187
0.0001573550221064831622464632187
0.0001530811833530767618160228094
0.0001530811833530767618160228094
0.0001488066885101094151517851382
0.0001488066885101094151517851382
0.0001445315558978464027762478048
0.0001445315558978464027762478048
0.0001402558038393243751181241961
0.0001402558038393243751181241961
0.0001359794506602814430565790341
0.0001359794506602814430565790341
0.0001317025146890895694087234664
0.0001317025146890895694087234664
0.0001274250142566899834655993473
0.0001274250142566899834655993473
0.0001231469676965325999098622589
0.0001231469676965325999098622589
0.0001188683933445207888652175161
0.0001188683933445207888652175161
0.0001145893095389633647019245986
0.0001145893095389633647019245986
0.0001103097346205364125717185858
0.0001103097346205364125717185858
0.0001060296869322586693273262616
0.0001060296869322586693273262616
0.000101749184819485801173423843
0.000101749184819485801173423843
0.0000974682466299313636780064907
0.0000974682466299313636780064907
0.0000931868907137259604064526626
0.0000931868907137259604064526626
0.0000889051354235319110827730098
0.0000889051354235319110827730098
0.000084622999114739909562926018
0.000084622999114739909562926018
0.000080340500145788958072519241
0.000080340500145788958072519241
0.000076057656878675307293558412
0.000076057656878675307293558412
0.000071774487679757477330462569
0.000071774487679757477330462569
0.000067491010921036271750977889
0.000067491010921036271750977889
0.000063207244982217284205682028
0.000063207244982217284205682028
0.000058923208254101342710211035
0.000058923208254101342710211035
0.000054638919144305399268695639
0.000054638919144305399268695639
0.000050354396087232262509018958
0.000050354396087232262509018958
0.000046069657562133779231779578
0.000046069657562133779231779578
0.000041784722127395612640823569
0.000041784722127395612640823569
0.000037499608489339830524239241
0.000037499608489339830524239241
0.00003321433564992043857403202
0.00003321433564992043857403202
0.000028928923251130272227401775
0.000028928923251130272227401775
0.000024643392466112672598785674
0.000024643392466112672598785674
0.000020357768637385621312661494
0.000020357768637385621312661494
0.000016072090650206359305689593
0.000016072090650206359305689593
0.000011786454263541864095453201
0.000011786454263541864095453201
7.50131767030197271899737e-6
7.50131767030197271899737e-6
3.22248473871368896271781e-6
3.22248473871368896271781e-6