-0.002098590278345446
0.002098590278345446
-0.006295733865572242
0.006295733865572242
-0.01049276654505802
0.01049276654505802
-0.01468961438047963
0.01468961438047963
-0.01888620343877023
0.01888620343877023
-0.02308245979142164
0.02308245979142164
-0.02727830951578676
0.02727830951578676
-0.03147367869638179
0.03147367869638179
-0.03566849342618834
0.03566849342618834
-0.0398626798079554
0.0398626798079554
-0.04405616395550117
0.04405616395550117
-0.04824887199501463
0.04824887199501463
-0.05244073006635694
0.05244073006635694
-0.05663166432436257
0.05663166432436257
-0.0608216009401402
0.0608216009401402
-0.06501046610237333
0.06501046610237333
-0.06919818601862051
0.06919818601862051
-0.07338468691661533
0.07338468691661533
-0.07756989504556603
0.07756989504556603
-0.08175373667745467
0.08175373667745467
-0.085936138108336
0.085936138108336
-0.09011702565963583
0.09011702565963583
-0.09429632567944896
0.09429632567944896
-0.09847396454383668
0.09847396454383668
-0.1026498686581237
0.1026498686581237
-0.1068239644581949
0.1068239644581949
-0.1109961784117906
0.1109961784117906
-0.1151664370198027
0.1151664370198027
-0.119334666817569
0.119334666817569
-0.1235007943761674
0.1235007943761674
-0.1276647463037099
0.1276647463037099
-0.1318264492466346
0.1318264492466346
-0.135985829890999
0.135985829890999
-0.1401428149637705
0.1401428149637705
-0.1442973312341181
0.1442973312341181
-0.1484493055147018
0.1484493055147018
-0.1525986646629622
0.1525986646629622
-0.1567453355824089
0.1567453355824089
-0.1608892452239082
0.1608892452239082
-0.1650303205869703
0.1650303205869703
-0.1691684887210346
0.1691684887210346
-0.1733036767267553
0.1733036767267553
-0.1774358117572858
0.1774358117572858
-0.1815648210195613
0.1815648210195613
-0.1856906317755819
0.1856906317755819
-0.1898131713436936
0.1898131713436936
-0.1939323670998686
0.1939323670998686
-0.198048146478985
0.198048146478985
-0.2021604369761046
0.2021604369761046
-0.2062691661477509
0.2062691661477509
-0.2103742616131847
0.2103742616131847
-0.2144756510556793
0.2144756510556793
-0.2185732622237947
0.2185732622237947
-0.2226670229326501
0.2226670229326501
-0.2267568610651959
0.2267568610651959
-0.2308427045734835
0.2308427045734835
-0.2349244814799353
0.2349244814799353
-0.2390021198786123
0.2390021198786123
-0.2430755479364805
0.2430755479364805
-0.2471446938946769
0.2471446938946769
-0.2512094860697735
0.2512094860697735
-0.2552698528550397
0.2552698528550397
-0.2593257227217044
0.2593257227217044
-0.2633770242202153
0.2633770242202153
-0.2674236859814983
0.2674236859814983
-0.2714656367182143
0.2714656367182143
-0.2755028052260153
0.2755028052260153
-0.2795351203847985
0.2795351203847985
-0.2835625111599594
0.2835625111599594
-0.287584906603643
0.287584906603643
-0.2916022358559939
0.2916022358559939
-0.2956144281464042
0.2956144281464042
-0.2996214127947605
0.2996214127947605
-0.303623119212689
0.303623119212689
-0.3076194769047989
0.3076194769047989
-0.3116104154699244
0.3116104154699244
-0.3155958646023648
0.3155958646023648
-0.319575754093123
0.319575754093123
-0.3235500138311426
0.3235500138311426
-0.3275185738045425
0.3275185738045425
-0.3314813641018509
0.3314813641018509
-0.3354383149132362
0.3354383149132362
-0.3393893565317374
0.3393893565317374
-0.3433344193544916
0.3433344193544916
-0.3472734338839605
0.3472734338839605
-0.3512063307291543
0.3512063307291543
-0.3551330406068548
0.3551330406068548
-0.3590534943428351
0.3590534943428351
-0.3629676228730786
0.3629676228730786
-0.3668753572449959
0.3668753572449959
-0.3707766286186388
0.3707766286186388
-0.3746713682679139
0.3746713682679139
-0.3785595075817925
0.3785595075817925
-0.3824409780655196
0.3824409780655196
-0.3863157113418208
0.3863157113418208
-0.3901836391521063
0.3901836391521063
-0.3940446933576737
0.3940446933576737
-0.3978988059409085
0.3978988059409085
-0.401745909006482
0.401745909006482
-0.4055859347825473
0.4055859347825473
-0.4094188156219338
0.4094188156219338
-0.4132444840033381
0.4132444840033381
-0.4170628725325141
0.4170628725325141
-0.4208739139434598
0.4208739139434598
-0.4246775410996027
0.4246775410996027
-0.4284736869949822
0.4284736869949822
-0.4322622847554298
0.4322622847554298
-0.436043267639748
0.436043267639748
-0.439816569040885
0.439816569040885
-0.4435821224871088
0.4435821224871088
-0.4473398616431778
0.4473398616431778
-0.4510897203115098
0.4510897203115098
-0.4548316324333476
0.4548316324333476
-0.4585655320899232
0.4585655320899232
-0.4622913535036187
0.4622913535036187
-0.4660090310391253
0.4660090310391253
-0.4697184992045996
0.4697184992045996
-0.4734196926528169
0.4734196926528169
-0.4771125461823228
0.4771125461823228
-0.4807969947385818
0.4807969947385818
-0.4844729734151231
0.4844729734151231
-0.4881404174546841
0.4881404174546841
-0.4917992622503512
0.4917992622503512
-0.495449443346698
0.495449443346698
-0.4990908964409206
0.4990908964409206
-0.5027235573839706
0.5027235573839706
-0.5063473621816851
0.5063473621816851
-0.5099622469959138
0.5099622469959138
-0.5135681481456439
0.5135681481456439
-0.517165002108122
0.517165002108122
-0.5207527455199726
0.5207527455199726
-0.524331315178315
0.524331315178315
-0.5279006480418763
0.5279006480418763
-0.5314606812321019
0.5314606812321019
-0.5350113520342635
0.5350113520342635
-0.5385525978985637
0.5385525978985637
-0.542084356441238
0.542084356441238
-0.5456065654456537
0.5456065654456537
-0.5491191628634057
0.5491191628634057
-0.5526220868154101
0.5526220868154101
-0.5561152755929939
0.5561152755929939
-0.5595986676589822
0.5595986676589822
-0.563072201648782
0.563072201648782
-0.5665358163714639
0.5665358163714639
-0.5699894508108391
0.5699894508108391
-0.5734330441265352
0.5734330441265352
-0.5768665356550674
0.5768665356550674
-0.5802898649109072
0.5802898649109072
-0.5837029715875483
0.5837029715875483
-0.5871057955585687
0.5871057955585687
-0.5904982768786899
0.5904982768786899
-0.5938803557848331
0.5938803557848331
-0.5972519726971716
0.5972519726971716
-0.6006130682201811
0.6006130682201811
-0.6039635831436851
0.6039635831436851
-0.6073034584438989
0.6073034584438989
-0.6106326352844687
0.6106326352844687
-0.6139510550175083
0.6139510550175083
-0.6172586591846325
0.6172586591846325
-0.6205553895179864
0.6205553895179864
-0.6238411879412724
0.6238411879412724
-0.6271159965707729
0.6271159965707729
-0.6303797577163705
0.6303797577163705
-0.6336324138825634
0.6336324138825634
-0.6368739077694794
0.6368739077694794
-0.6401041822738842
0.6401041822738842
-0.6433231804901883
0.6433231804901883
-0.6465308457114487
0.6465308457114487
-0.6497271214303684
0.6497271214303684
-0.6529119513402916
0.6529119513402916
-0.6560852793361958
0.6560852793361958
-0.6592470495156799
0.6592470495156799
-0.6623972061799491
0.6623972061799491
-0.6655356938347962
0.6655356938347962
-0.6686624571915793
0.6686624571915793
-0.6717774411681954
0.6717774411681954
-0.6748805908900511
0.6748805908900511
-0.6779718516910291
0.6779718516910291
-0.6810511691144515
0.6810511691144515
-0.6841184889140386
0.6841184889140386
-0.6871737570548649
0.6871737570548649
-0.6902169197143112
0.6902169197143112
-0.6932479232830121
0.6932479232830121
-0.6962667143658011
0.6962667143658011
-0.6992732397826506
0.6992732397826506
-0.7022674465696095
0.7022674465696095
-0.7052492819797353
0.7052492819797353
-0.708218693484024
0.708218693484024
-0.7111756287723354
0.7111756287723354
-0.7141200357543142
0.7141200357543142
-0.717051862560308
0.717051862560308
-0.7199710575422811
0.7199710575422811
-0.7228775692747241
0.7228775692747241
-0.7257713465555599
0.7257713465555599
-0.7286523384070458
0.7286523384070458
-0.7315204940766714
0.7315204940766714
-0.7343757630380529
0.7343757630380529
-0.7372180949918229
0.7372180949918229
-0.7400474398665166
0.7400474398665166
-0.7428637478194541
0.7428637478194541
-0.745666969237618
0.745666969237618
-0.7484570547385278
0.7484570547385278
-0.7512339551711097
0.7512339551711097
-0.7539976216165624
0.7539976216165624
-0.7567480053892188
0.7567480053892188
-0.7594850580374041
0.7594850580374041
-0.7622087313442886
0.7622087313442886
-0.7649189773287379
0.7649189773287379
-0.7676157482461576
0.7676157482461576
-0.7702989965893345
0.7702989965893345
-0.7729686750892737
0.7729686750892737
-0.7756247367160311
0.7756247367160311
-0.7782671346795421
0.7782671346795421
-0.7808958224304454
0.7808958224304454
-0.7835107536609037
0.7835107536609037
-0.7861118823054191
0.7861118823054191
-0.7886991625416444
0.7886991625416444
-0.7912725487911908
0.7912725487911908
-0.7938319957204305
0.7938319957204305
-0.7963774582412955
0.7963774582412955
-0.7989088915120715
0.7989088915120715
-0.8014262509381886
0.8014262509381886
-0.803929492173006
0.803929492173006
-0.8064185711185939
0.8064185711185939
-0.8088934439265099
0.8088934439265099
-0.8113540669985719
0.8113540669985719
-0.8138003969876256
0.8138003969876256
-0.8162323907983087
0.8162323907983087
-0.8186500055878095
0.8186500055878095
-0.8210531987666221
0.8210531987666221
-0.8234419279992964
0.8234419279992964
-0.8258161512051842
0.8258161512051842
-0.8281758265591798
0.8281758265591798
-0.8305209124924579
0.8305209124924579
-0.8328513676932049
0.8328513676932049
-0.835167151107347
0.835167151107347
-0.8374682219392739
0.8374682219392739
-0.8397545396525565
0.8397545396525565
-0.8420260639706619
0.8420260639706619
-0.8442827548776625
0.8442827548776625
-0.8465245726189409
0.8465245726189409
-0.8487514777018905
0.8487514777018905
-0.8509634308966108
0.8509634308966108
-0.853160393236599
0.853160393236599
-0.8553423260194361
0.8553423260194361
-0.8575091908074687
0.8575091908074687
-0.8596609494284862
0.8596609494284862
-0.8617975639763933
0.8617975639763933
-0.8639189968118779
0.8639189968118779
-0.8660252105630736
0.8660252105630736
-0.8681161681262189
0.8681161681262189
-0.87019183266631
0.87019183266631
-0.8722521676177503
0.8722521676177503
-0.8742971366849944
0.8742971366849944
-0.8763267038431871
0.8763267038431871
-0.8783408333387986
0.8783408333387986
-0.8803394896902541
0.8803394896902541
-0.8823226376885588
0.8823226376885588
-0.8842902423979182
0.8842902423979182
-0.8862422691563536
0.8862422691563536
-0.8881786835763124
0.8881786835763124
-0.8900994515452747
0.8900994515452747
-0.8920045392263531
0.8920045392263531
-0.8938939130588896
0.8938939130588896
-0.8957675397590468
0.8957675397590468
-0.8976253863203936
0.8976253863203936
-0.8994674200144874
0.8994674200144874
-0.9012936083914502
0.9012936083914502
-0.9031039192805404
0.9031039192805404
-0.9048983207907195
0.9048983207907195
-0.9066767813112139
0.9066767813112139
-0.9084392695120717
0.9084392695120717
-0.9101857543447149
0.9101857543447149
-0.911916205042486
0.911916205042486
-0.9136305911211902
0.9136305911211902
-0.9153288823796322
0.9153288823796322
-0.9170110489001488
0.9170110489001488
-0.9186770610491352
0.9186770610491352
-0.9203268894775675
0.9203268894775675
-0.9219605051215196
0.9219605051215196
-0.9235778792026752
0.9235778792026752
-0.9251789832288348
0.9251789832288348
-0.9267637889944176
0.9267637889944176
-0.9283322685809582
0.9283322685809582
-0.929884394357599
0.929884394357599
-0.9314201389815761
0.9314201389815761
-0.9329394753987017
0.9329394753987017
-0.9344423768438404
0.9344423768438404
-0.9359288168413808
0.9359288168413808
-0.9373987692057016
0.9373987692057016
-0.9388522080416333
0.9388522080416333
-0.9402891077449143
0.9402891077449143
-0.9417094430026417
0.9417094430026417
-0.9431131887937174
0.9431131887937174
-0.944500320389289
0.944500320389289
-0.9458708133531851
0.9458708133531851
-0.9472246435423462
0.9472246435423462
-0.9485617871072495
0.9485617871072495
-0.9498822204923297
0.9498822204923297
-0.9511859204363932
0.9511859204363932
-0.9524728639730286
0.9524728639730286
-0.9537430284310107
0.9537430284310107
-0.9549963914347003
0.9549963914347003
-0.9562329309044382
0.9562329309044382
-0.957452625056934
0.957452625056934
-0.9586554524056503
0.9586554524056503
-0.9598413917611808
0.9598413917611808
-0.9610104222316237
0.9610104222316237
-0.9621625232229497
0.9621625232229497
-0.963297674439365
0.963297674439365
-0.9644158558836686
0.9644158558836686
-0.9655170478576047
0.9655170478576047
-0.9666012309622097
0.9666012309622097
-0.9676683860981538
0.9676683860981538
-0.9687184944660778
0.9687184944660778
-0.9697515375669239
0.9697515375669239
-0.9707674972022617
0.9707674972022617
-0.9717663554746091
0.9717663554746091
-0.9727480947877471
0.9727480947877471
-0.9737126978470301
0.9737126978470301
-0.9746601476596905
0.9746601476596905
-0.9755904275351382
0.9755904275351382
-0.9765035210852542
0.9765035210852542
-0.9773994122246798
0.9773994122246798
-0.9782780851710997
0.9782780851710997
-0.9791395244455201
0.9791395244455201
-0.9799837148725415
0.9799837148725415
-0.9808106415806258
0.9808106415806258
-0.9816202900023585
0.9816202900023585
-0.9824126458747054
0.9824126458747054
-0.9831876952392636
0.9831876952392636
-0.9839454244425077
0.9839454244425077
-0.9846858201360303
0.9846858201360303
-0.9854088692767769
0.9854088692767769
-0.9861145591272762
0.9861145591272762
-0.9868028772558641
0.9868028772558641
-0.9874738115369031
0.9874738115369031
-0.9881273501509956
0.9881273501509956
-0.9887634815851926
0.9887634815851926
-0.9893821946331962
0.9893821946331962
-0.9899834783955576
0.9899834783955576
-0.9905673222798688
0.9905673222798688
-0.9911337160009496
0.9911337160009496
-0.9916826495810291
0.9916826495810291
-0.9922141133499214
0.9922141133499214
-0.9927280979451966
0.9927280979451966
-0.993224594312346
0.993224594312346
-0.9937035937049423
0.9937035937049423
-0.9941650876847939
0.9941650876847939
-0.994609068122095
0.994609068122095
-0.9950355271955696
0.9950355271955696
-0.9954444573926108
0.9954444573926108
-0.9958358515094149
0.9958358515094149
-0.9962097026511115
0.9962097026511115
-0.996566004231888
0.996566004231888
-0.9969047499751108
0.9969047499751108
-0.9972259339134426
0.9972259339134426
-0.9975295503889579
0.9975295503889579
-0.9978155940532566
0.9978155940532566
-0.9980840598675801
0.9980840598675801
-0.9983349431029328
0.9983349431029328
-0.9985682393402164
0.9985682393402164
-0.9987839444703916
0.9987839444703916
-0.9989820546946889
0.9989820546946889
-0.999162566524919
0.999162566524919
-0.9993254767839802
0.9993254767839802
-0.9994707826067829
0.9994707826067829
-0.9995984814421164
0.9995984814421164
-0.9997085710568517
0.9997085710568517
-0.9998010495466722
0.9998010495466722
-0.9998759153682567
0.9998759153682567
-0.9999331674602841
0.9999331674602841
-0.9999728058926096
0.9999728058926096
-0.9999948387711714
0.9999948387711714