0.00273538477803003676746080625177
0.00273538477803003676746080625177
0.00273536431094936547041374254135
0.00273536431094936547041374254135
0.00273532337694116454566396553014
0.00273532337694116454566396553014
0.00273526197631171618604204097973
0.00273526197631171618604204097973
0.0027351801095204408161570535891
0.0027351801095204408161570535891
0.00273507777717989365485649656099
0.00273507777717989365485649656099
0.00273495498005576013187946799515
0.00273495498005576013187946799515
0.00273481171906685015873746827063
0.00273481171906685015873746827063
0.00273464799528509125386566563871
0.00273464799528509125386566563871
0.00273446380993552052209606998634
0.00273446380993552052209606998634
0.00273425916439627548851262708433
0.00273425916439627548851262708433
0.00273403406019858378675681753864
0.00273403406019858378675681753864
0.0027337884990267517018609160551
0.0027337884990267517018609160551
0.00273352248271815156769463744192
0.00273352248271815156769463744192
0.00273323601326320801911946594729
0.00273323601326320801911946594729
0.00273292909280538309895353399654
0.00273292909280538309895353399654
0.00273260172364116021985848509092
0.00273260172364116021985848509092
0.00273225390822002698126832349391
0.00273225390822002698126832349391
0.00273188564914445684148882029683
0.00273188564914445684148882029683
0.00273149694916988964510461145924
0.00273149694916988964510461145924
0.00273108781120471100583968839775
0.00273108781120471100583968839775
0.00273065823831023054502554558416
0.00273065823831023054502554558416
0.00273020823370065898583981234729
0.00273020823370065898583981234729
0.00272973780074308410348675758794
0.00272973780074308410348675758794
0.00272924694295744553149961634901
0.00272924694295744553149961634901
0.00272873566401650842435324606896
0.00272873566401650842435324606896
0.00272820396774583597658417782259
0.00272820396774583597658417782259
0.00272765185812376079862368385421
0.00272765185812376079862368385421
0.0027270793392813551495580371711
0.0027270793392813551495580371711
0.00272648641550240002703869182509
0.00272648641550240002703869182509
0.00272587309122335311457366370395
0.00272587309122335311457366370395
0.00272523937103331558643994111707
0.00272523937103331558643994111707
0.00272458525967399777046530212888
0.00272458525967399777046530212888
0.00272391076203968366893646140322
0.00272391076203968366893646140322
0.00272321588317719433789901321009
0.00272321588317719433789901321009
0.00272250062828585012512317914727
0.00272250062828585012512317914727
0.00272176500271743176701790898083
0.00272176500271743176701790898083
0.00272100901197614034478442074561
0.00272100901197614034478442074561
0.00272023266171855610010880180574
0.00272023266171855610010880180574
0.00271943595775359611070182589275
0.00271943595775359611070182589275
0.00271861890604247082600267215008
0.00271861890604247082600267215008
0.00271778151269863946337176085508
0.00271778151269863946337176085508
0.00271692378398776426510644669781
0.00271692378398776426510644669781
0.00271604572632766361662183420785
0.00271604572632766361662183420785
0.00271514734628826402614750107047
0.00271514734628826402614750107047
0.00271422865059155096629943359944
0.00271422865059155096629943359944
0.00271328964611151857789499447121
0.00271328964611151857789499447121
0.00271233033987411823638725591032
0.00271233033987411823638725591032
0.00271135073905720598130354178526
0.00271135073905720598130354178526
0.00271035085099048880908152946385
0.00271035085099048880908152946385
0.00270933068315546982970476672391
0.00270933068315546982970476672391
0.00270829024318539228754796045477
0.00270829024318539228754796045477
0.00270722953886518244685089225451
0.00270722953886518244685089225451
0.00270614857813139134224831126336
0.00270614857813139134224831126336
0.00270504736907213539479164661144
0.00270504736907213539479164661144
0.00270392591992703589390687063553
0.00270392591992703589390687063553
0.00270278423908715734574132947197
0.00270278423908715734574132947197
0.00270162233509494468836083969631
0.00270162233509494468836083969631
0.00270044021664415937426682829297
0.00270044021664415937426682829297
0.00269923789257981432071176833534
0.00269923789257981432071176833534
0.00269801537189810772829963427556
0.00269801537189810772829963427556
0.00269677266374635576836656862028
0.00269677266374635576836656862028
0.00269550977742292413964541594062
0.00269550977742292413964541594062
0.0026942267223771584947262405676
0.0026942267223771584947262405676
0.0026929235082093137368334008961
0.0026929235082093137368334008961
0.00269160014467048218744820589645
0.00269160014467048218744820589645
0.00269025664166252062531462815106
0.00269025664166252062531462815106
0.0026888930092379761973739924297
0.0026888930092379761973739924297
0.00268750925760001120218299942896
0.00268750925760001120218299942896
0.00268610539710232674637788076507
0.00268610539710232674637788076507
0.00268468143824908527475591356201
0.00268468143824908527475591356201
0.00268323739169483197455395095564
0.00268323739169483197455395095564
0.00268177326824441505451204847581
0.00268177326824441505451204847581
0.00268028907885290489931868550987
0.00268028907885290489931868550987
0.00267878483462551210004249582885
0.00267878483462551210004249582885
0.00267726054681750436116383140951
0.00267726054681750436116383140951
0.00267571622683412228482788944826
0.00267571622683412228482788944826
0.00267415188623049403294953347366
0.00267415188623049403294953347366
0.00267256753671154886780833576013
0.00267256753671154886780833576013
0.00267096319013192957178075976368
0.00267096319013192957178075976368
0.00266933885849590374686478797837
0.00266933885849590374686478797837
0.00266769455395727399466068238672
0.00266769455395727399466068238672
0.00266603028881928697747994148569
0.00266603028881928697747994148569
0.00266434607553454136126288965027
0.00266434607553454136126288965027
0.00266264192670489464099370128508
0.00266264192670489464099370128508
0.00266091785508136884931002374954
0.00266091785508136884931002374954
0.00265917387356405514901271936054
0.00265917387356405514901271936054
0.00265740999520201731018959781605
0.00265740999520201731018959781605
0.00265562623319319407267535608145
0.00265562623319319407267535608145
0.00265382260088430039457828307423
0.00265382260088430039457828307423
0.00265199911177072758761262131107
0.00265199911177072758761262131107
0.0026501557794964423399838069803
0.0026501557794964423399838069803
0.0026482926178538846275821336114
0.0026482926178538846275821336114
0.00264640964078386451424870256801
0.00264640964078386451424870256801
0.00264450686237545784188583593084
0.00264450686237545784188583593084
0.00264258429686590081119243389858
0.00264258429686590081119243389858
0.00264064195864048345381305955728
0.00264064195864048345381305955728
0.00263867986223244199669782868847
0.00263867986223244199669782868847
0.00263669802232285011947847114304
0.00263669802232285011947847114304
0.00263469645374050910567421313736
0.00263469645374050910567421313736
0.00263267517146183688854940657091
0.00263267517146183688854940657091
0.00263063419061075599245310205642
0.00263063419061075599245310205642
0.00262857352645858037047902673429
0.00262857352645858037047902673429
0.00262649319442390113929268604953
0.00262649319442390113929268604953
0.00262439321007247121198056044098
0.00262439321007247121198056044098
0.00262227358911708882978461326657
0.00262227358911708882978461326657
0.00262013434741747999359356520387
0.00262013434741747999359356520387
0.00261797550098017979607062275942
0.00261797550098017979607062275942
0.00261579706595841265530557433366
0.00261579706595841265530557433366
0.00261359905865197145088738645656
0.00261359905865197145088738645656
0.00261138149550709556330164527318
0.00261138149550709556330164527318
0.0026091443931163478175653940556
0.0026091443931163478175653940556
0.00260688776821849033202011638648
0.00260688776821849033202011638648
0.00260461163769835927321180663969
0.00260461163769835927321180663969
0.00260231601858673851779525441238
0.00260231601858673851779525441238
0.00260000092806023222240784757995
0.00260000092806023222240784757995
0.00259766638344113630246636958996
0.00259766638344113630246636958996
0.00259531240219730882084843042048
0.00259531240219730882084843042048
0.00259293900194203928742832724325
0.00259293900194203928742832724325
0.00259054620043391687044528019022
0.00259054620043391687044528019022
0.00258813401557669752069013066299
0.00258813401557669752069013066299
0.00258570246541917000950472428736
0.00258570246541917000950472428736
0.00258325156815502088159632783885
0.00258325156815502088159632783885
0.00258078134212269832367754918868
0.00258078134212269832367754918868
0.00257829180580527494995034148271
0.00257829180580527494995034148271
0.00257578297783030950546077730767
0.00257578297783030950546077730767
0.00257325487696970748835937545827
0.00257325487696970748835937545827
0.00257070752213958069210985203626
0.00257070752213958069210985203626
0.00256814093240010566869724892611
0.00256814093240010566869724892611
0.00256555512695538111389446614251
0.00256555512695538111389446614251
0.00256295012515328417565429007111
0.00256295012515328417565429007111
0.00256032594648532568670206716606
0.00256032594648532568670206716606
0.00255768261058650432241222216513
0.00255768261058650432241222216513
0.00255502013723515968505986127589
0.00255502013723515968505986127589
0.00255233854635282431554673401366
0.00255233854635282431554673401366
0.00254963785800407463370885237463
0.00254963785800407463370885237463
0.00254691809239638080832108274431
0.00254691809239638080832108274431
0.00254417926987995555792203431391
0.00254417926987995555792203431391
0.00254142141094760188359056774371
0.00254142141094760188359056774371
0.00253864453623455973481323931485
0.00253864453623455973481323931485
0.00253584866651835160958997878799
0.00253584866651835160958997878799
0.00253303382271862708993327358002
0.00253303382271862708993327358002
0.00253020002589700631392409761871
0.00253020002589700631392409761871
0.00252734729725692238549578028009
0.00252734729725692238549578028009
0.00252447565814346272312495909485
0.00252447565814346272312495909485
0.00252158513004320934861669936896
0.00252158513004320934861669936896
0.00251867573458407811717879444036
0.00251867573458407811717879444036
0.00251574749353515688998818192891
0.00251574749353515688998818192891
0.00251280042880654265046032397102
0.00251280042880654265046032397102
0.00250983456244917756544030300494
0.00250983456244917756544030300494
0.00250684991665468399254227912814
0.00250684991665468399254227912814
0.00250384651375519843487184032522
0.00250384651375519843487184032522
0.00250082437622320444437365290491
0.00250082437622320444437365290491
0.00249778352667136447505468622847
0.00249778352667136447505468622847
0.00249472398785235068734114320098
0.00249472398785235068734114320098
0.00249164578265867470483507597189
0.00249164578265867470483507597189
0.00248854893412251632474450479399
0.00248854893412251632474450479399
0.00248543346541555118326868696165
0.00248543346541555118326868696165
0.00248229939984877737722800213066
0.00248229939984877737722800213066
0.00247914676087234104323573005603
0.00247914676087234104323573005603
0.00247597557207536089571679681079
0.00247597557207536089571679681079
0.00247278585718575172508635581079
0.00247278585718575172508635581079
0.00246957764007004685740885040943
0.00246957764007004685740885040943
0.00246635094473321957686597538283
0.00246635094473321957686597538283
0.00246310579531850351236971524408
0.00246310579531850351236971524408
0.00245984221610721198966438794432
0.00245984221610721198966438794432
0.00245656023151855635026936308285
0.00245656023151855635026936308285
0.00245325986610946323862185419856
0.00245325986610946323862185419856
0.00244994114457439085878690499408
0.00244994114457439085878690499408
0.00244660409174514420210939939344
0.00244660409174514420210939939344
0.00244324873259068924719062509708
0.00244324873259068924719062509708
0.00243987509221696613357960971576
0.00243987509221696613357960971576
0.00243648319586670131057712758147
0.00243648319586670131057712758147
0.00243307306891921866255794388962
0.00243307306891921866255794388962
0.0024296447368902496122245208666
0.0024296447368902496122245208666
0.0024261982254317422032130581222
0.0024261982254317422032130581222
0.00242273356033166916348037618019
0.00242273356033166916348037618019
0.00241925076751383495090777832598
0.00241925076751383495090777832598
0.00241574987303768178256564130997
0.00241574987303768178256564130997
0.00241223090309809464909009004206
0.00241223090309809464909009004206
0.0024086938840252053156307051509
0.0024086938840252053156307051509
0.00240513884228419531083579510235
0.00240513884228419531083579510235
0.00240156580447509790534933641992
0.00240156580447509790534933641992
0.00239797479733259908130124636849
0.00239797479733259908130124636849
0.00239436584772583749428020219477
0.00239436584772583749428020219477
0.0023907389826582034292857596073
0.0023907389826582034292857596073
0.002387094229267136752164050569
0.002387094229267136752164050569
0.00238343161482392385803885660987
0.00238343161482392385803885660987
0.00237975116673349361825735869061
0.00237975116673349361825735869061
0.00237605291253421232737735810248
0.00237605291253421232737735810248
0.00237233687989767765173024492023
0.00237233687989767765173024492023
0.00236860309662851158110146107571
0.00236860309662851158110146107571
0.0023648515906641523850776641349
0.0023648515906641523850776641349
0.00236108239007464557561724528497
0.00236108239007464557561724528497
0.00235729552306243387740829081391
0.00235729552306243387740829081391
0.00235349101796214620758550043826
0.00235349101796214620758550043826
0.0023496689032403856663849881494
0.0023496689032403856663849881494
0.00234582920749551654032329174902
0.00234582920749551654032329174902
0.00234197195945745031949430587574
0.00234197195945745031949430587574
0.00233809718798743073058523003103
0.00233809718798743073058523003103
0.00233420492207781778721998783937
0.00233420492207781778721998783937
0.00233029519085187085924592646895
0.00233029519085187085924592646895
0.00232636802356353076258694574079
0.00232636802356353076258694574079
0.00232242344959720087129353491073
0.00232242344959720087129353491073
0.00231846149846752725342751136575
0.00231846149846752725342751136575
0.00231448219981917783242655947811
0.00231448219981917783242655947811
0.00231048558342662057560095955438
0.00231048558342662057560095955438
0.00230647167919390071142217614548
0.00230647167919390071142217614548
0.00230244051715441697727024189553
0.00230244051715441697727024189553
0.00229839212747069689931412754583
0.00229839212747069689931412754583
0.00229432654043417110620653062227
0.00229432654043417110620653062227
0.00229024378646494667828174466535
0.00229024378646494667828174466535
0.00228614389611157953395248755791
0.00228614389611157953395248755791
0.00228202690005084585500877151225
0.00228202690005084585500877151225
0.00227789282908751255252908854193
0.00227789282908751255252908854193
0.00227374171415410677512136371084
0.00227374171415410677512136371084
0.00226957358631068446121829406791
0.00226957358631068446121829406791
0.00226538847674459793715884388861
0.00226538847674459793715884388861
0.00226118641677026256279480659854
0.00226118641677026256279480659854
0.00225696743782892242636847049842
0.00225696743782892242636847049842
0.00225273157148841509041453908829
0.00225273157148841509041453908829
0.00224847884944293539044655735082
0.00224847884944293539044655735082
0.0022442093035127982881951827441
0.0022442093035127982881951827441
0.00223992296564420078117271382114
0.00223992296564420078117271382114
0.00223561986790898287034535028403
0.00223561986790898287034535028403
0.00223130004250438758770170584091
0.00223130004250438758770170584091
0.00222696352175282008551312941281
0.00222696352175282008551312941281
0.00222261033810160578908841098084
0.00222261033810160578908841098084
0.00221824052412274761483245562028
0.00221824052412274761483245562028
0.00221385411251268225542550298466
0.00221385411251268225542550298466
0.00220945113609203553394644962677
0.00220945113609203553394644962677
0.0022050316278053768287707980236
0.0022050316278053768287707980236
0.0022005956207209725710807089551
0.0022005956207209725710807089551
0.00219614314803053881683157292144
0.00219614314803053881683157292144
0.00219167424304899289502644151771
0.00219167424304899289502644151771
0.00218718893921420413415657106676
0.00218718893921420413415657106676
0.00218268727008674366867322828891
0.00218268727008674366867322828891
0.0021781692693496333273627913095
0.0021781692693496333273627913095
0.00217363497080809360550404882057
0.00217363497080809360550404882057
0.00216908440838929072269345566962
0.00216908440838929072269345566962
0.00216451761614208276823094449537
0.00216451761614208276823094449537
0.00215993462823676493596572021642
0.00215993462823676493596572021642
0.00215533547896481385050827715262
0.00215533547896481385050827715262
0.00215072020273863098672167726994
0.00215072020273863098672167726994
0.00214608883409128518441191243642
0.00214608883409128518441191243642
0.00214144140767625426014394360957
0.00214144140767625426014394360957
0.00213677795826716571811676549207
0.00213677795826716571811676549207
0.00213209852075753656203758634444
0.00213209852075753656203758634444
0.00212740313016051220994193927782
0.00212740313016051220994193927782
0.00212269182160860451391325341862
0.00212269182160860451391325341862
0.00211796463035342888666211078819
0.00211796463035342888666211078819
0.00211322159176544053693209752536
0.00211322159176544053693209752536
0.00210846274133366981570582614717
0.00210846274133366981570582614717
0.0021036881146654566751913588442
0.0021036881146654566751913588442
0.00209889774748618424257590029096
0.00209889774748618424257590029096
0.00209409167563901151054025207006
0.00209409167563901151054025207006
0.00208926993508460514653412951069
0.00208926993508460514653412951069
0.0020844325619008704228190354794
0.0020844325619008704228190354794
0.0020795795922826812692919643831
0.0020795795922826812692919643831
0.00207471106254160945110977330297
0.00207471106254160945110977330297
0.0020698270091056528731406057238
0.0020698270091056528731406057238
0.00206492746851896301327528670664
0.00206492746851896301327528670664
0.00206001247744157148663812652625
0.00206001247744157148663812652625
0.0020550820726491157427430727077
0.0020550820726491157427430727077
0.00205013629103256389764763800237
0.00205013629103256389764763800237
0.00204517516959793870316350409183
0.00204517516959793870316350409183
0.00204019874546604065518915765165
0.00204019874546604065518915765165
0.00203520705587217024323635679735
0.00203520705587217024323635679735
0.00203020013816584934322865182302
0.00203020013816584934322865182302
0.00202517802981054175565659448195
0.00202517802981054175565659448195
0.00202014076838337289118066479966
0.00202014076838337289118066479966
0.0020150883915748486057793235055
0.0020150883915748486057793235055
0.00201002093718857318754596157119
0.00201002093718857318754596157119
0.00200493844314096649724486600671
0.00200493844314096649724486600671
0.00199984094746098026474265293686
0.00199984094746098026474265293686
0.00199472848828981354343793502006
0.00199472848828981354343793502006
0.00198960110388062732481829042537
0.00198960110388062732481829042537
0.00198445883259825831527988480898
0.00198445883259825831527988480898
0.00197930171291893187735136597895
0.00197930171291893187735136597895
0.00197412978342997413746990316119
0.00197412978342997413746990316119
0.00196894308282952326246347893289
0.00196894308282952326246347893289
0.00196374164992623990689976192559
0.00196374164992623990689976192559
0.0019585255236390168334680922723
0.0019585255236390168334680922723
0.00195329474299668770856729943521
0.00195329474299668770856729943521
0.00194804934713773507527824345571
0.00194804934713773507527824345571
0.00194278937530999750590612577164
0.00194278937530999750590612577164
0.0019375148668703759362837545005
0.0019375148668703759362837545005
0.00193222586128453918403307144722
0.00193222586128453918403307144722
0.00192692239812662865298835401413
0.00192692239812662865298835401413
0.00192160451707896222599059462385
0.00192160451707896222599059462385
0.00191627225793173734826863316776
0.00191627225793173734826863316776
0.00191092566058273330362867431689
0.00191092566058273330362867431689
0.00190556476503701268567986123477
0.00190556476503701268567986123477
0.00190018961140662206632960026655
0.00190018961140662206632960026655
0.00189480023991029186378833750126
0.00189480023991029186378833750126
0.00188939669087313541232947766908
0.00188939669087313541232947766908
0.00188397900472634723605610859871
0.00188397900472634723605610859871
0.00187854722200690052893215037581
0.00187854722200690052893215037581
0.00187310138335724384334148736854
0.00187310138335724384334148736854
0.00186764152952499698944456337537
0.00186764152952499698944456337537
0.00186216770136264614760782525955
0.00186216770136264614760782525955
0.00185667993982723819618728851939
0.00185667993982723819618728851939
0.00185117828598007425695336926093
0.00185117828598007425695336926093
0.00184566278098640246044998094406
0.00184566278098640246044998094406
0.00184013346611510993358673102254
0.00184013346611510993358673102254
0.00183459038273841401176887214811
0.00183459038273841401176887214811
0.001829033572331552677875464916
0.001829033572331552677875464916
0.0018234630764724742304019941493
0.0018234630764724742304019941493
0.0018178789368415261830894484123
0.0018178789368415261830894484123
0.0018122811952211433983676227593
0.0018122811952211433983676227593
0.0018066698934955354569461376322
0.0018066698934955354569461376322
0.001801045073650373265892382261
0.001801045073650373265892382261
0.0017954067777724749075412888697
0.0017954067777724749075412888697
0.0017897550480494907315875243865
0.0017897550480494907315875243865
0.0017840899267695876927163491757
0.0017840899267695876927163491757
0.0017784114563211329361350374912
0.0017784114563211329361350374912
0.0017727196791923766333723818708
0.0017727196791923766333723818708
0.0017670146379711340707194134913
0.0017670146379711340707194134913
0.0017612963753444669926900625562
0.0017612963753444669926900625562
0.0017555649340983642028860570387
0.0017555649340983642028860570387
0.0017498203571174214246559145205
0.0017498203571174214246559145205
0.0017440626873845204239434204028
0.0017440626873845204239434204028
0.0017382919679805073967265063808
0.0017382919679805073967265063808
0.0017325082420838706234529457311
0.0017325082420838706234529457311
0.0017267115529704173928847666115
0.0017267115529704173928847666115
0.0017209019440129501977687511797
0.0017209019440129501977687511797
0.0017150794586809422047558368685
0.0017150794586809422047558368685
0.0017092441405402120009976665461
0.0017092441405402120009976665461
0.0017033960332525976198539465336
0.0017033960332525976198539465336
0.0016975351805756298481496654733
0.0016975351805756298481496654733
0.0016916616263622048174266028309
0.0016916616263622048174266028309
0.0016857754145602558816389133081
0.0016857754145602558816389133081
0.0016798765892124247837479126159
0.0016798765892124247837479126159
0.0016739651944557321136765108658
0.0016739651944557321136765108658
0.0016680412745212470600890422365
0.0016680412745212470600890422365
0.001662104873733756458467523533
0.001662104873733756458467523533
0.0016561560365114331379606397274
0.0016561560365114331379606397274
0.0016501948073655035694870015212
0.0016501948073655035694870015212
0.001644221230899914817579448361
0.001644221230899914817579448361
0.0016382353518110007984623801256
0.0016382353518110007984623801256
0.0016322372148871478468592918533
0.0016322372148871478468592918533
0.0016262268650084595940328583506
0.0016262268650084595940328583506
0.0016202043471464211595650692791
0.0016202043471464211595650692791
0.0016141697063635626593900503203
0.0016141697063635626593900503203
0.0016081229878131220325973222255
0.0016081229878131220325973222255
0.001602064236738707189528346941
0.001602064236738707189528346941
0.0015959934984739574836942885085
0.0015959934984739574836942885085
0.0015899108184422045100479760478
0.0015899108184422045100479760478
0.0015838162421561322321480967946
0.0015838162421561322321480967946
0.0015777098152174364407586688486
0.0015777098152174364407586688486
0.0015715915833164835464318459573
0.0015715915833164835464318459573
0.0015654615922319687086270902726
0.0015654615922319687086270902726
0.0015593198878305733039247135444
0.0015593198878305733039247135444
0.0015531665160666217358967326098
0.0015531665160666217358967326098
0.0015470015229817375892029112731
0.0015470015229817375892029112731
0.0015408249547044991304847677068
0.0015408249547044991304847677068
0.0015346368574500941586352143022
0.0015346368574500941586352143022
0.0015284372775199742070263654326
0.0015284372775199742070263654326
0.0015222262613015081002828978105
0.0015222262613015081002828978105
0.0015160038552676348681931780056
0.0015160038552676348681931780056
0.0015097701059765160193551821953
0.0015097701059765160193551821953
0.0015035250600711871771590243128
0.0015035250600711871771590243128
0.0014972687642792090807126804068
0.0014972687642792090807126804068
0.0014910012654123179533222491915
0.0014910012654123179533222491915
0.001484722610366075241142821422
0.001484722610366075241142821422
0.0014784328461195167246207438286
0.0014784328461195167246207438286
0.0014721320197348010053527568679
0.0014721320197348010053527568679
0.0014658201783568573709921594499
0.0014658201783568573709921594499
0.0014594973692130330408368080576
0.0014594973692130330408368080576
0.0014531636396127397947383922446
0.0014531636396127397947383922446
0.0014468190369470999879770433544
0.0014468190369470999879770433544
0.0014404636086885919547499284141
0.0014404636086885919547499284141
0.0014340974023906948029270564804
0.0014340974023906948029270564804
0.0014277204656875326027320802367
0.0014277204656875326027320802367
0.0014213328462935179720104113064
0.0014213328462935179720104113064
0.0014149345920029950607514835497
0.0014149345920029950607514835497
0.0014085257506898819375364944984
0.0014085257506898819375364944984
0.0014021063703073123805874310393
0.0014021063703073123805874310393
0.0013956764988872770760976414408
0.0013956764988872770760976414408
0.0013892361845402642265286518089
0.0013892361845402642265286518089
0.0013827854754548995715623410197
0.0013827854754548995715623410197
0.0013763244198975858244019840812
0.0013763244198975858244019840812
0.0013698530662121415261200496996
0.0013698530662121415261200496996
0.0013633714628194393207549935315
0.0013633714628194393207549935315
0.0013568796582170436538636241711
0.0013568796582170436538636241711
0.001350377700978847897239934317
0.001350377700978847897239934317
0.0013438656397547109025155847691
0.0013438656397547109025155847691
0.0013373435232700929863615038789
0.0013373435232700929863615038789
0.001330811400325691350014319816
0.001330811400325691350014319816
0.0013242693197970749358555774644
0.0013242693197970749358555774644
0.0013177173306343187237759059261
0.0013177173306343187237759059261
0.0013111554818616374700604964469
0.0013111554818616374700604964469
0.0013045838225770188915364240686
0.0013045838225770188915364240686
0.0012980024019518562977264994393
0.0012980024019518562977264994393
0.0012914112692305806737584699434
0.0012914112692305806737584699434
0.0012848104737302922167825016395
0.0012848104737302922167825016395
0.0012782000648403913286539653826
0.0012782000648403913286539653826
0.001271580092022209067642621949
0.001271580092022209067642621949
0.0012649506048086370619333519554
0.0012649506048086370619333519554
0.0012583116528037568876876068489
0.0012583116528037568876876068489
0.0012516632856824689144387672302
0.0012516632856824689144387672302
0.0012450055531901206205985842397
0.0012450055531901206205985842397
0.0012383385051421343818558486744
0.0012383385051421343818558486744
0.0012316621914236347352523809003
0.0012316621914236347352523809003
0.0012249766619890751217253624662
0.0012249766619890751217253624662
0.0012182819668618641099089376102
0.0012182819668618641099089376102
0.0012115781561339911039918995584
0.0012115781561339911039918995584
0.0012048652799656515384321426597
0.0012048652799656515384321426597
0.0011981433885848715623324069578
0.0011981433885848715623324069578
0.001191412532287132216285666789
0.001191412532287132216285666789
0.0011846727614349931045023193975
0.0011846727614349931045023193975
0.0011779241264577155650351133969
0.0011779241264577155650351133969
0.0011711666778508853409215201706
0.0011711666778508853409215201706
0.0011644004661760347550669940163
0.0011644004661760347550669940163
0.0011576255420602643916962890052
0.0011576255420602643916962890052
0.0011508419561958642872037021647
0.0011508419561958642872037021647
0.0011440497593399346332367937267
0.0011440497593399346332367937267
0.0011372490023140059948517958299
0.0011372490023140059948517958299
0.0011304397360036590465825612609
0.0011304397360036590465825612609
0.0011236220113581438292685235925
0.0011236220113581438292685235925
0.0011167958793899985304907394701
0.0011167958793899985304907394701
0.0011099613911746677914686628557
0.0011099613911746677914686628557
0.0011031185978501205432738598105
0.0011031185978501205432738598105
0.0010962675506164673752204109419
0.0010962675506164673752204109419
0.0010894083007355774382952670289
0.0010894083007355774382952670289
0.0010825408995306948864953216346
0.0010825408995306948864953216346
0.0010756653983860548589414428115
0.0010756653983860548589414428115
0.0010687818487464990056431643912
0.0010687818487464990056431643912
0.0010618903021170905597911759241
0.0010618903021170905597911759241
0.0010549908100627289594581692266
0.0010549908100627289594581692266
0.0010480834242077640215919988131
0.0010480834242077640215919988131
0.0010411681962356096711884934022
0.0010411681962356096711884934022
0.0010342451778883572285346163256
0.0010342451778883572285346163256
0.001027314420966388257416014235
0.001027314420966388257416014235
0.0010203759773279869771863161716
0.0010203759773279869771863161716
0.0010134298988889522415988490632
0.0010134298988889522415988490632
0.0010064762376222090873047212759
0.0010064762376222090873047212759
0.0009995150455574198549244932471
0.0009995150455574198549244932471
0.0009925463747805948856039037354
0.0009925463747805948856039037354
0.0009855702774337027959673521927
0.0009855702774337027959673521927
0.0009785868057142803343860525227
0.0009785868057142803343860525227
0.0009715960118750418214809714559
0.0009715960118750418214809714559
0.0009645979482234881777838463669
0.0009645979482234881777838463669
0.0009575926671215155414827430758
0.0009575926671215155414827430758
0.0009505802209850234791817645421
0.0009505802209850234791817645421
0.0009435606622835227926076569728
0.0009435606622835227926076569728
0.0009365340435397429241991813732
0.0009365340435397429241991813732
0.0009295004173292389645182267037
0.0009295004173292389645182267037
0.0009224598362799982644247363633
0.0009224598362799982644247363633
0.0009154123530720466549606035932
0.0009154123530720466549606035932
0.0009083580204370542778907645694
0.0009083580204370542778907645694
0.0009012968911579410298527815223
0.0009012968911579410298527815223
0.0008942290180684816230692634019
0.0008942290180684816230692634019
0.0008871544540529102655805197451
0.0008871544540529102655805197451
0.0008800732520455249639578859969
0.0008800732520455249639578859969
0.0008729854650302914514611972552
0.0008729854650302914514611972552
0.0008658911460404467446069241095
0.0008658911460404467446069241095
0.0008587903481581023311165209839
0.0008587903481581023311165209839
0.0008516831245138469922175764834
0.0008516831245138469922175764834
0.0008445695282863492622733992466
0.0008445695282863492622733992466
0.0008374496127019595287197245903
0.0008374496127019595287197245903
0.0008303234310343117752902899965
0.0008303234310343117752902899965
0.0008231910366039249715161048213
0.0008231910366039249715161048213
0.000816052482777804111486335502
0.000816052482777804111486335502
0.0008089078229690409048618464956
0.0008089078229690409048618464956
0.000801757110636414123135584227
0.000801757110636414123135584227
0.0007946003992839896041371721065
0.0007946003992839896041371721065
0.0007874377424607199177823055454
0.0007874377424607199177823055454
0.0007802691937600436960708039721
0.0007802691937600436960708039721
0.0007730948068194846303405001784
0.0007730948068194846303405001784
0.0007659146353202501387875349414
0.0007659146353202501387875349414
0.000758728732986829707267086979
0.000758728732986829707267086979
0.0007515371535865929063921164362
0.0007515371535865929063921164362
0.0007443399509293870879513472864
0.0007443399509293870879513472864
0.0007371371788671347636714750223
0.0007371371788671347636714750223
0.0007299288912934306693524775012
0.0007299288912934306693524775012
0.000722715142143138517408947771
0.000722715142143138517408947771
0.0007154959853919874408545796515
0.0007154959853919874408545796515
0.0007082714750561681317713442784
0.0007082714750561681317713442784
0.000701041665191928677309526613
0.000701041665191928677309526613
0.0006938066098951700962696768736
0.0006938066098951700962696768736
0.0006865663633010415793227092475
0.0006865663633010415793227092475
0.0006793209795835354359298906031
0.0006793209795835354359298906031
0.000672070512955081751030352737
0.000672070512955081751030352737
0.0006648150176661427545700874356
0.0006648150176661427545700874356
0.0006575545480048069069532068368
0.0006575545480048069069532068368
0.0006502891582963827035036441465
0.0006502891582963827035036441465
0.0006430189029029922010335145077
0.0006430189029029922010335145077
0.0006357438362231642696231482222
0.0006357438362231642696231482222
0.0006284640126914275727274589214
0.0006284640126914275727274589214
0.0006211794867779032787339453039
0.0006211794867779032787339453039
0.0006138903129878975071093946442
0.0006138903129878975071093946442
0.0006065965458614935122854311624
0.0006065965458614935122854311624
0.0005992982399731436084476322538
0.0005992982399731436084476322538
0.0005919954499312608384092531792
0.0005919954499312608384092531792
0.000584688230377810389768927674
0.000584688230377810389768927674
0.0005773766359879007615723655671
0.0005773766359879007615723655671
0.0005700607214693746847214209093
0.0005700607214693746847214209093
0.000562740541562399799400391933
0.000562740541562399799400391933
0.0005554161510390590928195509737
0.0005554161510390590928195509737
0.0005480876047029411006102935516
0.0005480876047029411006102935516
0.0005407549573887298752456560182
0.0005407549573887298752456560182
0.0005334182639617947249051266524
0.0005334182639617947249051266524
0.000526077579317779726254669573
0.000526077579317779726254669573
0.0005187329583821930146728877049
0.0005187329583821930146728877049
0.0005113844561099958555236925027
0.0005113844561099958555236925027
0.0005040321274851915001564231542
0.0005040321274851915001564231542
0.000496676027520413830408101189
0.000496676027520413830408101189
0.0004893162112565157954918605607
0.0004893162112565157954918605607
0.0004819527337621576452834988418
0.0004819527337621576452834988418
0.0004745856501333949641681012842
0.0004745856501333949641681012842
0.0004672150154932665097850917749
0.0004672150154932665097850917749
0.0004598408849913818612180771408
0.0004598408849913818612180771408
0.0004524633138035088814218211239
0.0004524633138035088814218211239
0.0004450823571311609989703620518
0.0004450823571311609989703620518
0.0004376980702011843145571670259
0.0004376980702011843145571670259
0.0004303105082653445380919609178
0.0004303105082653445380919609178
0.0004229197265999137627338633873
0.0004229197265999137627338633873
0.0004155257805052570827945054432
0.0004155257805052570827945054432
0.0004081287253054190631599712047
0.0004081287253054190631599712047
0.0004007286163477100687442507884
0.0004007286163477100687442507884
0.0003933255090022924635338338898
0.0003933255090022924635338338898
0.0003859194586617666900563675239
0.0003859194586617666900563675239
0.0003785105207407572416604774984
0.0003785105207407572416604774984
0.0003710987506754985418979644399
0.0003710987506754985418979644399
0.0003636842039234207476414561964
0.0003636842039234207476414561964
0.0003562669359627354954624376991
0.0003562669359627354954624376991
0.000348847002292021614380428172
0.000348847002292021614380428172
0.000341424458429810832559749044
0.000341424458429810832559749044
0.0003339993599141735111167556643
0.0003339993599141735111167556643
0.0003265717623023044452216546911
0.0003265717623023044452216546911
0.000319141721170108781546763782
0.000319141721170108781546763782
0.0003117092921117881123700233662
0.0003117092921117881123700233662
0.0003042745307394268210085981173
0.0003042745307394268210085981173
0.0002968374926825787716933318201
0.0002968374926825787716933318201
0.0002893982335878544607915803976
0.0002893982335878544607915803976
0.000281956809118508777190026822
0.000281956809118508777190026822
0.0002745132749540295600404189047
0.0002745132749540295600404189047
0.0002670676867897271952176405708
0.0002670676867897271952176405708
0.0002596201003363255622641534508
0.0002596201003363255622641534508
0.0002521705713195547376106453218
0.0002521705713195547376106453218
0.0002447191554797459863593297537
0.0002447191554797459863593297537
0.000237265908571429746528909043
0.000237265908571429746528909043
0.0002298108863629375445253119786
0.0002298108863629375445253119786
0.0002223541446360091050260706845
0.0002223541446360091050260706845
0.0002148957391854063710281021225
0.0002148957391854063710281021225
0.0002074357258185367877554740004
0.0002074357258185367877554740004
0.0001999741603550891134686912076
0.0001999741603550891134686912076
0.0001925110986266863319257286387
0.0001925110986266863319257286387
0.0001850465964765621575828487231
0.0001850465964765621575828487231
0.0001775807097592704627626681464
0.0001775807097592704627626681464
0.0001701134943404412215089406326
0.0001701134943404412215089406326
0.0001626450060966030778022219342
0.0001626450060966030778022219342
0.0001551753009151027621200211984
0.0001551753009151027621200211984
0.000147704434694167588265517474
0.000147704434694167588265517474
0.000140232463343183111054127667
0.000140232463343183111054127667
0.000132759442783300698363223742
0.000132759442783300698363223742
0.000125285428948561952090436782
0.000125285428948561952090436782
0.000117810477787852326169209086
0.000117810477787852326169209086
0.000110334645268220778013121647
0.000110334645268220778013121647
0.000102857987380517696080337015
0.000102857987380517696080337015
0.000095380560149101287903537275
0.000095380560149101287903537275
0.000087902419648961577237784042
0.000087902419648961577237784042
0.000080423622036973940789606686
0.000080423622036973940789606686
0.000072944223611472339006316552
0.000072944223611472339006316552
0.000065464280932083843594130388
0.000065464280932083843594130388
0.00005798385107729474737813182
0.00005798385107729474737813182
0.000050502992245436101447637968
0.000050502992245436101447637968
0.000043021765310108557973254576
0.000043021765310108557973254576
0.000035540238425722872088745807
0.000035540238425722872088745807
0.000028058503391274577303948318
0.000028058503391274577303948318
0.000020576751297437051323664479
0.000020576751297437051323664479
0.00001309580597449674846822185
0.00001309580597449674846822185
5.62582375343091253916057e-6
5.62582375343091253916057e-6