0
-0.01063123172814437
0.01063123172814437
-0.02126126184425538
0.02126126184425538
-0.03188888887211382
0.03188888887211382
-0.04251291160711338
0.04251291160711338
-0.05313212925202872
0.05313212925202872
-0.06374534155273754
0.06374534155273754
-0.07435134893388121
0.07435134893388121
-0.08494895263444869
0.08494895263444869
-0.09553695484326844
0.09553695484326844
-0.1061141588343929
0.1061141588343929
-0.1166793691023605
0.1166793691023605
-0.1272313914973194
0.1272313914973194
-0.1377690333599983
0.1377690333599983
-0.1482911036565086
0.1482911036565086
-0.1587964131129631
0.1587964131129631
-0.1692837743498953
0.1692837743498953
-0.1797520020164651
0.1797520020164651
-0.1901999129244349
0.1901999129244349
-0.2006263261819014
0.2006263261819014
-0.2110300633267678
0.2110300633267678
-0.2214099484599412
0.2214099484599412
-0.2317648083782406
0.2317648083782406
-0.2420934727070002
0.2420934727070002
-0.2523947740323528
0.2523947740323528
-0.2626675480331785
0.2626675480331785
-0.272910633612704
0.272910633612704
-0.2831228730297376
0.2831228730297376
-0.2933031120295247
0.2933031120295247
-0.3034501999742089
0.3034501999742089
-0.3135629899728855
0.3135629899728855
-0.3236403390112299
0.3236403390112299
-0.3336811080806889
0.3336811080806889
-0.3436841623072192
0.3436841623072192
-0.3536483710795582
0.3536483710795582
-0.3635726081770129
0.3635726081770129
-0.3734557518967531
0.3734557518967531
-0.3832966851805938
0.3832966851805938
-0.3930942957412521
0.3930942957412521
-0.4028474761880655
0.4028474761880655
-0.4125551241521563
0.4125551241521563
-0.422216142411029
0.422216142411029
-0.4318294390125853
0.4318294390125853
-0.4413939273985438
0.4413939273985438
-0.45090852652725
0.45090852652725
-0.460372160995863
0.460372160995863
-0.4697837611619042
0.4697837611619042
-0.4791422632641556
0.4791422632641556
-0.4884466095428934
0.4884466095428934
-0.4976957483594425
0.4976957483594425
-0.5068886343150396
0.5068886343150396
-0.5160242283689919
0.5160242283689919
-0.5251014979561153
0.5251014979561153
-0.5341194171034423
0.5341194171034423
-0.5430769665461844
0.5430769665461844
-0.5519731338429356
0.5519731338429356
-0.5608069134901057
0.5608069134901057
-0.5695773070355686
0.5695773070355686
-0.5782833231915143
0.5782833231915143
-0.5869239779464905
0.5869239779464905
-0.5954982946766222
0.5954982946766222
-0.6040053042559963
0.6040053042559963
-0.6124440451661983
0.6124440451661983
-0.6208135636049898
0.6208135636049898
-0.6291129135941134
0.6291129135941134
-0.6373411570862132
0.6373411570862132
-0.6454973640708596
0.6454973640708596
-0.6535806126796647
0.6535806126796647
-0.6615899892904784
0.6615899892904784
-0.6695245886306515
0.6695245886306515
-0.6773835138793563
0.6773835138793563
-0.6851658767689505
0.6851658767689505
-0.6928707976853754
0.6928707976853754
-0.700497405767576
0.700497405767576
-0.7080448390059309
0.7080448390059309
-0.7155122443396827
0.7155122443396827
-0.7228987777533562
0.7228987777533562
-0.7302036043721554
0.7302036043721554
-0.7374258985563255
0.7374258985563255
-0.7445648439944731
0.7445648439944731
-0.7516196337958304
0.7516196337958304
-0.7585894705814558
0.7585894705814558
-0.765473566574359
0.765473566574359
-0.7722711436885401
0.7722711436885401
-0.7789814336169349
0.7789814336169349
-0.7856036779182535
0.7856036779182535
-0.7921371281027044
0.7921371281027044
-0.7985810457165941
0.7985810457165941
-0.8049347024257916
0.8049347024257916
-0.8111973800980499
0.8111973800980499
-0.8173683708841739
0.8173683708841739
-0.8234469772980261
0.8234469772980261
-0.8294325122953616
0.8294325122953616
-0.8353242993514818
0.8353242993514818
-0.8411216725377001
0.8411216725377001
-0.8468239765966094
0.8468239765966094
-0.852430567016144
0.852430567016144
-0.8579408101024263
0.8579408101024263
-0.863354083051391
0.863354083051391
-0.8686697740191794
0.8686697740191794
-0.873887282191293
0.873887282191293
-0.8790060178505025
0.8790060178505025
-0.8840254024435013
0.8840254024435013
-0.8889448686462974
0.8889448686462974
-0.8937638604283365
0.8937638604283365
-0.8984818331153482
0.8984818331153482
-0.903098253450909
0.903098253450909
-0.9076125996567147
0.9076125996567147
-0.9120243614915554
0.9120243614915554
-0.9163330403089865
0.9163330403089865
-0.9205381491136897
0.9205381491136897
-0.9246392126165168
0.9246392126165168
-0.9286357672882101
0.9286357672882101
-0.9325273614117948
0.9325273614117948
-0.9363135551336352
0.9363135551336352
-0.9399939205131514
0.9399939205131514
-0.9435680415711883
0.9435680415711883
-0.9470355143370345
0.9470355143370345
-0.9503959468940828
0.9503959468940828
-0.9536489594241296
0.9536489594241296
-0.9567941842503073
0.9567941842503073
-0.9598312658786445
0.9598312658786445
-0.9627598610382509
0.9627598610382509
-0.9655796387201215
0.9655796387201215
-0.9682902802145567
0.9682902802145567
-0.9708914791471943
0.9708914791471943
-0.9733829415136504
0.9733829415136504
-0.9757643857127672
0.9757643857127672
-0.9780355425784635
0.9780355425784635
-0.9801961554101904
0.9801961554101904
-0.982245980001989
0.982245980001989
-0.9841847846701568
0.9841847846701568
-0.9860123502795262
0.9860123502795262
-0.9877284702683712
0.9877284702683712
-0.9893329506719649
0.9893329506719649
-0.9908256101448324
0.9908256101448324
-0.9922062799817812
0.9922062799817812
-0.9934748041378626
0.9934748041378626
-0.9946310392475698
0.9946310392475698
-0.9956748546439047
0.9956748546439047
-0.9966061323787203
0.9966061323787203
-0.9974247672477097
0.9974247672477097
-0.9981306668289788
0.9981306668289788
-0.9987237515620995
0.9987237515620995
-0.9992039549633966
0.9992039549633966
-0.9995712244097186
0.9995712244097186
-0.9998255253095868
0.9998255253095868
-0.9999668854101669
0.9999668854101669