-0.00151256191215939551182006643142
0.00151256191215939551182006643142
-0.00453767189445499092892422385191
0.00453767189445499092892422385191
-0.00756274035080767308907484964386
0.00756274035080767308907484964386
-0.0105877395976777438705801360268
0.0105877395976777438705801360268
-0.0136126419521588671688436788813
0.0136126419521588671688436788813
-0.0166374197322314055885999975473
0.0166374197322314055885999975473
-0.0196620452570157490216365247653
0.0196620452570157490216365247653
-0.0226864908470256327916969313271
0.0226864908470256327916969313271
-0.0257107288244214430483561246504
0.0257107288244214430483561246504
-0.0287347315132635070917739499548
0.0287347315132635070917739499548
-0.0317584712397653663103725259095
0.0317584712397653663103725259095
-0.0347819203325470294136412623078
0.0347819203325470294136412623078
-0.0378050511228882036424539340223
0.0378050511228882036424539340223
-0.0408278359449815016394837215684
0.0408278359449815016394837215684
-0.0438502471361856216625248722075
0.0438502471361856216625248722075
-0.0468722570372784988237735846152
0.0468722570372784988237735846152
-0.0498938379927104250383858724865
0.0498938379927104250383858724865
-0.0529149623508571353659165156351
0.0529149623508571353659165156351
-0.0559356024642728584285507585327
0.0559356024642728584285507585327
-0.0589557306899433285903691630233
0.0589557306899433285903691630233
-0.0619753193895387575822359611223
0.0619753193895387575822359611223
-0.0649943409296667632572723821695
0.0649943409296667632572723821695
-0.0680127676821252531622687427559
0.0680127676821252531622687427559
-0.0710305720241552606108025841889
0.0710305720241552606108025841889
-0.0740477263386937309442648170254
0.0740477263386937309442648170254
-0.0770642030146262556674516813965
0.0770642030146262556674516813965
-0.0800799744470397521458573513167
0.0800799744470397521458573513167
-0.0830950130374750865523001965259
0.0830950130374750865523001965259
-0.0861092911941796377510350621231
0.0861092911941796377510350621231
-0.0891227813323597998080444295362
0.0891227813323597998080444295362
-0.0921354558744334208167629773078
0.0921354558744334208167629773078
-0.0951472872502821757290728616088
0.0951472872502821757290728616088
-0.0981582478975038708820109789954
0.0981582478975038708820109789954
-0.101168310261664677911254552166
0.101168310261664677911254552166
-0.10417744679655129474309758764
0.10417744679655129474309758764
-0.107185629964423031357298086449
0.107185629964423031357298086449
-0.110192832236263818013864339004
0.110192832236263818013864339004
-0.113199026092034133637558196977
0.113199026092034133637558196977
-0.116204184020922852054623881799
0.116204184020922852054623881799
-0.119208278521599003777002654585
0.119208278521599003777002654585
-0.122211282102463451030066529041
0.122211282102463451030066529041
-0.125213167281900473720698150083
0.125213167281900473720698150083
-0.128213906588529264043358979344
0.128213906588529264043358979344
-0.131213472561455327422624016851
0.131213472561455327422624016851
-0.134211837750521787491518438441
0.134211837750521787491518438441
-0.137208974716560592805869732926
0.137208974716560592805869732926
-0.14020485603164362299578817377
0.14020485603164362299578817377
-0.143199454279333692056308748655
0.143199454279333692056308748655
-0.14619274205493544648016898863
0.14619274205493544648016898863
-0.149184691965746155936659477664
0.149184691965746155936659477664
-0.152175276631306394201467174767
0.152175276631306394201467174767
-0.155164468683650608043436035333
0.155164468683650608043436035333
-0.158152240767557571775194766717
0.158152240767557571775194766717
-0.1611385655408007251756478861
0.1611385655408007251756478861
-0.164123415674398392493393556609
0.164123415674398392493393556609
-0.167106763852863880241219950878
0.167106763852863880241219950878
-0.170088582774455451492941119683
0.170088582774455451492941119683
-0.17306884515142617439496351685
0.17306884515142617439496351685
-0.176047523710273642606125439951
0.176047523710273642606125439951
-0.179024591191989565380523678915
0.179024591191989565380523678915
-0.1820000203523092250092346107
0.1820000203523092250092346107
-0.184973783961960799338050826908
0.184973783961960799338050826908
-0.187945854806914547079589121324
0.187945854806914547079589121324
-0.190916205688631853639381284742
0.190916205688631853639381284742
-0.193884809424314135176835643448
0.193884809424314135176835643448
-0.196851638847151598623254623786
0.196851638847151598623254623786
-0.199816666806571855380411816428
0.199816666806571855380411816428
-0.202779866168488386424531038211
0.202779866168488386424531038211
-0.205741209815548856541869734502
0.205741209815548856541869734502
-0.208700670647383275423489718518
0.208700670647383275423489718518
-0.211658221580852003348199693221
0.211658221580852003348199693221
-0.214613835550293599184076233548
0.214613835550293599184076233548
-0.217567485507772508440412908742
0.217567485507772508440412908742
-0.220519144423326589103410983301
0.220519144423326589103410983301
-0.22346878528521447299040963706
0.22346878528521447299040963706
-0.226416381100162760358958876686
0.226416381100162760358958876686
-0.229361904893613045508564258532
0.229361904893613045508564258532
-0.232305329709968771114479192469
0.232305329709968771114479192469
-0.235246628612841909034487933805
0.235246628612841909034487933805
-0.238185774685299465331210381327
0.238185774685299465331210381327
-0.241122741030109807254068469479
0.241122741030109807254068469479
-0.244057500769988809926683256751
0.244057500769988809926683256751
-0.24699002704784582048712175587
0.24699002704784582048712175587
-0.249920293027029437430083109014
0.249920293027029437430083109014
-0.252848271891573102901804867879
0.252848271891573102901804867879
-0.255773936846440505700181878487
0.255773936846440505700181878487
-0.258697261117770792734322578439
0.258697261117770792734322578439
-0.261618217953123586699520374101
0.261618217953123586699520374101
-0.264536780621723807725391160876
0.264536780621723807725391160876
-0.26745292241470629675672196503
0.26745292241470629675672196503
-0.270366616645360238428390104121
0.270366616645360238428390104121
-0.273277836649373381197547168298
0.273277836649373381197547168298
-0.276186555785076052498117499802
0.276186555785076052498117499802
-0.279092747433684966684536675939
0.279092747433684966684536675939
-0.281996384999546823533551764443
0.281996384999546823533551764443
-0.284897441910381695074821802144
0.284897441910381695074821802144
-0.28779589161752619852299403065
0.28779589161752619852299403065
-0.290691707596176453085888888679
0.290691707596176453085888888679
-0.293584863345630818425404591682
0.293584863345630818425404591682
-0.296475332389532412549750307612
0.296475332389532412549750307612
-0.299363088276111406917635444524
0.299363088276111406917635444524
-0.302248104578427096537081383007
0.302248104578427096537081383007
-0.305130354894609742843581095278
0.305130354894609742843581095278
-0.308009812848102187144411474499
0.308009812848102187144411474499
-0.31088645208790123241800283334
0.31088645208790123241800283334
-0.313760246288798791259389900883
0.313760246288798791259389900883
-0.316631169151622797764908732151
0.316631169151622797764908732151
-0.319499194403477881151464225375
0.319499194403477881151464225375
-0.322364295797985798907873398702
0.322364295797985798907873398702
-0.325226447115525627277990190533
0.325226447115525627277990190533
-0.328085622163473706877538295872
0.328085622163473706877538295872
-0.330941794776443341248819414667
0.330941794776443341248819414667
-0.333794938816524246159725246582
0.333794938816524246159725246582
-0.33664502817352174745576259936
0.33664502817352174745576259936
-0.339492036765195725276102063914
0.339492036765195725276102063914
-0.342335938537499302446981827571
0.342335938537499302446981827571
-0.345176707464817274868139326216
0.345176707464817274868139326216
-0.348014317550204281710304554936
0.348014317550204281710304554936
-0.350848742825622713244169943731
0.350848742825622713244169943731
-0.353679957352180354123652737902
0.353679957352180354123652737902
-0.356507935220367759948686780091
0.356507935220367759948686780091
-0.359332650550295364935221450348
0.359332650550295364935221450348
-0.362154077491930318522566259748
0.362154077491930318522566259748
-0.364972190225333048750700189454
0.364972190225333048750700189454
-0.367786962960893550242665298002
0.367786962960893550242665298002
-0.370598369939567394629684362104
0.370598369939567394629684362104
-0.37340638543311146125918234738
0.37340638543311146125918234738
-0.37621098374431938602845130183
0.37621098374431938602845130183
-0.379012139207256726189277803195
0.379012139207256726189277803195
-0.381809826187495838971451347981
0.381809826187495838971451347981
-0.384604019082350471875691021048
0.384604019082350471875691021048
-0.387394692321110062489166406343
0.387394692321110062489166406343
-0.390181820365273745679446967407
0.390181820365273745679446967407
-0.392965377708784066025392016466
0.392965377708784066025392016466
-0.395745338878260393346190878568
0.395745338878260393346190878568
-0.398521678433232039192479917841
0.398521678433232039192479917841
-0.401294370966371072166199701505
0.401294370966371072166199701505
-0.404063391103724829938611708871
0.404063391103724829938611708871
-0.4068287135049481258386696218
0.4068287135049481258386696218
-0.409590312863535147886735334812
0.409590312863535147886735334812
-0.412348163907051048151444371377
0.412348163907051048151444371377
-0.415102241397363220310359362413
0.415102241397363220310359362413
-0.417852520130872263297903607439
0.417852520130872263297903607439
-0.420598974938742628926939472356
0.420598974938742628926939472356
-0.423341580687132951373248453903
0.423341580687132951373248453903
-0.426080312277426056415081133218
0.426080312277426056415081133218
-0.428815144646458648322875922786
0.428815144646458648322875922786
-0.431546052766750672297195455747
0.431546052766750672297195455747
-0.434273011646734350355898646889
0.434273011646734350355898646889
-0.436995996330982888574554843628
0.436995996330982888574554843628
-0.439714981900438853587114055475
0.439714981900438853587114055475
-0.442429943472642216256873974374
0.442429943472642216256873974374
-0.445140856201958060430830348209
0.445140856201958060430830348209
-0.447847695279803954693562217786
0.447847695279803954693562217786
-0.450550435934876985039887545749
0.450550435934876985039887545749
-0.453249053433380446388627825826
0.453249053433380446388627825826
-0.455943523079250190862942334257
0.455943523079250190862942334257
-0.458633820214380630765833743594
0.458633820214380630765833743594
-0.461319920218850394182586833524
0.461319920218850394182586833524
-0.464001798511147631145080975074
0.464001798511147631145080975074
-0.46667943054839496829611490441
0.46667943054839496829611490441
-0.469352791826574109995099011133
0.469352791826574109995099011133
-0.472021857880750083809705914157
0.472021857880750083809705914157
-0.474686604285295128341324456189
0.474686604285295128341324456189
-0.477347006654112221335435385872
0.477347006654112221335435385872
-0.480003040640858246031318884766
0.480003040640858246031318884766
-0.482654681939166793708814704375
0.482654681939166793708814704375
-0.485301906282870600393184976215
0.485301906282870600393184976215
-0.48794468944622361568247771482
0.48794468944622361568247771482
-0.490583007244122701665155619101
0.490583007244122701665155619101
-0.493216835532328959899139960726
0.493216835532328959899139960726
-0.495846150207688684426823098215
0.495846150207688684426823098215
-0.49847092720835393880402544109
0.49847092720835393880402544109
-0.501091142514002755124313478403
0.501091142514002755124313478403
-0.50370677214605895302355474871
0.50370677214605895302355474871
-0.506317792167911576653063332536
0.506317792167911576653063332536
-0.508924178685133947613185561622
0.508924178685133947613185561622
-0.511525907845702331842690129882
0.511525907845702331842690129882
-0.514122955840214218462859626798
0.514122955840214218462859626798
-0.51671529890210620857873166261
0.51671529890210620857873166261
-0.519302913307871512043507183679
0.519302913307871512043507183679
-0.521885775377277050195731253081
0.521885775377277050195731253081
-0.524463861473580162582457463019
0.524463861473580162582457463019
-0.527037148003744915685231219057
0.527037148003744915685231219057
-0.529605611418658011669369358245
0.529605611418658011669369358245
-0.532169228213344295180673900668
0.532169228213344295180673900668
-0.53472797492718185621739615326
0.53472797492718185621739615326
-0.537281828144116727108963852215
0.537281828144116727108963852215
-0.539830764492877171636698512225
0.539830764492877171636698512225
-0.542374760647187564335482613038
0.542374760647187564335482613038
-0.544913793325981858019086662297
0.544913793325981858019086662297
-0.54744783929361663757563449402
0.54744783929361663757563449402
-0.549976875360083758083471359874
0.549976875360083758083471359874
-0.552500878381222565301503410973
0.552500878381222565301503410973
-0.55501982525893169659189901645
0.55501982525893169659189901645
-0.557533692941380460336881986552
0.557533692941380460336881986552
-0.560042458423219791915204127373
0.560042458423219791915204127373
-0.562546098745792784307759616209
0.562546098745792784307759616209
-0.565044590997344791405696415515
0.565044590997344791405696415515
-0.567537912313233102098290303846
0.567537912313233102098290303846
-0.570026039876136183221775058297
0.570026039876136183221775058297
-0.572508950916262489454267838749
0.572508950916262489454267838749
-0.574986622711558838245891863723
0.574986622711558838245891863723
-0.577459032587918347877178994395
0.577459032587918347877178994395
-0.579926157919387936742832821085
0.579926157919387936742832821085
-0.582387976128375381961948238587
0.582387976128375381961948238587
-0.584844464685855935419816266367
0.584844464685855935419816266367
-0.587295601111578495350492980005
0.587295601111578495350492980005
-0.589741362974271331573378834211
0.589741362974271331573378834211
-0.592181727891847362501139338142
0.592181727891847362501139338142
-0.594616673531608982040399953121
0.594616673531608982040399953121
-0.597046177610452434510767183742
0.597046177610452434510767183742
-0.599470217895071735711864088012
0.599470217895071735711864088012
-0.601888772202162138272221802779
0.601888772202162138272221802779
-0.604301818398623139418039129228
0.604301818398623139418039129228
-0.606709334401761029304009711521
0.606709334401761029304009711521
-0.609111298179490978052620831394
0.609111298179490978052620831394
-0.611507687750538659652549294213
0.611507687750538659652549294213
-0.613898481184641410871018259037
0.613898481184641410871018259037
-0.616283656602748923339234127817
0.616283656602748923339234127817
-0.618663192177223466974294718046
0.618663192177223466974294718046
-0.621037066132039642905248859865
0.621037066132039642905248859865
-0.623405256742983664075293243608
0.623405256742983664075293243608
-0.625767742337852161696414757573
0.625767742337852161696414757573
-0.62812450129665051573712565895
0.62812450129665051573712565895
-0.630475512051790707628294673532
0.630475512051790707628294673532
-0.632820753088288693376449482312
0.632820753088288693376449482312
-0.63516020294396129527831498524
0.63516020294396129527831498524
-0.637493840209622610434757194152
0.637493840209622610434757194152
-0.639821643529279934266724557859
0.639821643529279934266724557859
-0.642143591600329197240216922141
0.642143591600329197240216922141
-0.644459663173749913011767135333
0.644459663173749913011767135333
-0.646769837054299636210391485445
0.646769837054299636210391485445
-0.649074092100707928076452656613
0.649074092100707928076452656613
-0.651372407225869828182382679823
0.651372407225869828182382679823
-0.653664761397038830464733384268
0.653664761397038830464733384268
-0.655951133636019361801558089926
0.655951133636019361801558089926
-0.658231503019358761373680677464
0.658231503019358761373680677464
-0.660505848678538759052976686826
0.660505848678538759052976686826
-0.662774149800166451065375688869
0.662774149800166451065375688869
-0.665036385626164771180894803413
0.665036385626164771180894803413
-0.667292535453962455687629859788
0.667292535453962455687629859788
-0.669542578636683500411263270305
0.669542578636683500411263270305
-0.671786494583336108046296170493
0.671786494583336108046296170493
-0.674024262759001124069876730078
0.674024262759001124069876730078
-0.676255862685019959513776712645
0.676255862685019959513776712645
-0.678481273939181998874764317074
0.678481273939181998874764317074
-0.680700476155911491448333027091
0.680700476155911491448333027091
-0.682913449026453924375473583523
0.682913449026453924375473583523
-0.685120172299061875696919233895
0.685120172299061875696919233895
-0.687320625779180345714053062359
0.687320625779180345714053062359
-0.689514789329631564960440416132
0.689514789329631564960440416132
-0.691702642870799277092739178923
0.691702642870799277092739178923
-0.693884166380812495014545853377
0.693884166380812495014545853377
-0.696059339895728728551556059489
0.696059339895728728551556059489
-0.698228143509716682001254090009
0.698228143509716682001254090009
-0.700390557375238419885197542892
0.700390557375238419885197542892
-0.702546561703230999236829730438
0.702546561703230999236829730438
-0.704696136763287566762634500354
0.704696136763287566762634500354
-0.706839262883837919219345250924
0.706839262883837919219345250924
-0.708975920452328525354832235908
0.708975920452328525354832235908
-0.71110608991540200776521968988
0.71110608991540200776521968988
-0.713229751779076083025726816179
0.713229751779076083025726816179
-0.715346886608921958457684222499
0.715346886608921958457684222499
-0.717457475030242183899149917765
0.717457475030242183899149917765
-0.719561497728247956851536453037
0.719561497728247956851536453037
-0.721658935448235879379663153001
0.721658935448235879379663153001
-0.723749768995764165147664597383
0.723749768995764165147664597383
-0.725833979236828294978218527487
0.725833979236828294978218527487
-0.727911547098036119327603125949
0.727911547098036119327603125949
-0.729982453566782406074155101477
0.729982453566782406074155101477
-0.732046679691422832022776158624
0.732046679691422832022776158624
-0.734104206581447416533226198906
0.734104206581447416533226198906
-0.736155015407653395685046937415
0.736155015407653395685046937415
-0.738199087402317535397079481613
0.738199087402317535397079481613
-0.740236403859367881924673759506
0.740236403859367881924673759506
-0.742266946134554948162836455834
0.742266946134554948162836455834
-0.744290695645622334188727270163
0.744290695645622334188727270163
-0.74630763387247678048209080265
0.74630763387247678048209080265
-0.748317742357357652267403154287
0.748317742357357652267403154287
-0.750321002705005853426718351206
0.750321002705005853426718351206
-0.75231739658283216843741991948
0.75231739658283216843741991948
-0.754306905721085030794317299984
0.754306905721085030794317299984
-0.756289511913017716380775254431
0.756289511913017716380775254431
-0.758265197015054960258826925645
0.758265197015054960258826925645
-0.760233942946958995353497729301
0.760233942946958995353497729301
-0.762195731691995011511857722496
0.762195731691995011511857722496
-0.764150545297096033422624468195
0.764150545297096033422624468195
-0.766098365873027215887456645295
0.766098365873027215887456645295
-0.768039175594549554940410693097
0.768039175594549554940410693097
-0.769972956700583013317378577625
0.769972956700583013317378577625
-0.771899691494369058782684276504
0.771899691494369058782684276504
-0.773819362343632613825389750031
0.773819362343632613825389750031
-0.775731951680743415243247949465
0.775731951680743415243247949465
-0.777637442002876782137640760127
0.777637442002876782137640760127
-0.779535815872173790848253637239
0.779535815872173790848253637239
-0.781427055915900855361666017028
0.781427055915900855361666017028
-0.783311144826608711733477324813
0.783311144826608711733477324813
-0.785188065362290805069042505767
0.785188065362290805069042505767
-0.787057800346541077613358423003
0.787057800346541077613358423003
-0.788920332668711156506123151456
0.788920332668711156506123151456
-0.790775645284066939763484094599
0.790775645284066939763484094599
-0.792623721213944579053497914205
0.792623721213944579053497914205
-0.794464543545905857837845440539
0.794464543545905857837845440539
-0.796298095433892963457877971316
0.796298095433892963457877971316
-0.798124360098382651748617621606
0.798124360098382651748617621606
-0.799943320826539802769893603124
0.799943320826539802769893603124
-0.801754960972370366249368438947
0.801754960972370366249368438947
-0.803559263956873695337793107855
0.803559263956873695337793107855
-0.805356213268194267282427909992
0.805356213268194267282427909992
-0.807145792461772789630176401277
0.807145792461772789630176401277
-0.808927985160496690577603006605
0.808927985160496690577603006605
-0.810702775054849992090640839941
0.810702775054849992090640839941
-0.812470145903062564422444781399
0.812470145903062564422444781399
-0.814230081531258760663505935664
0.814230081531258760663505935664
-0.815982565833605429963817170852
0.815982565833605429963817170852
-0.817727582772459308072565460299
0.817727582772459308072565460299
-0.819465116378513783846525169764
0.819465116378513783846525169764
-0.821195150750945040384037197067
0.821195150750945040384037197067
-0.822917670057557569447181928062
0.822917670057557569447181928062
-0.824632658534929057840489269666
0.824632658534929057840489269666
-0.82634010048855464442027650513
0.82634010048855464442027650513
-0.828039980292990546414464336176
0.828039980292990546414464336176
-0.829732282391997053738493178482
0.829732282391997053738493178482
-0.831416991298680889998745508494
0.831416991298680889998745508494
-0.833094091595636938880675767799
0.833094091595636938880675767799
-0.834763567935089334624656963402
0.834763567935089334624656963402
-0.836425405039031915298372605084
0.836425405039031915298372605084
-0.83807958769936803758041394145
0.83807958769936803758041394145
-0.839726100778049751775585541011
0.839726100778049751775585541011
-0.841364929207216335788277060346
0.841364929207216335788277060346
-0.842996057989332186786125494483
0.842996057989332186786125494483
-0.844619472197324069292070261728
0.844619472197324069292070261728
-0.846235156974717718448793082351
0.846235156974717718448793082351
-0.847843097535773797205435714279
0.847843097535773797205435714279
-0.849443279165623206182401155151
0.849443279165623206182401155151
-0.851035687220401744975967855
0.851035687220401744975967855
-0.852620307127384123670381753206
0.852620307127384123670381753206
-0.854197124385117323331037503197
0.854197124385117323331037503197
-0.85576612456355330425831802432
0.85576612456355330425831802432
-0.85732729330418106078763046808
0.85732729330418106078763046808
-0.858880616320158021427156751113
0.858880616320158021427156751113
-0.860426079396440793130827935289
0.860426079396440793130827935289
-0.861963668389915248510033871631
0.861963668389915248510033871631
-0.863493369229525954793592614664
0.863493369229525954793592614664
-0.865015167916404943351528102471
0.865015167916404943351528102471
-0.866529050523999818604239430436
0.866529050523999818604239430436
-0.868035003198201205144690668343
0.868035003198201205144690668343
-0.869533012157469531907306526237
0.869533012157469531907306526237
-0.871023063692961152223326209093
0.871023063692961152223326209093
-0.872505144168653798608445458811
0.872505144168653798608445458811
-0.873979240021471371134665009023
0.873979240021471371134665009023
-0.875445337761408058244362418455
0.875445337761408058244362418455
-0.876903423971651788870713446696
0.876903423971651788870713446696
-0.878353485308707014734708736819
0.878353485308707014734708736819
-0.87979550850251682169514151685
0.87979550850251682169514151685
-0.881229480356584369034082271059
0.881229480356584369034082271059
-0.882655387748093655566506806842
0.882655387748093655566506806842
-0.884073217628029611468904797962
0.884073217628029611468904797962
-0.885482957021297514727866664382
0.885482957021297514727866664382
-0.886884593026841731115827497168
0.886884593026841731115827497168
-0.888278112817763776607337598142
0.888278112817763776607337598142
-0.889663503641439701155430022396
0.889663503641439701155430022396
-0.891040752819636792753866231549
0.891040752819636792753866231549
-0.892409847748629600717261530937
0.892409847748629600717261530937
-0.893770775899315277117322318887
0.893770775899315277117322318887
-0.89512352481732823531966726503
0.89512352481732823531966726503
-0.896468082123154124571954301324
0.896468082123154124571954301324
-0.897804435512243119600294698322
0.897804435512243119600294698322
-0.899132572755122524177204454314
0.899132572755122524177204454314
-0.90045248169750868763062169061
0.90045248169750868763062169061
-0.901764150260418233269806666558
0.901764150260418233269806666558
-0.903067566440278597710238347241
0.903067566440278597710238347241
-0.904362718309037880085928119592
0.904362718309037880085928119592
-0.905649594014274000143887203237
0.905649594014274000143887203237
-0.906928181779303164221809485364
0.906928181779303164221809485364
-0.90819846990328763811636586894
0.90819846990328763811636586894
-0.909460446761342825855849705402
0.909460446761342825855849705402
-0.910714100804643653397265431556
0.910714100804643653397265431556
-0.91195942056053025627431409087
0.91195942056053025627431409087
-0.913196394632612970229099936948
0.913196394632612970229099936948
-0.914425011700876623866761737364
0.914425011700876623866761737364
-0.91564526052178413237862066484
0.91564526052178413237862066484
-0.916857129928379391385833726233
0.916857129928379391385833726233
-0.918060608830389469961947484213
0.918060608830389469961947484213
-0.919255686214326101899161318742
0.919255686214326101899161318742
-0.920442351143586474289532602649
0.920442351143586474289532602649
-0.921620592758553312498787875316
0.921620592758553312498787875316
-0.922790400276694260616844339093
0.922790400276694260616844339093
-0.92395176299266055647559472298
0.92395176299266055647559472298
-0.925104670278385000330965707048
0.925104670278385000330965707048
-0.926249111583179216312725628795
0.926249111583179216312725628795
-0.927385076433830205751991050276
0.927385076433830205751991050276
-0.928512554434696191502863903965
0.928512554434696191502863903965
-0.929631535267801752381121308809
0.929631535267801752381121308809
-0.930742008692932246849378709561
0.930742008692932246849378709561
-0.93184396454772752508465369734
0.93184396454772752508465369734
-0.932937392747774928570772673924
0.932937392747774928570772673924
-0.934022283286701576364585384418
0.934022283286701576364585384418
-0.935098626236265937191483222405
0.935098626236265937191483222405
-0.936166411746448686532256069914
0.936166411746448686532256069914
-0.937225630045542847869869235249
0.937225630045542847869869235249
-0.938276271440243217271296760905
0.938276271440243217271296760905
-0.939318326315735070486109959999
0.939318326315735070486109959999
-0.940351785135782151750090474519
0.940351785135782151750090474519
-0.941376638442813943488715407002
0.941376638442813943488715407002
-0.942392876858012216121948137504
0.942392876858012216121948137504
-0.943400491081396857178362282488
0.943400491081396857178362282488
-0.944399471891910978933227868792
0.944399471891910978933227868792
-0.945389810147505303791798176344
0.945389810147505303791798176344
-0.946371496785221826645652846019
0.946371496785221826645652846019
-0.947344522821276753436577758459
0.947344522821276753436577758459
-0.948308879351142715169094877695
0.948308879351142715169094877695
-0.94926455754963025661939574016
0.94926455754963025661939574016
-0.950211548670968598995080584281
0.950211548670968598995080584281
-0.951149844048885675806761298164
0.951149844048885675806761298164
-0.952079435096687441219250464119
0.952079435096687441219250464119
-0.953000313307336450156730863713
0.953000313307336450156730863713
-0.953912470253529709442979955166
0.953912470253529709442979955166
-0.954815897587775799264412142721
0.954815897587775799264412142721
-0.955710587042471264250398240873
0.955710587042471264250398240873
-0.956596530429976273472026532356
0.956596530429976273472026532356
-0.957473719642689548667183389725
0.957473719642689548667183389725
-0.958342146653122560006553766382
0.958342146653122560006553766382
-0.959201803513972988721873186056
0.959201803513972988721873186056
-0.960052682358197455924503428589
0.960052682358197455924503428589
-0.960894775399083516949154224473
0.960894775399083516949154224473
-0.961728074930320920564333278339
0.961728074930320920564333278339
-0.962552573326072132397877244437
0.962552573326072132397877244437
-0.963368263041042121932697339042
0.963368263041042121932697339042
-0.964175136610547412434665631061
0.964175136610547412434665631061
-0.96497318665058439318137232049
0.96497318665058439318137232049
-0.965762405857896893367301206486
0.965762405857896893367301206486
-0.966542787010043017067800883451
0.966542787010043017067800883451
-0.967314322965461238651073930938
0.967314322965461238651073930938
-0.968077006663535758034266572817
0.968077006663535758034266572817
-0.968830831124661115186618232609
0.968830831124661115186618232609
-0.96957578945030606328952556007
0.96957578945030606328952556007
-0.970311874823076699970290530093
0.970311874823076699970290530093
-0.971039080506778856033259064288
0.971039080506778856033259064288
-0.971757399846479741119017550863
0.971757399846479741119017550863
-0.972466826268568845729302252083
0.972466826268568845729302252083
-0.97316735328081809906229392355
0.97316735328081809906229392355
-0.973858974472441282110020552205
0.973858974472441282110020552205
-0.974541683514152695476679056257
0.974541683514152695476679056257
-0.975215474158225081383816868794
0.975215474158225081383816868794
-0.975880340238546799335492141406
0.975880340238546799335492141406
-0.976536275670678254923763400741
0.976536275670678254923763400741
-0.977183274451907581262153543799
0.977183274451907581262153543799
-0.9778213306613055725420980811
0.9778213306613055725420980811
-0.978450438459779869214834140036
0.978450438459779869214834140036
-0.979070592090128394308727436246
0.979070592090128394308727436246
-0.979681785877092040399683997867
0.979681785877092040399683997867
-0.980284014227406606760069405014
0.980284014227406606760069405014
-0.980877271629853986219481485624
0.980877271629853986219481485624
-0.981461552655312601278817545742
0.981461552655312601278817545742
-0.98203685195680708902737384593
0.98203685195680708902737384593
-0.982603164269557234421248500082
0.982603164269557234421248500082
-0.98316048441102615149013164859
0.98316048441102615149013164859
-0.983708807280967712048709614844
0.983708807280967712048709614844
-0.984248127861473221498444269172
0.984248127861473221498444269172
-0.984778441217017341315489364317
0.984778441217017341315489364317
-0.985299742494503257831062405163
0.985299742494503257831062405163
-0.985812026923307096921813503887
0.985812026923307096921813503887
-0.986315289815321584239755770931
0.986315289815321584239755770931
-0.986809526564998950624309437672
0.986809526564998950624309437672
-0.987294732649393082353166159479
0.987294732649393082353166159479
-0.987770903628200915904250155153
0.987770903628200915904250155153
-0.988238035143803076918347855602
0.988238035143803076918347855602
-0.988696122921303763071381616059
0.988696122921303763071381616059
-0.989145162768569870587295287769
0.989145162768569870587295287769
-0.989585150576269364147701213743
0.989585150576269364147701213743
-0.99001608231790888998356650859
0.99001608231790888998356650859
-0.990437954049870631968248855538
0.990437954049870631968248855538
-0.990850761911448410571345454156
0.990850761911448410571345454156
-0.99125450212488302458064740066
0.99125450212488302458064740066
-0.991649170995396835556990809594
0.991649170995396835556990809594
-0.992034764911227595056540194926
0.992034764911227595056540194926
-0.992411280343661514740370451341
0.992411280343661514740370451341
-0.992778713847065579596492804307
0.992778713847065579596492804307
-0.993137062058919104630425255206
0.993137062058919104630425255206
-0.993486321699844535544609643997
0.993486321699844535544609643997
-0.993826489573637494134497742209
0.993826489573637494134497742209
-0.99415756256729606939346298428
0.99415756256729606939346298428
-0.994479537651049355658057416758
0.994479537651049355658057416758
-0.994792411878385239564301227458
0.994792411878385239564301227458
-0.995096182386077438158641090846
0.995096182386077438158641090846
-0.995390846394211791260938578709
0.995390846394211791260938578709
-0.995676401206211812176946065418
0.995676401206211812176946065418
-0.995952844208863502196635167069
0.995952844208863502196635167069
-0.996220172872339436124066762314
0.996220172872339436124066762314
-0.996478384750222128553630764802
0.996478384750222128553630764802
-0.996727477479526694012161953646
0.996727477479526694012161953646
-0.996967448780722818832998771931
0.996967448780722818832998771931
-0.997198296457756069323226291765
0.997198296457756069323226291765
-0.997420018398068570347856858345
0.997420018398068570347856858345
-0.997632612572619102296784535672
0.997632612572619102296784535672
-0.997836077035902684728263356908
0.997836077035902684728263356908
-0.998030409925969745303885062616
0.998030409925969745303885062616
-0.998215609464445018627197666021
0.998215609464445018627197666021
-0.99839167395654639066908061992
0.99839167395654639066908061992
-0.998558601791104016502181873775
0.998558601791104016502181873775
-0.99871639144058021962402300501
0.99871639144058021962402300501
-0.998865041461090979283379563137
0.998865041461090979283379563137
-0.999004550492430317948409823861
0.999004550492430317948409823861
-0.999134917258099785090225397247
0.999134917258099785090225397247
-0.999256140565346831869646789854
0.999256140565346831869646789854
-0.999368219305218873967292583404
0.999368219305218873967292583404
-0.999471152452645731889808180522
0.999471152452645731889808180522
-0.999564939066575296885030665632
0.999564939066575296885030665632
-0.999649578290213879527415905859
0.999649578290213879527415905859
-0.999725069351485126576895173266
0.999725069351485126576895173266
-0.999791411563980673404327137065
0.999791411563980673404327137065
-0.999848604329126354026123788169
0.999848604329126354026123788169
-0.999896647141741506025868952382
0.999896647141741506025868952382
-0.999935539606744521976737107965
0.999935539606744521976737107965
-0.999965281502001841433296512236
0.999965281502001841433296512236
-0.999985873115554254366007660084
0.999985873115554254366007660084
-0.999997318832585421259684296709
0.999997318832585421259684296709