0
-0.00247857135504222378944067624569
0.00247857135504222378944067624569
-0.00495712748341172404715943011922
0.00495712748341172404715943011922
-0.00743565315852931966124741211123
0.00743565315852931966124741211123
-0.00991413315400291378476030568858
0.00991413315400291378476030568858
-0.0123925522437210345315500922429
0.0123925522437210345315500922429
-0.0148708952019463739481260991049
0.0148708952019463739481260991049
-0.0173491468034093246869048997689
0.0173491468034093246869048997689
-0.0198272918234015138062227565928
0.0198272918234015138062227565928
-0.0223053150378693331225019474705
0.0223053150378693331225019474705
-0.024783201223507465539983499222
0.024783201223507465539983499222
-0.0272609351578524067834635615646
0.0272609351578524067834635615646
-0.0297385016193759819594988963805
0.0297385016193759819594988963805
-0.0322158853875788563715787273977
0.0322158853875788563715787273977
-0.0346930712430840400147954951585
0.0346930712430840400147954951585
-0.0371700439677303851755858910548
0.0371700439677303851755858910548
-0.0396467883446660765621559020102
0.0396467883446660765621559020102
-0.0421232891584421133912494838347
0.0421232891584421133912494838347
-0.0445995311951057828569698960867
0.0445995311951057828569698960867
-0.0470754992422941244074156741358
0.0470754992422941244074156741358
-0.0495511780893273842549496847193
0.0495511780893273842549496847193
-0.0520265525273024595459797092605
0.0520265525273024595459797092605
-0.054501607349186331616192524215
0.054501607349186331616192524215
-0.0569763273499094877572504993317
0.0569763273499094877572504993317
-0.0594506973264593309210303125497
0.0594506973264593309210303125497
-0.0619247020779735767875574838682
0.0619247020779735767875574838682
-0.0643983264058336376228680594692
0.0643983264058336376228680594692
-0.0668715551137579923531099311565
0.0668715551137579923531099311565
-0.0693443730078955422812809543186
0.0693443730078955422812809543186
-0.0718167648969189518730892295881
0.0718167648969189518730892295881
-0.0742887155921179740385126386246
0.0742887155921179740385126386246
-0.07676020990749275933572997243
0.07676020990749275933572997243
-0.0792312326598471485241947607231
0.0792312326598471485241947607231
-0.0817017686688819478937252025489
0.0817017686688819478937252025489
-0.0841718027572881867965894108549
0.0841718027572881867965894108549
-0.0866413197508403568096745165737
0.0866413197508403568096745165737
-0.0891103044784896319539410301408
0.0891103044784896319539410301408
-0.0915787417724570693984802296563
0.0915787417724570693984802296563
-0.0940466164683267900766122343518
0.0940466164683267900766122343518
-0.0965139134051391386415858289123
0.0965139134051391386415858289123
-0.0989806174254838221895680277754
0.0989806174254838221895680277754
-0.101446713375593027177741807994
0.101446713375593027177741807994
-0.103912186105434513965464393823
0.103912186105434513965464393823
-0.106377020468804688406575945018
0.106377020468804688406575945018
-0.108841201323421649921089483133
0.108841201323421649921089483133
-0.111304713531018215474637384908
0.111304713531018215474637384908
-0.113767541957434918894197778374
0.113767541957434918894197778374
-0.116229671472712984948775694591
0.116229671472712984948775694591
-0.118691086951187277623868855022
0.118691086951187277623868855022
-0.121151773271579222018706510583
0.121151773271579222018706510583
-0.123611715317089699295411792303
0.123611715317089699295411792303
-0.126070897975491914109403584366
0.126070897975491914109403584366
-0.128529306139224233950522987026
0.128529306139224233950522987026
-0.130986924705482999824541998477
0.130986924705482999824541998477
-0.133443738576315307704888110144
0.133443738576315307704888110144
-0.135899732658711760184598077975
0.135899732658711760184598077975
-0.138354891864699187758697202001
0.138354891864699187758697202001
-0.140809201111433339167387016679
0.140809201111433339167387016679
-0.143262645321291540230614364056
0.143262645321291540230614364056
-0.145715209421965320604788389525
0.145715209421965320604788389525
-0.14816687834655300789260906467
0.14816687834655300789260906467
-0.150617637033652288537171402171
0.150617637033652288537171402171
-0.153067470427452734931713582787
0.153067470427452734931713582787
-0.155516363477828298176584762754
0.155516363477828298176584762754
-0.157964301140429765915219370284
0.157964301140429765915219370284
-0.160411268376777184681119230894
0.160411268376777184681119230894
-0.162857250154352246188062881783
0.162857250154352246188062881783
-0.165302231446690636995982943962
0.165302231446690636995982943962
-0.167746197233474350985177416106
0.167746197233474350985177416106
-0.170189132500623964071749234604
0.170189132500623964071749234604
-0.17263102224039087059740040876
0.17263102224039087059740040876
-0.175071851451449480826942487054
0.175071851451449480826942487054
-0.177511605138989378987124038331
0.177511605138989378987124038331
-0.179950268314807441280618239389
0.179950268314807441280618239389
-0.182387825997399913309259546081
0.182387825997399913309259546081
-0.184824263212054446340867787254
0.184824263212054446340867787254
-0.187259564990942091854250858154
0.187259564990942091854250858154
-0.189693716373209253797233500679
0.189693716373209253797233500679
-0.192126702405069597992819440529
0.192126702405069597992819440529
-0.194558508139895918128857404339
0.194558508139895918128857404339
-0.196989118638311957766848261539
0.196989118638311957766848261539
-0.199418518968284187805800724504
0.199418518968284187805800724504
-0.201846694205213538837316694697
0.201846694205213538837316694697
-0.204273629432027087828364460421
0.204273629432027087828364460421
-0.206699309739269698568478531706
0.206699309739269698568478531706
-0.209123720225195615318408938089
0.209123720225195615318408938089
-0.211546845995860009097530313807
0.211546845995860009097530313807
-0.213968672165210476047612050462
0.213968672165210476047612050462
-0.216389183855178487310845207803
0.216389183855178487310845207803
-0.218808366195770789860319736994
0.218808366195770789860319736994
-0.221226204325160757721446885839
0.221226204325160757721446885839
-0.22364268338977969302312642007
0.22364268338977969302312642007
-0.226057788544408076317766507037
0.226057788544408076317766507037
-0.228471504952266765609575766134
0.228471504952266765609575766134
-0.230883817785108143530862092139
0.230883817785108143530862092139
-0.233294712223307212106391401332
0.233294712223307212106391401332
-0.235704173455952634546181433942
0.235704173455952634546181433942
-0.238112186680937723507431168062
0.238112186680937723507431168062
-0.24051873710505137526661525774
0.24051873710505137526661525774
-0.242923809944068949243105199492
0.242923809944068949243105199492
-0.245327390422843092316014654853
0.245327390422843092316014654853
-0.247729463775394507376305509848
0.247729463775394507376305509848
-0.250130015245002665556533833253
0.250130015245002665556533833253
-0.252529030084296461580960902147
0.252529030084296461580960902147
-0.254926493555344811679103893434
0.254926493555344811679103893434
-0.257322390929747193506153691526
0.257322390929747193506153691526
-0.25971670748872412751404353315
0.25971670748872412751404353315
-0.262109428523207599217311897976
0.262109428523207599217311897976
-0.264500539333931421798266156343
0.264500539333931421798266156343
-0.266890025231521538496320000513
0.266890025231521538496320000513
-0.269277871536586264226747611346
0.269277871536586264226747611346
-0.271664063579806465874470845816
0.271664063579806465874470845816
-0.274048586702025680708872470088
0.274048586702025680708872470088
-0.276431426254340172366008605584
0.276431426254340172366008605584
-0.278812567598188923844977099339
0.278812567598188923844977099339
-0.281191996105443566965585472518
0.281191996105443566965585472518
-0.283569697158498247734852439958
0.283569697158498247734852439958
-0.285945656150359427070270726534
0.285945656150359427070270726534
-0.288319858484735616328156030682
0.288319858484735616328156030682
-0.290692289576127047085807499027
0.290692289576127047085807499027
-0.293062934849915274626608976374
0.293062934849915274626608976374
-0.295431779742452714577607579763
0.295431779742452714577607579763
-0.297798809701152112149516811491
0.297798809701152112149516811491
-0.30016401018457594342950547124
0.30016401018457594342950547124
-0.302527366662525748177551049421
0.302527366662525748177551049421
-0.30488886461613139357755707977
0.30488886461613139357755707977
-0.307248489537940268394858096657
0.307248489537940268394858096657
-0.30960622693200640699216337885
0.30960622693200640699216337885
-0.311962062313979542656421563985
0.311962062313979542656421563985
-0.314315981211194089689522484045
0.314315981211194089689522484045
-0.316667969162758053716190199195
0.316667969162758053716190199195
-0.319018011719641869662862192505
0.319018011719641869662862192505
-0.32136609444476716686179402885
0.32136609444476716686179402885
-0.323712202913095460735076474788
0.323712202913095460735076474788
-0.326056322711716770513703119801
0.326056322711716770513703119801
-0.328398439439938162447280930078
0.328398439439938162447280930078
-0.330738538709372217960433901333
0.330738538709372217960433901333
-0.333076606144025426212411054121
0.333076606144025426212411054121
-0.335412627380386500516874430884
0.335412627380386500516874430884
-0.337746588067514618079310505733
0.337746588067514618079310505733
-0.340078473867127582509979502842
0.340078473867127582509979502842
-0.342408270453689908570791534396
0.342408270453689908570791534396
-0.344735963514500828614976211418
0.344735963514500828614976211418
-0.347061538749782220178893447501
0.347061538749782220178893447501
-0.349384981872766454185817563639
0.349384981872766454185817563639
-0.351706278609784163222014508876
0.351706278609784163222014508876
-0.354025414700351929345923033499
0.354025414700351929345923033499
-0.356342375897259890891744985903
0.356342375897259890891744985903
-0.358657147966659267729247548042
0.358657147966659267729247548042
-0.360969716688149804442081174473
0.360969716688149804442081174473
-0.363280067854867130887421253366
0.363280067854867130887421253366
-0.36558818727357003960024906133
0.36558818727357003960024906133
-0.367894060764727679506098434438
0.367894060764727679506098434438
-0.370197674162606665406608722225
0.370197674162606665406608722225
-0.372499013315358102702742026615
0.372499013315358102702742026615
-0.374798064085104526821043450372
0.374798064085104526821043450372
-0.377094812348026756808847086755
0.377094812348026756808847086755
-0.379389243994450662564857770239
0.379389243994450662564857770239
-0.381681344928933845172069174197
0.381681344928933845172069174197
-0.383971101070352229800512682203
0.383971101070352229800512682203
-0.386258498351986570647868571638
0.386258498351986570647868571638
-0.388543522721608867386511428434
0.388543522721608867386511428434
-0.390826160141568692586105356612
0.390826160141568692586105356612
-0.393106396588879429581411452571
0.393106396588879429581411452571
-0.39538421805530442025552017833
0.39538421805530442025552017833
-0.397659610547443022209274686903
0.397659610547443022209274686903
-0.399932560086816574788207823175
0.399932560086816574788207823175
-0.4022030527099542734388754417
0.4022030527099542734388754417
-0.404471074468478951867031845266
0.404471074468478951867031845266
-0.406736611429192771470659551466
0.406736611429192771470659551466
-0.408999649674162817521435235334
0.408999649674162817521435235334
-0.411260175300806601568786570895
0.411260175300806601568786570895
-0.413518174421977469541270799745
0.413518174421977469541270799745
-0.415773633166049915020585186844
0.415773633166049915020585186844
-0.418026537677004797164102079251
0.418026537677004797164102079251
-0.420276874114514462752407058714
0.420276874114514462752407058714
-0.422524628654027771838907670444
0.422524628654027771838907670444
-0.424769787486855026479172414351
0.424769787486855026479172414351
-0.427012336820252802018255097869
0.427012336820252802018255097869
-0.429252262877508680414858267582
0.429252262877508680414858267582
-0.431489551898025885081791256566
0.431489551898025885081791256566
-0.433724190137407816722783401874
0.433724190137407816722783401874
-0.435956163867542489646321198331
0.435956163867542489646321198331
-0.438185459376686868037789556889
0.438185459376686868037789556889
-0.440412062969551101671811924639
0.440412062969551101671811924639
-0.442635960967382660547301795204
0.442635960967382660547301795204
-0.444857139708050367928359089038
0.444857139708050367928359089038
-0.447075585546128331274769009231
0.447075585546128331274769009231
-0.449291284852979770546488275864
0.449291284852979770546488275864
-0.451504224016840743367134107123
0.451504224016840743367134107123
-0.453714389442903766532124944129
0.453714389442903766532124944129
-0.455921767553401333347758705119
0.455921767553401333347758705119
-0.458126344787689326288154299151
0.458126344787689326288154299151
-0.460328107602330324457625226039
0.460328107602330324457625226039
-0.462527042471176805346700333795
0.462527042471176805346700333795
-0.46472313588545424037065619349
0.46472313588545424037065619349
-0.466916374353844083680078080125
0.466916374353844083680078080125
-0.469106744402566653733622212899
0.469106744402566653733622212899
-0.471294232575463907123810705046
0.471294232575463907123810705046
-0.473478825434082104147352598194
0.473478825434082104147352598194
-0.475660509557754365612149404927
0.475660509557754365612149404927
-0.477839271543683120373811751787
0.477839271543683120373811751787
-0.480015098007022443095184999196
0.480015098007022443095184999196
-0.482187975580960281723056110717
0.482187975580960281723056110717
-0.484357890916800574176891547394
0.484357890916800574176891547394
-0.486524830684045253745136569562
0.486524830684045253745136569562
-0.488688781570476142685290034344
0.488688781570476142685290034344
-0.490849730282236733524655577679
0.490849730282236733524655577679
-0.4930076635439138575593599612
0.4930076635439138575593599612
-0.495162568098619240049922342091
0.495162568098619240049922342091
-0.497314430708070941612354284161
0.497314430708070941612354284161
-0.499463238152674685304469466361
0.499463238152674685304469466361
-0.501608977231605068907784256601
0.501608977231605068907784256601
-0.503751634762886661906095599711
0.503751634762886661906095599711
-0.505891197583474986662531014314
0.505891197583474986662531014314
-0.50802765254933738329757689998
0.50802765254933738329757689998
-0.510160986535533757771305818876
0.510160986535533757771305818876
-0.512291186436297212673740930877
0.512291186436297212673740930877
-0.514418239165114560228016323272
0.514418239165114560228016323272
-0.516542131654806717011715581487
0.516542131654806717011715581487
-0.518662850857608979902497591045
0.518662850857608979902497591045
-0.520780383745251182754848239001
0.520780383745251182754848239001
-0.522894717309037733315529390688
0.522894717309037733315529390688
-0.525005838559927529886032250407
0.525005838559927529886032250407
-0.527113734528613757241080968088
0.527113734528613757241080968088
-0.529218392265603561312974123468
0.529218392265603561312974123468
-0.531319798841297602152296500346
0.531319798841297602152296500346
-0.533417941346069484676281351487
0.533417941346069484676281351487
-0.535512806890345066716854145088
0.535512806890345066716854145088
-0.537604382604681643881142571868
0.537604382604681643881142571868
-0.539692655639847010737994373022
0.539692655639847010737994373022
-0.541777613166898397844804319054
0.541777613166898397844804319054
-0.543859242377261284129714422968
0.543859242377261284129714422968
-0.545937530482808084145017203953
0.545937530482808084145017203953
-0.548012464715936709708360524745
0.548012464715936709708360524745
-0.550084032329649005449124202598
0.550084032329649005449124202598
-0.552152220597629057778113235476
0.552152220597629057778113235476
-0.554217016814321376799490086997
0.554217016814321376799490086997
-0.556278408295008950684649030927
0.556278408295008950684649030927
-0.558336382375891172028519064003
0.558336382375891172028519064003
-0.560390926414161635709568349541
0.560390926414161635709568349541
-0.562442027788085807775572549059
0.562442027788085807775572549059
-0.564489673897078564878001729947
0.564489673897078564878001729947
-0.566533852161781603778675799315
0.566533852161781603778675799315
-0.568574550024140720453136602671
0.568574550024140720453136602671
-0.57061175494748295831598593596
0.57061175494748295831598593596
-0.572645454416593625094242746058
0.572645454416593625094242746058
-0.574675635937793177875579732865
0.574675635937793177875579732865
-0.576702287039013975859109410939
0.576702287039013975859109410939
-0.578725395269876900337202435023
0.578725395269876900337202435023
-0.580744948201767841437636636955
0.580744948201767841437636636955
-0.582760933427914051156193756235
0.582760933427914051156193756235
-0.584773338563460362210642267963
0.584773338563460362210642267963
-0.586782151245545272247869014901
0.586782151245545272247869014901
-0.588787359133376892936749530003
0.588787359133376892936749530003
-0.590788949908308763480176986743
0.590788949908308763480176986743
-0.592786911273915528080502632
0.592786911273915528080502632
-0.594781230956068476893476334848
0.594781230956068476893476334848
-0.596771896703010950006614519326
0.596771896703010950006614519326
-0.598758896285433603978764234943
0.598758896285433603978764234943
-0.600742217496549540478476450124
0.600742217496549540478476450124
-0.602721848152169296559648825848
0.602721848152169296559648825848
-0.604697776090775696113748234164
0.604697776090775696113748234164
-0.606669989173598562038776123908
0.606669989173598562038776123908
-0.60863847528468928866599549842
0.60863847528468928866599549842
-0.610603222330995273986296752338
0.610603222330995273986296752338
-0.612564218242434211218940911109
0.612564218242434211218940911109
-0.614521450971968239266282922563
0.614521450971968239266282922563
-0.616474908495677951598944559466
0.616474908495677951598944559466
-0.618424578812836263116776199872
0.618424578812836263116776199872
-0.620370449945982134531819253293
0.620370449945982134531819253293
-0.622312509940994153820356289528
0.622312509940994153820356289528
-0.624250746867163974292013998299
0.624250746867163974292013998299
-0.626185148817269608824764956141
0.626185148817269608824764956141
-0.628115703907648579815557796801
0.628115703907648579815557796801
-0.630042400278270924397191767496
0.630042400278270924397191767496
-0.631965226092812054472940800057
0.631965226092812054472940800057
-0.633884169538725471121324128028
0.633884169538725471121324128028
-0.635799218827315332924315132501
0.635799218827315332924315132501
-0.637710362193808877773177495569
0.637710362193808877773177495569
-0.63961758789742869770701787501
0.63961758789742869770701787501
-0.641520884221464866340047181918
0.641520884221464866340047181918
-0.643420239473346918434448138674
0.643420239473346918434448138674
-0.645315641984715681176655112521
0.645315641984715681176655112521
-0.64720708011149495671576325438
0.64720708011149495671576325438
-0.649094542233963055523697717907
0.649094542233963055523697717907
-0.650978016756824180137690184428
0.650978016756824180137690184428
-0.652857492109279658846529069794
0.652857492109279658846529069794
-0.654732956745099028882971633612
0.654732956745099028882971633612
-0.656604399142690968685630744129
0.656604399142690968685630744129
-0.658471807805174078794576267613
0.658471807805174078794576267613
-0.660335171260447510945820943586
0.660335171260447510945820943586
-0.662194478061261444930793171182
0.662194478061261444930793171182
-0.664049716785287412787834361277
0.664049716785287412787834361277
-0.665900876035188469893696398383
0.665900876035188469893696398383
-0.667747944438689212523955299567
0.667747944438689212523955299567
-0.669590910648645641452200349327
0.669590910648645641452200349327
-0.671429763343114871158803823486
0.671429763343114871158803823486
-0.673264491225424684221024885949
0.673264491225424684221024885949
-0.675095083024242930457152343878
0.675095083024242930457152343878
-0.676921527493646770398344673513
0.676921527493646770398344673513
-0.67874381341319176266278207471
0.67874381341319176266278207471
-0.680561929587980794807704271425
0.680561929587980794807704271425
-0.682375864848732857235869341862
0.682375864848732857235869341862
-0.684185608051851659733933030054
0.684185608051851659733933030054
-0.685991148079494090221214754182
0.685991148079494090221214754182
-0.687792473839638515288285880143
0.687792473839638515288285880143
-0.689589574266152922105787765755
0.689589574266152922105787765755
-0.691382438318862901284861595518
0.691382438318862901284861595518
-0.693171054983619470271549112141
0.693171054983619470271549112141
-0.694955413272366736858503003013
0.694955413272366736858503003013
-0.696735502223209402398327911459
0.696735502223209402398327911459
-0.698511310900480104303857807956
0.698511310900480104303857807956
-0.700282828394806597421662769398
0.700282828394806597421662769398
-0.702050043823178773866068068978
0.702050043823178773866068068978
-0.703812946329015520901960869178
0.703812946329015520901960869178
-0.705571525082231416465654729663
0.705571525082231416465654729663
-0.707325769279303261914079584394
0.707325769279303261914079584394
-0.709075668143336451593564801973
0.709075668143336451593564801973
-0.710821210924131178820485413866
0.710821210924131178820485413866
-0.712562386898248477867046570617
0.712562386898248477867046570617
-0.71429918536907610154648876031
0.71429918536907610154648876031
-0.716031595666894233993006290091
0.716031595666894233993006290091
-0.717759607148941038232683984421
0.717759607148941038232683984421
-0.719483209199478038142771986594
0.719483209199478038142771986594
-0.721202391229855334397635956727
0.721202391229855334397635956727
-0.722917142678576654000739833667
0.722917142678576654000739833667
-0.724627453011364233003040663757
0.724627453011364233003040663757
-0.726333311721223532009199789931
0.726333311721223532009199789931
-0.728034708328507784074041933838
0.728034708328507784074041933838
-0.729731632380982374592723385305
0.729731632380982374592723385305
-0.731424073453889052789102631184
0.731424073453889052789102631184
-0.733112021150009974407841303022
0.733112021150009974407841303022
-0.734795465099731575216800293858
0.734795465099731575216800293858
-0.736474394961108274927335282224
0.736474394961108274927335282224
-0.73814880041992601114113769991
0.73814880041992601114113769991
-0.739818671189765602933311382724
0.739818671189765602933311382724
-0.741483997012065943682421743926
0.741483997012065943682421743926
-0.743144767656187022759303301917
0.743144767656187022759303301917
-0.744800972919472775687462770533
0.744800972919472775687462770533
-0.746452602627313762388968675582
0.746452602627313762388968675582
-0.748099646633209673130774588535
0.748099646633209673130774588535
-0.749742094818831661787481561078
0.749742094818831661787481561078
-0.751379937094084506037606196039
0.751379937094084506037606196039
-0.753013163397168594111483994527
0.753013163397168594111483994527
-0.754641763694641737710003169361
0.754641763694641737710003169361
-0.756265727981480810714432004601
0.756265727981480810714432004601
-0.757885046281143213308673063519
0.757885046281143213308673063519
-0.7594997086456281611363500962
0.7594997086456281611363500962
-0.761109705155537799116208366504
0.761109705155537799116208366504
-0.762715025920138139540386299764
0.762715025920138139540386299764
-0.764315661077419824081195840685
0.764315661077419824081195840685
-0.765911600794158709333130698905
0.765911600794158709333130698905
-0.767502835265976275517905740806
0.767502835265976275517905740806
-0.769089354717399857981417153916
0.769089354717399857981417153916
-0.770671149401922701112601657768
0.770671149401922701112601657768
-0.772248209602063834315263955888
0.772248209602063834315263955888
-0.773820525629427769665034810801
0.773820525629427769665034810801
-0.775388087824764020884717570968
0.775388087824764020884717570968
-0.77695088655802644327237867858
0.77695088655802644327237867858
-0.778508912228432394217637633542
0.778508912228432394217637633542
-0.780062155264521713942714074775
0.780062155264521713942714074775
-0.781610606124215526105894058692
0.781610606124215526105894058692
-0.783154255294874857906184259279
0.783154255294874857906184259279
-0.784693093293359079329031678063
0.784693093293359079329031678063
-0.786227110666084161174097528434
0.786227110666084161174097528434
-0.78775629798908075150718724054
0.78775629798908075150718724054
-0.789280645868052070179554013427
0.789280645868052070179554013427
-0.790800144938431621058911013418
0.790800144938431621058911013418
-0.792314785865440721617607175066
0.792314785865440721617607175066
-0.793824559344145849524543596411
0.793824559344145849524543596411
-0.795329456099515805888531726982
0.795329456099515805888531726982
-0.796829466886478694801920917923
0.796829466886478694801920917923
-0.798324582489978718834451432066
0.798324582489978718834451432066
-0.799814793725032790128419690573
0.799814793725032790128419690573
-0.801300091436786956747375355206
0.801300091436786956747375355206
-0.802780466500572643931704804233
0.802780466500572643931704804233
-0.804255909821962709915592648509
0.804255909821962709915592648509
-0.805726412336827315960992145484
0.805726412336827315960992145484
-0.807191965011389610265376695652
0.807191965011389610265376695652
-0.808652558842281225401188041384
0.808652558842281225401188041384
-0.810108184856597588946042325055
0.810108184856597588946042325055
-0.81155883411195304696390279493
0.81155883411195304696390279493
-0.81300449769653579999857766632
0.81300449769653579999857766632
-0.814445166729162651242053445015
0.814445166729162651242053445015
-0.815880832359333566541327892845
0.815880832359333566541327892845
-0.817311485767286045908562754374
0.817311485767286045908562754374
-0.818737118164049306200534362084
0.818737118164049306200534362084
-0.82015772079149827463452028777
0.82015772079149827463452028777
-0.821573284922407392808922303262
0.821573284922407392808922303262
-0.822983801860504230898090046745
0.822983801860504230898090046745
-0.824389262940522911691975954796
0.824389262940522911691975954796
-0.825789659528257344152420207603
0.825789659528257344152420207603
-0.827184983020614266159034638513
0.827184983020614266159034638513
-0.82857522484566609611882677188
0.82857522484566609611882677188
-0.829960376462703593114879367999
0.829960376462703593114879367999
-0.831340429362288325270577063384
0.831340429362288325270577063384
-0.832715375066304946007049891758
0.832715375066304946007049891758
-0.834085205128013277872683648412
0.834085205128013277872683648412
-0.835449911132100203624729210998
0.835449911132100203624729210998
-0.83680948469473136424422704598
0.83680948469473136424422704598
-0.838163917463602663566649204648
0.838163917463602663566649204648
-0.839513201117991579211849138537
0.839513201117991579211849138537
-0.840857327368808279498099633937
0.840857327368808279498099633937
-0.842196287958646546026191071715
0.842196287958646546026191071715
-0.84353007466183450162075605449
0.84353007466183450162075605449
-0.844858679284485143317182201031
0.844858679284485143317182201031
-0.846182093664546680083672580261
0.846182093664546680083672580261
-0.847500309671852674969212837047
0.847500309671852674969212837047
-0.848813319208171991369405541698
0.848813319208171991369405541698
-0.850121114207258543103335667459
0.850121114207258543103335667459
-0.851423686634900847995836357797
0.851423686634900847995836357797
-0.852721028488971384660731280603
0.852721028488971384660731280603
-0.854013131799475752181838872178
0.854013131799475752181838872178
-0.85529998862860163238973464257
0.85529998862860163238973464257
-0.856581591070767554433480438066
0.856581591070767554433480438066
-0.857857931252671461347744129057
0.857857931252671461347744129057
-0.859129001333339078316949604485
0.859129001333339078316949604485
-0.860394793504172082339315200369
0.860394793504172082339315200369
-0.861655299988996072994858761845
0.861655299988996072994858761845
-0.862910513044108344022669428444
0.862910513044108344022669428444
-0.864160424958325455413969933289
0.864160424958325455413969933289
-0.865405028053030605728718711201
0.865405028053030605728718711201
-0.866644314682220804344728410711
0.866644314682220804344728410711
-0.867878277232553843349506493264
0.867878277232553843349506493264
-0.86910690812339506878625447183
0.86910690812339506878625447183
-0.870330199806863950966694983314
0.870330199806863950966694983314
-0.871548144767880453564630296891
0.871548144767880453564630296891
-0.872760735524211201205372026172
0.872760735524211201205372026172
-0.873967964626515445267419729448
0.873967964626515445267419729448
-0.875169824658390827614005741413
0.875169824658390827614005741413
-0.876366308236418941973364974315
0.876366308236418941973364974315
-0.877557408010210692687831548731
0.877557408010210692687831548731
-0.878743116662451450553108956516
0.878743116662451450553108956516
-0.879923426908946005470307013372
0.879923426908946005470307013372
-0.881098331498663315634587118221
0.881098331498663315634587118221
-0.882267823213781052985507293609
0.882267823213781052985507293609
-0.883431894869729944645410127974
0.883431894869729944645410127974
-0.884590539315237910073450069238
0.884590539315237910073450069238
-0.885743749432373993664111522072
0.885743749432373993664111522072
-0.886891518136592092520325870806
0.886891518136592092520325870806
-0.88803383837677447913255387845
0.88803383837677447913255387845
-0.889170703135275118696459892226
0.889170703135275118696459892226
-0.890302105427962780803065909477
0.890302105427962780803065909477
-0.891428038304263945236536817258
0.891428038304263945236536817258
-0.892548494847205501616013006613
0.892548494847205501616013006613
-0.893663468173457242619173070761
0.893663468173457242619173070761
-0.894772951433374150526477417492
0.894772951433374150526477417492
-0.895876937811038476826313352241
0.895876937811038476826313352241
-0.896975420524301614622533511959
0.896975420524301614622533511959
-0.898068392824825763587152443158
0.898068392824825763587152443158
-0.899155847998125387202240612785
0.899155847998125387202240612785
-0.900237779363608462036331210096
0.900237779363608462036331210096
-0.901314180274617518801932733711
0.901314180274617518801932733711
-0.902385044118470474942019552811
0.902385044118470474942019552811
-0.903450364316501258494653377297
0.903450364316501258494653377297
-0.904510134324100222986170860859
0.904510134324100222986170860859
-0.905564347630754353104656385641
0.905564347630754353104656385641
-0.906612997760087260906704429715
0.906612997760087260906704429715
-0.907656078269898972311762791262
0.907656078269898972311762791262
-0.908693582752205503639636328378
0.908693582752205503639636328378
-0.909725504833278227948020763075
0.909725504833278227948020763075
-0.910751838173683030928227484661
0.910751838173683030928227484661
-0.911772576468319256118553163429
0.911772576468319256118553163429
-0.91278771344645843919604234286
0.91278771344645843919604234286
-0.913797242871782831108687009554
0.913797242871782831108687009554
-0.914801158542423709811404437205
0.914801158542423709811404437205
-0.9157994542909994803704333564
0.9157994542909994803704333564
-0.916792123984653563202088708201
0.916792123984653563202088708201
-0.917779161525092070213116888672
0.917779161525092070213116888672
-0.918760560848621268611196476101
0.918760560848621268611196476101
-0.91973631592618483215543394502
0.91973631592618483215543394502
-0.920706420763400879618009803578
0.920706420763400879618009803578
-0.921670869400598800229437935866
0.921670869400598800229437935866
-0.922629655912855865881209680744
0.922629655912855865881209680744
-0.923582774410033629860904326162
0.923582774410033629860904326162
-0.924530219036814111896159235251
0.924530219036814111896159235251
-0.925471983972735769285205740223
0.925471983972735769285205740223
-0.926408063432229253892991234855
0.926408063432229253892991234855
-0.927338451664652954793223558596
0.927338451664652954793223558596
-0.928263142954328326337990787858
0.928263142954328326337990787858
-0.929182131620575001437927925477
0.929182131620575001437927925477
-0.930095412017745689837221700304
0.930095412017745689837221700304
-0.931002978535260861169065748412
0.931002978535260861169065748412
-0.931904825597643212578500838096
0.931904825597643212578500838096
-0.932800947664551920700898515868
0.932800947664551920700898515868
-0.933691339230816677785671582814
0.933691339230816677785671582814
-0.934575994826471511756121153225
0.934575994826471511756121153225
-0.93545490901678838999765769348
0.93545490901678838999765769348
-0.936328076402310606667962381985
0.936328076402310606667962381985
-0.937195491618885953323985364067
0.937195491618885953323985364067
-0.938057149337699672662008992542
0.938057149337699672662008992542
-0.938913044265307195168336938896
0.938913044265307195168336938896
-0.939763171143666658479504125486
0.939763171143666658479504125486
-0.940607524750171209252237759864
0.940607524750171209252237759864
-0.941446099897681087344736342335
0.941446099897681087344736342335
-0.942278891434555492112171361712
0.942278891434555492112171361712
-0.943105894244684230620655486284
0.943105894244684230620655486284
-0.943927103247519147585261392312
0.943927103247519147585261392312
-0.944742513398105336839016945842
0.944742513398105336839016945842
-0.945552119687112134141145260706
0.945552119687112134141145260706
-0.946355917140863891134162191992
0.946355917140863891134162191992
-0.947153900821370530260789086051
0.947153900821370530260789086051
-0.947946065826357880452985091623
0.947946065826357880452985091623
-0.948732407289297793406751038959
0.948732407289297793406751038959
-0.949512920379438040257705812032
0.949512920379438040257705812032
-0.950287600301831988473786271098
0.950287600301831988473786271098
-0.951056442297368058782773127338
0.951056442297368058782773127338
-0.951819441642798961953697727187
0.951819441642798961953697727187
-0.952576593650770715252538471083
0.952576593650770715252538471083
-0.953327893669851438393970570198
0.953327893669851438393970570198
-0.954073337084559928812289036793
0.954073337084559928812289036793
-0.954812919315394016075982211534
0.954812919315394016075982211534
-0.955546635818858695271791757783
0.955546635818858695271791757783
-0.956274482087494039185454903319
0.956274482087494039185454903319
-0.956996453649902889107685789949
0.956996453649902889107685789949
-0.957712546070778324095315108549
0.957712546070778324095315108549
-0.958422754950930908518870760146
0.958422754950930908518870760146
-0.959127075927315717729247103617
0.959127075927315717729247103617
-0.959825504673059141677476440215
0.959825504673059141677476440215
-0.960518036897485466322983759522
0.960518036897485466322983759522
-0.961204668346143232667074448088
0.961204668346143232667074448088
-0.961885394800831373249774661427
0.961885394800831373249774661427
-0.962560212079625125949515405483
0.962560212079625125949515405483
-0.963229116036901724926524092331
0.963229116036901724926524092331
-0.963892102563365868552161457463
0.963892102563365868552161457463
-0.964549167586074964167817287877
0.964549167586074964167817287877
-0.965200307068464149518355451557
0.965200307068464149518355451557
-0.965845517010371090706477285439
0.965845517010371090706477285439
-0.966484793448060556515752542693
0.966484793448060556515752542693
-0.967118132454248768951448879991
0.967118132454248768951448879991
-0.9677455301381275298496743483
0.9677455301381275298496743483
-0.968366982645388123406732612417
0.968366982645388123406732612417
-0.968982486158244994481977750807
0.968982486158244994481977750807
-0.969592036895459202528844575658
0.969592036895459202528844575658
-0.97019563111236165101012157345
0.97019563111236165101012157345
-0.970793265100876092154926923744
0.970793265100876092154926923744
-0.971384935189541906916243749546
0.971384935189541906916243749546
-0.971970637743536659989268946945
0.971970637743536659989268946945
-0.972550369164698429752230816351
0.972550369164698429752230816351
-0.973124125891547912992734478946
0.973124125891547912992734478946
-0.973691904399310304284100943924
0.973691904399310304284100943924
-0.974253701199936949877575960881
0.974253701199936949877575960881
-0.974809512842126775977698749709
0.974809512842126775977698749709
-0.975359335911347491269538692061
0.975359335911347491269538692061
-0.975903167029856563567930485939
0.975903167029856563567930485939
-0.976441002856721970460265555854
0.976441002856721970460265555854
-0.976972840087842723815830185844
0.976972840087842723815830185844
-0.977498675455969168036119485498
0.977498675455969168036119485498
-0.978018505730723051922001578107
0.978018505730723051922001578107
-0.97853232771861737403505908084
0.97853232771861737403505908084
-0.979040138263076001431895908177
0.979040138263076001431895908177
-0.979541934244453061651667681217
0.979541934244453061651667681217
-0.98003771258005210783857472874
0.98003771258005210783857472874
-0.980527470224145056882549160068
0.980527470224145056882549160068
-0.981011204167990900462873320186
0.981011204167990900462873320186
-0.981488911439854188880987891267
0.981488911439854188880987891267
-0.981960589105023287570286050711
0.981960589105023287570286050711
-0.982426234265828406172247834784
0.982426234265828406172247834784
-0.982885844061659400069848978268
0.982885844061659400069848978268
-0.983339415668983344270784252326
0.983339415668983344270784252326
-0.983786946301361879534680493255
0.983786946301361879534680493255
-0.984228433209468330640143531756
0.984228433209468330640143531756
-0.984663873681104596689191280859
0.984663873681104596689191280859
-0.985093265041217813348378405255
0.985093265041217813348378405255
-0.985516604651916786927723431095
0.985516604651916786927723431095
-0.985933889912488200200415296337
0.985933889912488200200415296337
-0.986345118259412589868213148953
0.986345118259412589868213148953
-0.98675028716638009557947246765
0.98675028716638009557947246765
-0.98714939414430598040884630441
0.98714939414430598040884630441
-0.987542436741345922709939282908
0.987542436741345922709939282908
-0.987929412542911079254553794457
0.987929412542911079254553794457
-0.988310319171682919574686367216
0.988310319171682919574686367216
-0.988685154287627831426135928179
0.988685154287627831426135928179
-0.989053915588011497295508881117
0.989053915588011497295508881117
-0.989416600807413041875589890079
0.989416600807413041875589890079
-0.989773207717738950437541943448
0.989773207717738950437541943448
-0.990123734128236758032265285492
0.990123734128236758032265285492
-0.990468177885508509457555904446
0.990468177885508509457555904446
-0.990806536873523989932550527408
0.990806536873523989932550527408
-0.991138809013633726426436845163
0.991138809013633726426436845163
-0.991464992264581759594680651859
0.991464992264581759594680651859
-0.991785084622518186283243155881
0.991785084622518186283243155881
-0.992099084121011472569639267868
0.992099084121011472569639267868
-0.992406988831060537319479049517
0.992406988831060537319479049517
-0.992708796861106606248661632432
0.992708796861106606248661632432
-0.993004506357044836495057386979
0.993004506357044836495057386979
-0.993294115502235711719828145476
0.993294115502235711719828145476
-0.993577622517516207778139700126
0.993577622517516207778139700126
-0.993855025661210729022732577018
0.993855025661210729022732577018
-0.994126323229141815332679616274
0.994126323229141815332679616274
-0.994391513554640619995011531311
0.994391513554640619995011531311
-0.994650595008557158610462878353
0.994650595008557158610462878353
-0.994903565999270329248623879458
0.994903565999270329248623879458
-0.995150424972697704145206281174
0.995150424972697704145206281174
-0.995391170412305093318789089797
0.995391170412305093318789089797
-0.995625800839115880591384589436
0.995625800839115880591384589436
-0.995854314811720132633218065657
0.995854314811720132633218065657
-0.996076710926283481826305502031
0.996076710926283481826305502031
-0.996292987816555783965969876874
0.996292987816555783965969876874
-0.996503144153879552110990763095
0.996503144153879552110990763095
-0.996707178647198168274442055693
0.996707178647198168274442055693
-0.996905090043063875149986654634
0.996905090043063875149986654634
-0.997096877125645550736498829599
0.997096877125645550736498829599
-0.997282538716736269619430021662
0.997282538716736269619430021662
-0.997462073675760655878668519158
0.997462073675760655878668519158
-0.997635480899782034246911279066
0.997635480899782034246911279066
-0.997802759323509388424860795455
0.997802759323509388424860795455
-0.997963907919304138642659965627
0.997963907919304138642659965627
-0.998118925697186755048182415494
0.998118925697186755048182415494
-0.99826781170484322991884492017
0.99826781170484322991884492017
-0.998410565027631440982534747728
0.998410565027631440982534747728
-0.998547184788587451776112233808
0.998547184788587451776112233808
-0.998677670148431815321331354859
0.998677670148431815321331354859
-0.99880202030557597827267004335
0.99880202030557597827267004335
-0.998920234496128930398272146663
0.998920234496128930398272146663
-0.999032311993904319463898230264
0.999032311993904319463898230264
-0.999138252110428372794723851445
0.999138252110428372794723851445
-0.999238054194949166924741124007
0.999238054194949166924741124007
-0.99933171763444812623295838853
0.99933171763444812623295838853
-0.999419241853655224915657164537
0.999419241853655224915657164537
-0.999500626315070439656941766872
0.999500626315070439656941766872
-0.999575870518996016038796249472
0.999575870518996016038796249472
-0.999644974003588067093721255222
0.999644974003588067093721255222
-0.999707936344944184609071076184
0.999707936344944184609071076184
-0.999764757157261606377762730859
0.999764757157261606377762730859
-0.99981543609314239090240347758
0.99981543609314239090240347758
-0.99985997284422897694594108852
0.99985997284422897694594108852
-0.999898367142656030109813294251
0.999898367142656030109813294251
-0.999930618764780358490405706872
0.999930618764780358490405706872
-0.999956727542393592592188607228
0.999956727542393592592188607228
-0.999976693404911266309771206985
0.999976693404911266309771206985
-0.999990516605751832064266965389
0.999990516605751832064266965389
-0.99999820013026990561007042882
0.99999820013026990561007042882