0.003702518237772601
0.003702518237772601
0.003702467481144576
0.003702467481144576
0.003702365968584332
0.003702365968584332
0.003702213701483473
0.003702213701483473
0.003702010681929379
0.003702010681929379
0.003701756912705179
0.003701756912705179
0.003701452397289714
0.003701452397289714
0.003701097139857487
0.003701097139857487
0.003700691145278608
0.003700691145278608
0.003700234419118726
0.003700234419118726
0.003699726967638953
0.003699726967638953
0.003699168797795776
0.003699168797795776
0.003698559917240966
0.003698559917240966
0.003697900334321471
0.003697900334321471
0.003697190058079299
0.003697190058079299
0.003696429098251399
0.003696429098251399
0.003695617465269523
0.003695617465269523
0.003694755170260087
0.003694755170260087
0.003693842225044013
0.003693842225044013
0.003692878642136574
0.003692878642136574
0.003691864434747217
0.003691864434747217
0.003690799616779384
0.003690799616779384
0.00368968420283032
0.00368968420283032
0.003688518208190876
0.003688518208190876
0.003687301648845296
0.003687301648845296
0.003686034541471
0.003686034541471
0.003684716903438353
0.003684716903438353
0.003683348752810431
0.003683348752810431
0.003681930108342769
0.003681930108342769
0.003680460989483106
0.003680460989483106
0.003678941416371119
0.003678941416371119
0.003677371409838146
0.003677371409838146
0.003675750991406899
0.003675750991406899
0.003674080183291172
0.003674080183291172
0.003672359008395535
0.003672359008395535
0.003670587490315018
0.003670587490315018
0.003668765653334792
0.003668765653334792
0.003666893522429832
0.003666893522429832
0.003664971123264576
0.003664971123264576
0.003662998482192575
0.003662998482192575
0.003660975626256129
0.003660975626256129
0.003658902583185917
0.003658902583185917
0.003656779381400617
0.003656779381400617
0.003654606050006518
0.003654606050006518
0.00365238261879712
0.00365238261879712
0.003650109118252722
0.003650109118252722
0.003647785579540011
0.003647785579540011
0.003645412034511629
0.003645412034511629
0.003642988515705739
0.003642988515705739
0.003640515056345579
0.003640515056345579
0.003637991690339005
0.003637991690339005
0.003635418452278027
0.003635418452278027
0.003632795377438337
0.003632795377438337
0.00363012250177882
0.00363012250177882
0.003627399861941066
0.003627399861941066
0.003624627495248868
0.003624627495248868
0.003621805439707705
0.003621805439707705
0.003618933734004227
0.003618933734004227
0.00361601241750572
0.00361601241750572
0.00361304153025957
0.00361304153025957
0.003610021112992711
0.003610021112992711
0.00360695120711107
0.00360695120711107
0.003603831854698997
0.003603831854698997
0.003600663098518685
0.003600663098518685
0.003597444982009593
0.003597444982009593
0.003594177549287841
0.003594177549287841
0.00359086084514561
0.00359086084514561
0.003587494915050526
0.003587494915050526
0.003584079805145041
0.003584079805145041
0.003580615562245793
0.003580615562245793
0.003577102233842972
0.003577102233842972
0.003573539868099662
0.003573539868099662
0.003569928513851186
0.003569928513851186
0.003566268220604435
0.003566268220604435
0.003562559038537188
0.003562559038537188
0.003558801018497425
0.003558801018497425
0.00355499421200263
0.00355499421200263
0.003551138671239086
0.003551138671239086
0.003547234449061158
0.003547234449061158
0.003543281598990566
0.003543281598990566
0.003539280175215659
0.003539280175215659
0.003535230232590662
0.003535230232590662
0.003531131826634934
0.003531131826634934
0.003526985013532199
0.003526985013532199
0.00352278985012978
0.00352278985012978
0.003518546393937819
0.003518546393937819
0.003514254703128488
0.003514254703128488
0.003509914836535191
0.003509914836535191
0.00350552685365176
0.00350552685365176
0.003501090814631636
0.003501090814631636
0.003496606780287047
0.003496606780287047
0.003492074812088173
0.003492074812088173
0.003487494972162305
0.003487494972162305
0.003482867323292989
0.003482867323292989
0.003478191928919172
0.003478191928919172
0.003473468853134327
0.003473468853134327
0.003468698160685576
0.003468698160685576
0.003463879916972802
0.003463879916972802
0.003459014188047755
0.003459014188047755
0.003454101040613141
0.003454101040613141
0.003449140542021715
0.003449140542021715
0.003444132760275351
0.003444132760275351
0.003439077764024114
0.003439077764024114
0.003433975622565315
0.003433975622565315
0.003428826405842568
0.003428826405842568
0.003423630184444822
0.003423630184444822
0.0034183870296054
0.0034183870296054
0.00341309701320102
0.00341309701320102
0.003407760207750811
0.003407760207750811
0.003402376686415316
0.003402376686415316
0.003396946522995493
0.003396946522995493
0.003391469791931701
0.003391469791931701
0.003385946568302678
0.003385946568302678
0.003380376927824515
0.003380376927824515
0.003374760946849618
0.003374760946849618
0.003369098702365657
0.003369098702365657
0.003363390271994514
0.003363390271994514
0.003357635733991222
0.003357635733991222
0.003351835167242883
0.003351835167242883
0.003345988651267598
0.003345988651267598
0.003340096266213366
0.003340096266213366
0.003334158092856994
0.003334158092856994
0.003328174212602985
0.003328174212602985
0.003322144707482421
0.003322144707482421
0.003316069660151845
0.003316069660151845
0.00330994915389212
0.00330994915389212
0.003303783272607291
0.003303783272607291
0.003297572100823435
0.003297572100823435
0.003291315723687504
0.003291315723687504
0.003285014226966153
0.003285014226966153
0.003278667697044566
0.003278667697044566
0.003272276220925277
0.003272276220925277
0.003265839886226968
0.003265839886226968
0.003259358781183275
0.003259358781183275
0.003252832994641577
0.003252832994641577
0.003246262616061776
0.003246262616061776
0.003239647735515073
0.003239647735515073
0.00323298844368273
0.00323298844368273
0.003226284831854831
0.003226284831854831
0.003219536991929028
0.003219536991929028
0.003212745016409281
0.003212745016409281
0.003205908998404592
0.003205908998404592
0.003199029031627725
0.003199029031627725
0.003192105210393927
0.003192105210393927
0.003185137629619628
0.003185137629619628
0.003178126384821145
0.003178126384821145
0.003171071572113372
0.003171071572113372
0.00316397328820846
0.00316397328820846
0.003156831630414493
0.003156831630414493
0.003149646696634153
0.003149646696634153
0.00314241858536338
0.00314241858536338
0.003135147395690019
0.003135147395690019
0.003127833227292464
0.003127833227292464
0.003120476180438289
0.003120476180438289
0.003113076355982877
0.003113076355982877
0.003105633855368033
0.003105633855368033
0.003098148780620598
0.003098148780620598
0.003090621234351046
0.003090621234351046
0.003083051319752081
0.003083051319752081
0.003075439140597219
0.003075439140597219
0.003067784801239369
0.003067784801239369
0.0030600884066094
0.0030600884066094
0.003052350062214703
0.003052350062214703
0.003044569874137744
0.003044569874137744
0.003036747949034611
0.003036747949034611
0.003028884394133554
0.003028884394133554
0.003020979317233508
0.003020979317233508
0.003013032826702623
0.003013032826702623
0.003005045031476773
0.003005045031476773
0.002997016041058067
0.002997016041058067
0.002988945965513344
0.002988945965513344
0.002980834915472666
0.002980834915472666
0.002972683002127801
0.002972683002127801
0.002964490337230699
0.002964490337230699
0.002956257033091961
0.002956257033091961
0.002947983202579296
0.002947983202579296
0.002939668959115977
0.002939668959115977
0.002931314416679287
0.002931314416679287
0.002922919689798952
0.002922919689798952
0.002914484893555574
0.002914484893555574
0.002906010143579054
0.002906010143579054
0.002897495556047006
0.002897495556047006
0.002888941247683163
0.002888941247683163
0.002880347335755777
0.002880347335755777
0.002871713938076017
0.002871713938076017
0.002863041172996345
0.002863041172996345
0.002854329159408899
0.002854329159408899
0.002845578016743863
0.002845578016743863
0.002836787864967829
0.002836787864967829
0.002827958824582152
0.002827958824582152
0.002819091016621297
0.002819091016621297
0.002810184562651184
0.002810184562651184
0.002801239584767516
0.002801239584767516
0.002792256205594109
0.002792256205594109
0.002783234548281211
0.002783234548281211
0.00277417473650381
0.00277417473650381
0.002765076894459944
0.002765076894459944
0.002755941146868995
0.002755941146868995
0.002746767618969977
0.002746767618969977
0.002737556436519827
0.002737556436519827
0.002728307725791672
0.002728307725791672
0.002719021613573105
0.002719021613573105
0.002709698227164441
0.002709698227164441
0.002700337694376976
0.002700337694376976
0.002690940143531236
0.002690940143531236
0.002681505703455213
0.002681505703455213
0.002672034503482603
0.002672034503482603
0.002662526673451029
0.002662526673451029
0.002652982343700266
0.002652982343700266
0.002643401645070453
0.002643401645070453
0.002633784708900295
0.002633784708900295
0.002624131667025269
0.002624131667025269
0.00261444265177581
0.00261444265177581
0.002604717795975503
0.002604717795975503
0.002594957232939259
0.002594957232939259
0.002585161096471487
0.002585161096471487
0.002575329520864263
0.002575329520864263
0.002565462640895483
0.002565462640895483
0.002555560591827023
0.002555560591827023
0.002545623509402879
0.002545623509402879
0.002535651529847307
0.002535651529847307
0.002525644789862959
0.002525644789862959
0.002515603426629004
0.002515603426629004
0.002505527577799252
0.002505527577799252
0.002495417381500263
0.002495417381500263
0.002485272976329457
0.002485272976329457
0.002475094501353211
0.002475094501353211
0.002464882096104956
0.002464882096104956
0.00245463590058326
0.00245463590058326
0.002444356055249912
0.002444356055249912
0.002434042701027995
0.002434042701027995
0.002423695979299955
0.002423695979299955
0.002413316031905662
0.002413316031905662
0.002402903001140467
0.002402903001140467
0.002392457029753248
0.002392457029753248
0.002381978260944458
0.002381978260944458
0.002371466838364157
0.002371466838364157
0.002360922906110046
0.002360922906110046
0.002350346608725491
0.002350346608725491
0.002339738091197541
0.002339738091197541
0.002329097498954941
0.002329097498954941
0.002318424977866135
0.002318424977866135
0.002307720674237274
0.002307720674237274
0.002296984734810201
0.002296984734810201
0.002286217306760448
0.002286217306760448
0.00227541853769521
0.00227541853769521
0.002264588575651331
0.002264588575651331
0.002253727569093265
0.002253727569093265
0.002242835666911047
0.002242835666911047
0.002231913018418251
0.002231913018418251
0.002220959773349941
0.002220959773349941
0.00220997608186062
0.00220997608186062
0.002198962094522171
0.002198962094522171
0.002187917962321794
0.002187917962321794
0.002176843836659932
0.002176843836659932
0.002165739869348204
0.002165739869348204
0.002154606212607314
0.002154606212607314
0.002143443019064971
0.002143443019064971
0.002132250441753793
0.002132250441753793
0.002121028634109212
0.002121028634109212
0.002109777749967369
0.002109777749967369
0.002098497943563005
0.002098497943563005
0.002087189369527346
0.002087189369527346
0.002075852182885987
0.002075852182885987
0.002064486539056761
0.002064486539056761
0.002053092593847612
0.002053092593847612
0.002041670503454461
0.002041670503454461
0.002030220424459058
0.002030220424459058
0.002018742513826844
0.002018742513826844
0.002007236928904791
0.002007236928904791
0.001995703827419253
0.001995703827419253
0.001984143367473796
0.001984143367473796
0.001972555707547037
0.001972555707547037
0.001960941006490467
0.001960941006490467
0.001949299423526276
0.001949299423526276
0.001937631118245168
0.001937631118245168
0.001925936250604178
0.001925936250604178
0.001914214980924473
0.001914214980924473
0.001902467469889156
0.001902467469889156
0.001890693878541068
0.001890693878541068
0.001878894368280573
0.001878894368280573
0.001867069100863352
0.001867069100863352
0.00185521823839818
0.00185521823839818
0.001843341943344708
0.001843341943344708
0.001831440378511234
0.001831440378511234
0.001819513707052469
0.001819513707052469
0.001807562092467307
0.001807562092467307
0.001795585698596574
0.001795585698596574
0.001783584689620792
0.001783584689620792
0.001771559230057921
0.001771559230057921
0.001759509484761107
0.001759509484761107
0.00174743561891642
0.00174743561891642
0.001735337798040592
0.001735337798040592
0.001723216187978748
0.001723216187978748
0.001711070954902128
0.001711070954902128
0.001698902265305816
0.001698902265305816
0.001686710286006452
0.001686710286006452
0.001674495184139946
0.001674495184139946
0.001662257127159189
0.001662257127159189
0.001649996282831757
0.001649996282831757
0.00163771281923761
0.00163771281923761
0.001625406904766787
0.001625406904766787
0.0016130787081171
0.0016130787081171
0.00160072839829182
0.00160072839829182
0.00158835614459736
0.00158835614459736
0.001575962116640956
0.001575962116640956
0.001563546484328338
0.001563546484328338
0.001551109417861404
0.001551109417861404
0.001538651087735888
0.001538651087735888
0.001526171664739017
0.001526171664739017
0.001513671319947177
0.001513671319947177
0.001501150224723561
0.001501150224723561
0.001488608550715825
0.001488608550715825
0.001476046469853733
0.001476046469853733
0.001463464154346798
0.001463464154346798
0.001450861776681927
0.001450861776681927
0.001438239509621048
0.001438239509621048
0.001425597526198751
0.001425597526198751
0.001412935999719907
0.001412935999719907
0.0014002551037573
0.0014002551037573
0.001387555012149241
0.001387555012149241
0.001374835898997192
0.001374835898997192
0.00136209793866337
0.00136209793866337
0.001349341305768367
0.001349341305768367
0.001336566175188748
0.001336566175188748
0.001323772722054658
0.001323772722054658
0.00131096112174742
0.00131096112174742
0.00129813154989713
0.00129813154989713
0.001285284182380252
0.001285284182380252
0.001272419195317204
0.001272419195317204
0.001259536765069945
0.001259536765069945
0.001246637068239555
0.001246637068239555
0.001233720281663821
0.001233720281663821
0.001220786582414803
0.001220786582414803
0.001207836147796414
0.001207836147796414
0.001194869155341986
0.001194869155341986
0.001181885782811839
0.001181885782811839
0.001168886208190839
0.001168886208190839
0.001155870609685965
0.001155870609685965
0.001142839165723861
0.001142839165723861
0.00112979205494839
0.00112979205494839
0.001116729456218188
0.001116729456218188
0.001103651548604212
0.001103651548604212
0.001090558511387281
0.001090558511387281
0.001077450524055622
0.001077450524055622
0.001064327766302411
0.001064327766302411
0.001051190418023304
0.001051190418023304
0.001038038659313975
0.001038038659313975
0.001024872670467649
0.001024872670467649
0.001011692631972624
0.001011692631972624
0.0009984987245098039
0.0009984987245098039
0.0009852911289502157
0.0009852911289502157
0.0009720700263525344
0.0009720700263525344
0.0009588355979605988
0.0009588355979605988
0.0009455880252009275
0.0009455880252009275
0.0009323274896802319
0.0009323274896802319
0.0009190541731829266
0.0009190541731829266
0.0009057682576686374
0.0009057682576686374
0.0008924699252697073
0.0008924699252697073
0.0008791593582886994
0.0008791593582886994
0.0008658367391958982
0.0008658367391958982
0.0008525022506268085
0.0008525022506268085
0.0008391560753796512
0.0008391560753796512
0.0008257983964128585
0.0008257983964128585
0.0008124293968425653
0.0008124293968425653
0.0007990492599400994
0.0007990492599400994
0.0007856581691294695
0.0007856581691294695
0.0007722563079848509
0.0007722563079848509
0.0007588438602280696
0.0007588438602280696
0.0007454210097260836
0.0007454210097260836
0.0007319879404884636
0.0007319879404884636
0.0007185448366648704
0.0007185448366648704
0.0007050918825425315
0.0007050918825425315
0.0006916292625437155
0.0006916292625437155
0.0006781571612232049
0.0006781571612232049
0.000664675763265767
0.000664675763265767
0.0006511852534836237
0.0006511852534836237
0.0006376858168139192
0.0006376858168139192
0.0006241776383161865
0.0006241776383161865
0.000610660903169813
0.000610660903169813
0.0005971357966715038
0.0005971357966715038
0.000583602504232745
0.000583602504232745
0.0005700612113772652
0.0005700612113772652
0.0005565121037384968
0.0005565121037384968
0.0005429553670570357
0.0005429553670570357
0.000529391187178102
0.000529391187178102
0.0005158197500489994
0.0005158197500489994
0.0005022412417165755
0.0005022412417165755
0.0004886558483246828
0.0004886558483246828
0.0004750637561116407
0.0004750637561116407
0.0004614651514077004
0.0004614651514077004
0.0004478602206325119
0.0004478602206325119
0.0004342491502925965
0.0004342491502925965
0.0004206321269788248
0.0004206321269788248
0.0004070093373639033
0.0004070093373639033
0.0003933809681998733
0.0003933809681998733
0.0003797472063156252
0.0003797472063156252
0.0003661082386144352
0.0003661082386144352
0.0003524642520715323
0.0003524642520715323
0.000338815433731708
0.000338815433731708
0.0003251619707069854
0.0003251619707069854
0.0003115040501743725
0.0003115040501743725
0.0002978418593737371
0.0002978418593737371
0.0002841755856058587
0.0002841755856058587
0.000270505416230741
0.000270505416230741
0.0002568315386663191
0.0002568315386663191
0.0002431541403877696
0.0002431541403877696
0.0002294734089277675
0.0002294734089277675
0.0002157895318782616
0.0002157895318782616
0.0002021026968947527
0.0002021026968947527
0.0001884130917048172
0.0001884130917048172
0.0001747209041240863
0.0001747209041240863
0.0001610263220858132
0.0001610263220858132
0.0001473295336963278
0.0001473295336963278
0.0001336307273423769
0.0001336307273423769
0.0001199300919088702
0.0001199300919088702
0.000106227817248971
0.000106227817248971
0.00009252409528337662
0.00009252409528337662
0.00007881912284826591
0.00007881912284826591
0.00006511311013148095
0.00006511311013148095
0.00005140631065142731
0.00005140631065142731
0.00003769915985124561
0.00003769915985124561
0.0000239932524476649
0.0000239932524476649
0.00001030728159770001
0.00001030728159770001