0.04796184939446662
0.04790669250049586
0.04790669250049586
0.04774134868124062
0.04774134868124062
0.0474661982328855
0.0474661982328855
0.04708187401045452
0.04708187401045452
0.0465892599722335
0.0465892599722335
0.0459894891466517
0.0459894891466517
0.04528394102630023
0.04528394102630023
0.04447423839508297
0.04447423839508297
0.04356224359580049
0.04356224359580049
0.0425500542467558
0.0425500542467558
0.04143999841724029
0.04143999841724029
0.04023462927300553
0.04023462927300553
0.0389367192040512
0.0389367192040512
0.03754925344825771
0.03754925344825771
0.03607542322556527
0.03607542322556527
0.03451861839854906
0.03451861839854906
0.03288241967636857
0.03288241967636857
0.03117059038018914
0.03117059038018914
0.02938706778931067
0.02938706778931067
0.02753595408845034
0.02753595408845034
0.02562150693803776
0.02562150693803776
0.02364812969128724
0.02364812969128724
0.02162036128493406
0.02162036128493406
0.01954286583675006
0.01954286583675006
0.01742042199767025
0.01742042199767025
0.01525791214644831
0.01525791214644831
0.01306031163999485
0.01306031163999485
0.01083267878959797
0.01083267878959797
0.00858014826688146
0.00858014826688146
0.006307942578971755
0.006307942578971755
0.004021524172003736
0.004021524172003736
0.001729258251300251
0.001729258251300251